Código (SKU),Data da Venda,Canal de Venda,Quantidade Vendida,Receita Bruta (R$),Desconto (R$),Preço Realizado por Unidade (R$),Tipo de Venda
SKU_1405_CLO,04/07/2025,Atacado,6,1289.4,674.22,102.53,Venda
SKU_1782_NAV,04/07/2025,Varejo,1,249.9,77.84,172.06,Venda
SKU_1768_MIN,04/07/2025,Varejo,2,1249.8,441.92,403.94,Venda
SKU_1760_PAS,04/07/2025,Atacado,10,2499.0,1307.3,119.17,Venda
SKU_1791_IVO,04/07/2025,Atacado,8,2119.2,990.48,141.09,Venda
SKU_1781_CLE,04/07/2025,Varejo,1,129.9,53.88,76.02,Venda
SKU_1758_HON,04/07/2025,E-commerce,1,179.9,79.54,100.36,Venda
SKU_1789_EME,04/07/2025,Varejo,1,269.9,107.81,162.09,Venda
SKU_1790_ROY,04/07/2025,Varejo,1,259.9,102.86,157.04,Venda
SKU_1703_PAS,04/07/2025,E-commerce,1,269.9,113.84,156.06,Venda
SKU_1719_OFF,04/07/2025,Varejo,1,319.9,151.49,168.41,Venda
SKU_1775_PAL,04/07/2025,E-commerce,2,559.8,251.88,153.96,Venda
SKU_1708_FRE,04/07/2025,Varejo,3,509.7,219.9,96.6,Venda
SKU_1510_SNO,04/07/2025,Atacado,6,5009.4,2793.0,369.4,Venda
SKU_1702_LIG,04/07/2025,Atacado,5,3099.5,1454.0,329.1,Venda
SKU_1718_DUS,04/07/2025,E-commerce,2,739.8,254.1,242.85,Venda
SKU_1792_AQU,04/07/2025,Atacado,4,1759.6,765.44,248.54,Venda
SKU_1701_SPA,04/07/2025,Varejo,4,1359.6,430.56,232.26,Venda
SKU_1712_NAV,04/07/2025,Varejo,1,179.9,65.59,114.31,Venda
SKU_1787_BAB,04/07/2025,E-commerce,1,289.9,99.72,190.18,Venda
SKU_1791_ARM,04/07/2025,Varejo,1,264.9,128.46,136.44,Venda
SKU_1747_TEA,04/07/2025,Atacado,4,699.6,314.68,96.23,Venda
SKU_1506_BRI,04/07/2025,Atacado,6,1379.4,612.24,127.86,Venda
SKU_1601_EME,04/07/2025,Varejo,1,734.9,339.63,395.27,Venda
SKU_1739_AQU,04/07/2025,Atacado,12,3058.8,1545.0,126.15,Venda
SKU_1712_NAV,04/07/2025,Varejo,1,179.9,57.36,122.54,Venda
SKU_1767_PRI,04/07/2025,Varejo,1,204.9,64.39,140.51,Venda
SKU_1606_SEA,04/07/2025,Atacado,3,3254.7,1524.75,576.65,Venda
SKU_1704_BAB,04/07/2025,Atacado,6,2009.4,996.54,168.81,Venda
SKU_1703_PAS,04/07/2025,Atacado,4,1079.6,528.6,137.75,Venda
SKU_1739_AQU,04/07/2025,Varejo,3,764.7,375.18,129.84,Venda
SKU_1746_NAV,04/07/2025,Varejo,1,179.9,72.39,107.51,Venda
SKU_1786_TEA,04/07/2025,Varejo,1,179.9,74.23,105.67,Venda
SKU_1706_JAD,04/07/2025,E-commerce,1,184.9,61.92,122.98,Venda
SKU_1718_DUS,04/07/2025,Atacado,5,1849.5,955.85,178.73,Venda
SKU_1720_PAL,04/07/2025,Atacado,3,674.7,388.83,95.29,Venda
SKU_1762_BRI,04/07/2025,Varejo,3,764.7,262.83,167.29,Venda
SKU_1781_CLE,04/07/2025,Varejo,1,129.9,53.72,76.18,Venda
SKU_1741_PEA,04/07/2025,Atacado,8,1919.2,1077.84,105.17,Venda
SKU_1710_MEX,04/07/2025,Atacado,6,4859.4,2368.86,415.09,Venda
SKU_1681_PIS,04/07/2025,Atacado,2,469.8,224.42,122.69,Venda
SKU_1692_OLI,04/07/2025,E-commerce,2,439.8,213.54,113.13,Venda
SKU_1707_SAP,04/07/2025,E-commerce,3,839.7,328.65,170.35,Venda
SKU_1694_SER,04/07/2025,E-commerce,1,279.9,92.58,187.32,Venda
SKU_1762_BRI,04/07/2025,Varejo,1,254.9,81.92,172.98,Venda
SKU_1629_CLO,04/07/2025,Atacado,4,1019.6,529.76,122.46,Venda
SKU_1773_FRE,04/07/2025,Atacado,6,1949.4,868.5,180.15,Venda
SKU_1739_AQU,04/07/2025,Atacado,6,1529.4,698.58,138.47,Venda
SKU_1685_COB,04/07/2025,Atacado,2,1329.8,667.1,331.35,Venda
SKU_1722_AQU,04/07/2025,Atacado,5,1624.5,806.35,163.63,Venda
SKU_1691_ROS,04/07/2025,Varejo,1,309.9,122.08,187.82,Venda
SKU_1701_SPA,04/07/2025,Atacado,8,2719.2,1265.36,181.73,Venda
SKU_1484_EGR,04/07/2025,Varejo,1,459.9,150.27,309.63,Venda
SKU_1729_FUC,04/07/2025,Atacado,5,874.5,412.4,92.42,Venda
SKU_1697_PIS,04/07/2025,Atacado,6,1319.4,725.46,98.99,Venda
SKU_1727_WHI,04/07/2025,Varejo,1,154.9,71.06,83.84,Venda
SKU_1790_ROY,04/07/2025,Varejo,1,259.9,123.12,136.78,Venda
SKU_1616_SER,04/07/2025,Varejo,1,1024.9,494.54,530.36,Venda
SKU_1764_MAR,04/07/2025,E-commerce,1,234.9,88.51,146.39,Venda
SKU_1785_HUN,04/07/2025,Varejo,2,489.8,199.2,145.3,Venda
SKU_1681_OFF,04/07/2025,Atacado,2,469.8,231.08,119.36,Venda
SKU_1786_POW,04/07/2025,E-commerce,3,539.7,183.72,118.66,Venda
SKU_1760_OFF,04/07/2025,E-commerce,3,749.7,372.06,125.88,Venda
SKU_1711_ARM,04/07/2025,Varejo,1,994.9,319.16,675.74,Venda
SKU_1710_MEX,04/07/2025,E-commerce,1,809.9,268.7,541.2,Venda
SKU_1724_PEA,04/07/2025,E-commerce,1,1114.9,385.87,729.03,Venda
SKU_1706_JAD,04/07/2025,Atacado,8,1479.2,779.92,87.41,Venda
SKU_1762_DEN,04/07/2025,Atacado,6,1529.4,799.5,121.65,Venda
SKU_1557_SAG,04/07/2025,Atacado,2,399.8,188.68,105.56,Venda
SKU_1769_EME,04/07/2025,Atacado,8,2599.2,1233.68,170.69,Venda
SKU_1756_BUB,04/07/2025,Atacado,8,1439.2,690.16,93.63,Venda
SKU_1696_SER,04/07/2025,E-commerce,1,279.9,93.47,186.43,Venda
SKU_1800_SKY,04/07/2025,Atacado,6,1679.4,825.0,142.4,Venda
SKU_1645_MIN,04/07/2025,Varejo,1,399.9,181.97,217.93,Venda
SKU_1417_BIR,04/07/2025,Varejo,1,279.9,111.26,168.64,Venda
SKU_1766_CLE,04/07/2025,Atacado,2,789.8,420.88,184.46,Venda
SKU_1793_MIN,04/07/2025,Atacado,3,569.7,264.69,101.67,Venda
SKU_1715_JAD,04/07/2025,Varejo,1,219.9,80.89,139.01,Venda
SKU_1790_ROY,04/07/2025,Varejo,1,259.9,108.29,151.61,Venda
SKU_1731_ARM,04/07/2025,E-commerce,1,909.9,328.99,580.91,Venda
SKU_1689_IVO,04/07/2025,Varejo,1,964.9,299.1,665.8,Venda
SKU_1634_NAV,04/07/2025,Varejo,4,3919.6,1287.92,657.92,Venda
SKU_1755_BIR,04/07/2025,Varejo,2,669.8,257.14,206.33,Venda
SKU_1765_MYS,04/07/2025,E-commerce,1,259.9,129.59,130.31,Venda
SKU_1710_OLI,04/07/2025,Varejo,2,1619.8,740.26,439.77,Venda
SKU_1746_NAV,04/07/2025,E-commerce,1,179.9,78.06,101.84,Venda
SKU_1746_EME,04/07/2025,E-commerce,1,179.9,54.33,125.57,Venda
SKU_1747_FUC,04/07/2025,Varejo,1,174.9,87.05,87.85,Venda
SKU_1723_MOS,04/07/2025,Varejo,1,434.9,159.09,275.81,Venda
SKU_1753_PAL,04/07/2025,Atacado,12,9478.8,4991.64,373.93,Venda
SKU_1715_HON,04/07/2025,Varejo,1,219.9,108.51,111.39,Venda
SKU_1737_DEE,04/07/2025,Atacado,4,3079.6,1477.32,400.57,Venda
SKU_1419_FLA,04/07/2025,E-commerce,1,249.9,89.19,160.71,Venda
SKU_1746_EME,04/07/2025,Atacado,6,1079.4,534.66,90.79,Venda
SKU_1795_HUN,04/07/2025,Varejo,3,899.7,381.54,172.72,Venda
SKU_1509_HOT,04/07/2025,Varejo,1,319.9,156.48,163.42,Venda
SKU_1625_DUS,04/07/2025,Atacado,8,1639.2,755.04,110.52,Venda
SKU_1715_HON,04/07/2025,Atacado,3,659.7,292.71,122.33,Venda
SKU_1744_LIG,04/07/2025,Atacado,4,1059.6,540.08,129.88,Venda
SKU_1793_WHI,04/07/2025,Atacado,2,379.8,194.42,92.69,Venda
SKU_1610_PRI,04/07/2025,Varejo,1,184.9,63.78,121.12,Venda
SKU_1394_EME,04/07/2025,Varejo,1,469.9,174.22,295.68,Venda
SKU_1701_SPA,04/07/2025,Atacado,4,1359.6,732.64,156.74,Venda
SKU_1787_BAB,04/07/2025,Atacado,10,2899.0,1411.8,148.72,Venda
SKU_1425_WHI,04/07/2025,Atacado,2,419.8,241.2,89.3,Venda
SKU_1750_MIN,04/07/2025,Atacado,3,1109.7,515.67,198.01,Venda
SKU_1730_OFF,04/07/2025,Atacado,3,959.7,598.77,120.31,Venda
SKU_1680_NAV,04/07/2025,Varejo,2,669.8,235.56,217.12,Venda
SKU_1687_FOR,04/07/2025,Atacado,4,3599.6,1951.32,412.07,Venda
SKU_1682_BIR,04/07/2025,Varejo,3,704.7,340.92,121.26,Venda
SKU_1770_DEE,04/07/2025,Atacado,3,659.7,364.56,98.38,Venda
SKU_1618_SAL,04/07/2025,Varejo,1,179.9,77.53,102.37,Venda
SKU_1694_PIS,04/07/2025,Atacado,4,1119.6,511.92,151.92,Venda
SKU_1736_JAD,04/07/2025,Varejo,3,974.7,479.07,165.21,Venda
SKU_1715_JAD,04/07/2025,Varejo,1,219.9,104.8,115.1,Venda
SKU_1783_EGR,04/07/2025,Varejo,2,2399.8,973.6,713.1,Venda
SKU_1772_BLU,04/07/2025,Atacado,5,2074.5,1072.45,200.41,Venda
SKU_1757_PIN,04/07/2025,E-commerce,2,529.8,251.22,139.29,Venda
SKU_1739_MOS,04/07/2025,Varejo,1,254.9,121.41,133.49,Venda
SKU_1779_LIG,04/07/2025,Atacado,6,1289.4,695.34,99.01,Venda
SKU_1762_BRI,04/07/2025,E-commerce,2,509.8,248.42,130.69,Venda
SKU_1779_MIN,04/07/2025,Varejo,1,214.9,100.09,114.81,Venda
SKU_1438_MOS,04/07/2025,Varejo,2,409.8,179.6,115.1,Venda
SKU_1740_OLI,04/07/2025,Varejo,1,214.9,90.49,124.41,Venda
SKU_1740_FRE,04/07/2025,Atacado,6,1289.4,612.24,112.86,Venda
SKU_1777_TUR,04/07/2025,Atacado,6,1439.4,752.22,114.53,Venda
SKU_1777_FRE,04/07/2025,Atacado,6,1439.4,665.88,128.92,Venda
SKU_1624_ARM,04/07/2025,Varejo,4,839.6,355.28,121.08,Venda
SKU_1751_MIN,04/07/2025,E-commerce,1,329.9,137.19,192.71,Venda
SKU_1469_SAL,04/07/2025,Atacado,8,2359.2,1140.48,152.34,Venda
SKU_1756_BUB,04/07/2025,Atacado,8,1439.2,680.56,94.83,Venda
SKU_1700_HUN,04/07/2025,Atacado,4,2799.6,1623.64,293.99,Venda
SKU_1740_FRE,04/07/2025,E-commerce,1,214.9,81.86,133.04,Venda
SKU_1428_COB,04/07/2025,Atacado,6,2939.4,1450.56,248.14,Venda
SKU_1778_MIN,04/07/2025,E-commerce,1,284.9,101.78,183.12,Venda
SKU_1783_BAB,04/07/2025,E-commerce,1,1199.9,540.21,659.69,Venda
SKU_1691_ROS,04/07/2025,E-commerce,1,309.9,134.78,175.12,Venda
SKU_1751_BLU,04/07/2025,Varejo,3,989.7,404.46,195.08,Venda
SKU_1683_SHO,04/07/2025,Atacado,3,944.7,469.41,158.43,Venda
SKU_1713_SNO,04/07/2025,Varejo,1,504.9,167.42,337.48,Venda
SKU_1754_SER,04/07/2025,Atacado,4,1359.6,702.4,164.3,Venda
SKU_1697_MIN,04/07/2025,Atacado,8,1759.2,829.28,116.24,Venda
SKU_1739_MOS,04/07/2025,Atacado,3,764.7,353.31,137.13,Venda
SKU_1773_OLI,04/07/2025,Atacado,3,974.7,421.17,184.51,Venda
SKU_1743_DEE,04/07/2025,E-commerce,1,439.9,149.8,290.1,Venda
SKU_1615_MOS,04/07/2025,Atacado,6,2789.4,1495.68,215.62,Venda
SKU_1457_MAG,04/07/2025,Varejo,1,159.9,76.09,83.81,Venda
SKU_1495_FUC,04/07/2025,E-commerce,3,989.7,435.18,184.84,Venda
SKU_1795_RAS,04/07/2025,Varejo,1,299.9,108.77,191.13,Venda
SKU_1701_SPA,04/07/2025,Atacado,4,1359.6,639.76,179.96,Venda
SKU_1697_PIS,04/07/2025,Atacado,2,439.8,213.9,112.95,Venda
SKU_1786_TEA,04/07/2025,Varejo,1,179.9,78.84,101.06,Venda
SKU_1762_DEN,04/07/2025,Atacado,3,764.7,372.21,130.83,Venda
SKU_1747_FUC,04/07/2025,Atacado,5,874.5,461.15,82.67,Venda
SKU_1795_HUN,04/07/2025,Atacado,5,1499.5,785.0,142.9,Venda
SKU_1795_HUN,04/07/2025,Atacado,6,1799.4,844.26,159.19,Venda
SKU_1454_BUB,04/07/2025,E-commerce,1,149.9,71.39,78.51,Venda
SKU_1686_MOS,04/07/2025,Varejo,2,429.8,147.36,141.22,Venda
SKU_1718_DUS,04/07/2025,Atacado,4,1479.6,711.8,191.95,Venda
SKU_1745_FOR,04/07/2025,Varejo,1,409.9,132.55,277.35,Venda
SKU_1765_PAS,04/07/2025,E-commerce,1,259.9,127.23,132.67,Venda
SKU_1646_CLE,04/07/2025,Atacado,3,614.7,268.74,115.32,Venda
SKU_1753_PAL,04/07/2025,Varejo,1,789.9,301.91,487.99,Venda
SKU_1766_CLE,04/07/2025,Atacado,6,2369.4,1148.28,203.52,Venda
SKU_1420_EGR,04/07/2025,Varejo,1,989.9,332.59,657.31,Venda
SKU_1681_PIS,04/07/2025,Atacado,4,939.6,457.88,120.43,Venda
SKU_1792_AQU,04/07/2025,E-commerce,2,879.8,416.86,231.47,Venda
SKU_1641_MEX,04/07/2025,Atacado,5,1624.5,690.8,186.74,Venda
SKU_1665_SAG,04/07/2025,Atacado,4,999.6,527.92,117.92,Venda
SKU_1773_FRE,04/07/2025,Atacado,2,649.8,299.52,175.14,Venda
SKU_1712_MOS,04/07/2025,Atacado,6,1079.4,522.9,92.75,Venda
SKU_1721_COR,04/07/2025,E-commerce,1,419.9,179.31,240.59,Venda
SKU_1633_SER,04/07/2025,Atacado,5,1174.5,574.25,120.05,Venda
SKU_1685_COB,04/07/2025,Varejo,3,1994.7,792.18,400.84,Venda
SKU_1788_MYS,04/07/2025,Atacado,10,2499.0,1201.8,129.72,Venda
SKU_1734_BRI,04/07/2025,Varejo,1,349.9,174.02,175.88,Venda
SKU_1766_MYS,04/07/2025,Atacado,3,1184.7,656.7,176.0,Venda
SKU_1727_WHI,04/07/2025,Atacado,3,464.7,221.64,81.02,Venda
SKU_1773_OLI,04/07/2025,Varejo,3,974.7,381.27,197.81,Venda
SKU_1547_IVO,04/07/2025,Atacado,10,3299.0,1846.5,145.25,Venda
SKU_1669_TEA,04/07/2025,Varejo,1,199.9,89.89,110.01,Venda
SKU_1740_OLI,04/07/2025,Varejo,1,214.9,105.82,109.08,Venda
SKU_1745_PEA,04/07/2025,Varejo,1,409.9,136.71,273.19,Venda
SKU_1767_FUC,04/07/2025,Varejo,1,204.9,83.23,121.67,Venda
SKU_1710_MEX,04/07/2025,Varejo,1,809.9,253.65,556.25,Venda
SKU_1399_PAL,04/07/2025,Atacado,2,539.8,261.96,138.92,Venda
SKU_1688_LIG,04/07/2025,Varejo,1,429.9,174.82,255.08,Venda
SKU_1782_HUN,04/07/2025,E-commerce,1,249.9,78.47,171.43,Venda
SKU_1505_SNO,04/07/2025,E-commerce,1,234.9,78.65,156.25,Venda
SKU_1737_DEE,04/07/2025,E-commerce,1,769.9,342.67,427.23,Venda
SKU_1544_PEA,04/07/2025,Varejo,4,799.6,372.84,106.69,Venda
SKU_1781_CLE,04/07/2025,Varejo,1,129.9,64.94,64.96,Venda
SKU_1499_RAS,04/07/2025,Varejo,1,259.9,114.09,145.81,Venda
SKU_1789_SNO,04/07/2025,Varejo,4,1079.6,430.88,162.18,Venda
SKU_1599_CER,04/07/2025,Varejo,1,469.9,212.34,257.56,Venda
SKU_1789_EME,04/07/2025,Atacado,6,1619.4,852.9,127.75,Venda
SKU_1695_LIM,04/07/2025,Varejo,1,209.9,65.61,144.29,Venda
SKU_1586_EGR,04/07/2025,Varejo,1,304.9,126.84,178.06,Venda
SKU_1741_PIN,04/07/2025,Atacado,5,1199.5,593.15,121.27,Venda
SKU_1585_COR,04/07/2025,Atacado,4,1279.6,671.28,152.08,Venda
SKU_1790_EGR,04/07/2025,E-commerce,1,259.9,123.76,136.14,Venda
SKU_1416_CLE,04/07/2025,E-commerce,1,279.9,122.89,157.01,Venda
SKU_1718_SEA,04/07/2025,Atacado,6,2219.4,1205.22,169.03,Venda
SKU_1730_MIN,04/07/2025,Varejo,1,319.9,158.18,161.72,Venda
SKU_1782_HUN,04/07/2025,Varejo,1,249.9,123.88,126.02,Venda
SKU_1781_AQU,04/07/2025,Varejo,4,519.6,251.88,66.93,Venda
SKU_1684_SHO,04/07/2025,Atacado,4,739.6,353.12,96.62,Venda
SKU_1665_RAS,04/07/2025,Atacado,8,1999.2,1017.2,122.75,Venda
SKU_1497_FUC,04/07/2025,E-commerce,2,269.8,125.62,72.09,Venda
SKU_1742_EME,04/07/2025,Varejo,1,259.9,123.1,136.8,Venda
SKU_1490_VAN,04/07/2025,Varejo,1,314.9,120.52,194.38,Venda
SKU_1789_SNO,04/07/2025,Atacado,8,2159.2,1018.8,142.55,Venda
SKU_1769_WHI,04/07/2025,Varejo,1,324.9,103.04,221.86,Venda
SKU_1711_VAN,04/07/2025,Atacado,6,5969.4,3342.84,437.76,Venda
SKU_1588_CRE,04/07/2025,Atacado,2,979.8,439.04,270.38,Venda
SKU_1789_SNO,04/07/2025,Atacado,10,2699.0,1413.3,128.57,Venda
SKU_1451_BIR,04/07/2025,E-commerce,2,489.8,216.28,136.76,Venda
SKU_1691_ROS,04/07/2025,Varejo,1,309.9,146.48,163.42,Venda
SKU_1732_OFF,04/07/2025,Atacado,2,2229.8,1102.1,563.85,Venda
SKU_1731_MIN,04/07/2025,Atacado,2,1819.8,857.72,481.04,Venda
SKU_1697_PIS,04/07/2025,Atacado,4,879.6,431.8,111.95,Venda
SKU_1565_BAB,04/07/2025,Varejo,1,359.9,122.27,237.63,Venda
SKU_1430_JAD,04/07/2025,Atacado,6,1079.4,574.08,84.22,Venda
SKU_1785_HUN,04/07/2025,Varejo,2,489.8,160.64,164.58,Venda
SKU_1459_OFF,04/07/2025,Atacado,6,1259.4,696.72,93.78,Venda
SKU_1710_MEX,04/07/2025,Varejo,3,2429.7,1115.61,438.03,Venda
SKU_1762_DEN,04/07/2025,Atacado,5,1274.5,556.15,143.67,Venda
SKU_1509_HOT,04/07/2025,Varejo,1,319.9,111.06,208.84,Venda
SKU_1790_EGR,04/07/2025,E-commerce,1,259.9,115.36,144.54,Venda
SKU_1721_COR,04/07/2025,Atacado,8,3359.2,1612.8,218.3,Venda
SKU_1771_PIN,04/07/2025,Varejo,1,264.9,89.18,175.72,Venda
SKU_1681_PIS,04/07/2025,Varejo,1,234.9,110.38,124.52,Venda
SKU_1800_MOS,04/07/2025,Atacado,3,839.7,423.57,138.71,Venda
SKU_1791_IVO,04/07/2025,E-commerce,2,529.8,200.88,164.46,Venda
SKU_1786_TEA,04/07/2025,Varejo,1,179.9,71.98,107.92,Venda
SKU_1796_SHO,04/07/2025,Atacado,4,2019.6,1155.32,216.07,Venda
SKU_1685_COB,04/07/2025,Atacado,10,6649.0,3682.9,296.61,Venda
SKU_1708_FLA,04/07/2025,Varejo,1,169.9,72.67,97.23,Venda
SKU_1694_SER,04/07/2025,Varejo,1,279.9,110.29,169.61,Venda
SKU_1693_FLA,04/07/2025,Atacado,6,1229.4,541.68,114.62,Venda
SKU_1697_MIN,04/07/2025,Atacado,4,879.6,396.56,120.76,Venda
SKU_1725_BAB,04/07/2025,Varejo,1,244.9,101.69,143.21,Venda
SKU_1749_SNO,04/07/2025,Varejo,1,349.9,161.72,188.18,Venda
SKU_1698_PRI,04/07/2025,Varejo,2,839.8,316.44,261.68,Venda
SKU_1731_MIN,04/07/2025,Atacado,5,4549.5,1936.2,522.66,Venda
SKU_1719_WHI,04/07/2025,Varejo,1,319.9,96.64,223.26,Venda
SKU_1535_MOS,04/07/2025,Atacado,10,3049.0,1387.1,166.19,Venda
SKU_1684_HON,04/07/2025,Varejo,1,184.9,87.04,97.86,Venda
SKU_1736_JAD,04/07/2025,Atacado,5,1624.5,743.0,176.3,Venda
SKU_1704_PEA,04/07/2025,Atacado,4,1339.6,698.04,160.39,Venda
SKU_1744_EME,04/07/2025,Atacado,6,1589.4,672.12,152.88,Venda
SKU_1775_PAS,04/07/2025,Varejo,1,279.9,91.98,187.92,Venda
SKU_1544_PEA,04/07/2025,Varejo,1,199.9,93.08,106.82,Venda
SKU_1793_MIN,04/07/2025,Atacado,5,949.5,405.45,108.81,Venda
SKU_1738_BLU,04/07/2025,Varejo,1,194.9,92.39,102.51,Venda
SKU_1673_PEA,04/07/2025,Atacado,6,2459.4,1120.8,223.1,Venda
SKU_1797_GAR,04/07/2025,Atacado,10,3799.0,1819.2,197.98,Venda
SKU_1785_PAS,04/07/2025,Varejo,3,734.7,349.71,128.33,Venda
SKU_1778_MIN,04/07/2025,Varejo,1,284.9,105.16,179.74,Venda
SKU_1560_PAL,04/07/2025,Varejo,1,224.9,70.06,154.84,Venda
SKU_1793_WHI,04/07/2025,E-commerce,1,189.9,82.63,107.27,Venda
SKU_1418_MOS,04/07/2025,E-commerce,1,844.9,301.89,543.01,Venda
SKU_1731_ARM,04/07/2025,Varejo,2,1819.8,575.54,622.13,Venda
SKU_1766_CLE,04/07/2025,E-commerce,1,394.9,195.21,199.69,Venda
SKU_1785_HUN,04/07/2025,E-commerce,1,244.9,108.77,136.13,Venda
SKU_1732_WHI,04/07/2025,E-commerce,2,2229.8,1084.44,572.68,Venda
SKU_1638_PEA,04/07/2025,E-commerce,2,2279.8,850.0,714.9,Venda
SKU_1792_AQU,04/07/2025,Atacado,3,1319.7,563.79,251.97,Venda
SKU_1710_OLI,04/07/2025,Atacado,3,2429.7,1146.72,427.66,Venda
SKU_1760_PAS,04/07/2025,Atacado,5,1249.5,689.75,111.95,Venda
SKU_1798_MOS,04/07/2025,Atacado,6,2519.4,1133.94,230.91,Venda
SKU_1402_WHI,04/07/2025,Varejo,3,704.7,213.33,163.79,Venda
SKU_1785_PAS,04/07/2025,Atacado,3,734.7,346.95,129.25,Venda
SKU_1581_BIR,04/07/2025,Atacado,5,4274.5,2044.9,445.92,Venda
SKU_1520_GAR,04/07/2025,Atacado,4,899.6,396.52,125.77,Venda
SKU_1769_WHI,04/07/2025,Atacado,2,649.8,284.5,182.65,Venda
SKU_1685_COB,04/07/2025,Atacado,3,1994.7,1026.99,322.57,Venda
SKU_1730_MIN,04/07/2025,Atacado,4,1279.6,566.52,178.27,Venda
SKU_1407_EME,04/07/2025,Atacado,3,644.7,305.28,113.14,Venda
SKU_1689_MAG,04/07/2025,Varejo,1,964.9,395.32,569.58,Venda
SKU_1787_BAB,04/07/2025,Varejo,1,289.9,120.86,169.04,Venda
SKU_1690_MAG,04/07/2025,Varejo,1,539.9,225.56,314.34,Venda
SKU_1594_WHI,04/07/2025,Atacado,6,2999.4,1575.18,237.37,Venda
SKU_1791_ARM,04/07/2025,Atacado,6,1589.4,785.22,134.03,Venda
SKU_1738_BLU,04/07/2025,Atacado,4,779.6,362.84,104.19,Venda
SKU_1795_RAS,04/07/2025,Varejo,1,299.9,121.92,177.98,Venda
SKU_1743_CLO,04/07/2025,Varejo,2,879.8,433.18,223.31,Venda
SKU_1452_DEE,04/07/2025,Varejo,1,144.9,67.58,77.32,Venda
SKU_1788_MYS,04/07/2025,Atacado,5,1249.5,656.3,118.64,Venda
SKU_1451_BIR,04/07/2025,Varejo,1,244.9,89.14,155.76,Venda
SKU_1747_TEA,04/07/2025,Atacado,12,2098.8,989.52,92.44,Venda
SKU_1394_EME,04/07/2025,Varejo,2,939.8,395.9,271.95,Venda
SKU_1685_COB,04/07/2025,E-commerce,1,664.9,303.61,361.29,Venda
SKU_1539_BLA,04/07/2025,Varejo,2,699.8,311.56,194.12,Venda
SKU_1710_OLI,04/07/2025,Varejo,1,809.9,330.03,479.87,Venda
SKU_1634_SAP,04/07/2025,Varejo,1,979.9,294.83,685.07,Venda
SKU_1397_SNO,04/07/2025,E-commerce,1,234.9,96.18,138.72,Venda
SKU_1771_EME,04/07/2025,Atacado,3,794.7,453.84,113.62,Venda
SKU_1760_PAS,04/07/2025,Varejo,2,499.8,156.96,171.42,Venda
SKU_1422_MIN,04/07/2025,Varejo,1,314.9,151.85,163.05,Venda
SKU_1684_HON,04/07/2025,Atacado,8,1479.2,628.96,106.28,Venda
SKU_1715_HON,04/07/2025,Atacado,6,1319.4,689.22,105.03,Venda
SKU_1798_OFF,04/07/2025,Varejo,1,419.9,159.21,260.69,Venda
SKU_1390_PAS,04/07/2025,Varejo,1,229.9,110.07,119.83,Venda
SKU_1712_MOS,04/07/2025,Atacado,5,899.5,467.4,86.42,Venda
SKU_1799_POW,04/07/2025,Varejo,4,1079.6,455.2,156.1,Venda
SKU_1743_CLO,04/07/2025,Atacado,10,4399.0,2295.6,210.34,Venda
SKU_1780_LIG,04/07/2025,Atacado,2,669.8,343.22,163.29,Venda
SKU_1732_OFF,04/07/2025,Varejo,1,1114.9,394.66,720.24,Venda
SKU_1515_SEA,04/07/2025,Atacado,6,1169.4,494.16,112.54,Venda
SKU_1772_BLU,04/07/2025,Varejo,1,414.9,154.47,260.43,Venda
SKU_1537_SAP,04/07/2025,Atacado,2,509.8,228.78,140.51,Venda
SKU_1750_SNO,04/07/2025,Atacado,5,1849.5,995.6,170.78,Venda
SKU_1801_MOS,04/07/2025,Varejo,3,1124.7,370.5,251.4,Venda
SKU_1786_TEA,04/07/2025,Atacado,6,1079.4,495.12,97.38,Venda
SKU_1416_CLE,04/07/2025,Atacado,2,559.8,239.58,160.11,Venda
SKU_1681_OFF,04/07/2025,Varejo,2,469.8,194.06,137.87,Venda
SKU_1778_TEA,04/07/2025,Atacado,10,2849.0,1437.1,141.19,Venda
SKU_1753_PAL,04/07/2025,Atacado,3,2369.7,1303.29,355.47,Venda
SKU_1733_NAV,04/07/2025,E-commerce,1,349.9,113.18,236.72,Venda
SKU_1760_OFF,04/07/2025,Atacado,6,1499.4,745.68,125.62,Venda
SKU_1752_SNO,04/07/2025,E-commerce,1,429.9,180.7,249.2,Venda
SKU_1427_BLA,04/07/2025,E-commerce,1,199.9,85.36,114.54,Venda
SKU_1796_SHO,04/07/2025,Varejo,1,504.9,180.96,323.94,Venda
SKU_1704_PEA,04/07/2025,Atacado,12,4018.8,2021.76,166.42,Venda
SKU_1509_HOT,04/07/2025,Varejo,2,639.8,203.64,218.08,Venda
SKU_1697_PIS,04/07/2025,Atacado,5,1099.5,570.6,105.78,Venda
SKU_1755_AQU,04/07/2025,Atacado,2,669.8,349.08,160.36,Venda
SKU_1433_OLI,04/07/2025,Atacado,6,1889.4,835.8,175.6,Venda
SKU_1411_RAS,04/07/2025,Atacado,5,1124.5,538.05,117.29,Venda
SKU_1766_CLE,04/07/2025,Varejo,3,1184.7,461.49,241.07,Venda
SKU_1710_OLI,04/07/2025,Varejo,4,3239.6,1579.2,415.1,Venda
SKU_1751_MIN,04/07/2025,E-commerce,1,329.9,104.76,225.14,Venda
SKU_1747_FUC,04/07/2025,Varejo,4,699.6,276.6,105.75,Venda
SKU_1764_FUC,04/07/2025,Varejo,1,234.9,96.0,138.9,Venda
SKU_1768_MIN,04/07/2025,Varejo,1,624.9,274.31,350.59,Venda
SKU_1741_PEA,04/07/2025,Atacado,4,959.6,501.28,114.58,Venda
SKU_1786_TEA,04/07/2025,E-commerce,1,179.9,69.44,110.46,Venda
SKU_1784_BLA,04/07/2025,Atacado,5,1549.5,849.0,140.1,Venda
SKU_1762_DEN,04/07/2025,Atacado,4,1019.6,571.8,111.95,Venda
SKU_1750_MIN,04/07/2025,Varejo,1,369.9,174.29,195.61,Venda
SKU_1762_DEN,04/07/2025,Atacado,3,764.7,394.32,123.46,Venda
SKU_1684_SHO,04/07/2025,Varejo,1,184.9,90.14,94.76,Venda
SKU_1689_MAG,04/07/2025,Varejo,3,2894.7,1415.04,493.22,Venda
SKU_1730_OFF,04/07/2025,Atacado,5,1599.5,694.4,181.02,Venda
SKU_1724_PEA,04/07/2025,Varejo,1,1114.9,530.14,584.76,Venda
SKU_1701_SPA,04/07/2025,Atacado,4,1359.6,652.4,176.8,Venda
SKU_1717_MIN,04/07/2025,Atacado,2,519.8,243.36,138.22,Venda
SKU_1714_DEE,04/07/2025,Atacado,5,1524.5,730.0,158.9,Venda
SKU_1765_PAS,04/07/2025,Atacado,4,1039.6,456.64,145.74,Venda
SKU_1801_FLA,04/07/2025,E-commerce,1,374.9,163.64,211.26,Venda
SKU_1764_MAR,04/07/2025,Atacado,6,1409.4,646.8,127.1,Venda
SKU_1705_SER,04/07/2025,Varejo,1,409.9,201.45,208.45,Venda
SKU_1687_FOR,04/07/2025,Varejo,1,899.9,294.56,605.34,Venda
SKU_1588_CRE,04/07/2025,Atacado,3,1469.7,679.77,263.31,Venda
SKU_1531_SNO,04/07/2025,E-commerce,1,549.9,271.6,278.3,Venda
SKU_1789_EME,04/07/2025,Varejo,1,269.9,83.75,186.15,Venda
SKU_1695_CRE,04/07/2025,Varejo,1,209.9,99.35,110.55,Venda
SKU_1594_WHI,04/07/2025,E-commerce,1,499.9,200.35,299.55,Venda
SKU_1457_MAG,04/07/2025,Atacado,3,479.7,255.03,74.89,Venda
SKU_1739_MOS,04/07/2025,Atacado,3,764.7,397.71,122.33,Venda
SKU_1736_JAD,04/07/2025,Atacado,3,974.7,477.45,165.75,Venda
SKU_1780_AQU,04/07/2025,E-commerce,1,334.9,118.24,216.66,Venda
SKU_1772_BLU,04/07/2025,Atacado,3,1244.7,627.09,205.87,Venda
SKU_1775_PAL,04/07/2025,Atacado,5,1399.5,659.45,148.01,Venda
SKU_1728_MID,04/07/2025,Varejo,1,329.9,150.94,178.96,Venda
SKU_1789_SNO,04/07/2025,E-commerce,1,269.9,124.75,145.15,Venda
SKU_1740_OLI,04/07/2025,Atacado,2,429.8,206.14,111.83,Venda
SKU_1748_BAB,04/07/2025,Atacado,6,1859.4,950.22,151.53,Venda
SKU_1780_LIG,04/07/2025,Varejo,4,1339.6,641.24,174.59,Venda
SKU_1693_MEX,04/07/2025,E-commerce,1,204.9,82.68,122.22,Venda
SKU_1738_BLU,04/07/2025,Atacado,10,1949.0,920.2,102.88,Venda
SKU_1422_PIN,04/07/2025,Atacado,8,2519.2,1253.36,158.23,Venda
SKU_1671_MIN,04/07/2025,Atacado,6,2099.4,983.58,185.97,Venda
SKU_1653_ROS,04/07/2025,Atacado,3,1079.7,566.76,170.98,Venda
SKU_1739_AQU,04/07/2025,Varejo,4,1019.6,348.36,167.81,Venda
SKU_1710_OLI,04/07/2025,Atacado,8,6479.2,3169.04,413.77,Venda
SKU_1785_HUN,04/07/2025,Atacado,5,1224.5,583.8,128.14,Venda
SKU_1742_DEN,04/07/2025,Atacado,2,519.8,250.46,134.67,Venda
SKU_1598_NAV,04/07/2025,Atacado,6,2939.4,1538.76,233.44,Venda
SKU_1709_CRE,04/07/2025,Atacado,6,1259.4,661.14,99.71,Venda
SKU_1698_SNO,04/07/2025,E-commerce,1,419.9,157.93,261.97,Venda
SKU_1592_SAG,04/07/2025,Atacado,6,1259.4,532.56,121.14,Venda
SKU_1398_AQU,04/07/2025,Varejo,2,1349.8,477.3,436.25,Venda
SKU_1780_AQU,04/07/2025,Atacado,3,1004.7,428.01,192.23,Venda
SKU_1720_PAS,04/07/2025,Varejo,1,224.9,110.91,113.99,Venda
SKU_1753_WHI,04/07/2025,Atacado,5,3949.5,2160.65,357.77,Venda
SKU_1502_VAN,04/07/2025,Varejo,1,209.9,82.48,127.42,Venda
SKU_1714_MID,04/07/2025,E-commerce,2,609.8,265.24,172.28,Venda
SKU_1757_PIN,04/07/2025,E-commerce,2,529.8,256.88,136.46,Venda
SKU_1752_SNO,04/07/2025,Atacado,3,1289.7,604.68,228.34,Venda
SKU_1755_BIR,04/07/2025,Atacado,10,3349.0,1474.7,187.43,Venda
SKU_1774_COB,04/07/2025,Atacado,4,819.6,419.68,99.98,Venda
SKU_1779_LIG,04/07/2025,Atacado,5,1074.5,462.7,122.36,Venda
SKU_1750_MIN,04/07/2025,Atacado,4,1479.6,718.8,190.2,Venda
SKU_1713_SAL,04/07/2025,Varejo,1,504.9,178.6,326.3,Venda
SKU_1769_WHI,04/07/2025,Atacado,6,1949.4,987.78,160.27,Venda
SKU_1699_COB,04/07/2025,Varejo,2,659.8,205.26,227.27,Venda
SKU_1715_JAD,04/07/2025,Atacado,2,439.8,205.0,117.4,Venda
SKU_1780_LIG,04/07/2025,E-commerce,1,334.9,167.0,167.9,Venda
SKU_1728_EGR,04/07/2025,Atacado,4,1319.6,693.76,156.46,Venda
SKU_1682_OLI,04/07/2025,Atacado,8,1879.2,952.24,115.87,Venda
SKU_1725_OFF,04/07/2025,Atacado,8,1959.2,921.92,129.66,Venda
SKU_1789_SNO,04/07/2025,Varejo,2,539.8,198.76,170.52,Venda
SKU_1794_LIG,04/07/2025,Varejo,3,629.7,208.26,140.48,Venda
SKU_1490_VAN,04/07/2025,E-commerce,2,629.8,231.64,199.08,Venda
SKU_1552_SAP,04/07/2025,Varejo,1,659.9,278.87,381.03,Venda
SKU_1790_ROY,04/07/2025,Varejo,1,259.9,102.51,157.39,Venda
SKU_1532_BRI,04/07/2025,Varejo,1,979.9,462.9,517.0,Venda
SKU_1794_FLA,04/07/2025,Varejo,2,419.8,178.16,120.82,Venda
SKU_1536_MOS,04/07/2025,Varejo,4,1379.6,492.6,221.75,Venda
SKU_1414_CLO,04/07/2025,Atacado,10,3399.0,1934.5,146.45,Venda
SKU_1704_BAB,04/07/2025,Atacado,3,1004.7,478.05,175.55,Venda
SKU_1623_SER,04/07/2025,Varejo,3,2744.7,1301.34,481.12,Venda
SKU_1656_SNO,04/07/2025,Atacado,4,939.6,458.44,120.29,Venda
SKU_1752_SPA,04/07/2025,Atacado,10,4299.0,2093.9,220.51,Venda
SKU_1791_ARM,04/07/2025,Atacado,6,1589.4,861.18,121.37,Venda
SKU_1429_SPA,04/07/2025,Atacado,5,949.5,466.5,96.6,Venda
SKU_1776_PAS,04/07/2025,E-commerce,1,329.9,127.97,201.93,Venda
SKU_1706_JAD,04/07/2025,Atacado,3,554.7,319.14,78.52,Venda
SKU_1734_BRI,04/07/2025,Varejo,1,349.9,128.07,221.83,Venda
SKU_1704_BAB,04/07/2025,Atacado,3,1004.7,430.77,191.31,Venda
SKU_1763_MAR,04/07/2025,E-commerce,2,599.8,189.82,204.99,Venda
SKU_1665_RAS,04/07/2025,Atacado,3,749.7,357.75,130.65,Venda
SKU_1672_TEA,04/07/2025,Atacado,10,2949.0,1470.0,147.9,Venda
SKU_1693_FLA,04/07/2025,Atacado,10,2049.0,1073.7,97.53,Venda
SKU_1730_MIN,04/07/2025,Atacado,6,1919.4,940.08,163.22,Venda
SKU_1689_IVO,04/07/2025,Atacado,8,7719.2,3632.24,510.87,Venda
SKU_1705_SER,04/07/2025,Atacado,6,2459.4,1202.34,209.51,Venda
SKU_1661_WHI,04/07/2025,E-commerce,1,989.9,384.93,604.97,Venda
SKU_1763_HOT,04/07/2025,Atacado,4,1199.6,580.88,154.68,Venda
SKU_1713_SNO,04/07/2025,Atacado,6,3029.4,1599.72,238.28,Venda
SKU_1700_HUN,04/07/2025,Atacado,12,8398.8,3999.24,366.63,Venda
SKU_1755_AQU,04/07/2025,Atacado,3,1004.7,503.52,167.06,Venda
SKU_1798_OFF,04/07/2025,Atacado,12,5038.8,2300.76,228.17,Venda
SKU_1732_OFF,04/07/2025,Varejo,1,1114.9,450.34,664.56,Venda
SKU_1701_BLU,04/07/2025,Atacado,10,3399.0,1678.2,172.08,Venda
SKU_1444_HUN,04/07/2025,Varejo,3,719.7,318.93,133.59,Venda
SKU_1430_PEA,04/07/2025,Varejo,1,179.9,62.95,116.95,Venda
SKU_1790_ROY,04/07/2025,Atacado,6,1559.4,870.48,114.82,Venda
SKU_1750_SNO,04/07/2025,Varejo,2,739.8,302.7,218.55,Venda
SKU_1540_BAL,04/07/2025,E-commerce,1,169.9,80.2,89.7,Venda
SKU_1753_PAL,04/07/2025,Varejo,1,789.9,295.16,494.74,Venda
SKU_1681_PIS,04/07/2025,Atacado,3,704.7,353.28,117.14,Venda
SKU_1429_SPA,04/07/2025,Varejo,1,189.9,57.18,132.72,Venda
SKU_1549_PAS,04/07/2025,E-commerce,1,184.9,68.41,116.49,Venda
SKU_1683_PAL,04/07/2025,E-commerce,1,314.9,139.4,175.5,Venda
SKU_1603_BUB,04/07/2025,Atacado,6,4469.4,1950.78,419.77,Venda
SKU_1801_FLA,04/07/2025,Atacado,10,3749.0,2089.0,166.0,Venda
SKU_1728_MID,04/07/2025,E-commerce,1,329.9,110.05,219.85,Venda
SKU_1512_MYS,04/07/2025,Varejo,1,224.9,101.55,123.35,Venda
SKU_1601_AQU,04/07/2025,Varejo,1,734.9,236.22,498.68,Venda
SKU_1732_OFF,04/07/2025,Atacado,5,5574.5,3116.35,491.63,Venda
SKU_1768_MIN,04/07/2025,Atacado,3,1874.7,965.7,303.0,Venda
SKU_1691_HUN,04/07/2025,Atacado,6,1859.4,956.28,150.52,Venda
SKU_1688_WHI,04/07/2025,Varejo,1,429.9,132.08,297.82,Venda
SKU_1698_PRI,04/07/2025,Varejo,2,839.8,413.62,213.09,Venda
SKU_1681_OFF,04/07/2025,Atacado,6,1409.4,771.84,106.26,Venda
SKU_1592_SAG,04/07/2025,Atacado,3,629.7,273.99,118.57,Venda
SKU_1530_PEA,04/07/2025,Atacado,4,519.6,219.44,75.04,Venda
SKU_1744_EME,04/07/2025,Atacado,5,1324.5,597.15,145.47,Venda
SKU_1739_MOS,04/07/2025,Varejo,1,254.9,99.84,155.06,Venda
SKU_1432_BRI,04/07/2025,Varejo,4,2879.6,984.28,473.83,Venda
SKU_1688_WHI,04/07/2025,Atacado,12,5158.8,2466.36,224.37,Venda
SKU_1717_CRE,04/07/2025,Atacado,4,1039.6,488.28,137.83,Venda
SKU_1770_DEE,04/07/2025,Varejo,2,439.8,137.74,151.03,Venda
SKU_1735_COR,04/07/2025,Varejo,1,269.9,85.81,184.09,Venda
SKU_1722_AQU,04/07/2025,E-commerce,1,324.9,138.74,186.16,Venda
SKU_1753_WHI,04/07/2025,E-commerce,1,789.9,324.46,465.44,Venda
SKU_1692_BLU,04/07/2025,E-commerce,1,219.9,76.23,143.67,Venda
SKU_1749_SNO,04/07/2025,Atacado,4,1399.6,740.48,164.78,Venda
SKU_1799_DEN,04/07/2025,Varejo,2,539.8,225.12,157.34,Venda
SKU_1791_IVO,04/07/2025,Atacado,5,1324.5,611.8,142.54,Venda
SKU_1745_FOR,04/07/2025,Atacado,4,1639.6,773.16,216.61,Venda
SKU_1682_BIR,04/07/2025,Atacado,5,1174.5,620.35,110.83,Venda
SKU_1690_MYS,04/07/2025,Varejo,1,539.9,268.13,271.77,Venda
SKU_1771_EME,04/07/2025,Varejo,1,264.9,129.22,135.68,Venda
SKU_1532_EME,04/07/2025,Varejo,1,979.9,466.35,513.55,Venda
SKU_1701_SPA,04/07/2025,Varejo,1,339.9,105.44,234.46,Venda
SKU_1788_MYS,04/07/2025,Varejo,1,249.9,81.38,168.52,Venda
SKU_1731_ARM,04/07/2025,Varejo,1,909.9,276.93,632.97,Venda
SKU_1554_PIS,04/07/2025,Varejo,1,1034.9,437.35,597.55,Venda
SKU_1683_SHO,04/07/2025,Atacado,3,944.7,483.27,153.81,Venda
SKU_1791_ARM,04/07/2025,Atacado,10,2649.0,1264.4,138.46,Venda
SKU_1791_IVO,04/07/2025,Atacado,6,1589.4,734.4,142.5,Venda
SKU_1770_DEE,04/07/2025,Atacado,3,659.7,296.55,121.05,Venda
SKU_1700_HUN,04/07/2025,Varejo,1,699.9,323.06,376.84,Venda
SKU_1471_ROS,04/07/2025,Varejo,1,204.9,69.48,135.42,Venda
SKU_1777_FRE,04/07/2025,Varejo,1,239.9,96.44,143.46,Venda
SKU_1703_PAS,04/07/2025,Varejo,1,269.9,90.19,179.71,Venda
SKU_1768_PEA,04/07/2025,E-commerce,3,1874.7,621.81,417.63,Venda
SKU_1531_SNO,04/07/2025,Varejo,1,549.9,204.85,345.05,Venda
SKU_1689_MAG,04/07/2025,Varejo,3,2894.7,1235.04,553.22,Venda
SKU_1730_OFF,04/07/2025,Atacado,4,1279.6,638.52,160.27,Venda
SKU_1664_MIN,04/07/2025,Varejo,1,329.9,115.89,214.01,Venda
SKU_1759_CLE,04/07/2025,Atacado,2,539.8,240.62,149.59,Venda
SKU_1747_TEA,04/07/2025,Atacado,3,524.7,267.81,85.63,Venda
SKU_1791_IVO,04/07/2025,Atacado,6,1589.4,722.4,144.5,Venda
SKU_1701_BLU,04/07/2025,Atacado,5,1699.5,862.4,167.42,Venda
SKU_1718_SEA,04/07/2025,Varejo,3,1109.7,354.36,251.78,Venda
SKU_1724_PEA,04/07/2025,Atacado,5,5574.5,2981.0,518.7,Venda
SKU_1620_SAG,04/07/2025,Varejo,1,264.9,97.18,167.72,Venda
SKU_1760_PAS,04/07/2025,Varejo,1,249.9,111.7,138.2,Venda
SKU_1708_FLA,04/07/2025,Atacado,5,849.5,365.4,96.82,Venda
SKU_1799_DEN,04/07/2025,Atacado,3,809.7,382.47,142.41,Venda
SKU_1760_OFF,04/07/2025,Varejo,1,249.9,77.78,172.12,Venda
SKU_1801_MOS,04/07/2025,Varejo,1,374.9,162.59,212.31,Venda
SKU_1708_FLA,04/07/2025,Varejo,1,169.9,52.9,117.0,Venda
SKU_1782_NAV,04/07/2025,Varejo,3,749.7,374.34,125.12,Venda
SKU_1454_BRI,04/07/2025,Varejo,1,149.9,61.83,88.07,Venda
SKU_1731_ARM,04/07/2025,Varejo,1,909.9,355.76,554.14,Venda
SKU_1745_FOR,04/07/2025,Atacado,4,1639.6,797.4,210.55,Venda
SKU_1770_DEE,04/07/2025,Atacado,4,879.6,406.64,118.24,Venda
SKU_1794_LIG,04/07/2025,Varejo,1,209.9,91.36,118.54,Venda
SKU_1623_EGR,04/07/2025,Atacado,2,1829.8,904.56,462.62,Venda
SKU_1432_WHI,04/07/2025,Atacado,4,2879.6,1556.0,330.9,Venda
SKU_1734_BRI,04/07/2025,Atacado,4,1399.6,598.24,200.34,Venda
SKU_1576_BLU,04/07/2025,E-commerce,1,244.9,122.06,122.84,Venda
SKU_1776_PAS,04/07/2025,Atacado,6,1979.4,1038.06,156.89,Venda
SKU_1788_EME,04/07/2025,Atacado,3,749.7,345.45,134.75,Venda
SKU_1536_FRE,04/07/2025,Atacado,8,2759.2,1386.4,171.6,Venda
SKU_1427_BLA,04/07/2025,Atacado,4,799.6,426.24,93.34,Venda
SKU_1736_JAD,04/07/2025,Varejo,1,324.9,161.99,162.91,Venda
SKU_1735_MOS,04/07/2025,Varejo,1,269.9,130.98,138.92,Venda
SKU_1744_LIG,04/07/2025,Varejo,1,264.9,128.09,136.81,Venda
SKU_1524_DEN,04/07/2025,Varejo,1,369.9,115.28,254.62,Venda
SKU_1751_MIN,04/07/2025,Varejo,1,329.9,141.06,188.84,Venda
SKU_1765_MYS,04/07/2025,Atacado,10,2599.0,1295.0,130.4,Venda
SKU_1705_JAD,04/07/2025,Atacado,4,1639.6,717.0,230.65,Venda
SKU_1393_COB,04/07/2025,Varejo,3,929.7,312.09,205.87,Venda
SKU_1769_EME,04/07/2025,Atacado,3,974.7,448.2,175.5,Venda
SKU_1766_MYS,04/07/2025,Atacado,4,1579.6,805.24,193.59,Venda
SKU_1800_SKY,04/07/2025,Varejo,3,839.7,367.02,157.56,Venda
SKU_1650_EGR,04/07/2025,Atacado,6,6029.4,2664.72,560.78,Venda
SKU_1574_GAR,04/07/2025,Atacado,2,1209.8,570.34,319.73,Venda
SKU_1705_JAD,04/07/2025,Varejo,1,409.9,142.77,267.13,Venda
SKU_1444_HUN,04/07/2025,Varejo,4,959.6,345.64,153.49,Venda
SKU_1564_BLA,04/07/2025,Atacado,8,4719.2,2127.2,324.0,Venda
SKU_1410_ROS,04/07/2025,Atacado,10,11399.0,5088.2,631.08,Venda
SKU_1420_EGR,04/07/2025,Atacado,10,9899.0,4184.5,571.45,Venda
SKU_1751_BLU,04/07/2025,Atacado,2,659.8,300.88,179.46,Venda
SKU_1683_SHO,04/07/2025,Atacado,2,629.8,319.14,155.33,Venda
SKU_1593_LIG,04/07/2025,Varejo,3,434.7,213.42,73.76,Venda
SKU_1729_CLE,04/07/2025,E-commerce,1,174.9,58.78,116.12,Venda
SKU_1541_AQU,04/07/2025,Atacado,4,2699.6,1361.88,334.43,Venda
SKU_1727_WHI,04/07/2025,Atacado,4,619.6,274.04,86.39,Venda
SKU_1780_AQU,04/07/2025,Varejo,1,334.9,109.09,225.81,Venda
SKU_1569_WHI,04/07/2025,Varejo,1,219.9,103.08,116.82,Venda
SKU_1763_MAR,04/07/2025,Atacado,3,899.7,422.4,159.1,Venda
SKU_1729_CLE,04/07/2025,Atacado,5,874.5,388.3,97.24,Venda
SKU_1731_ARM,04/07/2025,Atacado,8,7279.2,4178.64,387.57,Venda
SKU_1703_BLU,04/07/2025,Atacado,8,2159.2,974.56,148.08,Venda
SKU_1437_AQU,04/07/2025,Atacado,5,824.5,378.1,89.28,Venda
SKU_1692_BLU,04/07/2025,E-commerce,1,219.9,95.48,124.42,Venda
SKU_1558_CLE,04/07/2025,Atacado,5,1649.5,768.2,176.26,Venda
SKU_1627_BAB,04/07/2025,Varejo,1,329.9,163.21,166.69,Venda
SKU_1780_LIG,04/07/2025,Varejo,1,334.9,113.19,221.71,Venda
SKU_1764_MAR,04/07/2025,Varejo,1,234.9,85.0,149.9,Venda
SKU_1793_WHI,04/07/2025,E-commerce,1,189.9,90.29,99.61,Venda
SKU_1706_JAD,04/07/2025,Varejo,1,184.9,80.16,104.74,Venda
SKU_1553_HOT,04/07/2025,Varejo,1,254.9,99.45,155.45,Venda
SKU_1727_WHI,04/07/2025,Atacado,2,309.8,161.5,74.15,Venda
SKU_1741_PEA,04/07/2025,Atacado,5,1199.5,564.8,126.94,Venda
SKU_1713_SAL,04/07/2025,Varejo,1,504.9,194.73,310.17,Venda
SKU_1450_MAG,04/07/2025,Varejo,1,409.9,188.26,221.64,Venda
SKU_1769_WHI,04/07/2025,Atacado,8,2599.2,1229.04,171.27,Venda
SKU_1776_PAS,04/07/2025,Varejo,1,329.9,103.99,225.91,Venda
SKU_1746_NAV,04/07/2025,Varejo,1,179.9,83.73,96.17,Venda
SKU_1759_CLE,04/07/2025,E-commerce,1,269.9,102.3,167.6,Venda
SKU_1588_CRE,04/07/2025,Atacado,2,979.8,489.9,244.95,Venda
SKU_1588_PAS,04/07/2025,Atacado,10,4899.0,2114.2,278.48,Venda
SKU_1730_OFF,04/07/2025,Varejo,1,319.9,98.87,221.03,Venda
SKU_1771_PIN,04/07/2025,E-commerce,2,529.8,186.22,171.79,Venda
SKU_1793_WHI,04/07/2025,Atacado,8,1519.2,743.2,97.0,Venda
SKU_1799_DEN,04/07/2025,E-commerce,2,539.8,165.42,187.19,Venda
SKU_1713_SNO,04/07/2025,Atacado,4,2019.6,935.04,271.14,Venda
SKU_1762_BRI,04/07/2025,Atacado,5,1274.5,571.35,140.63,Venda
SKU_1760_PAS,04/07/2025,Varejo,1,249.9,79.21,170.69,Venda
SKU_1559_SKY,04/07/2025,Varejo,2,2399.8,1090.84,654.48,Venda
SKU_1702_LIG,04/07/2025,E-commerce,1,619.9,248.43,371.47,Venda
SKU_1685_COB,04/07/2025,Varejo,1,664.9,330.39,334.51,Venda
SKU_1801_MOS,04/07/2025,Atacado,5,1874.5,977.35,179.43,Venda
SKU_1759_CLE,04/07/2025,Varejo,1,269.9,117.87,152.03,Venda
SKU_1721_COR,04/07/2025,Varejo,1,419.9,206.88,213.02,Venda
SKU_1791_ARM,04/07/2025,Atacado,3,794.7,405.27,129.81,Venda
SKU_1721_FRE,04/07/2025,Varejo,2,839.8,284.08,277.86,Venda
SKU_1791_IVO,04/07/2025,Atacado,4,1059.6,464.0,148.9,Venda
SKU_1732_WHI,04/07/2025,Varejo,2,2229.8,871.92,678.94,Venda
SKU_1787_BAB,04/07/2025,Atacado,10,2899.0,1289.6,160.94,Venda
SKU_1729_CLE,04/07/2025,E-commerce,1,174.9,84.55,90.35,Venda
SKU_1710_OLI,04/07/2025,Varejo,1,809.9,282.96,526.94,Venda
SKU_1777_TUR,04/07/2025,Atacado,6,1439.4,743.76,115.94,Venda
SKU_1581_BIR,04/07/2025,E-commerce,1,854.9,336.51,518.39,Venda
SKU_1711_VAN,04/07/2025,Varejo,1,994.9,321.05,673.85,Venda
SKU_1791_IVO,04/07/2025,E-commerce,1,264.9,109.19,155.71,Venda
SKU_1722_AQU,04/07/2025,Atacado,5,1624.5,901.65,144.57,Venda
SKU_1711_ARM,04/07/2025,Varejo,1,994.9,304.06,690.84,Venda
SKU_1686_MOS,04/07/2025,E-commerce,1,214.9,70.83,144.07,Venda
SKU_1796_SHO,04/07/2025,Atacado,8,4039.2,2048.64,248.82,Venda
SKU_1774_COB,04/07/2025,Varejo,1,204.9,80.67,124.23,Venda
SKU_1766_CLE,04/07/2025,Atacado,5,1974.5,1015.1,191.88,Venda
SKU_1771_PIN,04/07/2025,Varejo,1,264.9,111.82,153.08,Venda
SKU_1791_ARM,04/07/2025,Atacado,3,794.7,386.31,136.13,Venda
SKU_1737_SAG,04/07/2025,Varejo,1,769.9,249.81,520.09,Venda
SKU_1711_VAN,04/07/2025,Varejo,1,994.9,448.2,546.7,Venda
SKU_1788_EME,04/07/2025,Varejo,1,249.9,111.43,138.47,Venda
SKU_1798_MOS,04/07/2025,E-commerce,2,839.8,297.84,270.98,Venda
SKU_1708_FRE,04/07/2025,E-commerce,1,169.9,62.63,107.27,Venda
SKU_1755_AQU,04/07/2025,Atacado,12,4018.8,1880.52,178.19,Venda
SKU_1780_AQU,04/07/2025,E-commerce,1,334.9,135.7,199.2,Venda
SKU_1691_HUN,04/07/2025,E-commerce,2,619.8,230.04,194.88,Venda
SKU_1757_TUR,04/07/2025,Atacado,10,2649.0,1123.7,152.53,Venda
SKU_1748_COB,04/07/2025,Varejo,1,309.9,115.63,194.27,Venda
SKU_1419_FLA,04/07/2025,Varejo,2,499.8,169.38,165.21,Venda
SKU_1695_CRE,04/07/2025,Atacado,4,839.6,374.04,116.39,Venda
SKU_1743_DEE,04/07/2025,Atacado,8,3519.2,1982.96,192.03,Venda
SKU_1719_WHI,04/07/2025,Atacado,6,1919.4,963.54,159.31,Venda
SKU_1768_MIN,04/07/2025,Varejo,1,624.9,245.09,379.81,Venda
SKU_1486_OLI,04/07/2025,Varejo,1,289.9,126.81,163.09,Venda
SKU_1701_BLU,04/07/2025,Atacado,4,1359.6,647.44,178.04,Venda
SKU_1744_LIG,04/07/2025,E-commerce,2,529.8,175.82,176.99,Venda
SKU_1780_AQU,04/07/2025,Varejo,4,1339.6,588.12,187.87,Venda
SKU_1732_WHI,04/07/2025,Atacado,5,5574.5,2342.25,646.45,Venda
SKU_1749_BIR,04/07/2025,Atacado,5,1749.5,919.55,165.99,Venda
SKU_1610_MEX,04/07/2025,E-commerce,1,184.9,86.6,98.3,Venda
SKU_1732_OFF,04/07/2025,Varejo,1,1114.9,526.35,588.55,Venda
SKU_1408_PAS,04/07/2025,Atacado,3,2759.7,1201.68,519.34,Venda
SKU_1798_OFF,04/07/2025,Varejo,1,419.9,148.38,271.52,Venda
SKU_1720_PAS,04/07/2025,Varejo,1,224.9,111.02,113.88,Venda
SKU_1760_OFF,04/07/2025,E-commerce,1,249.9,91.28,158.62,Venda
SKU_1779_LIG,04/07/2025,Atacado,3,644.7,309.0,111.9,Venda
SKU_1730_OFF,04/07/2025,Atacado,6,1919.4,845.94,178.91,Venda
SKU_1769_WHI,04/07/2025,E-commerce,1,324.9,122.04,202.86,Venda
SKU_1741_PIN,04/07/2025,E-commerce,1,239.9,107.94,131.96,Venda
SKU_1419_WHI,04/07/2025,Varejo,1,249.9,93.17,156.73,Venda
SKU_1715_HON,04/07/2025,Varejo,1,219.9,91.58,128.32,Venda
SKU_1704_PEA,04/07/2025,Varejo,1,334.9,151.78,183.12,Venda
SKU_1733_SAG,04/07/2025,Varejo,1,349.9,130.7,219.2,Venda
SKU_1688_LIG,04/07/2025,Varejo,1,429.9,179.04,250.86,Venda
SKU_1791_ARM,04/07/2025,Varejo,1,264.9,128.49,136.41,Venda
SKU_1773_OLI,04/07/2025,Atacado,4,1299.6,673.12,156.62,Venda
SKU_1793_WHI,04/07/2025,Varejo,1,189.9,80.65,109.25,Venda
SKU_1737_DEE,04/07/2025,Varejo,1,769.9,260.5,509.4,Venda
SKU_1702_LIG,04/07/2025,Varejo,1,619.9,283.23,336.67,Venda
SKU_1785_HUN,04/07/2025,E-commerce,2,489.8,201.58,144.11,Venda
SKU_1690_MAG,04/07/2025,E-commerce,1,539.9,261.59,278.31,Venda
SKU_1411_RAS,04/07/2025,Atacado,8,1799.2,963.84,104.42,Venda
SKU_1749_SNO,04/07/2025,Atacado,5,1749.5,961.2,157.66,Venda
SKU_1757_PIN,04/07/2025,Varejo,1,264.9,89.5,175.4,Venda
SKU_1692_OLI,04/07/2025,Varejo,1,219.9,107.07,112.83,Venda
SKU_1689_MAG,04/07/2025,Varejo,1,964.9,433.46,531.44,Venda
SKU_1512_TEA,04/07/2025,E-commerce,1,224.9,111.86,113.04,Venda
SKU_1712_MOS,04/07/2025,E-commerce,1,179.9,66.84,113.06,Venda
SKU_1734_BRI,04/07/2025,Atacado,8,2799.2,1472.64,165.82,Venda
SKU_1400_FOR,04/07/2025,Atacado,3,629.7,364.11,88.53,Venda
SKU_1753_WHI,04/07/2025,E-commerce,1,789.9,279.92,509.98,Venda
SKU_1692_BLU,04/07/2025,Varejo,1,219.9,109.22,110.68,Venda
SKU_1723_COB,04/07/2025,Atacado,6,2609.4,1213.26,232.69,Venda
SKU_1749_BIR,04/07/2025,E-commerce,1,349.9,133.4,216.5,Venda
SKU_1572_BAL,04/07/2025,Atacado,4,559.6,261.4,74.55,Venda
SKU_1766_CLE,04/07/2025,Varejo,1,394.9,132.81,262.09,Venda
SKU_1700_PIS,04/07/2025,Atacado,5,3499.5,1678.95,364.11,Venda
SKU_1708_FLA,04/07/2025,Varejo,1,169.9,58.07,111.83,Venda
SKU_1744_LIG,04/07/2025,Atacado,4,1059.6,465.4,148.55,Venda
SKU_1699_CLO,04/07/2025,Varejo,1,329.9,126.1,203.8,Venda
SKU_1688_WHI,04/07/2025,Varejo,1,429.9,190.27,239.63,Venda
SKU_1799_POW,04/07/2025,Varejo,1,269.9,122.79,147.11,Venda
SKU_1708_FLA,04/07/2025,Varejo,1,169.9,55.15,114.75,Venda
SKU_1708_FLA,04/07/2025,Atacado,12,2038.8,917.76,93.42,Venda
SKU_1783_EGR,04/07/2025,Varejo,1,1199.9,441.55,758.35,Venda
SKU_1782_HUN,04/07/2025,Atacado,4,999.6,472.28,131.83,Venda
SKU_1609_SAP,04/07/2025,Varejo,1,269.9,83.67,186.23,Venda
SKU_1691_HUN,04/07/2025,E-commerce,1,309.9,129.99,179.91,Venda
SKU_1760_PAS,04/07/2025,Atacado,8,1999.2,1142.72,107.06,Venda
SKU_1754_IVO,04/07/2025,E-commerce,2,679.8,261.72,209.04,Venda
SKU_1683_PAL,04/07/2025,Varejo,2,629.8,238.52,195.64,Venda
SKU_1700_PIS,04/07/2025,Atacado,8,5599.2,2670.72,366.06,Venda
SKU_1745_FOR,04/07/2025,E-commerce,2,819.8,255.04,282.38,Venda
SKU_1389_SHO,04/07/2025,Atacado,4,559.6,254.72,76.22,Venda
SKU_1538_PAS,04/07/2025,Varejo,1,209.9,91.37,118.53,Venda
SKU_1559_SKY,04/07/2025,Varejo,1,1199.9,480.49,719.41,Venda
SKU_1575_AQU,04/07/2025,Varejo,1,864.9,294.93,569.97,Venda
SKU_1734_BRI,04/07/2025,Varejo,1,349.9,114.35,235.55,Venda
SKU_1714_MID,04/07/2025,Atacado,5,1524.5,812.7,142.36,Venda
SKU_1775_PAL,04/07/2025,Atacado,4,1119.6,477.0,160.65,Venda
SKU_1711_ARM,04/07/2025,Atacado,6,5969.4,2671.56,549.64,Venda
SKU_1723_COB,04/07/2025,Atacado,5,2174.5,1071.05,220.69,Venda
SKU_1691_ROS,04/07/2025,Varejo,1,309.9,123.01,186.89,Venda
SKU_1545_HOT,04/07/2025,Atacado,12,3118.8,1743.96,114.57,Venda
SKU_1689_MAG,04/07/2025,Atacado,3,2894.7,1384.14,503.52,Venda
SKU_1783_BAB,04/07/2025,Varejo,2,2399.8,963.64,718.08,Venda
SKU_1733_NAV,04/07/2025,Atacado,10,3499.0,1773.9,172.51,Venda
SKU_1796_OLI,04/07/2025,E-commerce,1,504.9,205.47,299.43,Venda
SKU_1741_PIN,04/07/2025,E-commerce,1,239.9,96.49,143.41,Venda
SKU_1706_JAD,04/07/2025,Varejo,2,369.8,174.88,97.46,Venda
SKU_1717_CRE,04/07/2025,E-commerce,1,259.9,113.38,146.52,Venda
SKU_1769_WHI,04/07/2025,Varejo,1,324.9,158.13,166.77,Venda
SKU_1744_LIG,04/07/2025,E-commerce,1,264.9,86.58,178.32,Venda
SKU_1754_SER,04/07/2025,Varejo,1,339.9,107.0,232.9,Venda
SKU_1487_BRI,04/07/2025,Varejo,2,669.8,332.16,168.82,Venda
SKU_1502_VAN,04/07/2025,Atacado,2,419.8,215.7,102.05,Venda
SKU_1776_PAS,04/07/2025,Varejo,3,989.7,376.35,204.45,Venda
SKU_1565_LIG,04/07/2025,E-commerce,1,359.9,148.51,211.39,Venda
SKU_1685_COB,04/07/2025,Atacado,4,2659.6,1482.84,294.19,Venda
SKU_1801_MOS,04/07/2025,Atacado,6,2249.4,1132.8,186.1,Venda
SKU_1471_ROS,04/07/2025,Atacado,2,409.8,200.98,104.41,Venda
SKU_1759_COB,04/07/2025,Atacado,10,2699.0,1486.6,121.24,Venda
SKU_1778_MIN,04/07/2025,Atacado,4,1139.6,544.04,148.89,Venda
SKU_1699_COB,04/07/2025,Varejo,1,329.9,105.28,224.62,Venda
SKU_1790_EGR,04/07/2025,E-commerce,1,259.9,91.34,168.56,Venda
SKU_1696_SHO,04/07/2025,Varejo,3,839.7,343.08,165.54,Venda
SKU_1718_DUS,04/07/2025,Atacado,8,2959.2,1714.64,155.57,Venda
SKU_1690_MYS,04/07/2025,E-commerce,3,1619.7,784.29,278.47,Venda
SKU_1491_GAR,04/07/2025,Varejo,1,134.9,65.4,69.5,Venda
SKU_1786_TEA,04/07/2025,E-commerce,1,179.9,83.08,96.82,Venda
SKU_1801_MOS,04/07/2025,Atacado,3,1124.7,588.0,178.9,Venda
SKU_1748_COB,04/07/2025,Atacado,2,619.8,362.08,128.86,Venda
SKU_1686_MOS,04/07/2025,E-commerce,1,214.9,90.18,124.72,Venda
SKU_1768_MIN,04/07/2025,Atacado,10,6249.0,3301.3,294.77,Venda
SKU_1797_BLU,04/07/2025,E-commerce,1,379.9,142.16,237.74,Venda
SKU_1685_COB,04/07/2025,Atacado,5,3324.5,1590.7,346.76,Venda
SKU_1735_MOS,04/07/2025,Atacado,2,539.8,229.12,155.34,Venda
SKU_1736_PAS,04/07/2025,Varejo,2,649.8,230.82,209.49,Venda
SKU_1777_FRE,04/07/2025,Varejo,1,239.9,84.17,155.73,Venda
SKU_1780_LIG,04/07/2025,Atacado,5,1674.5,823.55,170.19,Venda
SKU_1445_PRI,04/07/2025,Atacado,3,1229.7,525.24,234.82,Venda
SKU_1758_HON,04/07/2025,Atacado,6,1079.4,556.2,87.2,Venda
SKU_1396_FUC,04/07/2025,Varejo,1,134.9,55.74,79.16,Venda
SKU_1710_OLI,04/07/2025,Atacado,5,4049.5,1835.3,442.84,Venda
SKU_1799_POW,04/07/2025,Varejo,1,269.9,130.18,139.72,Venda
SKU_1721_COR,04/07/2025,Atacado,6,2519.4,1443.54,179.31,Venda
SKU_1572_BAL,04/07/2025,Varejo,1,139.9,65.21,74.69,Venda
SKU_1433_OLI,04/07/2025,E-commerce,1,314.9,155.1,159.8,Venda
SKU_1748_BAB,04/07/2025,Atacado,5,1549.5,772.35,155.43,Venda
SKU_1697_PIS,04/07/2025,Varejo,1,219.9,88.07,131.83,Venda
SKU_1746_EME,04/07/2025,Atacado,6,1079.4,463.2,102.7,Venda
SKU_1527_TEA,04/07/2025,Atacado,4,3639.6,1918.96,430.16,Venda
SKU_1641_MEX,04/07/2025,Varejo,2,649.8,312.84,168.48,Venda
SKU_1703_BLU,04/07/2025,Atacado,6,1619.4,838.32,130.18,Venda
SKU_1732_OFF,04/07/2025,Varejo,3,3344.7,1018.2,775.5,Venda
SKU_1713_SNO,04/07/2025,E-commerce,1,504.9,187.66,317.24,Venda
SKU_1763_MAR,04/07/2025,Varejo,4,1199.6,370.44,207.29,Venda
SKU_1732_OFF,04/07/2025,Varejo,1,1114.9,388.8,726.1,Venda
SKU_1744_EME,04/07/2025,Varejo,1,264.9,119.98,144.92,Venda
SKU_1688_WHI,04/07/2025,Atacado,4,1719.6,830.12,222.37,Venda
SKU_1764_MAR,04/07/2025,Atacado,6,1409.4,681.72,121.28,Venda
SKU_1743_DEE,04/07/2025,Varejo,1,439.9,175.01,264.89,Venda
SKU_1698_PRI,04/07/2025,Atacado,2,839.8,426.2,206.8,Venda
SKU_1683_PAL,04/07/2025,Atacado,5,1574.5,756.75,163.55,Venda
SKU_1774_COB,04/07/2025,Varejo,1,204.9,95.87,109.03,Venda
SKU_1756_FLA,04/07/2025,Atacado,5,899.5,471.9,85.52,Venda
SKU_1405_FLA,04/07/2025,Atacado,10,2149.0,1115.8,103.32,Venda
SKU_1794_LIG,04/07/2025,Varejo,1,209.9,82.27,127.63,Venda
SKU_1702_LIG,04/07/2025,Varejo,1,619.9,237.34,382.56,Venda
SKU_1756_BUB,04/07/2025,E-commerce,1,179.9,64.98,114.92,Venda
SKU_1522_MOS,04/07/2025,Varejo,1,149.9,69.61,80.29,Venda
SKU_1760_PAS,04/07/2025,Varejo,1,249.9,99.03,150.87,Venda
SKU_1763_HOT,04/07/2025,Atacado,6,1799.4,949.56,141.64,Venda
SKU_1723_MOS,04/07/2025,Atacado,2,869.8,393.32,238.24,Venda
SKU_1740_FRE,04/07/2025,Varejo,1,214.9,82.76,132.14,Venda
SKU_1635_SAG,04/07/2025,E-commerce,1,604.9,281.44,323.46,Venda
SKU_1588_PAS,04/07/2025,Atacado,2,979.8,450.98,264.41,Venda
SKU_1777_TUR,04/07/2025,Varejo,1,239.9,94.53,145.37,Venda
SKU_1642_SAL,04/07/2025,Atacado,2,449.8,206.6,121.6,Venda
SKU_1680_NAV,04/07/2025,Atacado,3,1004.7,477.81,175.63,Venda
SKU_1747_TEA,04/07/2025,E-commerce,1,174.9,86.85,88.05,Venda
SKU_1722_AQU,04/07/2025,Varejo,1,324.9,153.41,171.49,Venda
SKU_1571_BIR,04/07/2025,Varejo,2,499.8,244.24,127.78,Venda
SKU_1742_DEN,04/07/2025,Atacado,8,2079.2,1059.36,127.48,Venda
SKU_1794_FLA,04/07/2025,Varejo,1,209.9,92.51,117.39,Venda
SKU_1738_BLU,04/07/2025,E-commerce,1,194.9,81.07,113.83,Venda
SKU_1777_TUR,04/07/2025,Atacado,6,1439.4,816.18,103.87,Venda
SKU_1710_OLI,04/07/2025,Varejo,3,2429.7,1183.2,415.5,Venda
SKU_1643_EGR,04/07/2025,E-commerce,1,224.9,84.68,140.22,Venda
SKU_1731_MIN,04/07/2025,Atacado,10,9099.0,4674.3,442.47,Venda
SKU_1747_TEA,04/07/2025,Atacado,2,349.8,156.5,96.65,Venda
SKU_1401_BLU,04/07/2025,Atacado,6,1439.4,625.08,135.72,Venda
SKU_1682_OLI,04/07/2025,Varejo,2,469.8,164.1,152.85,Venda
SKU_1746_NAV,04/07/2025,Atacado,3,539.7,277.56,87.38,Venda
SKU_1789_SNO,04/07/2025,Atacado,5,1349.5,597.5,150.4,Venda
SKU_1710_MEX,04/07/2025,Atacado,5,4049.5,1980.8,413.74,Venda
SKU_1746_NAV,04/07/2025,E-commerce,1,179.9,70.21,109.69,Venda
SKU_1720_PAS,04/07/2025,Varejo,1,224.9,78.72,146.18,Venda
SKU_1663_SNO,04/07/2025,Varejo,4,3179.6,1321.56,464.51,Venda
SKU_1712_NAV,04/07/2025,Varejo,1,179.9,77.02,102.88,Venda
SKU_1741_PEA,04/07/2025,Atacado,2,479.8,237.74,121.03,Venda
SKU_1799_DEN,04/07/2025,Varejo,1,269.9,89.68,180.22,Venda
SKU_1784_EGR,04/07/2025,Varejo,1,309.9,110.64,199.26,Venda
SKU_1780_LIG,04/07/2025,Atacado,4,1339.6,612.76,181.71,Venda
SKU_1779_LIG,04/07/2025,Atacado,10,2149.0,1136.5,101.25,Venda
SKU_1793_WHI,04/07/2025,E-commerce,1,189.9,69.27,120.63,Venda
SKU_1768_PEA,04/07/2025,Atacado,5,3124.5,1673.9,290.12,Venda
SKU_1446_SHO,04/07/2025,E-commerce,1,269.9,118.21,151.69,Venda
SKU_1483_WHI,04/07/2025,Atacado,4,1299.6,547.96,187.91,Venda
SKU_1520_ROY,04/07/2025,Atacado,3,674.7,299.82,124.96,Venda
SKU_1511_CLE,04/07/2025,Atacado,6,5609.4,2402.22,534.53,Venda
SKU_1685_COB,04/07/2025,Atacado,5,3324.5,1541.05,356.69,Venda
SKU_1712_MOS,04/07/2025,Atacado,4,719.6,418.56,75.26,Venda
SKU_1751_BLU,04/07/2025,Varejo,1,329.9,114.05,215.85,Venda
SKU_1741_PIN,04/07/2025,Atacado,5,1199.5,570.65,125.77,Venda
SKU_1585_COR,04/07/2025,Varejo,2,639.8,282.22,178.79,Venda
SKU_1727_WHI,04/07/2025,E-commerce,1,154.9,57.81,97.09,Venda
SKU_1463_DUS,04/07/2025,Atacado,6,1559.4,770.04,131.56,Venda
SKU_1764_FUC,04/07/2025,Atacado,2,469.8,213.34,128.23,Venda
SKU_1616_SER,04/07/2025,Atacado,8,8199.2,3562.0,579.65,Venda
SKU_1744_EME,04/07/2025,Atacado,5,1324.5,681.4,128.62,Venda
SKU_1736_PAS,04/07/2025,E-commerce,1,324.9,113.94,210.96,Venda
SKU_1511_CLE,04/07/2025,Varejo,3,2804.7,1092.63,570.69,Venda
SKU_1769_WHI,04/07/2025,Varejo,1,324.9,106.26,218.64,Venda
SKU_1720_PAS,04/07/2025,Varejo,3,674.7,211.56,154.38,Venda
SKU_1737_SAG,04/07/2025,Atacado,8,6159.2,3404.88,344.29,Venda
SKU_1801_MOS,04/07/2025,Atacado,4,1499.6,646.16,213.36,Venda
SKU_1468_MYS,04/07/2025,E-commerce,1,529.9,194.79,335.11,Venda
SKU_1724_PEA,04/07/2025,Varejo,1,1114.9,553.75,561.15,Venda
SKU_1738_ROY,04/07/2025,E-commerce,1,194.9,64.65,130.25,Venda
SKU_1761_SAP,04/07/2025,E-commerce,1,1104.9,380.41,724.49,Venda
SKU_1710_OLI,04/07/2025,Atacado,4,3239.6,1393.96,461.41,Venda
SKU_1405_FLA,04/07/2025,Atacado,5,1074.5,461.1,122.68,Venda
SKU_1693_MEX,04/07/2025,Varejo,1,204.9,86.72,118.18,Venda
SKU_1700_PIS,04/07/2025,Varejo,3,2099.7,859.98,413.24,Venda
SKU_1764_MAR,04/07/2025,Atacado,6,1409.4,718.32,115.18,Venda
SKU_1734_FRE,04/07/2025,Varejo,1,349.9,149.07,200.83,Venda
SKU_1555_FUC,04/07/2025,Atacado,12,2278.8,957.96,110.07,Venda
SKU_1801_FLA,04/07/2025,Atacado,4,1499.6,828.88,167.68,Venda
SKU_1731_MIN,04/07/2025,Varejo,1,909.9,396.1,513.8,Venda
SKU_1760_OFF,04/07/2025,Atacado,6,1499.4,751.44,124.66,Venda
SKU_1721_COR,04/07/2025,Varejo,1,419.9,169.97,249.93,Venda
SKU_1776_PAS,04/07/2025,E-commerce,1,329.9,136.96,192.94,Venda
SKU_1744_EME,04/07/2025,Varejo,1,264.9,81.97,182.93,Venda
SKU_1643_EGR,04/07/2025,Atacado,6,1349.4,588.3,126.85,Venda
SKU_1572_MAR,04/07/2025,Varejo,2,279.8,138.16,70.82,Venda
SKU_1799_POW,04/07/2025,Varejo,1,269.9,83.36,186.54,Venda
SKU_1762_BRI,04/07/2025,Varejo,3,764.7,293.52,157.06,Venda
SKU_1706_BLA,04/07/2025,E-commerce,1,184.9,70.21,114.69,Venda
SKU_1704_BAB,04/07/2025,Varejo,2,669.8,210.5,229.65,Venda
SKU_1722_AQU,04/07/2025,Atacado,8,2599.2,1231.68,170.94,Venda
SKU_1776_PAS,04/07/2025,Atacado,4,1319.6,711.76,151.96,Venda
SKU_1694_SER,04/07/2025,Varejo,1,279.9,94.43,185.47,Venda
SKU_1523_CRE,04/07/2025,Varejo,1,374.9,170.25,204.65,Venda
SKU_1791_ARM,04/07/2025,E-commerce,1,264.9,104.19,160.71,Venda
SKU_1416_CLE,04/07/2025,Atacado,10,2799.0,1371.2,142.78,Venda
SKU_1525_MYS,04/07/2025,Atacado,4,1159.6,525.6,158.5,Venda
SKU_1768_PEA,04/07/2025,Varejo,1,624.9,192.88,432.02,Venda
SKU_1760_OFF,04/07/2025,Atacado,5,1249.5,587.35,132.43,Venda
SKU_1687_WHI,04/07/2025,Varejo,1,899.9,292.54,607.36,Venda
SKU_1522_MOS,04/07/2025,E-commerce,1,149.9,57.23,92.67,Venda
SKU_1771_PIN,04/07/2025,Varejo,1,264.9,110.09,154.81,Venda
SKU_1425_WHI,04/07/2025,Atacado,12,2518.8,1289.64,102.43,Venda
SKU_1708_FRE,04/07/2025,Varejo,1,169.9,70.53,99.37,Venda
SKU_1730_OFF,04/07/2025,Varejo,1,319.9,100.61,219.29,Venda
SKU_1711_VAN,04/07/2025,E-commerce,1,994.9,433.55,561.35,Venda
SKU_1694_PIS,04/07/2025,Atacado,4,1119.6,514.8,151.2,Venda
SKU_1536_FRE,04/07/2025,Varejo,1,344.9,116.65,228.25,Venda
SKU_1581_BIR,04/07/2025,Atacado,3,2564.7,1291.68,424.34,Venda
SKU_1695_LIM,04/07/2025,E-commerce,1,209.9,76.55,133.35,Venda
SKU_1684_HON,04/07/2025,Atacado,6,1109.4,637.98,78.57,Venda
SKU_1690_MAG,04/07/2025,Atacado,8,4319.2,2058.48,282.59,Venda
SKU_1692_BLU,04/07/2025,Varejo,3,659.7,281.73,125.99,Venda
SKU_1704_BAB,04/07/2025,Varejo,1,334.9,104.9,230.0,Venda
SKU_1728_MID,04/07/2025,Atacado,10,3299.0,2067.1,123.19,Venda
SKU_1709_CRE,04/07/2025,Atacado,3,629.7,286.08,114.54,Venda
SKU_1760_OFF,04/07/2025,Varejo,1,249.9,94.88,155.02,Venda
SKU_1540_BAL,04/07/2025,Varejo,1,169.9,72.96,96.94,Venda
SKU_1547_FUC,04/07/2025,Atacado,2,659.8,299.16,180.32,Venda
SKU_1522_MOS,04/07/2025,E-commerce,1,149.9,53.58,96.32,Venda
SKU_1739_MOS,04/07/2025,Varejo,2,509.8,172.14,168.83,Venda
SKU_1783_EGR,04/07/2025,Varejo,1,1199.9,445.71,754.19,Venda
SKU_1393_COB,04/07/2025,Varejo,3,929.7,363.51,188.73,Venda
SKU_1702_COR,04/07/2025,Atacado,6,3719.4,1766.16,325.54,Venda
SKU_1453_SAP,04/07/2025,Atacado,6,1409.4,714.18,115.87,Venda
SKU_1650_OLI,04/07/2025,Atacado,4,4019.6,1838.16,545.36,Venda
SKU_1685_BIR,04/07/2025,Varejo,1,664.9,308.49,356.41,Venda
SKU_1597_FLA,04/07/2025,Varejo,1,529.9,250.23,279.67,Venda
SKU_1764_FUC,04/07/2025,E-commerce,1,234.9,87.83,147.07,Venda
SKU_1731_MIN,04/07/2025,Atacado,2,1819.8,851.68,484.06,Venda
SKU_1739_AQU,04/07/2025,Atacado,2,509.8,244.36,132.72,Venda
SKU_1763_HOT,04/07/2025,Atacado,5,1499.5,668.55,166.19,Venda
SKU_1773_FRE,04/07/2025,Varejo,4,1299.6,419.28,220.08,Venda
SKU_1770_JAD,04/07/2025,Varejo,1,219.9,95.75,124.15,Venda
SKU_1785_HUN,04/07/2025,Varejo,1,244.9,104.52,140.38,Venda
SKU_1487_BRI,04/07/2025,Varejo,1,334.9,130.99,203.91,Venda
SKU_1733_SAG,04/07/2025,E-commerce,1,349.9,127.16,222.74,Venda
SKU_1544_OLI,04/07/2025,Atacado,6,1199.4,573.24,104.36,Venda
SKU_1736_JAD,04/07/2025,Varejo,2,649.8,323.0,163.4,Venda
SKU_1700_PIS,04/07/2025,Atacado,5,3499.5,1522.1,395.48,Venda
SKU_1558_MEX,04/07/2025,Atacado,4,1319.6,635.36,171.06,Venda
SKU_1513_RAS,04/07/2025,Atacado,3,644.7,303.6,113.7,Venda
SKU_1471_ROS,04/07/2025,Varejo,4,819.6,263.8,138.95,Venda
SKU_1763_MAR,04/07/2025,Atacado,10,2999.0,1501.2,149.78,Venda
SKU_1729_CLE,04/07/2025,E-commerce,1,174.9,74.48,100.42,Venda
SKU_1740_FRE,04/07/2025,Atacado,6,1289.4,582.18,117.87,Venda
SKU_1701_BLU,04/07/2025,Varejo,1,339.9,129.8,210.1,Venda
SKU_1711_ARM,04/07/2025,Varejo,2,1989.8,781.3,604.25,Venda
SKU_1760_PAS,04/07/2025,Varejo,1,249.9,116.44,133.46,Venda
SKU_1784_BLA,04/07/2025,Varejo,1,309.9,126.72,183.18,Venda
SKU_1678_LIG,04/07/2025,Varejo,1,714.9,341.93,372.97,Venda
SKU_1603_BUB,04/07/2025,Varejo,1,744.9,271.53,473.37,Venda
SKU_1705_JAD,04/07/2025,Atacado,5,2049.5,1075.6,194.78,Venda
SKU_1558_CLE,04/07/2025,Varejo,1,329.9,152.89,177.01,Venda
SKU_1409_PEA,04/07/2025,Varejo,1,209.9,89.46,120.44,Venda
SKU_1746_EME,04/07/2025,Varejo,1,179.9,84.04,95.86,Venda
SKU_1766_CLE,04/07/2025,Varejo,1,394.9,183.16,211.74,Venda
SKU_1775_PAS,04/07/2025,Varejo,1,279.9,126.06,153.84,Venda
SKU_1630_LIM,04/07/2025,E-commerce,3,1004.7,312.03,230.89,Venda
SKU_1519_BLU,04/07/2025,Varejo,1,629.9,217.31,412.59,Venda
SKU_1682_OLI,04/07/2025,E-commerce,1,234.9,74.28,160.62,Venda
SKU_1756_BUB,04/07/2025,Atacado,5,899.5,400.95,99.71,Venda
SKU_1448_SKY,04/07/2025,Varejo,1,179.9,60.85,119.05,Venda
SKU_1685_BIR,04/07/2025,Atacado,3,1994.7,1086.87,302.61,Venda
SKU_1680_SEA,04/07/2025,Varejo,1,334.9,154.74,180.16,Venda
SKU_1752_SPA,04/07/2025,Varejo,1,429.9,139.58,290.32,Venda
SKU_1801_FLA,04/07/2025,Varejo,1,374.9,118.95,255.95,Venda
SKU_1737_DEE,04/07/2025,Varejo,1,769.9,283.87,486.03,Venda
SKU_1665_SAG,04/07/2025,E-commerce,1,249.9,105.35,144.55,Venda
SKU_1618_SAP,04/07/2025,E-commerce,1,179.9,57.61,122.29,Venda
SKU_1560_CRE,04/07/2025,Varejo,2,449.8,223.38,113.21,Venda
SKU_1697_PIS,04/07/2025,Atacado,3,659.7,315.48,114.74,Venda
SKU_1774_MOS,04/07/2025,Atacado,3,614.7,279.6,111.7,Venda
SKU_1501_SAL,04/07/2025,Varejo,1,169.9,66.34,103.56,Venda
SKU_1766_CLE,04/07/2025,Varejo,2,789.8,300.18,244.81,Venda
SKU_1772_SNO,04/07/2025,Varejo,3,1244.7,496.86,249.28,Venda
SKU_1785_HUN,04/07/2025,Varejo,1,244.9,88.72,156.18,Venda
SKU_1750_MIN,04/07/2025,E-commerce,1,369.9,179.35,190.55,Venda
SKU_1719_OFF,04/07/2025,Atacado,10,3199.0,1684.0,151.5,Venda
SKU_1685_COB,04/07/2025,E-commerce,1,664.9,303.65,361.25,Venda
SKU_1789_EME,04/07/2025,Atacado,8,2159.2,1000.4,144.85,Venda
SKU_1763_HOT,04/07/2025,Atacado,3,899.7,394.56,168.38,Venda
SKU_1590_MYS,05/07/2025,Atacado,5,949.5,493.25,91.25,Venda
SKU_1723_MOS,05/07/2025,Atacado,5,2174.5,918.5,251.2,Venda
SKU_1701_BLU,05/07/2025,Atacado,3,1019.7,536.97,160.91,Venda
SKU_1604_SNO,05/07/2025,Atacado,8,4839.2,2610.8,278.55,Venda
SKU_1722_AQU,05/07/2025,Atacado,3,974.7,493.86,160.28,Venda
SKU_1783_BAB,05/07/2025,E-commerce,1,1199.9,534.75,665.15,Venda
SKU_1770_DEE,05/07/2025,Varejo,1,219.9,104.41,115.49,Venda
SKU_1709_MAR,05/07/2025,Varejo,1,209.9,104.87,105.03,Venda
SKU_1419_WHI,05/07/2025,Atacado,6,1499.4,765.3,122.35,Venda
SKU_1798_MOS,05/07/2025,Varejo,1,419.9,131.82,288.08,Venda
SKU_1779_LIG,05/07/2025,Varejo,1,214.9,69.39,145.51,Venda
SKU_1743_DEE,05/07/2025,Varejo,1,439.9,151.12,288.78,Venda
SKU_1784_EGR,05/07/2025,Atacado,5,1549.5,791.75,151.55,Venda
SKU_1520_ROY,05/07/2025,E-commerce,2,449.8,208.54,120.63,Venda
SKU_1684_HON,05/07/2025,Varejo,2,369.8,170.04,99.88,Venda
SKU_1406_PRI,05/07/2025,Varejo,1,349.9,173.92,175.98,Venda
SKU_1444_HUN,05/07/2025,Atacado,6,1439.4,710.04,121.56,Venda
SKU_1724_PIN,05/07/2025,Atacado,4,4459.6,2059.52,600.02,Venda
SKU_1780_LIG,05/07/2025,Atacado,5,1674.5,850.1,164.88,Venda
SKU_1561_LIM,05/07/2025,Atacado,5,1749.5,1011.95,147.51,Venda
SKU_1632_SPA,05/07/2025,Atacado,8,1479.2,691.36,98.48,Venda
SKU_1714_DEE,05/07/2025,Varejo,1,304.9,98.93,205.97,Venda
SKU_1763_MAR,05/07/2025,Varejo,2,599.8,180.98,209.41,Venda
SKU_1617_DEN,05/07/2025,Atacado,4,659.6,281.64,94.49,Venda
SKU_1568_FRE,05/07/2025,E-commerce,1,234.9,113.1,121.8,Venda
SKU_1687_FOR,05/07/2025,Varejo,2,1799.8,708.78,545.51,Venda
SKU_1537_BLA,05/07/2025,Atacado,3,764.7,367.98,132.24,Venda
SKU_1732_WHI,05/07/2025,Varejo,1,1114.9,367.05,747.85,Venda
SKU_1731_MIN,05/07/2025,Atacado,2,1819.8,795.92,511.94,Venda
SKU_1794_FLA,05/07/2025,E-commerce,1,209.9,68.81,141.09,Venda
SKU_1627_MOS,05/07/2025,Atacado,6,1979.4,981.66,166.29,Venda
SKU_1552_CLE,05/07/2025,Atacado,6,3959.4,1933.62,337.63,Venda
SKU_1500_PAS,05/07/2025,Varejo,1,259.9,120.07,139.83,Venda
SKU_1765_PAS,05/07/2025,Atacado,3,779.7,405.18,124.84,Venda
SKU_1680_SEA,05/07/2025,Varejo,1,334.9,115.83,219.07,Venda
SKU_1767_PRI,05/07/2025,Varejo,1,204.9,98.58,106.32,Venda
SKU_1700_HUN,05/07/2025,Atacado,4,2799.6,1411.88,346.93,Venda
SKU_1754_SER,05/07/2025,Varejo,1,339.9,151.79,188.11,Venda
SKU_1736_PAS,05/07/2025,Atacado,4,1299.6,623.44,169.04,Venda
SKU_1774_MOS,05/07/2025,Varejo,3,614.7,270.03,114.89,Venda
SKU_1451_BIR,05/07/2025,Atacado,8,1959.2,1037.36,115.23,Venda
SKU_1434_MIN,05/07/2025,Atacado,4,839.6,378.32,115.32,Venda
SKU_1704_PEA,05/07/2025,E-commerce,1,334.9,159.63,175.27,Venda
SKU_1739_MOS,05/07/2025,Varejo,2,509.8,227.82,140.99,Venda
SKU_1496_PAS,05/07/2025,Varejo,1,1134.9,390.43,744.47,Venda
SKU_1719_OFF,05/07/2025,Atacado,3,959.7,495.78,154.64,Venda
SKU_1783_BAB,05/07/2025,Atacado,10,11999.0,6905.2,509.38,Venda
SKU_1686_SKY,05/07/2025,Varejo,1,214.9,79.92,134.98,Venda
SKU_1800_MOS,05/07/2025,E-commerce,1,279.9,121.54,158.36,Venda
SKU_1651_SAL,05/07/2025,Varejo,3,794.7,392.52,134.06,Venda
SKU_1734_BRI,05/07/2025,Atacado,6,2099.4,1176.36,153.84,Venda
SKU_1741_PIN,05/07/2025,Atacado,5,1199.5,680.4,103.82,Venda
SKU_1795_HUN,05/07/2025,Varejo,1,299.9,123.46,176.44,Venda
SKU_1401_BLU,05/07/2025,Atacado,10,2399.0,1064.0,133.5,Venda
SKU_1765_MYS,05/07/2025,E-commerce,1,259.9,125.05,134.85,Venda
SKU_1786_POW,05/07/2025,Atacado,8,1439.2,815.36,77.98,Venda
SKU_1599_WHI,05/07/2025,Varejo,1,469.9,187.72,282.18,Venda
SKU_1782_HUN,05/07/2025,Varejo,1,249.9,99.72,150.18,Venda
SKU_1550_IVO,05/07/2025,Atacado,8,1319.2,629.52,86.21,Venda
SKU_1731_MIN,05/07/2025,Atacado,5,4549.5,2126.1,484.68,Venda
SKU_1762_BRI,05/07/2025,Varejo,1,254.9,123.49,131.41,Venda
SKU_1474_BRI,05/07/2025,Atacado,5,5299.5,2526.7,554.56,Venda
SKU_1769_EME,05/07/2025,Varejo,1,324.9,145.76,179.14,Venda
SKU_1740_FRE,05/07/2025,E-commerce,1,214.9,100.96,113.94,Venda
SKU_1751_MIN,05/07/2025,Varejo,1,329.9,115.58,214.32,Venda
SKU_1431_CRE,05/07/2025,Atacado,10,3699.0,2033.4,166.56,Venda
SKU_1698_SNO,05/07/2025,Varejo,1,419.9,167.44,252.46,Venda
SKU_1707_ARM,05/07/2025,Atacado,3,839.7,402.15,145.85,Venda
SKU_1699_COB,05/07/2025,Atacado,6,1979.4,834.42,190.83,Venda
SKU_1728_MID,05/07/2025,Atacado,3,989.7,518.25,157.15,Venda
SKU_1728_EGR,05/07/2025,E-commerce,1,329.9,150.09,179.81,Venda
SKU_1738_ROY,05/07/2025,Atacado,8,1559.2,736.64,102.82,Venda
SKU_1601_EME,05/07/2025,Atacado,10,7349.0,3160.8,418.82,Venda
SKU_1754_SER,05/07/2025,Atacado,3,1019.7,454.5,188.4,Venda
SKU_1739_MOS,05/07/2025,Atacado,6,1529.4,674.4,142.5,Venda
SKU_1749_SNO,05/07/2025,E-commerce,1,349.9,171.29,178.61,Venda
SKU_1769_WHI,05/07/2025,Varejo,2,649.8,320.86,164.47,Venda
SKU_1686_SKY,05/07/2025,Atacado,10,2149.0,1108.1,104.09,Venda
SKU_1765_PAS,05/07/2025,Varejo,1,259.9,127.5,132.4,Venda
SKU_1613_AQU,05/07/2025,Varejo,1,189.9,89.84,100.06,Venda
SKU_1720_PAS,05/07/2025,Varejo,3,674.7,335.58,113.04,Venda
SKU_1684_SHO,05/07/2025,E-commerce,1,184.9,65.68,119.22,Venda
SKU_1722_AQU,05/07/2025,Varejo,1,324.9,103.59,221.31,Venda
SKU_1733_SAG,05/07/2025,Atacado,4,1399.6,742.4,164.3,Venda
SKU_1728_EGR,05/07/2025,Atacado,6,1979.4,862.98,186.07,Venda
SKU_1688_LIG,05/07/2025,E-commerce,1,429.9,196.3,233.6,Venda
SKU_1740_OLI,05/07/2025,Varejo,2,429.8,189.52,120.14,Venda
SKU_1739_MOS,05/07/2025,Varejo,1,254.9,117.8,137.1,Venda
SKU_1766_CLE,05/07/2025,Atacado,5,1974.5,1016.65,191.57,Venda
SKU_1770_JAD,05/07/2025,Atacado,2,439.8,208.82,115.49,Venda
SKU_1774_COB,05/07/2025,Atacado,10,2049.0,1182.4,86.66,Venda
SKU_1728_MID,05/07/2025,Varejo,3,989.7,449.28,180.14,Venda
SKU_1795_HUN,05/07/2025,Atacado,8,2399.2,1128.0,158.9,Venda
SKU_1795_HUN,05/07/2025,Varejo,1,299.9,107.73,192.17,Venda
SKU_1435_OLI,05/07/2025,Varejo,2,2019.8,699.18,660.31,Venda
SKU_1411_RAS,05/07/2025,E-commerce,1,224.9,98.53,126.37,Venda
SKU_1761_MOS,05/07/2025,Varejo,1,1104.9,467.16,637.74,Venda
SKU_1761_SAP,05/07/2025,Atacado,4,4419.6,2459.16,490.11,Venda
SKU_1477_EME,05/07/2025,Atacado,8,1799.2,861.12,117.26,Venda
SKU_1772_BLU,05/07/2025,Atacado,4,1659.6,832.48,206.78,Venda
SKU_1797_GAR,05/07/2025,Varejo,1,379.9,181.28,198.62,Venda
SKU_1789_EME,05/07/2025,Atacado,6,1619.4,680.34,156.51,Venda
SKU_1524_DEN,05/07/2025,Varejo,1,369.9,171.28,198.62,Venda
SKU_1694_PIS,05/07/2025,Atacado,5,1399.5,788.95,122.11,Venda
SKU_1505_BLU,05/07/2025,Varejo,1,234.9,105.86,129.04,Venda
SKU_1749_SNO,05/07/2025,Atacado,4,1399.6,681.04,179.64,Venda
SKU_1761_SAP,05/07/2025,Varejo,1,1104.9,383.57,721.33,Venda
SKU_1777_FRE,05/07/2025,E-commerce,1,239.9,95.65,144.25,Venda
SKU_1749_SNO,05/07/2025,E-commerce,1,349.9,161.27,188.63,Venda
SKU_1779_LIG,05/07/2025,Atacado,3,644.7,300.84,114.62,Venda
SKU_1721_FRE,05/07/2025,Varejo,4,1679.6,654.28,256.33,Venda
SKU_1795_HUN,05/07/2025,Varejo,2,599.8,244.92,177.44,Venda
SKU_1702_LIG,05/07/2025,Atacado,5,3099.5,1628.0,294.3,Venda
SKU_1470_MAR,05/07/2025,E-commerce,1,919.9,386.98,532.92,Venda
SKU_1718_DUS,05/07/2025,Varejo,1,369.9,175.5,194.4,Venda
SKU_1727_LIG,05/07/2025,Atacado,4,619.6,350.6,67.25,Venda
SKU_1768_PEA,05/07/2025,Varejo,1,624.9,193.35,431.55,Venda
SKU_1701_BLU,05/07/2025,Varejo,2,679.8,218.82,230.49,Venda
SKU_1701_SPA,05/07/2025,Varejo,1,339.9,162.11,177.79,Venda
SKU_1765_MYS,05/07/2025,Atacado,3,779.7,363.27,138.81,Venda
SKU_1788_MYS,05/07/2025,Atacado,2,499.8,231.88,133.96,Venda
SKU_1675_CRE,05/07/2025,Atacado,4,3059.6,1520.36,384.81,Venda
SKU_1755_BIR,05/07/2025,E-commerce,1,334.9,104.83,230.07,Venda
SKU_1774_COB,05/07/2025,Atacado,5,1024.5,484.1,108.08,Venda
SKU_1794_LIG,05/07/2025,Atacado,6,1259.4,627.84,105.26,Venda
SKU_1759_CLE,05/07/2025,Atacado,4,1079.6,564.04,128.89,Venda
SKU_1753_WHI,05/07/2025,Atacado,4,3159.6,1673.52,371.52,Venda
SKU_1753_WHI,05/07/2025,Atacado,3,2369.7,1368.0,333.9,Venda
SKU_1679_GAR,05/07/2025,E-commerce,2,1839.8,726.74,556.53,Venda
SKU_1422_MIN,05/07/2025,Varejo,1,314.9,120.97,193.93,Venda
SKU_1711_ARM,05/07/2025,Varejo,2,1989.8,815.04,587.38,Venda
SKU_1492_SKY,05/07/2025,Varejo,1,374.9,164.4,210.5,Venda
SKU_1534_MYS,05/07/2025,Atacado,10,1999.0,1086.1,91.29,Venda
SKU_1696_SER,05/07/2025,Atacado,2,559.8,292.78,133.51,Venda
SKU_1785_HUN,05/07/2025,E-commerce,2,489.8,168.86,160.47,Venda
SKU_1692_BLU,05/07/2025,Atacado,3,659.7,307.83,117.29,Venda
SKU_1784_EGR,05/07/2025,E-commerce,1,309.9,128.69,181.21,Venda
SKU_1701_BLU,05/07/2025,Varejo,1,339.9,162.97,176.93,Venda
SKU_1681_OFF,05/07/2025,Atacado,3,704.7,372.48,110.74,Venda
SKU_1643_EGR,05/07/2025,Atacado,3,674.7,329.49,115.07,Venda
SKU_1709_CRE,05/07/2025,E-commerce,1,209.9,86.85,123.05,Venda
SKU_1724_PEA,05/07/2025,E-commerce,1,1114.9,447.26,667.64,Venda
SKU_1690_MYS,05/07/2025,Varejo,2,1079.8,353.62,363.09,Venda
SKU_1709_CRE,05/07/2025,Atacado,4,839.6,395.32,111.07,Venda
SKU_1747_TEA,05/07/2025,E-commerce,1,174.9,60.71,114.19,Venda
SKU_1787_BAB,05/07/2025,Varejo,2,579.8,190.04,194.88,Venda
SKU_1692_OLI,05/07/2025,Atacado,6,1319.4,598.02,120.23,Venda
SKU_1680_NAV,05/07/2025,Atacado,8,2679.2,1255.2,178.0,Venda
SKU_1782_HUN,05/07/2025,Atacado,2,499.8,264.66,117.57,Venda
SKU_1596_BIR,05/07/2025,Atacado,8,2199.2,935.76,157.93,Venda
SKU_1437_AQU,05/07/2025,Varejo,1,164.9,82.21,82.69,Venda
SKU_1641_SER,05/07/2025,E-commerce,1,324.9,147.94,176.96,Venda
SKU_1737_DEE,05/07/2025,Atacado,2,1539.8,658.86,440.47,Venda
SKU_1751_MIN,05/07/2025,Varejo,2,659.8,204.78,227.51,Venda
SKU_1731_MIN,05/07/2025,E-commerce,1,909.9,444.63,465.27,Venda
SKU_1761_SAP,05/07/2025,Atacado,5,5524.5,3093.35,486.23,Venda
SKU_1421_LIG,05/07/2025,E-commerce,1,229.9,86.41,143.49,Venda
SKU_1776_BIR,05/07/2025,E-commerce,2,659.8,313.28,173.26,Venda
SKU_1555_FUC,05/07/2025,Atacado,5,949.5,545.3,80.84,Venda
SKU_1701_BLU,05/07/2025,E-commerce,3,1019.7,339.87,226.61,Venda
SKU_1775_PAL,05/07/2025,Atacado,4,1119.6,597.88,130.43,Venda
SKU_1481_TEA,05/07/2025,Atacado,8,6479.2,3331.52,393.46,Venda
SKU_1721_COR,05/07/2025,Atacado,4,1679.6,825.0,213.65,Venda
SKU_1780_LIG,05/07/2025,E-commerce,1,334.9,112.01,222.89,Venda
SKU_1758_HON,05/07/2025,Varejo,1,179.9,61.49,118.41,Venda
SKU_1764_MAR,05/07/2025,Varejo,2,469.8,168.22,150.79,Venda
SKU_1681_PIS,05/07/2025,Atacado,6,1409.4,685.98,120.57,Venda
SKU_1697_PIS,05/07/2025,Varejo,1,219.9,73.48,146.42,Venda
SKU_1798_MOS,05/07/2025,Varejo,1,419.9,180.75,239.15,Venda
SKU_1735_MOS,05/07/2025,Atacado,8,2159.2,1211.44,118.47,Venda
SKU_1717_CRE,05/07/2025,E-commerce,2,519.8,249.82,134.99,Venda
SKU_1712_MOS,05/07/2025,E-commerce,1,179.9,87.24,92.66,Venda
SKU_1649_FLA,05/07/2025,Atacado,3,704.7,351.93,117.59,Venda
SKU_1764_FUC,05/07/2025,Varejo,1,234.9,107.21,127.69,Venda
SKU_1413_SAG,05/07/2025,Varejo,1,184.9,91.93,92.97,Venda
SKU_1697_MIN,05/07/2025,Atacado,8,1759.2,939.6,102.45,Venda
SKU_1759_CLE,05/07/2025,Atacado,8,2159.2,1170.96,123.53,Venda
SKU_1735_MOS,05/07/2025,Varejo,1,269.9,129.33,140.57,Venda
SKU_1706_JAD,05/07/2025,Atacado,2,369.8,187.72,91.04,Venda
SKU_1783_BAB,05/07/2025,Varejo,1,1199.9,387.84,812.06,Venda
SKU_1686_SKY,05/07/2025,Atacado,4,859.6,382.2,119.35,Venda
SKU_1784_EGR,05/07/2025,Atacado,4,1239.6,649.44,147.54,Venda
SKU_1712_MOS,05/07/2025,Varejo,2,359.8,142.2,108.8,Venda
SKU_1698_PRI,05/07/2025,Atacado,4,1679.6,799.28,220.08,Venda
SKU_1724_PEA,05/07/2025,Varejo,4,4459.6,1789.64,667.49,Venda
SKU_1765_PAS,05/07/2025,Varejo,1,259.9,128.67,131.23,Venda
SKU_1708_FLA,05/07/2025,Varejo,1,169.9,52.58,117.32,Venda
SKU_1622_CLO,05/07/2025,E-commerce,1,269.9,120.56,149.34,Venda
SKU_1763_MAR,05/07/2025,Varejo,1,299.9,125.91,173.99,Venda
SKU_1713_SNO,05/07/2025,Varejo,1,504.9,233.28,271.62,Venda
SKU_1566_PEA,05/07/2025,Varejo,1,1034.9,402.4,632.5,Venda
SKU_1447_OLI,05/07/2025,Atacado,5,1199.5,564.1,127.08,Venda
SKU_1524_DEN,05/07/2025,Varejo,1,369.9,167.18,202.72,Venda
SKU_1785_PAS,05/07/2025,E-commerce,1,244.9,85.36,159.54,Venda
SKU_1711_VAN,05/07/2025,Atacado,6,5969.4,2538.66,571.79,Venda
SKU_1688_WHI,05/07/2025,Varejo,1,429.9,147.51,282.39,Venda
SKU_1707_SAP,05/07/2025,Atacado,4,1119.6,588.92,132.67,Venda
SKU_1787_BAB,05/07/2025,Atacado,3,869.7,413.79,151.97,Venda
SKU_1789_EME,05/07/2025,Atacado,3,809.7,384.96,141.58,Venda
SKU_1647_BLA,05/07/2025,Varejo,2,679.8,273.54,203.13,Venda
SKU_1799_DEN,05/07/2025,Varejo,1,269.9,127.86,142.04,Venda
SKU_1690_MYS,05/07/2025,Atacado,8,4319.2,2259.92,257.41,Venda
SKU_1740_OLI,05/07/2025,Varejo,1,214.9,84.95,129.95,Venda
SKU_1760_PAS,05/07/2025,Varejo,1,249.9,121.11,128.79,Venda
SKU_1738_BLU,05/07/2025,Varejo,3,584.7,259.02,108.56,Venda
SKU_1763_MAR,05/07/2025,Varejo,1,299.9,122.93,176.97,Venda
SKU_1435_SKY,05/07/2025,Varejo,1,1009.9,435.01,574.89,Venda
SKU_1737_SAG,05/07/2025,Atacado,6,4619.4,2201.58,402.97,Venda
SKU_1801_MOS,05/07/2025,Atacado,6,2249.4,988.98,210.07,Venda
SKU_1788_EME,05/07/2025,Atacado,3,749.7,327.81,140.63,Venda
SKU_1620_SAG,05/07/2025,Atacado,6,1589.4,771.3,136.35,Venda
SKU_1612_SNO,05/07/2025,Atacado,4,1319.6,557.64,190.49,Venda
SKU_1719_WHI,05/07/2025,Varejo,1,319.9,121.41,198.49,Venda
SKU_1733_SAG,05/07/2025,Varejo,1,349.9,127.87,222.03,Venda
SKU_1738_ROY,05/07/2025,E-commerce,1,194.9,78.11,116.79,Venda
SKU_1469_ARM,05/07/2025,Varejo,2,589.8,224.98,182.41,Venda
SKU_1687_FOR,05/07/2025,Atacado,8,7199.2,3694.8,438.05,Venda
SKU_1695_CRE,05/07/2025,Atacado,5,1049.5,514.75,106.95,Venda
SKU_1762_BRI,05/07/2025,Atacado,3,764.7,342.27,140.81,Venda
SKU_1389_BAB,05/07/2025,Varejo,1,139.9,57.81,82.09,Venda
SKU_1735_MOS,05/07/2025,E-commerce,1,269.9,134.36,135.54,Venda
SKU_1749_BIR,05/07/2025,Varejo,1,349.9,110.04,239.86,Venda
SKU_1610_MEX,05/07/2025,Varejo,3,554.7,244.77,103.31,Venda
SKU_1786_POW,05/07/2025,Atacado,3,539.7,255.9,94.6,Venda
SKU_1728_EGR,05/07/2025,Atacado,10,3299.0,1557.5,174.15,Venda
SKU_1514_SPA,05/07/2025,Atacado,8,6639.2,3514.08,390.64,Venda
SKU_1578_PAS,05/07/2025,Atacado,3,374.7,158.04,72.22,Venda
SKU_1783_EGR,05/07/2025,Atacado,10,11999.0,5415.2,658.38,Venda
SKU_1695_LIM,05/07/2025,Varejo,1,209.9,81.42,128.48,Venda
SKU_1758_HON,05/07/2025,Varejo,1,179.9,73.12,106.78,Venda
SKU_1576_BLU,05/07/2025,Atacado,6,1469.4,847.14,103.71,Venda
SKU_1719_OFF,05/07/2025,Varejo,1,319.9,100.96,218.94,Venda
SKU_1681_OFF,05/07/2025,Varejo,1,234.9,111.04,123.86,Venda
SKU_1778_MIN,05/07/2025,Atacado,10,2849.0,1397.4,145.16,Venda
SKU_1784_BLA,05/07/2025,Varejo,1,309.9,148.97,160.93,Venda
SKU_1788_EME,05/07/2025,Varejo,4,999.6,477.96,130.41,Venda
SKU_1725_OFF,05/07/2025,Varejo,1,244.9,98.81,146.09,Venda
SKU_1746_NAV,05/07/2025,Varejo,3,539.7,238.95,100.25,Venda
SKU_1764_FUC,05/07/2025,Varejo,4,939.6,306.84,158.19,Venda
SKU_1779_LIG,05/07/2025,Varejo,4,859.6,279.88,144.93,Venda
SKU_1502_VAN,05/07/2025,Varejo,1,209.9,79.61,130.29,Venda
SKU_1688_LIG,05/07/2025,E-commerce,2,859.8,312.68,273.56,Venda
SKU_1390_SAP,05/07/2025,E-commerce,1,229.9,112.1,117.8,Venda
SKU_1710_OLI,05/07/2025,Atacado,10,8099.0,3604.4,449.46,Venda
SKU_1787_BAB,05/07/2025,Atacado,4,1159.6,506.56,163.26,Venda
SKU_1747_TEA,05/07/2025,E-commerce,1,174.9,68.71,106.19,Venda
SKU_1754_IVO,05/07/2025,Atacado,6,2039.4,893.46,190.99,Venda
SKU_1798_MOS,05/07/2025,Atacado,5,2099.5,1230.5,173.8,Venda
SKU_1745_PEA,05/07/2025,Varejo,1,409.9,176.75,233.15,Venda
SKU_1713_SNO,05/07/2025,Atacado,8,4039.2,2292.32,218.36,Venda
SKU_1598_DUS,05/07/2025,Varejo,1,489.9,216.9,273.0,Venda
SKU_1744_LIG,05/07/2025,Atacado,2,529.8,300.52,114.64,Venda
SKU_1707_SAP,05/07/2025,Atacado,4,1119.6,616.04,125.89,Venda
SKU_1682_BIR,05/07/2025,Atacado,5,1174.5,664.4,102.02,Venda
SKU_1547_FUC,05/07/2025,Atacado,8,2639.2,1394.32,155.61,Venda
SKU_1751_BLU,05/07/2025,Varejo,4,1319.6,473.8,211.45,Venda
SKU_1712_MOS,05/07/2025,E-commerce,1,179.9,55.96,123.94,Venda
SKU_1689_MAG,05/07/2025,Atacado,6,5789.4,3049.86,456.59,Venda
SKU_1570_MEX,05/07/2025,Atacado,6,4289.4,2049.72,373.28,Venda
SKU_1734_FRE,05/07/2025,Atacado,8,2799.2,1481.52,164.71,Venda
SKU_1742_DEN,05/07/2025,Varejo,2,519.8,258.8,130.5,Venda
SKU_1709_MAR,05/07/2025,Atacado,6,1259.4,656.88,100.42,Venda
SKU_1629_ARM,05/07/2025,Atacado,8,2039.2,1020.96,127.28,Venda
SKU_1644_BAB,05/07/2025,E-commerce,1,319.9,118.08,201.82,Venda
SKU_1488_IVO,05/07/2025,Varejo,1,339.9,143.93,195.97,Venda
SKU_1787_BAB,05/07/2025,Varejo,2,579.8,200.42,189.69,Venda
SKU_1489_IVO,05/07/2025,Varejo,1,369.9,182.03,187.87,Venda
SKU_1782_HUN,05/07/2025,Varejo,1,249.9,123.28,126.62,Venda
SKU_1454_BUB,05/07/2025,Atacado,2,299.8,156.32,71.74,Venda
SKU_1797_BLU,05/07/2025,E-commerce,1,379.9,171.81,208.09,Venda
SKU_1779_LIG,05/07/2025,Atacado,5,1074.5,520.25,110.85,Venda
SKU_1690_MAG,05/07/2025,Atacado,4,2159.6,1171.36,247.06,Venda
SKU_1785_PAS,05/07/2025,Varejo,3,734.7,291.81,147.63,Venda
SKU_1442_OFF,05/07/2025,Atacado,6,1739.4,771.84,161.26,Venda
SKU_1797_GAR,05/07/2025,Atacado,5,1899.5,1048.4,170.22,Venda
SKU_1728_EGR,05/07/2025,Atacado,4,1319.6,658.24,165.34,Venda
SKU_1763_MAR,05/07/2025,Atacado,12,3598.8,1748.88,154.16,Venda
SKU_1787_BAB,05/07/2025,Atacado,6,1739.4,866.34,145.51,Venda
SKU_1545_TEA,05/07/2025,Atacado,12,3118.8,1513.68,133.76,Venda
SKU_1777_TUR,05/07/2025,Atacado,2,479.8,225.76,127.02,Venda
SKU_1765_PAS,05/07/2025,E-commerce,1,259.9,110.2,149.7,Venda
SKU_1657_SPA,05/07/2025,Atacado,2,429.8,188.78,120.51,Venda
SKU_1761_SAP,05/07/2025,Atacado,6,6629.4,3728.04,483.56,Venda
SKU_1524_BLU,05/07/2025,Atacado,6,2219.4,1255.68,160.62,Venda
SKU_1689_IVO,05/07/2025,Atacado,4,3859.6,1952.12,476.87,Venda
SKU_1767_FUC,05/07/2025,E-commerce,1,204.9,65.82,139.08,Venda
SKU_1772_BLU,05/07/2025,Varejo,1,414.9,206.43,208.47,Venda
SKU_1755_BIR,05/07/2025,Atacado,4,1339.6,642.12,174.37,Venda
SKU_1745_PEA,05/07/2025,E-commerce,2,819.8,406.92,206.44,Venda
SKU_1753_WHI,05/07/2025,Atacado,12,9478.8,4401.6,423.1,Venda
SKU_1692_BLU,05/07/2025,Atacado,3,659.7,325.17,111.51,Venda
SKU_1766_CLE,05/07/2025,E-commerce,1,394.9,125.12,269.78,Venda
SKU_1737_SAG,05/07/2025,Varejo,1,769.9,321.2,448.7,Venda
SKU_1746_NAV,05/07/2025,Atacado,4,719.6,324.72,98.72,Venda
SKU_1718_SEA,05/07/2025,Varejo,3,1109.7,446.25,221.15,Venda
SKU_1762_BRI,05/07/2025,Varejo,2,509.8,174.76,167.52,Venda
SKU_1545_HOT,05/07/2025,Varejo,1,259.9,126.81,133.09,Venda
SKU_1742_DEN,05/07/2025,Atacado,4,1039.6,615.6,106.0,Venda
SKU_1541_POW,05/07/2025,Atacado,3,2024.7,975.78,349.64,Venda
SKU_1506_PAL,05/07/2025,E-commerce,1,229.9,77.8,152.1,Venda
SKU_1456_DEN,05/07/2025,Atacado,3,944.7,440.4,168.1,Venda
SKU_1773_FRE,05/07/2025,Varejo,1,324.9,124.74,200.16,Venda
SKU_1777_TUR,05/07/2025,Varejo,1,239.9,80.79,159.11,Venda
SKU_1726_PAS,05/07/2025,Varejo,1,429.9,134.07,295.83,Venda
SKU_1790_ROY,05/07/2025,Varejo,1,259.9,117.86,142.04,Venda
SKU_1494_EGR,05/07/2025,Atacado,10,10849.0,5150.0,569.9,Venda
SKU_1448_SKY,05/07/2025,Varejo,1,179.9,65.93,113.97,Venda
SKU_1557_SAG,05/07/2025,Varejo,1,199.9,83.53,116.37,Venda
SKU_1758_HON,05/07/2025,E-commerce,2,359.8,115.1,122.35,Venda
SKU_1743_CLO,05/07/2025,Atacado,4,1759.6,885.84,218.44,Venda
SKU_1654_NAV,05/07/2025,Atacado,6,1859.4,791.82,177.93,Venda
SKU_1749_BIR,05/07/2025,Atacado,10,3499.0,1937.3,156.17,Venda
SKU_1689_IVO,05/07/2025,Varejo,2,1929.8,919.26,505.27,Venda
SKU_1660_MAG,05/07/2025,Varejo,2,629.8,198.24,215.78,Venda
SKU_1707_SAP,05/07/2025,Varejo,1,279.9,90.8,189.1,Venda
SKU_1716_AQU,05/07/2025,Varejo,1,164.9,50.89,114.01,Venda
SKU_1721_FRE,05/07/2025,Atacado,6,2519.4,1375.2,190.7,Venda
SKU_1762_BRI,05/07/2025,Atacado,5,1274.5,584.0,138.1,Venda
SKU_1687_WHI,05/07/2025,Varejo,1,899.9,360.03,539.87,Venda
SKU_1698_PRI,05/07/2025,Varejo,1,419.9,148.34,271.56,Venda
SKU_1733_NAV,05/07/2025,Atacado,5,1749.5,909.9,167.92,Venda
SKU_1774_COB,05/07/2025,Varejo,2,409.8,194.3,107.75,Venda
SKU_1719_OFF,05/07/2025,Varejo,3,959.7,371.01,196.23,Venda
SKU_1783_EGR,05/07/2025,Varejo,1,1199.9,391.17,808.73,Venda
SKU_1788_EME,05/07/2025,Atacado,2,499.8,247.66,126.07,Venda
SKU_1720_PAL,05/07/2025,Atacado,8,1799.2,878.72,115.06,Venda
SKU_1625_DUS,05/07/2025,Varejo,2,409.8,136.44,136.68,Venda
SKU_1746_NAV,05/07/2025,Varejo,1,179.9,61.07,118.83,Venda
SKU_1623_EGR,05/07/2025,Varejo,1,914.9,396.57,518.33,Venda
SKU_1716_AQU,05/07/2025,Atacado,4,659.6,321.28,84.58,Venda
SKU_1761_MOS,05/07/2025,Atacado,8,8839.2,4372.16,558.38,Venda
SKU_1694_PIS,05/07/2025,Atacado,3,839.7,400.17,146.51,Venda
SKU_1799_POW,05/07/2025,Atacado,4,1079.6,560.24,129.84,Venda
SKU_1720_PAL,05/07/2025,Atacado,8,1799.2,854.64,118.07,Venda
SKU_1689_MAG,05/07/2025,Atacado,4,3859.6,2034.0,456.4,Venda
SKU_1801_MOS,05/07/2025,Atacado,8,2999.2,1274.32,215.61,Venda
SKU_1432_WHI,05/07/2025,Varejo,1,719.9,344.28,375.62,Venda
SKU_1729_CLE,05/07/2025,Atacado,3,524.7,248.64,92.02,Venda
SKU_1792_MIN,05/07/2025,E-commerce,3,1319.7,573.09,248.87,Venda
SKU_1498_LIG,05/07/2025,Varejo,1,339.9,145.38,194.52,Venda
SKU_1683_SHO,05/07/2025,E-commerce,1,314.9,139.85,175.05,Venda
SKU_1685_COB,05/07/2025,E-commerce,2,1329.8,530.88,399.46,Venda
SKU_1725_OFF,05/07/2025,Atacado,10,2449.0,1033.3,141.57,Venda
SKU_1747_FUC,05/07/2025,Varejo,1,174.9,84.19,90.71,Venda
SKU_1687_FOR,05/07/2025,Atacado,4,3599.6,1823.4,444.05,Venda
SKU_1700_PIS,05/07/2025,Atacado,4,2799.6,1286.44,378.29,Venda
SKU_1751_BLU,05/07/2025,Atacado,4,1319.6,608.6,177.75,Venda
SKU_1652_MOS,05/07/2025,Varejo,1,219.9,68.54,151.36,Venda
SKU_1750_MIN,05/07/2025,Atacado,2,739.8,330.66,204.57,Venda
SKU_1732_OFF,05/07/2025,Atacado,3,3344.7,1611.12,577.86,Venda
SKU_1619_IVO,05/07/2025,Varejo,1,199.9,76.82,123.08,Venda
SKU_1740_OLI,05/07/2025,Atacado,10,2149.0,1038.8,111.02,Venda
SKU_1745_FOR,05/07/2025,Atacado,12,4918.8,2272.32,220.54,Venda
SKU_1714_MID,05/07/2025,Varejo,1,304.9,106.38,198.52,Venda
SKU_1801_FLA,05/07/2025,Varejo,1,374.9,172.7,202.2,Venda
SKU_1795_RAS,05/07/2025,Atacado,3,899.7,387.36,170.78,Venda
SKU_1714_MID,05/07/2025,Atacado,8,2439.2,1126.24,164.12,Venda
SKU_1784_BLA,05/07/2025,Atacado,4,1239.6,627.72,152.97,Venda
SKU_1694_SER,05/07/2025,Varejo,1,279.9,97.14,182.76,Venda
SKU_1731_MIN,05/07/2025,Varejo,1,909.9,406.9,503.0,Venda
SKU_1763_HOT,05/07/2025,Varejo,1,299.9,126.43,173.47,Venda
SKU_1775_PAL,05/07/2025,Atacado,5,1399.5,704.95,138.91,Venda
SKU_1442_EME,05/07/2025,Varejo,3,869.7,362.52,169.06,Venda
SKU_1778_MIN,05/07/2025,Varejo,1,284.9,141.73,143.17,Venda
SKU_1706_BLA,05/07/2025,Atacado,4,739.6,348.12,97.87,Venda
SKU_1730_MIN,05/07/2025,E-commerce,1,319.9,98.14,221.76,Venda
SKU_1627_BAB,05/07/2025,Atacado,4,1319.6,608.92,177.67,Venda
SKU_1778_MIN,05/07/2025,Varejo,3,854.7,261.27,197.81,Venda
SKU_1743_CLO,05/07/2025,E-commerce,1,439.9,146.61,293.29,Venda
SKU_1759_CLE,05/07/2025,Varejo,2,539.8,166.84,186.48,Venda
SKU_1738_ROY,05/07/2025,Varejo,1,194.9,89.25,105.65,Venda
SKU_1784_EGR,05/07/2025,Atacado,8,2479.2,1304.4,146.85,Venda
SKU_1773_OLI,05/07/2025,Varejo,1,324.9,109.54,215.36,Venda
SKU_1765_MYS,05/07/2025,Atacado,4,1039.6,595.12,111.12,Venda
SKU_1780_AQU,05/07/2025,Atacado,12,4018.8,1776.24,186.88,Venda
SKU_1686_MOS,05/07/2025,Atacado,5,1074.5,457.95,123.31,Venda
SKU_1784_BLA,05/07/2025,Atacado,2,619.8,278.96,170.42,Venda
SKU_1462_MID,05/07/2025,E-commerce,1,364.9,142.1,222.8,Venda
SKU_1788_EME,05/07/2025,Varejo,2,499.8,165.74,167.03,Venda
SKU_1766_MYS,05/07/2025,Varejo,1,394.9,155.56,239.34,Venda
SKU_1584_AQU,05/07/2025,Atacado,5,924.5,435.85,97.73,Venda
SKU_1530_PEA,05/07/2025,Varejo,3,389.7,178.86,70.28,Venda
SKU_1772_BLU,05/07/2025,Atacado,6,2489.4,1292.58,199.47,Venda
SKU_1775_PAL,05/07/2025,E-commerce,1,279.9,89.93,189.97,Venda
SKU_1498_LIG,05/07/2025,Atacado,8,2719.2,1342.96,172.03,Venda
SKU_1704_BAB,05/07/2025,Atacado,4,1339.6,635.92,175.92,Venda
SKU_1748_BAB,05/07/2025,Varejo,1,309.9,133.67,176.23,Venda
SKU_1779_LIG,05/07/2025,E-commerce,2,429.8,139.2,145.3,Venda
SKU_1733_NAV,05/07/2025,E-commerce,1,349.9,151.88,198.02,Venda
SKU_1761_SAP,05/07/2025,E-commerce,1,1104.9,445.89,659.01,Venda
SKU_1751_MIN,05/07/2025,Atacado,4,1319.6,665.2,163.6,Venda
SKU_1606_COB,05/07/2025,Varejo,1,1084.9,508.75,576.15,Venda
SKU_1624_ARM,05/07/2025,Varejo,1,209.9,93.39,116.51,Venda
SKU_1406_PRI,05/07/2025,Atacado,5,1749.5,915.55,166.79,Venda
SKU_1686_SKY,05/07/2025,Atacado,4,859.6,431.72,106.97,Venda
SKU_1696_SHO,05/07/2025,E-commerce,2,559.8,213.76,173.02,Venda
SKU_1728_MID,05/07/2025,E-commerce,1,329.9,113.26,216.64,Venda
SKU_1800_MOS,05/07/2025,Varejo,1,279.9,109.81,170.09,Venda
SKU_1720_PAS,05/07/2025,Varejo,4,899.6,323.8,143.95,Venda
SKU_1797_BLU,05/07/2025,Varejo,1,379.9,165.65,214.25,Venda
SKU_1443_PRI,05/07/2025,Atacado,12,3238.8,1448.64,149.18,Venda
SKU_1413_JAD,05/07/2025,Atacado,12,2218.8,1130.4,90.7,Venda
SKU_1592_CER,05/07/2025,E-commerce,1,209.9,86.88,123.02,Venda
SKU_1764_FUC,05/07/2025,Atacado,2,469.8,238.36,115.72,Venda
SKU_1707_ARM,05/07/2025,Atacado,5,1399.5,839.95,111.91,Venda
SKU_1694_PIS,05/07/2025,Varejo,1,279.9,139.31,140.59,Venda
SKU_1748_BAB,05/07/2025,Varejo,4,1239.6,402.68,209.23,Venda
SKU_1725_BAB,05/07/2025,Varejo,1,244.9,97.89,147.01,Venda
SKU_1693_MEX,05/07/2025,Atacado,12,2458.8,1320.96,94.82,Venda
SKU_1759_COB,05/07/2025,Atacado,6,1619.4,815.64,133.96,Venda
SKU_1453_PRI,05/07/2025,Varejo,2,469.8,178.46,145.67,Venda
SKU_1790_ROY,05/07/2025,Atacado,4,1039.6,640.0,99.9,Venda
SKU_1759_COB,05/07/2025,Atacado,12,3238.8,1793.4,120.45,Venda
SKU_1763_HOT,05/07/2025,Varejo,1,299.9,142.27,157.63,Venda
SKU_1751_MIN,05/07/2025,Atacado,5,1649.5,700.0,189.9,Venda
SKU_1454_BRI,05/07/2025,Atacado,4,599.6,264.84,83.69,Venda
SKU_1736_JAD,05/07/2025,Atacado,3,974.7,467.76,168.98,Venda
SKU_1695_LIM,05/07/2025,Atacado,5,1049.5,509.2,108.06,Venda
SKU_1745_FOR,05/07/2025,Atacado,4,1639.6,904.32,183.82,Venda
SKU_1743_DEE,05/07/2025,Atacado,3,1319.7,564.57,251.71,Venda
SKU_1688_LIG,05/07/2025,Varejo,3,1289.7,411.39,292.77,Venda
SKU_1786_TEA,05/07/2025,Varejo,1,179.9,66.09,113.81,Venda
SKU_1767_FUC,05/07/2025,E-commerce,1,204.9,93.78,111.12,Venda
SKU_1797_BLU,05/07/2025,Atacado,5,1899.5,931.7,193.56,Venda
SKU_1703_PAS,05/07/2025,Atacado,2,539.8,248.4,145.7,Venda
SKU_1703_PAS,05/07/2025,Varejo,1,269.9,81.54,188.36,Venda
SKU_1793_WHI,05/07/2025,E-commerce,1,189.9,92.9,97.0,Venda
SKU_1705_SER,05/07/2025,Atacado,3,1229.7,598.8,210.3,Venda
SKU_1703_BLU,05/07/2025,Atacado,10,2699.0,1686.2,101.28,Venda
SKU_1401_GAR,05/07/2025,E-commerce,1,239.9,108.96,130.94,Venda
SKU_1792_AQU,05/07/2025,Atacado,4,1759.6,851.32,227.07,Venda
SKU_1612_SNO,05/07/2025,E-commerce,1,329.9,119.6,210.3,Venda
SKU_1782_HUN,05/07/2025,Atacado,6,1499.4,792.48,117.82,Venda
SKU_1785_HUN,05/07/2025,Atacado,5,1224.5,617.15,121.47,Venda
SKU_1750_SNO,05/07/2025,E-commerce,1,369.9,168.8,201.1,Venda
SKU_1548_CLO,05/07/2025,Varejo,1,474.9,154.6,320.3,Venda
SKU_1784_EGR,05/07/2025,E-commerce,1,309.9,152.89,157.01,Venda
SKU_1794_FLA,05/07/2025,Atacado,8,1679.2,807.84,108.92,Venda
SKU_1596_CER,05/07/2025,E-commerce,1,274.9,128.9,146.0,Venda
SKU_1759_CLE,05/07/2025,Atacado,3,809.7,353.73,151.99,Venda
SKU_1681_PIS,05/07/2025,Varejo,1,234.9,112.81,122.09,Venda
SKU_1536_MOS,05/07/2025,Atacado,3,1034.7,532.74,167.32,Venda
SKU_1736_PAS,05/07/2025,E-commerce,1,324.9,121.21,203.69,Venda
SKU_1783_BAB,05/07/2025,Varejo,1,1199.9,428.85,771.05,Venda
SKU_1799_POW,05/07/2025,Varejo,1,269.9,108.69,161.21,Venda
SKU_1528_DEN,05/07/2025,Varejo,4,859.6,294.04,141.39,Venda
SKU_1731_ARM,05/07/2025,Atacado,5,4549.5,2275.6,454.78,Venda
SKU_1534_HUN,05/07/2025,Atacado,8,1599.2,676.32,115.36,Venda
SKU_1730_MIN,05/07/2025,E-commerce,1,319.9,139.13,180.77,Venda
SKU_1448_SEA,05/07/2025,Atacado,6,1079.4,497.7,96.95,Venda
SKU_1722_AQU,05/07/2025,E-commerce,1,324.9,107.42,217.48,Venda
SKU_1709_CRE,05/07/2025,Atacado,10,2099.0,1047.7,105.13,Venda
SKU_1656_FUC,05/07/2025,Varejo,2,469.8,184.06,142.87,Venda
SKU_1717_MIN,05/07/2025,Atacado,10,2599.0,1099.8,149.92,Venda
SKU_1710_MEX,05/07/2025,Varejo,3,2429.7,1212.06,405.88,Venda
SKU_1464_MOS,05/07/2025,Varejo,2,459.8,211.28,124.26,Venda
SKU_1754_SER,05/07/2025,Varejo,1,339.9,128.18,211.72,Venda
SKU_1739_AQU,05/07/2025,Varejo,1,254.9,87.78,167.12,Venda
SKU_1734_FRE,05/07/2025,Varejo,1,349.9,143.13,206.77,Venda
SKU_1556_HUN,05/07/2025,Atacado,4,819.6,448.48,92.78,Venda
SKU_1714_DEE,05/07/2025,Varejo,3,914.7,347.64,189.02,Venda
SKU_1757_TUR,05/07/2025,Atacado,3,794.7,385.2,136.5,Venda
SKU_1746_NAV,05/07/2025,Atacado,2,359.8,190.66,84.57,Venda
SKU_1765_PAS,05/07/2025,Varejo,3,779.7,359.94,139.92,Venda
SKU_1686_SKY,05/07/2025,Atacado,6,1289.4,671.58,102.97,Venda
SKU_1448_SKY,05/07/2025,Varejo,1,179.9,59.04,120.86,Venda
SKU_1785_PAS,05/07/2025,Atacado,5,1224.5,643.6,116.18,Venda
SKU_1704_PEA,05/07/2025,Varejo,1,334.9,163.86,171.04,Venda
SKU_1735_COR,05/07/2025,Atacado,5,1349.5,599.95,149.91,Venda
SKU_1799_DEN,05/07/2025,Atacado,3,809.7,420.51,129.73,Venda
SKU_1767_FUC,05/07/2025,Atacado,3,614.7,292.32,107.46,Venda
SKU_1660_NAV,05/07/2025,Varejo,2,629.8,257.38,186.21,Venda
SKU_1407_EME,05/07/2025,E-commerce,1,214.9,75.05,139.85,Venda
SKU_1681_PIS,05/07/2025,Atacado,8,1879.2,895.04,123.02,Venda
SKU_1776_PAS,05/07/2025,Varejo,1,329.9,120.36,209.54,Venda
SKU_1717_MIN,05/07/2025,Atacado,12,3118.8,1490.64,135.68,Venda
SKU_1741_PIN,05/07/2025,Atacado,6,1439.4,697.56,123.64,Venda
SKU_1688_LIG,05/07/2025,E-commerce,1,429.9,197.46,232.44,Venda
SKU_1798_OFF,05/07/2025,Varejo,1,419.9,158.61,261.29,Venda
SKU_1782_HUN,05/07/2025,Atacado,3,749.7,336.18,137.84,Venda
SKU_1685_BIR,05/07/2025,Varejo,1,664.9,274.54,390.36,Venda
SKU_1760_OFF,05/07/2025,Atacado,5,1249.5,760.8,97.74,Venda
SKU_1393_COB,05/07/2025,Atacado,4,1239.6,586.44,163.29,Venda
SKU_1684_HON,05/07/2025,Varejo,1,184.9,80.17,104.73,Venda
SKU_1696_SER,05/07/2025,Atacado,6,1679.4,780.78,149.77,Venda
SKU_1724_PIN,05/07/2025,Varejo,3,3344.7,1207.38,712.44,Venda
SKU_1761_MOS,05/07/2025,Atacado,8,8839.2,4632.32,525.86,Venda
SKU_1688_LIG,05/07/2025,E-commerce,1,429.9,189.3,240.6,Venda
SKU_1771_EME,05/07/2025,Atacado,5,1324.5,626.55,139.59,Venda
SKU_1769_WHI,05/07/2025,Atacado,2,649.8,301.76,174.02,Venda
SKU_1601_AQU,05/07/2025,Atacado,3,2204.7,1041.51,387.73,Venda
SKU_1454_BRI,05/07/2025,Varejo,1,149.9,54.05,95.85,Venda
SKU_1737_SAG,05/07/2025,Varejo,1,769.9,272.87,497.03,Venda
SKU_1750_MIN,05/07/2025,E-commerce,1,369.9,184.46,185.44,Venda
SKU_1772_BLU,05/07/2025,Atacado,3,1244.7,659.4,195.1,Venda
SKU_1713_SAL,05/07/2025,Varejo,2,1009.8,309.0,350.4,Venda
SKU_1696_SHO,05/07/2025,Varejo,1,279.9,88.53,191.37,Venda
SKU_1721_FRE,05/07/2025,Varejo,1,419.9,133.12,286.78,Venda
SKU_1695_LIM,05/07/2025,Varejo,1,209.9,94.78,115.12,Venda
SKU_1729_CLE,05/07/2025,Atacado,2,349.8,166.52,91.64,Venda
SKU_1781_AQU,05/07/2025,E-commerce,1,129.9,55.42,74.48,Venda
SKU_1744_EME,05/07/2025,Atacado,5,1324.5,580.55,148.79,Venda
SKU_1744_LIG,05/07/2025,Varejo,3,794.7,389.19,135.17,Venda
SKU_1790_EGR,05/07/2025,Varejo,1,259.9,111.12,148.78,Venda
SKU_1783_BAB,05/07/2025,Atacado,3,3599.7,1706.19,631.17,Venda
SKU_1476_CLO,05/07/2025,Varejo,1,274.9,83.78,191.12,Venda
SKU_1737_DEE,05/07/2025,Varejo,1,769.9,343.54,426.36,Venda
SKU_1747_FUC,05/07/2025,Atacado,6,1049.4,509.1,90.05,Venda
SKU_1748_BAB,05/07/2025,Atacado,6,1859.4,885.06,162.39,Venda
SKU_1788_EME,05/07/2025,Atacado,4,999.6,499.6,125.0,Venda
SKU_1761_MOS,05/07/2025,Atacado,2,2209.8,1040.58,584.61,Venda
SKU_1793_WHI,05/07/2025,E-commerce,1,189.9,91.74,98.16,Venda
SKU_1662_LIG,05/07/2025,Varejo,2,399.8,180.2,109.8,Venda
SKU_1734_BRI,05/07/2025,Varejo,1,349.9,109.44,240.46,Venda
SKU_1659_MOS,05/07/2025,Atacado,2,2049.8,1087.92,480.94,Venda
SKU_1699_COB,05/07/2025,Varejo,1,329.9,164.21,165.69,Venda
SKU_1652_TEA,05/07/2025,Atacado,6,1319.4,643.32,112.68,Venda
SKU_1687_WHI,05/07/2025,E-commerce,1,899.9,449.55,450.35,Venda
SKU_1417_SNO,05/07/2025,E-commerce,1,279.9,111.57,168.33,Venda
SKU_1751_BLU,05/07/2025,Varejo,1,329.9,103.73,226.17,Venda
SKU_1641_SER,05/07/2025,Atacado,5,1624.5,783.1,168.28,Venda
SKU_1737_SAG,05/07/2025,Atacado,2,1539.8,775.14,382.33,Venda
SKU_1713_SAL,05/07/2025,Varejo,1,504.9,177.16,327.74,Venda
SKU_1733_NAV,05/07/2025,Atacado,5,1749.5,846.5,180.6,Venda
SKU_1632_SPA,05/07/2025,Varejo,2,369.8,133.36,118.22,Venda
SKU_1594_WHI,05/07/2025,Varejo,2,999.8,319.82,339.99,Venda
SKU_1741_PIN,05/07/2025,Atacado,8,1919.2,939.2,122.5,Venda
SKU_1565_BAB,05/07/2025,Atacado,5,1799.5,818.2,196.26,Venda
SKU_1441_IVO,05/07/2025,Atacado,10,11549.0,6041.1,550.79,Venda
SKU_1566_POW,05/07/2025,Varejo,1,1034.9,512.96,521.94,Venda
SKU_1463_LIG,05/07/2025,Atacado,3,779.7,416.82,120.96,Venda
SKU_1746_NAV,05/07/2025,E-commerce,1,179.9,85.14,94.76,Venda
SKU_1722_AQU,05/07/2025,Varejo,1,324.9,146.52,178.38,Venda
SKU_1707_SAP,05/07/2025,Varejo,1,279.9,113.31,166.59,Venda
SKU_1507_FLA,05/07/2025,Varejo,3,539.7,196.26,114.48,Venda
SKU_1716_SAL,05/07/2025,Varejo,1,164.9,81.43,83.47,Venda
SKU_1640_TEA,05/07/2025,Varejo,1,219.9,101.63,118.27,Venda
SKU_1789_SNO,05/07/2025,Varejo,1,269.9,86.33,183.57,Venda
SKU_1578_PAS,05/07/2025,Atacado,10,1249.0,525.7,72.33,Venda
SKU_1737_DEE,05/07/2025,Varejo,1,769.9,372.92,396.98,Venda
SKU_1776_BIR,05/07/2025,Varejo,1,329.9,127.51,202.39,Venda
SKU_1770_JAD,05/07/2025,Varejo,1,219.9,94.56,125.34,Venda
SKU_1719_OFF,05/07/2025,Varejo,1,319.9,116.35,203.55,Venda
SKU_1699_COB,05/07/2025,Atacado,2,659.8,325.56,167.12,Venda
SKU_1683_PAL,05/07/2025,E-commerce,1,314.9,147.77,167.13,Venda
SKU_1609_LIM,05/07/2025,E-commerce,1,269.9,90.45,179.45,Venda
SKU_1737_SAG,05/07/2025,Varejo,1,769.9,308.57,461.33,Venda
SKU_1648_FLA,05/07/2025,Varejo,1,699.9,298.26,401.64,Venda
SKU_1707_SAP,05/07/2025,Atacado,5,1399.5,731.35,133.63,Venda
SKU_1799_POW,05/07/2025,Varejo,1,269.9,84.18,185.72,Venda
SKU_1730_MIN,05/07/2025,Varejo,4,1279.6,626.52,163.27,Venda
SKU_1433_SAP,05/07/2025,Atacado,5,1574.5,684.05,178.09,Venda
SKU_1682_OLI,05/07/2025,Varejo,1,234.9,113.21,121.69,Venda
SKU_1533_DUS,05/07/2025,Varejo,3,494.7,176.82,105.96,Venda
SKU_1771_PIN,05/07/2025,Atacado,2,529.8,307.42,111.19,Venda
SKU_1572_MAR,05/07/2025,Varejo,1,139.9,60.37,79.53,Venda
SKU_1740_FRE,05/07/2025,E-commerce,1,214.9,77.07,137.83,Venda
SKU_1646_BLU,05/07/2025,Varejo,2,409.8,162.16,123.82,Venda
SKU_1700_PIS,05/07/2025,E-commerce,1,699.9,329.24,370.66,Venda
SKU_1763_HOT,05/07/2025,Atacado,5,1499.5,792.35,141.43,Venda
SKU_1716_AQU,05/07/2025,E-commerce,1,164.9,56.23,108.67,Venda
SKU_1709_MAR,05/07/2025,Varejo,2,419.8,194.54,112.63,Venda
SKU_1683_SHO,05/07/2025,E-commerce,1,314.9,99.58,215.32,Venda
SKU_1780_LIG,05/07/2025,Varejo,1,334.9,158.42,176.48,Venda
SKU_1677_POW,05/07/2025,Varejo,1,569.9,284.55,285.35,Venda
SKU_1791_ARM,05/07/2025,E-commerce,1,264.9,111.47,153.43,Venda
SKU_1619_IVO,05/07/2025,Varejo,2,399.8,190.18,104.81,Venda
SKU_1790_ROY,05/07/2025,Atacado,2,519.8,288.18,115.81,Venda
SKU_1602_AQU,05/07/2025,Varejo,1,229.9,86.67,143.23,Venda
SKU_1546_IVO,05/07/2025,Varejo,1,174.9,81.26,93.64,Venda
SKU_1523_CRE,05/07/2025,Varejo,1,374.9,118.79,256.11,Venda
SKU_1786_POW,05/07/2025,Varejo,1,179.9,84.6,95.3,Venda
SKU_1756_FLA,05/07/2025,Atacado,5,899.5,444.75,90.95,Venda
SKU_1687_WHI,05/07/2025,Varejo,1,899.9,403.21,496.69,Venda
SKU_1687_WHI,05/07/2025,Varejo,1,899.9,294.42,605.48,Venda
SKU_1751_MIN,05/07/2025,Varejo,2,659.8,255.38,202.21,Venda
SKU_1746_EME,05/07/2025,Varejo,1,179.9,80.04,99.86,Venda
SKU_1788_EME,05/07/2025,Atacado,3,749.7,364.74,128.32,Venda
SKU_1787_BAB,05/07/2025,Varejo,1,289.9,88.69,201.21,Venda
SKU_1690_MYS,05/07/2025,Atacado,6,3239.4,1457.94,296.91,Venda
SKU_1756_BUB,05/07/2025,Atacado,4,719.6,375.04,86.14,Venda
SKU_1722_PAS,05/07/2025,Varejo,1,324.9,125.35,199.55,Venda
SKU_1795_HUN,05/07/2025,Atacado,3,899.7,402.93,165.59,Venda
SKU_1745_PEA,05/07/2025,Atacado,5,2049.5,957.05,218.49,Venda
SKU_1748_BAB,05/07/2025,Atacado,3,929.7,475.08,151.54,Venda
SKU_1743_CLO,05/07/2025,Atacado,4,1759.6,765.64,248.49,Venda
SKU_1719_WHI,05/07/2025,Atacado,3,959.7,504.78,151.64,Venda
SKU_1710_OLI,05/07/2025,Varejo,1,809.9,272.92,536.98,Venda
SKU_1471_ROS,05/07/2025,Atacado,5,1024.5,447.15,115.47,Venda
SKU_1633_SER,05/07/2025,Atacado,8,1879.2,852.0,128.4,Venda
SKU_1724_PEA,05/07/2025,Varejo,1,1114.9,392.79,722.11,Venda
SKU_1723_COB,05/07/2025,Varejo,2,869.8,396.96,236.42,Venda
SKU_1680_SEA,05/07/2025,Atacado,6,2009.4,1058.58,158.47,Venda
SKU_1750_MIN,05/07/2025,Varejo,1,369.9,137.9,232.0,Venda
SKU_1706_JAD,05/07/2025,Atacado,6,1109.4,614.22,82.53,Venda
SKU_1553_HOT,05/07/2025,E-commerce,1,254.9,95.62,159.28,Venda
SKU_1391_SEA,05/07/2025,E-commerce,1,284.9,140.22,144.68,Venda
SKU_1702_COR,05/07/2025,Varejo,2,1239.8,404.06,417.87,Venda
SKU_1710_MEX,05/07/2025,E-commerce,1,809.9,302.32,507.58,Venda
SKU_1399_PAL,05/07/2025,Atacado,5,1349.5,768.2,116.26,Venda
SKU_1758_CLO,05/07/2025,Varejo,3,539.7,180.12,119.86,Venda
SKU_1793_WHI,05/07/2025,Atacado,3,569.7,280.68,96.34,Venda
SKU_1536_MOS,05/07/2025,Atacado,6,2069.4,943.26,187.69,Venda
SKU_1609_SAP,05/07/2025,Atacado,6,1619.4,785.52,138.98,Venda
SKU_1541_AQU,05/07/2025,Varejo,1,674.9,233.47,441.43,Venda
SKU_1726_PAS,05/07/2025,Atacado,3,1289.7,607.71,227.33,Venda
SKU_1798_MOS,05/07/2025,Varejo,1,419.9,206.33,213.57,Venda
SKU_1738_BLU,05/07/2025,Varejo,1,194.9,64.46,130.44,Venda
SKU_1758_CLO,05/07/2025,Atacado,5,899.5,424.1,95.08,Venda
SKU_1691_HUN,05/07/2025,Varejo,1,309.9,152.27,157.63,Venda
SKU_1788_MYS,05/07/2025,Varejo,1,249.9,93.46,156.44,Venda
SKU_1742_EME,05/07/2025,Varejo,2,519.8,209.78,155.01,Venda
SKU_1746_EME,05/07/2025,Atacado,8,1439.2,604.72,104.31,Venda
SKU_1658_BAB,05/07/2025,Varejo,1,879.9,268.98,610.92,Venda
SKU_1685_BIR,05/07/2025,Varejo,1,664.9,327.23,337.67,Venda
SKU_1716_SAL,05/07/2025,Atacado,2,329.8,151.96,88.92,Venda
SKU_1504_NAV,05/07/2025,Atacado,8,2719.2,1379.36,167.48,Venda
SKU_1786_POW,05/07/2025,Atacado,5,899.5,509.45,78.01,Venda
SKU_1613_BIR,05/07/2025,Varejo,1,189.9,70.39,119.51,Venda
SKU_1709_CRE,05/07/2025,Varejo,1,209.9,95.27,114.63,Venda
SKU_1492_SKY,05/07/2025,Atacado,8,2999.2,1453.76,193.18,Venda
SKU_1485_CER,05/07/2025,E-commerce,1,664.9,330.66,334.24,Venda
SKU_1790_EGR,05/07/2025,Atacado,4,1039.6,524.64,128.74,Venda
SKU_1686_SKY,05/07/2025,Varejo,1,214.9,86.48,128.42,Venda
SKU_1688_WHI,05/07/2025,E-commerce,1,429.9,196.5,233.4,Venda
SKU_1709_CRE,05/07/2025,E-commerce,1,209.9,90.32,119.58,Venda
SKU_1717_CRE,05/07/2025,Varejo,1,259.9,97.96,161.94,Venda
SKU_1606_SEA,05/07/2025,Atacado,6,6509.4,3006.96,583.74,Venda
SKU_1698_SNO,05/07/2025,Varejo,1,419.9,194.9,225.0,Venda
SKU_1715_HON,05/07/2025,Varejo,1,219.9,74.57,145.33,Venda
SKU_1493_PEA,05/07/2025,Atacado,8,2639.2,1331.12,163.51,Venda
SKU_1783_BAB,05/07/2025,Atacado,12,14398.8,8137.56,521.77,Venda
SKU_1755_AQU,05/07/2025,Varejo,1,334.9,164.6,170.3,Venda
SKU_1797_GAR,05/07/2025,E-commerce,1,379.9,166.94,212.96,Venda
SKU_1687_WHI,05/07/2025,Atacado,10,8999.0,4735.7,426.33,Venda
SKU_1707_SAP,05/07/2025,Atacado,6,1679.4,922.26,126.19,Venda
SKU_1794_LIG,05/07/2025,Varejo,1,209.9,88.24,121.66,Venda
SKU_1667_MID,05/07/2025,Atacado,3,629.7,273.24,118.82,Venda
SKU_1688_WHI,05/07/2025,E-commerce,1,429.9,178.46,251.44,Venda
SKU_1753_WHI,05/07/2025,Atacado,5,3949.5,1683.6,453.18,Venda
SKU_1428_COB,05/07/2025,Varejo,2,979.8,364.54,307.63,Venda
SKU_1598_NAV,05/07/2025,Varejo,1,489.9,159.83,330.07,Venda
SKU_1764_MAR,05/07/2025,Atacado,4,939.6,527.44,103.04,Venda
SKU_1411_RAS,05/07/2025,E-commerce,1,224.9,104.47,120.43,Venda
SKU_1745_FOR,05/07/2025,E-commerce,2,819.8,268.74,275.53,Venda
SKU_1741_PEA,05/07/2025,Atacado,4,959.6,553.84,101.44,Venda
SKU_1798_MOS,05/07/2025,Atacado,5,2099.5,1082.3,203.44,Venda
SKU_1763_MAR,05/07/2025,Varejo,1,299.9,99.64,200.26,Venda
SKU_1743_CLO,05/07/2025,Varejo,1,439.9,190.2,249.7,Venda
SKU_1751_BLU,05/07/2025,Varejo,1,329.9,162.1,167.8,Venda
SKU_1799_DEN,05/07/2025,Atacado,5,1349.5,681.7,133.56,Venda
SKU_1430_JAD,05/07/2025,Atacado,3,539.7,273.27,88.81,Venda
SKU_1631_BAL,05/07/2025,E-commerce,3,539.7,223.26,105.48,Venda
SKU_1692_OLI,05/07/2025,Atacado,3,659.7,302.16,119.18,Venda
SKU_1456_EME,05/07/2025,Varejo,1,314.9,137.2,177.7,Venda
SKU_1794_FLA,05/07/2025,Atacado,6,1259.4,623.64,105.96,Venda
SKU_1760_OFF,05/07/2025,Varejo,4,999.6,412.32,146.82,Venda
SKU_1753_WHI,05/07/2025,Varejo,2,1579.8,712.48,433.66,Venda
SKU_1695_LIM,05/07/2025,Atacado,5,1049.5,511.4,107.62,Venda
SKU_1745_FOR,05/07/2025,Atacado,5,2049.5,1168.35,176.23,Venda
SKU_1770_DEE,05/07/2025,Varejo,1,219.9,105.98,113.92,Venda
SKU_1516_CRE,05/07/2025,Atacado,4,1399.6,699.2,175.1,Venda
SKU_1759_COB,05/07/2025,Atacado,3,809.7,450.57,119.71,Venda
SKU_1746_NAV,05/07/2025,Varejo,1,179.9,56.52,123.38,Venda
SKU_1719_WHI,05/07/2025,Atacado,2,639.8,304.5,167.65,Venda
SKU_1729_FUC,05/07/2025,Atacado,8,1399.2,723.04,84.52,Venda
SKU_1746_NAV,05/07/2025,Varejo,2,359.8,139.78,110.01,Venda
SKU_1754_SER,05/07/2025,Atacado,8,2719.2,1280.24,179.87,Venda
SKU_1409_PEA,05/07/2025,Varejo,1,209.9,66.12,143.78,Venda
SKU_1515_SEA,05/07/2025,Varejo,1,194.9,87.19,107.71,Venda
SKU_1787_BAB,05/07/2025,Atacado,8,2319.2,1145.6,146.7,Venda
SKU_1727_WHI,05/07/2025,Atacado,5,774.5,380.85,78.73,Venda
SKU_1793_MIN,05/07/2025,Atacado,10,1899.0,1000.8,89.82,Venda
SKU_1783_EGR,05/07/2025,Varejo,1,1199.9,575.15,624.75,Venda
SKU_1499_HOT,05/07/2025,Varejo,1,259.9,119.17,140.73,Venda
SKU_1475_VAN,05/07/2025,Varejo,1,249.9,113.74,136.16,Venda
SKU_1769_WHI,05/07/2025,Atacado,10,3249.0,1632.3,161.67,Venda
SKU_1750_SNO,05/07/2025,Atacado,2,739.8,356.54,191.63,Venda
SKU_1579_DEN,05/07/2025,Atacado,4,919.6,496.64,105.74,Venda
SKU_1727_WHI,05/07/2025,Atacado,4,619.6,292.8,81.7,Venda
SKU_1724_PEA,05/07/2025,Atacado,3,3344.7,1725.93,539.59,Venda
SKU_1796_OLI,05/07/2025,Varejo,1,504.9,192.84,312.06,Venda
SKU_1745_PEA,05/07/2025,Varejo,1,409.9,145.27,264.63,Venda
SKU_1739_MOS,05/07/2025,E-commerce,1,254.9,82.68,172.22,Venda
SKU_1757_PIN,05/07/2025,Varejo,2,529.8,261.94,133.93,Venda
SKU_1748_COB,05/07/2025,Atacado,8,2479.2,1146.4,166.6,Venda
SKU_1728_MID,05/07/2025,Atacado,6,1979.4,926.16,175.54,Venda
SKU_1522_BIR,05/07/2025,Varejo,4,599.6,189.16,102.61,Venda
SKU_1780_AQU,05/07/2025,Atacado,5,1674.5,922.05,150.49,Venda
SKU_1595_FLA,05/07/2025,Varejo,1,299.9,148.3,151.6,Venda
SKU_1779_LIG,05/07/2025,Atacado,3,644.7,310.35,111.45,Venda
SKU_1762_DEN,05/07/2025,Atacado,4,1019.6,467.28,138.08,Venda
SKU_1658_MYS,05/07/2025,Varejo,2,1759.8,696.58,531.61,Venda
SKU_1539_PEA,05/07/2025,Varejo,1,349.9,134.69,215.21,Venda
SKU_1770_JAD,05/07/2025,Varejo,1,219.9,79.59,140.31,Venda
SKU_1506_PAL,05/07/2025,Atacado,6,1379.4,625.56,125.64,Venda
SKU_1704_BAB,05/07/2025,Atacado,6,2009.4,1243.68,127.62,Venda
SKU_1714_MID,05/07/2025,Atacado,6,1829.4,912.3,152.85,Venda
SKU_1761_SAP,05/07/2025,Atacado,4,4419.6,2331.32,522.07,Venda
SKU_1531_TEA,05/07/2025,Atacado,4,2199.6,1039.32,290.07,Venda
SKU_1723_COB,05/07/2025,Varejo,3,1304.7,394.47,303.41,Venda
SKU_1733_NAV,05/07/2025,Atacado,8,2799.2,1567.68,153.94,Venda
SKU_1743_CLO,05/07/2025,E-commerce,1,439.9,219.89,220.01,Venda
SKU_1671_SEA,05/07/2025,Atacado,5,1749.5,809.3,188.04,Venda
SKU_1690_MAG,05/07/2025,Atacado,3,1619.7,772.83,282.29,Venda
SKU_1725_OFF,05/07/2025,Atacado,4,979.6,420.32,139.82,Venda
SKU_1647_BLA,05/07/2025,Atacado,4,1359.6,734.16,156.36,Venda
SKU_1724_PEA,05/07/2025,Atacado,5,5574.5,2508.55,613.19,Venda
SKU_1747_FUC,05/07/2025,Varejo,1,174.9,63.31,111.59,Venda
SKU_1787_BAB,05/07/2025,Atacado,8,2319.2,1128.64,148.82,Venda
SKU_1611_BRI,05/07/2025,Atacado,12,2638.8,1253.16,115.47,Venda
SKU_1717_MIN,05/07/2025,Atacado,6,1559.4,821.04,123.06,Venda
SKU_1737_DEE,05/07/2025,E-commerce,1,769.9,253.99,515.91,Venda
SKU_1694_PIS,05/07/2025,Varejo,1,279.9,87.56,192.34,Venda
SKU_1784_EGR,05/07/2025,Varejo,1,309.9,139.22,170.68,Venda
SKU_1542_PEA,05/07/2025,Atacado,12,5638.8,2843.88,232.91,Venda
SKU_1425_WHI,05/07/2025,Varejo,3,629.7,249.66,126.68,Venda
SKU_1796_OLI,05/07/2025,E-commerce,2,1009.8,426.26,291.77,Venda
SKU_1764_FUC,05/07/2025,Atacado,8,1879.2,905.52,121.71,Venda
SKU_1747_TEA,05/07/2025,Atacado,5,874.5,459.3,83.04,Venda
SKU_1761_MOS,05/07/2025,Atacado,6,6629.4,3706.02,487.23,Venda
SKU_1693_MEX,05/07/2025,Varejo,1,204.9,71.09,133.81,Venda
SKU_1719_WHI,05/07/2025,Varejo,1,319.9,118.73,201.17,Venda
SKU_1794_LIG,05/07/2025,Varejo,1,209.9,103.14,106.76,Venda
SKU_1724_PIN,05/07/2025,Varejo,1,1114.9,385.45,729.45,Venda
SKU_1694_SER,05/07/2025,E-commerce,2,559.8,205.42,177.19,Venda
SKU_1794_FLA,05/07/2025,Atacado,3,629.7,328.29,100.47,Venda
SKU_1737_SAG,05/07/2025,Varejo,1,769.9,243.85,526.05,Venda
SKU_1747_TEA,05/07/2025,Varejo,1,174.9,64.16,110.74,Venda
SKU_1713_SAL,05/07/2025,Atacado,4,2019.6,954.4,266.3,Venda
SKU_1492_BIR,05/07/2025,Atacado,12,4498.8,2099.04,199.98,Venda
SKU_1712_MOS,05/07/2025,Varejo,1,179.9,68.25,111.65,Venda
SKU_1737_SAG,05/07/2025,Varejo,2,1539.8,682.24,428.78,Venda
SKU_1777_TUR,05/07/2025,Varejo,2,479.8,161.28,159.26,Venda
SKU_1751_BLU,05/07/2025,Atacado,8,2639.2,1360.88,159.79,Venda
SKU_1797_GAR,05/07/2025,Atacado,6,2279.4,1167.06,185.39,Venda
SKU_1760_PAS,05/07/2025,Atacado,8,1999.2,1085.2,114.25,Venda
SKU_1687_FOR,05/07/2025,Varejo,1,899.9,352.89,547.01,Venda
SKU_1701_BLU,05/07/2025,Atacado,4,1359.6,694.84,166.19,Venda
SKU_1700_PIS,05/07/2025,E-commerce,3,2099.7,888.39,403.77,Venda
SKU_1721_FRE,05/07/2025,Varejo,2,839.8,360.88,239.46,Venda
SKU_1800_MOS,05/07/2025,Varejo,1,279.9,99.27,180.63,Venda
SKU_1781_AQU,05/07/2025,Varejo,1,129.9,50.52,79.38,Venda
SKU_1701_SPA,05/07/2025,Atacado,6,2039.4,987.24,175.36,Venda
SKU_1736_PAS,05/07/2025,Varejo,1,324.9,122.85,202.05,Venda
SKU_1483_POW,05/07/2025,Atacado,4,1299.6,582.92,179.17,Venda
SKU_1688_WHI,05/07/2025,Varejo,1,429.9,179.69,250.21,Venda
SKU_1571_WHI,05/07/2025,Varejo,1,249.9,110.33,139.57,Venda
SKU_1712_MOS,05/07/2025,Varejo,1,179.9,55.36,124.54,Venda
SKU_1788_MYS,05/07/2025,Varejo,1,249.9,81.29,168.61,Venda
SKU_1800_MOS,05/07/2025,Varejo,2,559.8,187.0,186.4,Venda
SKU_1427_BLA,05/07/2025,Atacado,4,799.6,364.6,108.75,Venda
SKU_1518_LIM,05/07/2025,Varejo,4,939.6,392.72,136.72,Venda
SKU_1691_ROS,05/07/2025,Varejo,3,929.7,328.62,200.36,Venda
SKU_1419_WHI,05/07/2025,Varejo,1,249.9,79.55,170.35,Venda
SKU_1410_JAD,05/07/2025,Varejo,1,1139.9,535.22,604.68,Venda
SKU_1710_OLI,05/07/2025,Atacado,3,2429.7,1238.97,396.91,Venda
SKU_1699_CLO,05/07/2025,Atacado,6,1979.4,858.84,186.76,Venda
SKU_1766_MYS,05/07/2025,Varejo,1,394.9,162.8,232.1,Venda
SKU_1703_BLU,05/07/2025,E-commerce,1,269.9,105.89,164.01,Venda
SKU_1776_BIR,05/07/2025,Varejo,1,329.9,101.56,228.34,Venda
SKU_1683_PAL,05/07/2025,Varejo,1,314.9,146.57,168.33,Venda
SKU_1544_OLI,05/07/2025,Varejo,1,199.9,83.69,116.21,Venda
SKU_1695_CRE,05/07/2025,Atacado,6,1259.4,655.68,100.62,Venda
SKU_1764_FUC,05/07/2025,Atacado,2,469.8,250.3,109.75,Venda
SKU_1796_SHO,05/07/2025,E-commerce,1,504.9,246.59,258.31,Venda
SKU_1724_PIN,05/07/2025,Varejo,1,1114.9,374.69,740.21,Venda
SKU_1745_FOR,05/07/2025,Atacado,5,2049.5,1004.4,209.02,Venda
SKU_1741_PEA,05/07/2025,Atacado,4,959.6,508.44,112.79,Venda
SKU_1720_PAL,05/07/2025,Varejo,1,224.9,80.26,144.64,Venda
SKU_1772_SNO,05/07/2025,Varejo,1,414.9,186.6,228.3,Venda
SKU_1690_MAG,05/07/2025,Atacado,6,3239.4,1615.2,270.7,Venda
SKU_1704_BAB,05/07/2025,Atacado,8,2679.2,1620.8,132.3,Venda
SKU_1731_ARM,05/07/2025,Atacado,6,5459.4,2872.56,431.14,Venda
SKU_1792_AQU,05/07/2025,Atacado,6,2639.4,1498.38,190.17,Venda
SKU_1756_BUB,05/07/2025,Atacado,6,1079.4,625.02,75.73,Venda
SKU_1764_FUC,05/07/2025,Varejo,1,234.9,114.3,120.6,Venda
SKU_1692_OLI,05/07/2025,Varejo,1,219.9,74.56,145.34,Venda
SKU_1767_FUC,05/07/2025,Atacado,4,819.6,432.48,96.78,Venda
SKU_1543_BAB,05/07/2025,Atacado,8,5879.2,3383.04,312.02,Venda
SKU_1392_LIM,05/07/2025,Varejo,3,884.7,360.18,174.84,Venda
SKU_1597_FLA,05/07/2025,Atacado,2,1059.8,523.16,268.32,Venda
SKU_1468_BAB,05/07/2025,Atacado,3,1589.7,748.89,280.27,Venda
SKU_1681_OFF,05/07/2025,Atacado,10,2349.0,1042.4,130.66,Venda
SKU_1780_AQU,05/07/2025,Varejo,1,334.9,124.8,210.1,Venda
SKU_1722_PAS,05/07/2025,Varejo,2,649.8,210.34,219.73,Venda
SKU_1723_MOS,05/07/2025,Atacado,4,1739.6,884.72,213.72,Venda
SKU_1728_MID,05/07/2025,Atacado,6,1979.4,1043.46,155.99,Venda
SKU_1720_PAL,05/07/2025,Varejo,4,899.6,294.08,151.38,Venda
SKU_1711_ARM,05/07/2025,Atacado,5,4974.5,2097.1,575.48,Venda
SKU_1785_HUN,05/07/2025,Atacado,8,1959.2,1104.96,106.78,Venda
SKU_1654_NAV,05/07/2025,Atacado,8,2479.2,1303.92,146.91,Venda
SKU_1710_OLI,05/07/2025,Atacado,6,4859.4,2322.72,422.78,Venda
SKU_1780_LIG,05/07/2025,E-commerce,1,334.9,110.61,224.29,Venda
SKU_1690_MAG,05/07/2025,Atacado,4,2159.6,1119.12,260.12,Venda
SKU_1710_MEX,05/07/2025,Atacado,4,3239.6,1793.92,361.42,Venda
SKU_1793_MIN,05/07/2025,E-commerce,1,189.9,88.06,101.84,Venda
SKU_1794_FLA,05/07/2025,Atacado,4,839.6,437.12,100.62,Venda
SKU_1793_MIN,05/07/2025,Varejo,1,189.9,81.41,108.49,Venda
SKU_1726_PAS,05/07/2025,Varejo,2,859.8,276.64,291.58,Venda
SKU_1718_DUS,05/07/2025,Varejo,1,369.9,150.52,219.38,Venda
SKU_1694_PIS,05/07/2025,Atacado,10,2799.0,1359.3,143.97,Venda
SKU_1726_BUB,05/07/2025,Varejo,1,429.9,198.55,231.35,Venda
SKU_1698_PRI,05/07/2025,Varejo,1,419.9,208.94,210.96,Venda
SKU_1695_CRE,05/07/2025,Atacado,3,629.7,313.74,105.32,Venda
SKU_1799_DEN,05/07/2025,Varejo,2,539.8,260.52,139.64,Venda
SKU_1698_SNO,05/07/2025,E-commerce,2,839.8,389.12,225.34,Venda
SKU_1668_VAN,05/07/2025,Atacado,8,2159.2,1056.48,137.84,Venda
SKU_1799_DEN,05/07/2025,Varejo,1,269.9,97.57,172.33,Venda
SKU_1577_FLA,05/07/2025,Varejo,1,159.9,79.37,80.53,Venda
SKU_1401_GAR,05/07/2025,Atacado,3,719.7,357.03,120.89,Venda
SKU_1515_AQU,05/07/2025,E-commerce,1,194.9,61.63,133.27,Venda
SKU_1693_FLA,05/07/2025,Varejo,1,204.9,84.44,120.46,Venda
SKU_1697_PIS,05/07/2025,Atacado,4,879.6,450.28,107.33,Venda
SKU_1782_HUN,05/07/2025,Atacado,4,999.6,484.56,128.76,Venda
SKU_1699_CLO,05/07/2025,Varejo,2,659.8,269.66,195.07,Venda
SKU_1785_HUN,05/07/2025,Atacado,8,1959.2,1065.28,111.74,Venda
SKU_1771_EME,05/07/2025,Atacado,8,2119.2,977.84,142.67,Venda
SKU_1534_HUN,05/07/2025,E-commerce,2,399.8,160.22,119.79,Venda
SKU_1713_SNO,05/07/2025,E-commerce,1,504.9,217.79,287.11,Venda
SKU_1742_EME,05/07/2025,Atacado,4,1039.6,462.2,144.35,Venda
SKU_1728_MID,05/07/2025,Varejo,1,329.9,122.14,207.76,Venda
SKU_1750_MIN,05/07/2025,Varejo,1,369.9,178.83,191.07,Venda
SKU_1783_BAB,05/07/2025,Varejo,2,2399.8,987.64,706.08,Venda
SKU_1680_NAV,05/07/2025,Varejo,1,334.9,157.69,177.21,Venda
SKU_1762_BRI,05/07/2025,Atacado,5,1274.5,606.8,133.54,Venda
SKU_1548_CLO,05/07/2025,Varejo,1,474.9,200.78,274.12,Venda
SKU_1795_RAS,05/07/2025,Atacado,5,1499.5,693.0,161.3,Venda
SKU_1781_CLE,05/07/2025,Atacado,5,649.5,305.8,68.74,Venda
SKU_1756_FLA,05/07/2025,Varejo,1,179.9,65.35,114.55,Venda
SKU_1398_SPA,05/07/2025,Atacado,5,3374.5,1557.5,363.4,Venda
SKU_1762_DEN,05/07/2025,Atacado,3,764.7,357.15,135.85,Venda
SKU_1681_OFF,05/07/2025,Varejo,1,234.9,75.5,159.4,Venda
SKU_1708_FRE,05/07/2025,Varejo,2,339.8,132.34,103.73,Venda
SKU_1652_TEA,05/07/2025,Atacado,8,1759.2,881.52,109.71,Venda
SKU_1782_HUN,05/07/2025,Varejo,1,249.9,117.87,132.03,Venda
SKU_1747_FUC,05/07/2025,Varejo,2,349.8,111.62,119.09,Venda
SKU_1619_PAS,05/07/2025,Varejo,2,399.8,167.02,116.39,Venda
SKU_1783_EGR,05/07/2025,Varejo,1,1199.9,498.92,700.98,Venda
SKU_1778_TEA,05/07/2025,Atacado,5,1424.5,680.5,148.8,Venda
SKU_1755_AQU,05/07/2025,Atacado,8,2679.2,1430.16,156.13,Venda
SKU_1704_PEA,05/07/2025,Varejo,2,669.8,278.0,195.9,Venda
SKU_1471_ROS,05/07/2025,Varejo,3,614.7,286.77,109.31,Venda
SKU_1690_MYS,05/07/2025,Atacado,3,1619.7,812.88,268.94,Venda
SKU_1700_HUN,05/07/2025,E-commerce,1,699.9,228.72,471.18,Venda
SKU_1706_BLA,05/07/2025,Varejo,1,184.9,59.66,125.24,Venda
SKU_1391_LIG,05/07/2025,Atacado,6,1709.4,769.68,156.62,Venda
SKU_1769_WHI,05/07/2025,E-commerce,1,324.9,160.37,164.53,Venda
SKU_1704_PEA,05/07/2025,E-commerce,2,669.8,231.42,219.19,Venda
SKU_1781_CLE,05/07/2025,Varejo,2,259.8,120.72,69.54,Venda
SKU_1692_OLI,05/07/2025,E-commerce,1,219.9,82.85,137.05,Venda
SKU_1560_CRE,05/07/2025,Varejo,1,224.9,95.32,129.58,Venda
SKU_1698_PRI,05/07/2025,Atacado,5,2099.5,1130.55,193.79,Venda
SKU_1696_SHO,05/07/2025,E-commerce,1,279.9,132.21,147.69,Venda
SKU_1783_EGR,05/07/2025,Atacado,12,14398.8,6902.88,624.66,Venda
SKU_1717_CRE,05/07/2025,Atacado,6,1559.4,860.28,116.52,Venda
SKU_1542_PEA,05/07/2025,Atacado,10,4699.0,2431.9,226.71,Venda
SKU_1748_COB,05/07/2025,Atacado,4,1239.6,560.48,169.78,Venda
SKU_1733_NAV,05/07/2025,Varejo,1,349.9,174.89,175.01,Venda
SKU_1717_MIN,05/07/2025,Atacado,12,3118.8,1367.4,145.95,Venda
SKU_1755_BIR,05/07/2025,Atacado,6,2009.4,1177.32,138.68,Venda
SKU_1776_BIR,05/07/2025,Varejo,1,329.9,99.29,230.61,Venda
SKU_1793_WHI,05/07/2025,Varejo,1,189.9,75.52,114.38,Venda
SKU_1735_MOS,05/07/2025,Atacado,4,1079.6,491.0,147.15,Venda
SKU_1701_SPA,05/07/2025,Atacado,4,1359.6,688.56,167.76,Venda
SKU_1770_DEE,05/07/2025,Varejo,2,439.8,193.12,123.34,Venda
SKU_1765_MYS,05/07/2025,Atacado,3,779.7,486.93,97.59,Venda
SKU_1766_MYS,05/07/2025,Varejo,1,394.9,161.0,233.9,Venda
SKU_1724_PEA,05/07/2025,Varejo,2,2229.8,1021.66,604.07,Venda
SKU_1726_PAS,05/07/2025,Atacado,4,1719.6,851.32,217.07,Venda
SKU_1694_PIS,05/07/2025,Varejo,3,839.7,404.37,145.11,Venda
SKU_1751_MIN,05/07/2025,Varejo,1,329.9,104.1,225.8,Venda
SKU_1761_MOS,05/07/2025,Atacado,4,4419.6,2352.28,516.83,Venda
SKU_1665_RAS,05/07/2025,E-commerce,1,249.9,119.38,130.52,Venda
SKU_1742_EME,05/07/2025,Varejo,2,519.8,168.16,175.82,Venda
SKU_1632_SAP,05/07/2025,Atacado,3,554.7,238.47,105.41,Venda
SKU_1736_PAS,05/07/2025,Atacado,8,2599.2,1240.48,169.84,Venda
SKU_1705_SER,05/07/2025,Varejo,1,409.9,185.49,224.41,Venda
SKU_1696_SHO,05/07/2025,E-commerce,1,279.9,127.5,152.4,Venda
SKU_1462_MID,05/07/2025,E-commerce,3,1094.7,415.65,226.35,Venda
SKU_1730_OFF,05/07/2025,Varejo,2,639.8,274.86,182.47,Venda
SKU_1416_AQU,05/07/2025,Varejo,1,279.9,118.7,161.2,Venda
SKU_1757_TUR,05/07/2025,E-commerce,1,264.9,125.75,139.15,Venda
SKU_1555_RAS,05/07/2025,E-commerce,1,189.9,84.88,105.02,Venda
SKU_1729_CLE,05/07/2025,Varejo,1,174.9,69.41,105.49,Venda
SKU_1438_DEE,05/07/2025,Varejo,1,204.9,90.22,114.68,Venda
SKU_1763_HOT,05/07/2025,Atacado,8,2399.2,1070.8,166.05,Venda
SKU_1453_SAP,05/07/2025,Varejo,1,234.9,98.01,136.89,Venda
SKU_1513_RAS,05/07/2025,Atacado,5,1074.5,465.2,121.86,Venda
SKU_1713_SAL,05/07/2025,Varejo,2,1009.8,360.42,324.69,Venda
SKU_1537_BLA,05/07/2025,Atacado,8,2039.2,910.8,141.05,Venda
SKU_1456_DEN,05/07/2025,Atacado,12,3778.8,1833.6,162.1,Venda
SKU_1500_MOS,05/07/2025,Varejo,2,519.8,224.42,147.69,Venda
SKU_1498_LIG,05/07/2025,Atacado,8,2719.2,1360.72,169.81,Venda
SKU_1764_FUC,05/07/2025,Atacado,10,2349.0,1060.9,128.81,Venda
SKU_1708_FRE,05/07/2025,Varejo,2,339.8,146.3,96.75,Venda
SKU_1735_MOS,05/07/2025,Atacado,6,1619.4,680.94,156.41,Venda
SKU_1506_BRI,05/07/2025,Varejo,2,459.8,195.54,132.13,Venda
SKU_1639_WHI,05/07/2025,Atacado,5,949.5,440.15,101.87,Venda
SKU_1766_CLE,05/07/2025,Atacado,2,789.8,406.2,191.8,Venda
SKU_1401_BLU,05/07/2025,E-commerce,1,239.9,100.33,139.57,Venda
SKU_1684_HON,05/07/2025,Varejo,4,739.6,295.28,111.08,Venda
SKU_1798_OFF,05/07/2025,Varejo,1,419.9,187.03,232.87,Venda
SKU_1750_MIN,05/07/2025,Atacado,4,1479.6,630.96,212.16,Venda
SKU_1700_PIS,05/07/2025,Varejo,1,699.9,290.41,409.49,Venda
SKU_1745_FOR,05/07/2025,Varejo,4,1639.6,702.52,234.27,Venda
SKU_1642_SAL,05/07/2025,Atacado,5,1124.5,582.8,108.34,Venda
SKU_1738_BLU,05/07/2025,Varejo,1,194.9,96.84,98.06,Venda
SKU_1741_PEA,05/07/2025,E-commerce,1,239.9,73.83,166.07,Venda
SKU_1684_SHO,05/07/2025,Varejo,1,184.9,85.36,99.54,Venda
SKU_1729_FUC,05/07/2025,Varejo,4,699.6,271.2,107.1,Venda
SKU_1756_FLA,05/07/2025,Varejo,1,179.9,57.36,122.54,Venda
SKU_1795_RAS,05/07/2025,Varejo,2,599.8,256.72,171.54,Venda
SKU_1769_WHI,05/07/2025,Varejo,1,324.9,124.32,200.58,Venda
SKU_1745_PEA,05/07/2025,Varejo,3,1229.7,499.71,243.33,Venda
SKU_1716_AQU,05/07/2025,E-commerce,1,164.9,50.98,113.92,Venda
SKU_1491_GAR,05/07/2025,E-commerce,3,404.7,190.56,71.38,Venda
SKU_1578_TEA,05/07/2025,Varejo,1,124.9,41.47,83.43,Venda
SKU_1680_SEA,05/07/2025,Varejo,1,334.9,141.11,193.79,Venda
SKU_1761_MOS,05/07/2025,Varejo,2,2209.8,891.98,658.91,Venda
SKU_1534_MYS,05/07/2025,Atacado,3,599.7,324.63,91.69,Venda
SKU_1759_CLE,05/07/2025,Varejo,1,269.9,118.5,151.4,Venda
SKU_1603_PEA,05/07/2025,Varejo,1,744.9,349.8,395.1,Venda
SKU_1698_SNO,05/07/2025,Varejo,1,419.9,128.17,291.73,Venda
SKU_1693_FLA,05/07/2025,Varejo,2,409.8,148.84,130.48,Venda
SKU_1442_EME,05/07/2025,Varejo,1,289.9,131.13,158.77,Venda
SKU_1690_MYS,05/07/2025,Atacado,10,5399.0,2551.4,284.76,Venda
SKU_1589_TUR,05/07/2025,Atacado,2,1359.8,636.3,361.75,Venda
SKU_1784_EGR,05/07/2025,Atacado,12,3718.8,1723.08,166.31,Venda
SKU_1710_OLI,05/07/2025,Varejo,1,809.9,293.36,516.54,Venda
SKU_1458_MIN,05/07/2025,Varejo,2,699.8,271.24,214.28,Venda
SKU_1737_DEE,05/07/2025,Varejo,1,769.9,329.99,439.91,Venda
SKU_1764_FUC,05/07/2025,Atacado,8,1879.2,899.52,122.46,Venda
SKU_1723_COB,05/07/2025,Atacado,4,1739.6,835.24,226.09,Venda
SKU_1751_BLU,05/07/2025,Varejo,1,329.9,104.06,225.84,Venda
SKU_1701_BLU,05/07/2025,Atacado,4,1359.6,655.48,176.03,Venda
SKU_1799_DEN,05/07/2025,Atacado,6,1619.4,716.82,150.43,Venda
SKU_1684_HON,05/07/2025,Atacado,3,554.7,267.69,95.67,Venda
SKU_1764_MAR,05/07/2025,Atacado,3,704.7,396.81,102.63,Venda
SKU_1624_ARM,05/07/2025,Varejo,1,209.9,71.79,138.11,Venda
SKU_1499_HOT,05/07/2025,Varejo,2,519.8,172.54,173.63,Venda
SKU_1627_BAB,05/07/2025,E-commerce,1,329.9,150.65,179.25,Venda
SKU_1468_BAB,05/07/2025,Varejo,1,529.9,236.18,293.72,Venda
SKU_1700_HUN,05/07/2025,E-commerce,1,699.9,244.55,455.35,Venda
SKU_1745_FOR,05/07/2025,Varejo,1,409.9,158.19,251.71,Venda
SKU_1777_TUR,05/07/2025,Atacado,5,1199.5,668.75,106.15,Venda
SKU_1663_SNO,05/07/2025,Varejo,2,1589.8,539.32,525.24,Venda
SKU_1794_FLA,05/07/2025,E-commerce,1,209.9,73.35,136.55,Venda
SKU_1746_NAV,05/07/2025,Varejo,1,179.9,58.88,121.02,Venda
SKU_1510_ROS,05/07/2025,Atacado,2,1669.8,736.8,466.5,Venda
SKU_1681_OFF,05/07/2025,Varejo,1,234.9,76.83,158.07,Venda
SKU_1784_EGR,05/07/2025,Atacado,5,1549.5,880.35,133.83,Venda
SKU_1730_OFF,05/07/2025,Atacado,3,959.7,555.42,134.76,Venda
SKU_1758_HON,05/07/2025,Varejo,1,179.9,64.37,115.53,Venda
SKU_1712_NAV,05/07/2025,E-commerce,2,359.8,175.84,91.98,Venda
SKU_1616_SER,05/07/2025,Atacado,5,5124.5,2457.95,533.31,Venda
SKU_1787_BAB,05/07/2025,Varejo,1,289.9,88.86,201.04,Venda
SKU_1780_LIG,05/07/2025,E-commerce,1,334.9,130.55,204.35,Venda
SKU_1788_MYS,05/07/2025,Atacado,8,1999.2,929.2,133.75,Venda
SKU_1432_BRI,05/07/2025,Atacado,2,1439.8,805.34,317.23,Venda
SKU_1764_MAR,05/07/2025,Varejo,2,469.8,209.74,130.03,Venda
SKU_1779_MIN,05/07/2025,E-commerce,1,214.9,105.38,109.52,Venda
SKU_1741_PIN,05/07/2025,Atacado,4,959.6,475.32,121.07,Venda
SKU_1794_LIG,05/07/2025,Atacado,4,839.6,421.76,104.46,Venda
SKU_1797_GAR,05/07/2025,Varejo,1,379.9,117.89,262.01,Venda
SKU_1790_EGR,05/07/2025,E-commerce,1,259.9,115.34,144.56,Venda
SKU_1734_FRE,05/07/2025,Varejo,1,349.9,130.98,218.92,Venda
SKU_1434_MIN,05/07/2025,Atacado,3,629.7,296.94,110.92,Venda
SKU_1775_PAL,05/07/2025,Varejo,2,559.8,188.42,185.69,Venda
SKU_1416_AQU,05/07/2025,Atacado,4,1119.6,497.92,155.42,Venda
SKU_1519_BLU,05/07/2025,E-commerce,1,629.9,294.25,335.65,Venda
SKU_1750_SNO,05/07/2025,Varejo,3,1109.7,447.15,220.85,Venda
SKU_1735_MOS,05/07/2025,Varejo,2,539.8,232.74,153.53,Venda
SKU_1769_WHI,05/07/2025,Varejo,1,324.9,148.9,176.0,Venda
SKU_1718_SEA,05/07/2025,E-commerce,1,369.9,130.16,239.74,Venda
SKU_1711_VAN,05/07/2025,E-commerce,1,994.9,396.89,598.01,Venda
SKU_1801_MOS,05/07/2025,E-commerce,2,749.8,276.46,236.67,Venda
SKU_1416_AQU,05/07/2025,Atacado,10,2799.0,1302.5,149.65,Venda
SKU_1610_MEX,05/07/2025,Atacado,3,554.7,273.3,93.8,Venda
SKU_1774_MOS,05/07/2025,Atacado,5,1024.5,518.1,101.28,Venda
SKU_1487_CLE,05/07/2025,Atacado,2,669.8,357.48,156.16,Venda
SKU_1613_BIR,05/07/2025,Atacado,4,759.6,362.04,99.39,Venda
SKU_1761_MOS,05/07/2025,Varejo,1,1104.9,331.98,772.92,Venda
SKU_1611_MID,05/07/2025,Atacado,4,879.6,378.12,125.37,Venda
SKU_1771_EME,06/07/2025,Varejo,1,264.9,124.96,139.94,Venda
SKU_1583_BLU,06/07/2025,Varejo,1,254.9,125.24,129.66,Venda
SKU_1771_PIN,06/07/2025,Varejo,1,264.9,123.86,141.04,Venda
SKU_1800_MOS,06/07/2025,Varejo,1,279.9,108.47,171.43,Venda
SKU_1757_PIN,06/07/2025,Varejo,3,794.7,340.8,151.3,Venda
SKU_1755_BIR,06/07/2025,Atacado,4,1339.6,646.72,173.22,Venda
SKU_1708_FLA,06/07/2025,Varejo,1,169.9,53.81,116.09,Venda
SKU_1712_MOS,06/07/2025,Varejo,1,179.9,78.62,101.28,Venda
SKU_1769_EME,06/07/2025,Atacado,4,1299.6,623.24,169.09,Venda
SKU_1756_BUB,06/07/2025,Atacado,4,719.6,375.28,86.08,Venda
SKU_1790_EGR,06/07/2025,Varejo,1,259.9,102.79,157.11,Venda
SKU_1784_EGR,06/07/2025,Varejo,3,929.7,384.63,181.69,Venda
SKU_1402_WHI,06/07/2025,Varejo,1,234.9,110.7,124.2,Venda
SKU_1705_SER,06/07/2025,E-commerce,1,409.9,150.33,259.57,Venda
SKU_1801_MOS,06/07/2025,Varejo,1,374.9,172.29,202.61,Venda
SKU_1761_SAP,06/07/2025,Atacado,10,11049.0,5722.9,532.61,Venda
SKU_1682_BIR,06/07/2025,Varejo,1,234.9,109.89,125.01,Venda
SKU_1750_SNO,06/07/2025,Atacado,4,1479.6,701.12,194.62,Venda
SKU_1752_SNO,06/07/2025,Varejo,2,859.8,329.04,265.38,Venda
SKU_1796_SHO,06/07/2025,E-commerce,1,504.9,202.18,302.72,Venda
SKU_1690_MYS,06/07/2025,Varejo,4,2159.6,690.24,367.34,Venda
SKU_1760_OFF,06/07/2025,Atacado,5,1249.5,555.05,138.89,Venda
SKU_1770_JAD,06/07/2025,Varejo,1,219.9,77.88,142.02,Venda
SKU_1689_IVO,06/07/2025,E-commerce,1,964.9,309.67,655.23,Venda
SKU_1604_CLE,06/07/2025,Varejo,2,1209.8,406.7,401.55,Venda
SKU_1787_BAB,06/07/2025,Varejo,1,289.9,87.13,202.77,Venda
SKU_1780_AQU,06/07/2025,Atacado,3,1004.7,464.19,180.17,Venda
SKU_1759_CLE,06/07/2025,Varejo,1,269.9,114.35,155.55,Venda
SKU_1425_LIG,06/07/2025,Varejo,1,209.9,97.74,112.16,Venda
SKU_1790_ROY,06/07/2025,Atacado,10,2599.0,1149.1,144.99,Venda
SKU_1787_BAB,06/07/2025,Atacado,3,869.7,377.1,164.2,Venda
SKU_1394_FOR,06/07/2025,Atacado,4,1879.6,923.8,238.95,Venda
SKU_1793_MIN,06/07/2025,Atacado,12,2278.8,1130.04,95.73,Venda
SKU_1786_TEA,06/07/2025,Varejo,1,179.9,74.49,105.41,Venda
SKU_1753_PAL,06/07/2025,Varejo,1,789.9,252.19,537.71,Venda
SKU_1684_SHO,06/07/2025,E-commerce,1,184.9,78.8,106.1,Venda
SKU_1712_MOS,06/07/2025,Varejo,3,539.7,264.33,91.79,Venda
SKU_1739_AQU,06/07/2025,Atacado,5,1274.5,609.65,132.97,Venda
SKU_1697_PIS,06/07/2025,E-commerce,2,439.8,158.4,140.7,Venda
SKU_1681_OFF,06/07/2025,Varejo,3,704.7,332.13,124.19,Venda
SKU_1716_AQU,06/07/2025,Atacado,4,659.6,300.44,89.79,Venda
SKU_1736_JAD,06/07/2025,E-commerce,1,324.9,144.09,180.81,Venda
SKU_1681_OFF,06/07/2025,E-commerce,2,469.8,163.66,153.07,Venda
SKU_1705_SER,06/07/2025,E-commerce,1,409.9,145.76,264.14,Venda
SKU_1799_POW,06/07/2025,Varejo,2,539.8,239.26,150.27,Venda
SKU_1531_SNO,06/07/2025,Varejo,1,549.9,170.79,379.11,Venda
SKU_1799_DEN,06/07/2025,E-commerce,1,269.9,100.38,169.52,Venda
SKU_1686_MOS,06/07/2025,E-commerce,1,214.9,95.29,119.61,Venda
SKU_1719_WHI,06/07/2025,E-commerce,1,319.9,99.56,220.34,Venda
SKU_1666_PAS,06/07/2025,Atacado,6,4799.4,2271.66,421.29,Venda
SKU_1724_PEA,06/07/2025,Atacado,3,3344.7,1419.24,641.82,Venda
SKU_1715_HON,06/07/2025,Varejo,1,219.9,107.72,112.18,Venda
SKU_1696_SER,06/07/2025,Atacado,10,2799.0,1537.3,126.17,Venda
SKU_1753_PAL,06/07/2025,Atacado,6,4739.4,2491.62,374.63,Venda
SKU_1776_BIR,06/07/2025,Atacado,6,1979.4,1033.02,157.73,Venda
SKU_1765_PAS,06/07/2025,Atacado,3,779.7,357.48,140.74,Venda
SKU_1738_ROY,06/07/2025,Atacado,8,1559.2,744.0,101.9,Venda
SKU_1738_ROY,06/07/2025,Varejo,1,194.9,88.05,106.85,Venda
SKU_1679_SHO,06/07/2025,Atacado,2,1839.8,1034.46,402.67,Venda
SKU_1734_FRE,06/07/2025,Atacado,3,1049.7,494.04,185.22,Venda
SKU_1489_IVO,06/07/2025,Atacado,4,1479.6,783.92,173.92,Venda
SKU_1676_NAV,06/07/2025,Varejo,2,339.8,115.56,112.12,Venda
SKU_1791_ARM,06/07/2025,Atacado,6,1589.4,894.78,115.77,Venda
SKU_1762_DEN,06/07/2025,Atacado,12,3058.8,1434.6,135.35,Venda
SKU_1478_COB,06/07/2025,Atacado,5,974.5,509.4,93.02,Venda
SKU_1664_PIN,06/07/2025,E-commerce,1,329.9,137.03,192.87,Venda
SKU_1714_MID,06/07/2025,E-commerce,1,304.9,151.42,153.48,Venda
SKU_1679_GAR,06/07/2025,Atacado,8,7359.2,3205.36,519.23,Venda
SKU_1761_SAP,06/07/2025,Atacado,2,2209.8,1045.4,582.2,Venda
SKU_1661_CER,06/07/2025,Atacado,12,11878.8,5937.84,495.08,Venda
SKU_1488_PEA,06/07/2025,Atacado,6,2039.4,877.26,193.69,Venda
SKU_1777_TUR,06/07/2025,Varejo,1,239.9,75.78,164.12,Venda
SKU_1660_MAG,06/07/2025,E-commerce,1,314.9,99.71,215.19,Venda
SKU_1705_JAD,06/07/2025,Varejo,1,409.9,190.84,219.06,Venda
SKU_1739_MOS,06/07/2025,Varejo,1,254.9,96.4,158.5,Venda
SKU_1795_HUN,06/07/2025,Atacado,2,599.8,292.98,153.41,Venda
SKU_1791_ARM,06/07/2025,Varejo,1,264.9,99.9,165.0,Venda
SKU_1734_BRI,06/07/2025,Varejo,1,349.9,151.84,198.06,Venda
SKU_1392_LIM,06/07/2025,Atacado,4,1179.6,573.08,151.63,Venda
SKU_1717_CRE,06/07/2025,Varejo,1,259.9,129.29,130.61,Venda
SKU_1632_SAP,06/07/2025,Atacado,4,739.6,391.12,87.12,Venda
SKU_1575_AQU,06/07/2025,Varejo,1,864.9,393.45,471.45,Venda
SKU_1742_DEN,06/07/2025,Varejo,2,519.8,195.42,162.19,Venda
SKU_1724_PIN,06/07/2025,E-commerce,1,1114.9,530.91,583.99,Venda
SKU_1771_PIN,06/07/2025,Varejo,1,264.9,111.33,153.57,Venda
SKU_1710_OLI,06/07/2025,Atacado,5,4049.5,2318.8,346.14,Venda
SKU_1699_COB,06/07/2025,Varejo,2,659.8,200.84,229.48,Venda
SKU_1497_VAN,06/07/2025,Varejo,1,134.9,63.65,71.25,Venda
SKU_1659_MOS,06/07/2025,Atacado,3,3074.7,1572.15,500.85,Venda
SKU_1701_SPA,06/07/2025,Varejo,2,679.8,297.86,190.97,Venda
SKU_1776_PAS,06/07/2025,Atacado,2,659.8,349.48,155.16,Venda
SKU_1749_BIR,06/07/2025,Atacado,5,1749.5,741.65,201.57,Venda
SKU_1772_BLU,06/07/2025,E-commerce,3,1244.7,524.07,240.21,Venda
SKU_1652_TEA,06/07/2025,Atacado,8,1759.2,772.56,123.33,Venda
SKU_1719_OFF,06/07/2025,Atacado,4,1279.6,626.72,163.22,Venda
SKU_1710_MEX,06/07/2025,Varejo,1,809.9,352.52,457.38,Venda
SKU_1761_MOS,06/07/2025,Atacado,5,5524.5,2902.65,524.37,Venda
SKU_1758_CLO,06/07/2025,Atacado,8,1439.2,671.04,96.02,Venda
SKU_1779_MIN,06/07/2025,Atacado,2,429.8,216.94,106.43,Venda
SKU_1739_MOS,06/07/2025,Atacado,12,3058.8,1650.96,117.32,Venda
SKU_1688_WHI,06/07/2025,E-commerce,1,429.9,197.6,232.3,Venda
SKU_1468_MYS,06/07/2025,Varejo,4,2119.6,975.68,285.98,Venda
SKU_1705_SER,06/07/2025,Atacado,5,2049.5,1073.25,195.25,Venda
SKU_1702_COR,06/07/2025,Atacado,6,3719.4,1779.48,323.32,Venda
SKU_1778_TEA,06/07/2025,Atacado,4,1139.6,507.48,158.03,Venda
SKU_1400_PAL,06/07/2025,Atacado,6,1259.4,563.46,115.99,Venda
SKU_1684_SHO,06/07/2025,Varejo,2,369.8,166.96,101.42,Venda
SKU_1745_FOR,06/07/2025,Atacado,3,1229.7,547.26,227.48,Venda
SKU_1767_FUC,06/07/2025,Varejo,1,204.9,81.37,123.53,Venda
SKU_1727_LIG,06/07/2025,Atacado,8,1239.2,560.8,84.8,Venda
SKU_1729_FUC,06/07/2025,Varejo,1,174.9,64.76,110.14,Venda
SKU_1760_OFF,06/07/2025,Varejo,3,749.7,276.3,157.8,Venda
SKU_1510_SNO,06/07/2025,E-commerce,1,834.9,350.01,484.89,Venda
SKU_1495_BLA,06/07/2025,Varejo,1,329.9,110.4,219.5,Venda
SKU_1394_FOR,06/07/2025,Atacado,3,1409.7,748.38,220.44,Venda
SKU_1701_SPA,06/07/2025,Atacado,8,2719.2,1482.8,154.55,Venda
SKU_1737_SAG,06/07/2025,Atacado,8,6159.2,3064.08,386.89,Venda
SKU_1742_EME,06/07/2025,Atacado,6,1559.4,673.26,147.69,Venda
SKU_1690_MYS,06/07/2025,Atacado,3,1619.7,808.44,270.42,Venda
SKU_1693_MEX,06/07/2025,Varejo,1,204.9,67.71,137.19,Venda
SKU_1740_OLI,06/07/2025,Atacado,6,1289.4,600.84,114.76,Venda
SKU_1787_BAB,06/07/2025,E-commerce,1,289.9,110.32,179.58,Venda
SKU_1792_AQU,06/07/2025,Varejo,1,439.9,160.03,279.87,Venda
SKU_1685_BIR,06/07/2025,Varejo,1,664.9,247.83,417.07,Venda
SKU_1743_DEE,06/07/2025,Varejo,2,879.8,285.9,296.95,Venda
SKU_1410_JAD,06/07/2025,Atacado,5,5699.5,2582.1,623.48,Venda
SKU_1796_OLI,06/07/2025,Atacado,6,3029.4,1443.18,264.37,Venda
SKU_1741_PIN,06/07/2025,E-commerce,1,239.9,93.24,146.66,Venda
SKU_1757_PIN,06/07/2025,Atacado,3,794.7,459.27,111.81,Venda
SKU_1784_BLA,06/07/2025,Atacado,12,3718.8,1798.8,160.0,Venda
SKU_1421_SER,06/07/2025,Varejo,3,689.7,216.54,157.72,Venda
SKU_1793_WHI,06/07/2025,Varejo,1,189.9,83.83,106.07,Venda
SKU_1596_BIR,06/07/2025,Atacado,4,1099.6,536.72,140.72,Venda
SKU_1728_EGR,06/07/2025,Atacado,12,3958.8,1691.04,188.98,Venda
SKU_1772_BLU,06/07/2025,Atacado,3,1244.7,682.02,187.56,Venda
SKU_1669_TEA,06/07/2025,Atacado,10,1999.0,877.1,112.19,Venda
SKU_1772_SNO,06/07/2025,Atacado,2,829.8,407.54,211.13,Venda
SKU_1717_CRE,06/07/2025,Atacado,4,1039.6,520.08,129.88,Venda
SKU_1638_PEA,06/07/2025,Varejo,2,2279.8,893.66,693.07,Venda
SKU_1705_SER,06/07/2025,Atacado,10,4099.0,2031.2,206.78,Venda
SKU_1697_MIN,06/07/2025,Varejo,1,219.9,83.4,136.5,Venda
SKU_1582_WHI,06/07/2025,Varejo,1,229.9,85.95,143.95,Venda
SKU_1715_HON,06/07/2025,Atacado,4,879.6,383.48,124.03,Venda
SKU_1763_HOT,06/07/2025,Varejo,1,299.9,105.28,194.62,Venda
SKU_1756_BUB,06/07/2025,Varejo,1,179.9,65.63,114.27,Venda
SKU_1418_MOS,06/07/2025,Atacado,12,10138.8,5718.24,368.38,Venda
SKU_1569_PAS,06/07/2025,Atacado,10,2199.0,1051.2,114.78,Venda
SKU_1709_MAR,06/07/2025,E-commerce,1,209.9,89.61,120.29,Venda
SKU_1602_AQU,06/07/2025,Atacado,2,459.8,211.12,124.34,Venda
SKU_1743_CLO,06/07/2025,Varejo,1,439.9,144.28,295.62,Venda
SKU_1743_DEE,06/07/2025,E-commerce,1,439.9,218.83,221.07,Venda
SKU_1797_GAR,06/07/2025,Atacado,8,3039.2,1540.72,187.31,Venda
SKU_1504_EME,06/07/2025,Atacado,4,1359.6,588.36,192.81,Venda
SKU_1686_SKY,06/07/2025,Varejo,1,214.9,79.88,135.02,Venda
SKU_1727_LIG,06/07/2025,Varejo,1,154.9,57.94,96.96,Venda
SKU_1784_EGR,06/07/2025,E-commerce,1,309.9,101.69,208.21,Venda
SKU_1396_PAS,06/07/2025,Atacado,6,809.4,373.14,72.71,Venda
SKU_1685_COB,06/07/2025,Varejo,1,664.9,271.66,393.24,Venda
SKU_1690_MAG,06/07/2025,Varejo,2,1079.8,341.2,369.3,Venda
SKU_1722_AQU,06/07/2025,Atacado,4,1299.6,643.36,164.06,Venda
SKU_1685_BIR,06/07/2025,Varejo,1,664.9,299.71,365.19,Venda
SKU_1481_BLA,06/07/2025,Atacado,10,8099.0,4184.3,391.47,Venda
SKU_1775_PAS,06/07/2025,E-commerce,1,279.9,132.39,147.51,Venda
SKU_1695_CRE,06/07/2025,Atacado,3,629.7,317.37,104.11,Venda
SKU_1783_BAB,06/07/2025,Atacado,8,9599.2,5026.48,571.59,Venda
SKU_1498_LIG,06/07/2025,Atacado,6,2039.4,1158.9,146.75,Venda
SKU_1720_PAS,06/07/2025,Varejo,1,224.9,97.04,127.86,Venda
SKU_1717_MIN,06/07/2025,Varejo,2,519.8,164.26,177.77,Venda
SKU_1656_SNO,06/07/2025,Varejo,4,939.6,444.12,123.87,Venda
SKU_1686_SKY,06/07/2025,Varejo,1,214.9,105.99,108.91,Venda
SKU_1695_CRE,06/07/2025,Varejo,3,629.7,231.24,132.82,Venda
SKU_1458_PEA,06/07/2025,Atacado,5,1749.5,839.7,181.96,Venda
SKU_1675_CRE,06/07/2025,Varejo,1,764.9,313.86,451.04,Venda
SKU_1747_TEA,06/07/2025,Atacado,5,874.5,393.25,96.25,Venda
SKU_1498_OLI,06/07/2025,Varejo,1,339.9,114.68,225.22,Venda
SKU_1702_LIG,06/07/2025,Atacado,6,3719.4,2032.56,281.14,Venda
SKU_1726_BUB,06/07/2025,Atacado,2,859.8,468.96,195.42,Venda
SKU_1734_BRI,06/07/2025,Varejo,1,349.9,105.35,244.55,Venda
SKU_1739_AQU,06/07/2025,Atacado,6,1529.4,664.68,144.12,Venda
SKU_1704_BAB,06/07/2025,Varejo,1,334.9,129.43,205.47,Venda
SKU_1597_FLA,06/07/2025,Varejo,2,1059.8,480.86,289.47,Venda
SKU_1773_OLI,06/07/2025,Varejo,1,324.9,131.76,193.14,Venda
SKU_1751_MIN,06/07/2025,Atacado,12,3958.8,1818.84,178.33,Venda
SKU_1710_MEX,06/07/2025,Atacado,4,3239.6,1483.32,439.07,Venda
SKU_1769_WHI,06/07/2025,E-commerce,1,324.9,120.28,204.62,Venda
SKU_1715_JAD,06/07/2025,E-commerce,1,219.9,73.94,145.96,Venda
SKU_1787_BAB,06/07/2025,Atacado,8,2319.2,1214.8,138.05,Venda
SKU_1748_BAB,06/07/2025,E-commerce,2,619.8,223.08,198.36,Venda
SKU_1788_EME,06/07/2025,Varejo,1,249.9,86.15,163.75,Venda
SKU_1683_PAL,06/07/2025,E-commerce,3,944.7,290.55,218.05,Venda
SKU_1751_BLU,06/07/2025,Varejo,1,329.9,156.16,173.74,Venda
SKU_1739_AQU,06/07/2025,Varejo,2,509.8,246.42,131.69,Venda
SKU_1505_BLU,06/07/2025,Varejo,1,234.9,102.62,132.28,Venda
SKU_1775_PAL,06/07/2025,Varejo,2,559.8,223.94,167.93,Venda
SKU_1785_HUN,06/07/2025,Atacado,8,1959.2,1005.2,119.25,Venda
SKU_1711_VAN,06/07/2025,Varejo,1,994.9,494.73,500.17,Venda
SKU_1709_MAR,06/07/2025,E-commerce,1,209.9,89.3,120.6,Venda
SKU_1685_BIR,06/07/2025,E-commerce,1,664.9,230.86,434.04,Venda
SKU_1743_CLO,06/07/2025,E-commerce,1,439.9,137.85,302.05,Venda
SKU_1723_MOS,06/07/2025,Atacado,5,2174.5,1250.0,184.9,Venda
SKU_1426_NAV,06/07/2025,Atacado,2,259.8,119.12,70.34,Venda
SKU_1757_TUR,06/07/2025,Varejo,1,264.9,90.67,174.23,Venda
SKU_1555_FUC,06/07/2025,Atacado,4,759.6,358.2,100.35,Venda
SKU_1733_SAG,06/07/2025,Atacado,3,1049.7,578.58,157.04,Venda
SKU_1767_PRI,06/07/2025,Varejo,1,204.9,68.41,136.49,Venda
SKU_1704_PEA,06/07/2025,Atacado,6,2009.4,994.86,169.09,Venda
SKU_1718_SEA,06/07/2025,Atacado,12,4438.8,2204.04,186.23,Venda
SKU_1794_FLA,06/07/2025,Varejo,1,209.9,95.65,114.25,Venda
SKU_1424_BAB,06/07/2025,Atacado,5,4974.5,2379.75,518.95,Venda
SKU_1748_BAB,06/07/2025,Atacado,2,619.8,330.42,144.69,Venda
SKU_1426_SEA,06/07/2025,E-commerce,1,129.9,54.62,75.28,Venda
SKU_1758_HON,06/07/2025,Varejo,2,359.8,112.0,123.9,Venda
SKU_1723_COB,06/07/2025,Atacado,6,2609.4,1130.34,246.51,Venda
SKU_1433_SAP,06/07/2025,Atacado,5,1574.5,786.35,157.63,Venda
SKU_1713_SNO,06/07/2025,Atacado,12,6058.8,2961.6,258.1,Venda
SKU_1761_SAP,06/07/2025,Varejo,4,4419.6,2195.76,555.96,Venda
SKU_1445_PRI,06/07/2025,Varejo,1,409.9,127.99,281.91,Venda
SKU_1702_LIG,06/07/2025,Atacado,4,2479.6,1508.52,242.77,Venda
SKU_1738_ROY,06/07/2025,E-commerce,1,194.9,89.64,105.26,Venda
SKU_1687_WHI,06/07/2025,Varejo,2,1799.8,807.0,496.4,Venda
SKU_1698_PRI,06/07/2025,Varejo,1,419.9,204.71,215.19,Venda
SKU_1686_MOS,06/07/2025,Varejo,1,214.9,66.37,148.53,Venda
SKU_1730_OFF,06/07/2025,Varejo,1,319.9,114.1,205.8,Venda
SKU_1729_FUC,06/07/2025,Varejo,1,174.9,68.06,106.84,Venda
SKU_1692_BLU,06/07/2025,Varejo,2,439.8,212.32,113.74,Venda
SKU_1425_WHI,06/07/2025,E-commerce,1,209.9,74.28,135.62,Venda
SKU_1726_BUB,06/07/2025,E-commerce,2,859.8,380.3,239.75,Venda
SKU_1692_BLU,06/07/2025,E-commerce,1,219.9,87.19,132.71,Venda
SKU_1712_NAV,06/07/2025,Atacado,2,359.8,163.62,98.09,Venda
SKU_1781_AQU,06/07/2025,Atacado,5,649.5,291.1,71.68,Venda
SKU_1756_BUB,06/07/2025,Varejo,4,719.6,244.28,118.83,Venda
SKU_1794_FLA,06/07/2025,Atacado,5,1049.5,500.85,109.73,Venda
SKU_1700_HUN,06/07/2025,Varejo,1,699.9,248.02,451.88,Venda
SKU_1801_FLA,06/07/2025,Atacado,6,2249.4,1083.9,194.25,Venda
SKU_1681_OFF,06/07/2025,Varejo,1,234.9,71.39,163.51,Venda
SKU_1745_PEA,06/07/2025,E-commerce,1,409.9,169.36,240.54,Venda
SKU_1637_WHI,06/07/2025,Varejo,1,919.9,396.86,523.04,Venda
SKU_1774_COB,06/07/2025,Varejo,1,204.9,84.05,120.85,Venda
SKU_1590_HOT,06/07/2025,Atacado,3,569.7,248.91,106.93,Venda
SKU_1714_DEE,06/07/2025,Atacado,5,1524.5,808.25,143.25,Venda
SKU_1495_BLA,06/07/2025,Atacado,5,1649.5,816.6,166.58,Venda
SKU_1785_HUN,06/07/2025,Atacado,3,734.7,371.94,120.92,Venda
SKU_1690_MYS,06/07/2025,Varejo,1,539.9,231.84,308.06,Venda
SKU_1711_VAN,06/07/2025,Atacado,10,9949.0,5663.2,428.58,Venda
SKU_1674_WHI,06/07/2025,Varejo,2,459.8,172.52,143.64,Venda
SKU_1800_SKY,06/07/2025,Atacado,5,1399.5,730.3,133.84,Venda
SKU_1723_MOS,06/07/2025,Atacado,2,869.8,400.38,234.71,Venda
SKU_1728_EGR,06/07/2025,Varejo,1,329.9,156.82,173.08,Venda
SKU_1732_WHI,06/07/2025,E-commerce,1,1114.9,391.99,722.91,Venda
SKU_1703_BLU,06/07/2025,Atacado,8,2159.2,945.44,151.72,Venda
SKU_1725_BAB,06/07/2025,Varejo,1,244.9,121.77,123.13,Venda
SKU_1399_PAL,06/07/2025,Atacado,8,2159.2,1094.4,133.1,Venda
SKU_1448_SKY,06/07/2025,Varejo,1,179.9,75.06,104.84,Venda
SKU_1779_MIN,06/07/2025,Atacado,6,1289.4,654.36,105.84,Venda
SKU_1779_LIG,06/07/2025,Varejo,2,429.8,191.46,119.17,Venda
SKU_1724_PIN,06/07/2025,Atacado,4,4459.6,2316.28,535.83,Venda
SKU_1725_OFF,06/07/2025,Atacado,2,489.8,207.36,141.22,Venda
SKU_1484_EGR,06/07/2025,Varejo,2,919.8,344.78,287.51,Venda
SKU_1723_COB,06/07/2025,Atacado,3,1304.7,670.32,211.46,Venda
SKU_1788_MYS,06/07/2025,Varejo,3,749.7,300.75,149.65,Venda
SKU_1729_FUC,06/07/2025,Varejo,2,349.8,142.7,103.55,Venda
SKU_1718_SEA,06/07/2025,Varejo,1,369.9,137.61,232.29,Venda
SKU_1703_BLU,06/07/2025,Varejo,1,269.9,99.66,170.24,Venda
SKU_1475_MIN,06/07/2025,E-commerce,1,249.9,104.48,145.42,Venda
SKU_1718_SEA,06/07/2025,Atacado,5,1849.5,966.75,176.55,Venda
SKU_1800_MOS,06/07/2025,Varejo,1,279.9,135.38,144.52,Venda
SKU_1793_MIN,06/07/2025,Varejo,1,189.9,83.21,106.69,Venda
SKU_1708_FRE,06/07/2025,Varejo,1,169.9,72.58,97.32,Venda
SKU_1761_MOS,06/07/2025,Varejo,1,1104.9,549.17,555.73,Venda
SKU_1706_BLA,06/07/2025,Varejo,1,184.9,65.47,119.43,Venda
SKU_1698_SNO,06/07/2025,Varejo,4,1679.6,804.64,218.74,Venda
SKU_1794_FLA,06/07/2025,E-commerce,2,419.8,153.2,133.3,Venda
SKU_1465_OFF,06/07/2025,Atacado,5,1574.5,974.55,119.99,Venda
SKU_1733_NAV,06/07/2025,Atacado,2,699.8,381.9,158.95,Venda
SKU_1690_MYS,06/07/2025,Varejo,1,539.9,232.56,307.34,Venda
SKU_1719_OFF,06/07/2025,Varejo,1,319.9,159.21,160.69,Venda
SKU_1750_MIN,06/07/2025,Atacado,3,1109.7,526.08,194.54,Venda
SKU_1743_DEE,06/07/2025,Atacado,2,879.8,432.34,223.73,Venda
SKU_1760_OFF,06/07/2025,Varejo,1,249.9,110.09,139.81,Venda
SKU_1716_AQU,06/07/2025,E-commerce,1,164.9,62.79,102.11,Venda
SKU_1747_TEA,06/07/2025,Varejo,1,174.9,64.5,110.4,Venda
SKU_1790_EGR,06/07/2025,Atacado,3,779.7,350.34,143.12,Venda
SKU_1749_BIR,06/07/2025,Atacado,5,1749.5,875.75,174.75,Venda
SKU_1748_BAB,06/07/2025,E-commerce,1,309.9,147.13,162.77,Venda
SKU_1690_MYS,06/07/2025,E-commerce,2,1079.8,401.56,339.12,Venda
SKU_1729_CLE,06/07/2025,Varejo,1,174.9,65.61,109.29,Venda
SKU_1687_FOR,06/07/2025,E-commerce,1,899.9,409.23,490.67,Venda
SKU_1536_MOS,06/07/2025,Varejo,1,344.9,106.05,238.85,Venda
SKU_1604_SNO,06/07/2025,Varejo,2,1209.8,399.72,405.04,Venda
SKU_1748_COB,06/07/2025,Atacado,3,929.7,449.52,160.06,Venda
SKU_1497_VAN,06/07/2025,Varejo,1,134.9,51.16,83.74,Venda
SKU_1710_OLI,06/07/2025,Atacado,5,4049.5,1937.35,422.43,Venda
SKU_1684_SHO,06/07/2025,Varejo,1,184.9,62.11,122.79,Venda
SKU_1547_IVO,06/07/2025,Atacado,4,1319.6,663.28,164.08,Venda
SKU_1733_NAV,06/07/2025,Atacado,8,2799.2,1367.84,178.92,Venda
SKU_1696_SHO,06/07/2025,E-commerce,1,279.9,134.39,145.51,Venda
SKU_1794_LIG,06/07/2025,Atacado,12,2518.8,1214.4,108.7,Venda
SKU_1774_MOS,06/07/2025,Atacado,10,2049.0,1072.0,97.7,Venda
SKU_1738_ROY,06/07/2025,E-commerce,1,194.9,82.82,112.08,Venda
SKU_1682_BIR,06/07/2025,Varejo,1,234.9,101.99,132.91,Venda
SKU_1727_LIG,06/07/2025,Atacado,5,774.5,342.95,86.31,Venda
SKU_1744_EME,06/07/2025,Atacado,6,1589.4,781.2,134.7,Venda
SKU_1621_PAS,06/07/2025,Varejo,1,234.9,115.95,118.95,Venda
SKU_1694_SER,06/07/2025,Varejo,1,279.9,99.52,180.38,Venda
SKU_1588_CRE,06/07/2025,Atacado,6,2939.4,1542.84,232.76,Venda
SKU_1721_COR,06/07/2025,Varejo,1,419.9,196.43,223.47,Venda
SKU_1657_SPA,06/07/2025,Atacado,10,2149.0,1065.4,108.36,Venda
SKU_1423_SAG,06/07/2025,Atacado,8,9599.2,4528.16,633.88,Venda
SKU_1570_MEX,06/07/2025,Atacado,5,3574.5,1591.5,396.6,Venda
SKU_1430_JAD,06/07/2025,Atacado,6,1079.4,552.54,87.81,Venda
SKU_1696_SER,06/07/2025,Atacado,5,1399.5,645.55,150.79,Venda
SKU_1502_VAN,06/07/2025,Atacado,6,1259.4,713.94,90.91,Venda
SKU_1506_PAL,06/07/2025,Atacado,5,1149.5,523.35,125.23,Venda
SKU_1700_HUN,06/07/2025,Varejo,1,699.9,304.54,395.36,Venda
SKU_1776_PAS,06/07/2025,E-commerce,1,329.9,106.73,223.17,Venda
SKU_1709_CRE,06/07/2025,E-commerce,1,209.9,92.03,117.87,Venda
SKU_1685_BIR,06/07/2025,E-commerce,1,664.9,253.29,411.61,Venda
SKU_1658_MYS,06/07/2025,Varejo,1,879.9,424.14,455.76,Venda
SKU_1796_OLI,06/07/2025,Varejo,2,1009.8,374.2,317.8,Venda
SKU_1716_SAL,06/07/2025,Atacado,6,989.4,421.74,94.61,Venda
SKU_1680_NAV,06/07/2025,Atacado,12,4018.8,1774.92,186.99,Venda
SKU_1776_PAS,06/07/2025,Varejo,1,329.9,156.46,173.44,Venda
SKU_1697_MIN,06/07/2025,Atacado,5,1099.5,496.6,120.58,Venda
SKU_1565_BAB,06/07/2025,Varejo,1,359.9,121.26,238.64,Venda
SKU_1740_OLI,06/07/2025,Varejo,2,429.8,182.42,123.69,Venda
SKU_1692_OLI,06/07/2025,Atacado,8,1759.2,937.76,102.68,Venda
SKU_1749_SNO,06/07/2025,Atacado,3,1049.7,474.78,191.64,Venda
SKU_1390_PAS,06/07/2025,Varejo,1,229.9,111.79,118.11,Venda
SKU_1791_IVO,06/07/2025,Varejo,3,794.7,394.38,133.44,Venda
SKU_1698_SNO,06/07/2025,Atacado,5,2099.5,1068.05,206.29,Venda
SKU_1791_IVO,06/07/2025,Varejo,1,264.9,102.89,162.01,Venda
SKU_1689_IVO,06/07/2025,E-commerce,1,964.9,336.37,628.53,Venda
SKU_1756_BUB,06/07/2025,Atacado,10,1799.0,809.2,98.98,Venda
SKU_1708_FRE,06/07/2025,Varejo,2,339.8,128.98,105.41,Venda
SKU_1754_SER,06/07/2025,Atacado,4,1359.6,698.36,165.31,Venda
SKU_1791_IVO,06/07/2025,Atacado,3,794.7,417.36,125.78,Venda
SKU_1746_EME,06/07/2025,Atacado,8,1439.2,682.16,94.63,Venda
SKU_1768_PEA,06/07/2025,Atacado,5,3124.5,1625.65,299.77,Venda
SKU_1717_MIN,06/07/2025,Atacado,3,779.7,482.79,98.97,Venda
SKU_1777_TUR,06/07/2025,Varejo,1,239.9,83.3,156.6,Venda
SKU_1768_PEA,06/07/2025,Atacado,5,3124.5,1514.25,322.05,Venda
SKU_1588_PAS,06/07/2025,Varejo,1,489.9,166.48,323.42,Venda
SKU_1684_HON,06/07/2025,Varejo,2,369.8,128.26,120.77,Venda
SKU_1700_HUN,06/07/2025,Varejo,3,2099.7,715.5,461.4,Venda
SKU_1703_BLU,06/07/2025,E-commerce,1,269.9,99.07,170.83,Venda
SKU_1776_PAS,06/07/2025,Varejo,1,329.9,99.82,230.08,Venda
SKU_1767_FUC,06/07/2025,Atacado,4,819.6,460.4,89.8,Venda
SKU_1758_HON,06/07/2025,E-commerce,2,359.8,162.66,98.57,Venda
SKU_1766_CLE,06/07/2025,Atacado,4,1579.6,741.04,209.64,Venda
SKU_1785_HUN,06/07/2025,E-commerce,3,734.7,308.25,142.15,Venda
SKU_1749_SNO,06/07/2025,Atacado,2,699.8,332.42,183.69,Venda
SKU_1775_PAL,06/07/2025,Varejo,3,839.7,300.69,179.67,Venda
SKU_1690_MAG,06/07/2025,Varejo,1,539.9,164.8,375.1,Venda
SKU_1773_FRE,06/07/2025,Atacado,2,649.8,284.08,182.86,Venda
SKU_1458_PEA,06/07/2025,Varejo,1,349.9,113.69,236.21,Venda
SKU_1682_OLI,06/07/2025,Atacado,4,939.6,414.6,131.25,Venda
SKU_1773_OLI,06/07/2025,Varejo,1,324.9,162.42,162.48,Venda
SKU_1686_SKY,06/07/2025,Varejo,1,214.9,78.54,136.36,Venda
SKU_1555_RAS,06/07/2025,Atacado,4,759.6,389.44,92.54,Venda
SKU_1748_BAB,06/07/2025,E-commerce,2,619.8,268.62,175.59,Venda
SKU_1687_WHI,06/07/2025,Atacado,5,4499.5,1900.85,519.73,Venda
SKU_1703_BLU,06/07/2025,Varejo,2,539.8,187.6,176.1,Venda
SKU_1750_SNO,06/07/2025,Atacado,8,2959.2,1508.4,181.35,Venda
SKU_1780_AQU,06/07/2025,E-commerce,1,334.9,158.15,176.75,Venda
SKU_1779_LIG,06/07/2025,Varejo,1,214.9,89.29,125.61,Venda
SKU_1685_COB,06/07/2025,Varejo,2,1329.8,524.66,402.57,Venda
SKU_1514_SPA,06/07/2025,E-commerce,1,829.9,304.44,525.46,Venda
SKU_1725_BAB,06/07/2025,Varejo,1,244.9,104.67,140.23,Venda
SKU_1468_MYS,06/07/2025,Atacado,2,1059.8,597.82,230.99,Venda
SKU_1801_MOS,06/07/2025,Atacado,2,749.8,355.44,197.18,Venda
SKU_1726_BUB,06/07/2025,Atacado,8,3439.2,1617.6,227.7,Venda
SKU_1790_ROY,06/07/2025,Atacado,5,1299.5,604.15,139.07,Venda
SKU_1588_CRE,06/07/2025,Atacado,5,2449.5,1039.2,282.06,Venda
SKU_1497_FUC,06/07/2025,E-commerce,1,134.9,42.1,92.8,Venda
SKU_1688_LIG,06/07/2025,Varejo,1,429.9,158.7,271.2,Venda
SKU_1729_CLE,06/07/2025,Atacado,5,874.5,477.15,79.47,Venda
SKU_1734_BRI,06/07/2025,Atacado,6,2099.4,1042.38,176.17,Venda
SKU_1755_BIR,06/07/2025,Varejo,1,334.9,111.48,223.42,Venda
SKU_1751_MIN,06/07/2025,E-commerce,1,329.9,146.49,183.41,Venda
SKU_1729_CLE,06/07/2025,Atacado,4,699.6,327.76,92.96,Venda
SKU_1641_SER,06/07/2025,Atacado,4,1299.6,639.2,165.1,Venda
SKU_1785_HUN,06/07/2025,E-commerce,1,244.9,118.23,126.67,Venda
SKU_1706_BLA,06/07/2025,Varejo,1,184.9,59.44,125.46,Venda
SKU_1788_MYS,06/07/2025,Varejo,1,249.9,111.03,138.87,Venda
SKU_1727_LIG,06/07/2025,Atacado,2,309.8,151.28,79.26,Venda
SKU_1586_EGR,06/07/2025,Atacado,4,1219.6,576.04,160.89,Venda
SKU_1397_BUB,06/07/2025,Atacado,3,704.7,370.23,111.49,Venda
SKU_1541_AQU,06/07/2025,Atacado,6,4049.4,1911.24,356.36,Venda
SKU_1790_ROY,06/07/2025,E-commerce,1,259.9,125.46,134.44,Venda
SKU_1739_AQU,06/07/2025,Atacado,6,1529.4,719.52,134.98,Venda
SKU_1591_MYS,06/07/2025,Varejo,1,889.9,406.8,483.1,Venda
SKU_1693_MEX,06/07/2025,Varejo,1,204.9,69.16,135.74,Venda
SKU_1728_MID,06/07/2025,Atacado,6,1979.4,884.46,182.49,Venda
SKU_1793_MIN,06/07/2025,Varejo,1,189.9,74.32,115.58,Venda
SKU_1778_TEA,06/07/2025,Atacado,5,1424.5,615.85,161.73,Venda
SKU_1638_PEA,06/07/2025,Atacado,2,2279.8,981.18,649.31,Venda
SKU_1711_ARM,06/07/2025,Varejo,3,2984.7,1164.18,606.84,Venda
SKU_1764_MAR,06/07/2025,Atacado,4,939.6,496.48,110.78,Venda
SKU_1689_IVO,06/07/2025,E-commerce,1,964.9,422.06,542.84,Venda
SKU_1754_IVO,06/07/2025,Atacado,6,2039.4,867.72,195.28,Venda
SKU_1735_MOS,06/07/2025,Varejo,1,269.9,105.94,163.96,Venda
SKU_1685_BIR,06/07/2025,Atacado,6,3989.4,2470.14,253.21,Venda
SKU_1700_PIS,06/07/2025,Varejo,1,699.9,328.36,371.54,Venda
SKU_1739_MOS,06/07/2025,Atacado,4,1019.6,485.6,133.5,Venda
SKU_1427_BLA,06/07/2025,Atacado,6,1199.4,603.06,99.39,Venda
SKU_1728_EGR,06/07/2025,Varejo,1,329.9,154.92,174.98,Venda
SKU_1729_CLE,06/07/2025,Atacado,8,1399.2,656.8,92.8,Venda
SKU_1746_EME,06/07/2025,E-commerce,2,359.8,148.72,105.54,Venda
SKU_1393_COB,06/07/2025,Varejo,2,619.8,258.54,180.63,Venda
SKU_1682_OLI,06/07/2025,Varejo,1,234.9,91.94,142.96,Venda
SKU_1472_MYS,06/07/2025,Atacado,4,1879.6,988.28,222.83,Venda
SKU_1603_BUB,06/07/2025,Varejo,2,1489.8,552.62,468.59,Venda
SKU_1424_BAB,06/07/2025,Varejo,2,1989.8,686.78,651.51,Venda
SKU_1696_SHO,06/07/2025,Varejo,1,279.9,120.83,159.07,Venda
SKU_1470_MAR,06/07/2025,Atacado,2,1839.8,953.84,442.98,Venda
SKU_1539_PEA,06/07/2025,Varejo,1,349.9,131.5,218.4,Venda
SKU_1613_AQU,06/07/2025,Varejo,1,189.9,88.51,101.39,Venda
SKU_1777_FRE,06/07/2025,Varejo,1,239.9,82.92,156.98,Venda
SKU_1738_BLU,06/07/2025,E-commerce,1,194.9,81.57,113.33,Venda
SKU_1768_MIN,06/07/2025,Varejo,1,624.9,231.49,393.41,Venda
SKU_1775_PAS,06/07/2025,Varejo,1,279.9,85.84,194.06,Venda
SKU_1739_AQU,06/07/2025,Atacado,3,764.7,380.28,128.14,Venda
SKU_1620_BLU,06/07/2025,E-commerce,1,264.9,90.65,174.25,Venda
SKU_1786_POW,06/07/2025,Atacado,3,539.7,231.3,102.8,Venda
SKU_1749_SNO,06/07/2025,E-commerce,2,699.8,334.36,182.72,Venda
SKU_1700_PIS,06/07/2025,Atacado,6,4199.4,1879.68,386.62,Venda
SKU_1799_DEN,06/07/2025,Varejo,1,269.9,88.93,180.97,Venda
SKU_1664_MIN,06/07/2025,Atacado,3,989.7,462.36,175.78,Venda
SKU_1743_CLO,06/07/2025,Varejo,2,879.8,275.62,302.09,Venda
SKU_1715_JAD,06/07/2025,Varejo,1,219.9,99.84,120.06,Venda
SKU_1773_FRE,06/07/2025,E-commerce,1,324.9,113.7,211.2,Venda
SKU_1800_MOS,06/07/2025,E-commerce,1,279.9,125.02,154.88,Venda
SKU_1755_AQU,06/07/2025,Varejo,3,1004.7,404.25,200.15,Venda
SKU_1798_OFF,06/07/2025,E-commerce,1,419.9,173.48,246.42,Venda
SKU_1774_COB,06/07/2025,Varejo,2,409.8,167.54,121.13,Venda
SKU_1758_HON,06/07/2025,Atacado,3,539.7,286.95,84.25,Venda
SKU_1722_PAS,06/07/2025,Atacado,4,1299.6,564.52,183.77,Venda
SKU_1761_SAP,06/07/2025,Atacado,2,2209.8,976.0,616.9,Venda
SKU_1765_PAS,06/07/2025,Atacado,5,1299.5,603.6,139.18,Venda
SKU_1683_PAL,06/07/2025,E-commerce,1,314.9,110.37,204.53,Venda
SKU_1801_MOS,06/07/2025,Varejo,1,374.9,179.42,195.48,Venda
SKU_1780_LIG,06/07/2025,Varejo,1,334.9,149.6,185.3,Venda
SKU_1729_FUC,06/07/2025,Atacado,5,874.5,456.8,83.54,Venda
SKU_1790_ROY,06/07/2025,E-commerce,1,259.9,97.94,161.96,Venda
SKU_1745_PEA,06/07/2025,Varejo,1,409.9,192.98,216.92,Venda
SKU_1696_SHO,06/07/2025,Varejo,2,559.8,199.94,179.93,Venda
SKU_1763_MAR,06/07/2025,Varejo,1,299.9,131.34,168.56,Venda
SKU_1741_PIN,06/07/2025,Varejo,1,239.9,93.38,146.52,Venda
SKU_1550_IVO,06/07/2025,Varejo,1,164.9,82.26,82.64,Venda
SKU_1749_SNO,06/07/2025,Atacado,8,2799.2,1319.76,184.93,Venda
SKU_1686_SKY,06/07/2025,Atacado,3,644.7,304.53,113.39,Venda
SKU_1800_SKY,06/07/2025,Varejo,2,559.8,168.3,195.75,Venda
SKU_1725_OFF,06/07/2025,Varejo,1,244.9,99.79,145.11,Venda
SKU_1745_PEA,06/07/2025,Atacado,5,2049.5,971.95,215.51,Venda
SKU_1736_PAS,06/07/2025,Varejo,1,324.9,157.45,167.45,Venda
SKU_1609_SAP,06/07/2025,Atacado,10,2699.0,1346.3,135.27,Venda
SKU_1668_DEN,06/07/2025,Atacado,8,2159.2,1105.12,131.76,Venda
SKU_1751_MIN,06/07/2025,Atacado,2,659.8,299.38,180.21,Venda
SKU_1753_PAL,06/07/2025,Atacado,5,3949.5,1864.05,417.09,Venda
SKU_1559_SKY,06/07/2025,Atacado,2,2399.8,1261.62,569.09,Venda
SKU_1705_JAD,06/07/2025,Atacado,6,2459.4,1282.86,196.09,Venda
SKU_1599_WHI,06/07/2025,Atacado,3,1409.7,732.15,225.85,Venda
SKU_1782_HUN,06/07/2025,E-commerce,1,249.9,123.93,125.97,Venda
SKU_1737_DEE,06/07/2025,Atacado,8,6159.2,2599.68,444.94,Venda
SKU_1771_EME,06/07/2025,Atacado,4,1059.6,551.4,127.05,Venda
SKU_1427_AQU,06/07/2025,Atacado,4,799.6,368.32,107.82,Venda
SKU_1394_FOR,06/07/2025,Varejo,1,469.9,181.32,288.58,Venda
SKU_1738_ROY,06/07/2025,Varejo,1,194.9,79.46,115.44,Venda
SKU_1716_AQU,06/07/2025,Varejo,2,329.8,112.34,108.73,Venda
SKU_1718_DUS,06/07/2025,Atacado,4,1479.6,675.4,201.05,Venda
SKU_1780_LIG,06/07/2025,Varejo,1,334.9,130.05,204.85,Venda
SKU_1779_LIG,06/07/2025,Varejo,1,214.9,88.78,126.12,Venda
SKU_1709_CRE,06/07/2025,Varejo,2,419.8,174.2,122.8,Venda
SKU_1678_LIG,06/07/2025,Varejo,1,714.9,331.31,383.59,Venda
SKU_1628_PEA,06/07/2025,Atacado,3,1649.7,743.34,302.12,Venda
SKU_1753_WHI,06/07/2025,Atacado,4,3159.6,1439.16,430.11,Venda
SKU_1693_FLA,06/07/2025,Atacado,5,1024.5,533.9,98.12,Venda
SKU_1493_PEA,06/07/2025,Varejo,1,329.9,137.08,192.82,Venda
SKU_1753_PAL,06/07/2025,Varejo,1,789.9,304.21,485.69,Venda
SKU_1738_BLU,06/07/2025,Varejo,1,194.9,77.96,116.94,Venda
SKU_1794_LIG,06/07/2025,Varejo,1,209.9,90.07,119.83,Venda
SKU_1783_EGR,06/07/2025,E-commerce,1,1199.9,500.99,698.91,Venda
SKU_1567_POW,06/07/2025,Varejo,1,689.9,305.85,384.05,Venda
SKU_1735_COR,06/07/2025,Varejo,1,269.9,130.92,138.98,Venda
SKU_1694_PIS,06/07/2025,Atacado,4,1119.6,595.32,131.07,Venda
SKU_1783_BAB,06/07/2025,Varejo,2,2399.8,1153.74,623.03,Venda
SKU_1755_AQU,06/07/2025,Atacado,5,1674.5,734.25,188.05,Venda
SKU_1771_PIN,06/07/2025,Atacado,3,794.7,432.09,120.87,Venda
SKU_1773_OLI,06/07/2025,Atacado,6,1949.4,1009.62,156.63,Venda
SKU_1399_CRE,06/07/2025,Atacado,12,3238.8,1591.08,137.31,Venda
SKU_1432_BRI,06/07/2025,Varejo,2,1439.8,573.86,432.97,Venda
SKU_1751_MIN,06/07/2025,Atacado,4,1319.6,558.76,190.21,Venda
SKU_1681_PIS,06/07/2025,Varejo,1,234.9,99.23,135.67,Venda
SKU_1780_LIG,06/07/2025,Atacado,5,1674.5,878.7,159.16,Venda
SKU_1746_EME,06/07/2025,Varejo,1,179.9,76.21,103.69,Venda
SKU_1710_OLI,06/07/2025,Atacado,5,4049.5,2015.65,406.77,Venda
SKU_1702_COR,06/07/2025,Atacado,4,2479.6,1234.08,311.38,Venda
SKU_1782_HUN,06/07/2025,Atacado,4,999.6,427.76,142.96,Venda
SKU_1721_COR,06/07/2025,Atacado,3,1259.7,553.11,235.53,Venda
SKU_1800_MOS,06/07/2025,Varejo,2,559.8,269.88,144.96,Venda
SKU_1717_MIN,06/07/2025,Varejo,1,259.9,111.75,148.15,Venda
SKU_1734_BRI,06/07/2025,Varejo,1,349.9,146.14,203.76,Venda
SKU_1766_CLE,06/07/2025,Atacado,2,789.8,385.92,201.94,Venda
SKU_1550_PAL,06/07/2025,Varejo,2,329.8,131.48,99.16,Venda
SKU_1703_PAS,06/07/2025,Varejo,1,269.9,107.44,162.46,Venda
SKU_1750_MIN,06/07/2025,Atacado,2,739.8,350.84,194.48,Venda
SKU_1721_COR,06/07/2025,Atacado,5,2099.5,998.8,220.14,Venda
SKU_1686_MOS,06/07/2025,Varejo,1,214.9,85.86,129.04,Venda
SKU_1710_OLI,06/07/2025,Atacado,6,4859.4,2670.66,364.79,Venda
SKU_1711_ARM,06/07/2025,Varejo,1,994.9,312.62,682.28,Venda
SKU_1775_PAS,06/07/2025,Atacado,3,839.7,471.15,122.85,Venda
SKU_1760_PAS,06/07/2025,Varejo,1,249.9,75.34,174.56,Venda
SKU_1785_PAS,06/07/2025,Varejo,1,244.9,99.06,145.84,Venda
SKU_1442_OFF,06/07/2025,E-commerce,1,289.9,109.72,180.18,Venda
SKU_1446_GAR,06/07/2025,Atacado,8,2159.2,942.48,152.09,Venda
SKU_1695_CRE,06/07/2025,Varejo,1,209.9,100.03,109.87,Venda
SKU_1744_LIG,06/07/2025,Varejo,1,264.9,121.41,143.49,Venda
SKU_1761_SAP,06/07/2025,Varejo,1,1104.9,423.36,681.54,Venda
SKU_1604_CLE,06/07/2025,Varejo,1,604.9,256.41,348.49,Venda
SKU_1533_CER,06/07/2025,Varejo,4,659.6,264.84,98.69,Venda
SKU_1519_BLU,06/07/2025,Varejo,2,1259.8,560.38,349.71,Venda
SKU_1748_COB,06/07/2025,Varejo,2,619.8,199.94,209.93,Venda
SKU_1516_EME,06/07/2025,Varejo,1,349.9,143.0,206.9,Venda
SKU_1703_BLU,06/07/2025,Atacado,5,1349.5,712.7,127.36,Venda
SKU_1766_CLE,06/07/2025,E-commerce,1,394.9,162.4,232.5,Venda
SKU_1798_OFF,06/07/2025,Atacado,12,5038.8,2334.84,225.33,Venda
SKU_1705_SER,06/07/2025,Varejo,1,409.9,156.44,253.46,Venda
SKU_1792_AQU,06/07/2025,Atacado,8,3519.2,1872.72,205.81,Venda
SKU_1769_WHI,06/07/2025,Atacado,8,2599.2,1203.28,174.49,Venda
SKU_1696_SER,06/07/2025,Varejo,2,559.8,202.78,178.51,Venda
SKU_1496_PAS,06/07/2025,Varejo,1,1134.9,548.88,586.02,Venda
SKU_1597_FLA,06/07/2025,Atacado,4,2119.6,974.12,286.37,Venda
SKU_1796_SHO,06/07/2025,Varejo,1,504.9,235.19,269.71,Venda
SKU_1704_PEA,06/07/2025,Varejo,2,669.8,254.56,207.62,Venda
SKU_1755_AQU,06/07/2025,E-commerce,1,334.9,160.37,174.53,Venda
SKU_1710_MEX,06/07/2025,Atacado,6,4859.4,2094.18,460.87,Venda
SKU_1572_MAR,06/07/2025,Varejo,1,139.9,54.69,85.21,Venda
SKU_1768_MIN,06/07/2025,E-commerce,1,624.9,303.9,321.0,Venda
SKU_1799_POW,06/07/2025,Atacado,6,1619.4,832.74,131.11,Venda
SKU_1745_FOR,06/07/2025,Atacado,8,3279.2,1404.0,234.4,Venda
SKU_1720_PAL,06/07/2025,Atacado,4,899.6,437.44,115.54,Venda
SKU_1575_JAD,06/07/2025,Varejo,1,864.9,284.69,580.21,Venda
SKU_1749_SNO,06/07/2025,Varejo,1,349.9,172.83,177.07,Venda
SKU_1784_BLA,06/07/2025,Atacado,5,1549.5,675.65,174.77,Venda
SKU_1682_BIR,06/07/2025,Varejo,1,234.9,117.14,117.76,Venda
SKU_1705_SER,06/07/2025,Atacado,6,2459.4,1256.52,200.48,Venda
SKU_1761_MOS,06/07/2025,Varejo,3,3314.7,1273.65,680.35,Venda
SKU_1512_MYS,06/07/2025,E-commerce,1,224.9,108.95,115.95,Venda
SKU_1792_AQU,06/07/2025,Atacado,3,1319.7,558.72,253.66,Venda
SKU_1757_TUR,06/07/2025,Varejo,1,264.9,99.81,165.09,Venda
SKU_1680_NAV,06/07/2025,Atacado,5,1674.5,735.35,187.83,Venda
SKU_1704_PEA,06/07/2025,E-commerce,1,334.9,116.47,218.43,Venda
SKU_1746_NAV,06/07/2025,Varejo,1,179.9,72.24,107.66,Venda
SKU_1601_EME,06/07/2025,E-commerce,1,734.9,245.55,489.35,Venda
SKU_1713_SNO,06/07/2025,Atacado,12,6058.8,3067.92,249.24,Venda
SKU_1725_BAB,06/07/2025,Atacado,4,979.6,467.12,128.12,Venda
SKU_1681_OFF,06/07/2025,Varejo,1,234.9,107.09,127.81,Venda
SKU_1750_MIN,06/07/2025,Varejo,1,369.9,133.79,236.11,Venda
SKU_1711_ARM,06/07/2025,Varejo,1,994.9,410.28,584.62,Venda
SKU_1618_SAL,06/07/2025,Varejo,1,179.9,88.81,91.09,Venda
SKU_1528_DEN,06/07/2025,Atacado,5,1074.5,515.4,111.82,Venda
SKU_1796_OLI,06/07/2025,Atacado,4,2019.6,1046.8,243.2,Venda
SKU_1713_SAL,06/07/2025,Varejo,3,1514.7,612.42,300.76,Venda
SKU_1798_OFF,06/07/2025,Atacado,4,1679.6,816.6,215.75,Venda
SKU_1765_MYS,06/07/2025,Atacado,4,1039.6,470.88,142.18,Venda
SKU_1637_BLU,06/07/2025,Atacado,10,9199.0,4744.8,445.42,Venda
SKU_1681_PIS,06/07/2025,Varejo,1,234.9,116.7,118.2,Venda
SKU_1696_SHO,06/07/2025,Atacado,2,559.8,249.98,154.91,Venda
SKU_1757_TUR,06/07/2025,E-commerce,1,264.9,105.36,159.54,Venda
SKU_1711_ARM,06/07/2025,Atacado,5,4974.5,2384.3,518.04,Venda
SKU_1685_BIR,06/07/2025,Atacado,6,3989.4,1889.46,349.99,Venda
SKU_1765_MYS,06/07/2025,Varejo,1,259.9,112.83,147.07,Venda
SKU_1753_PAL,06/07/2025,Atacado,5,3949.5,1806.6,428.58,Venda
SKU_1762_DEN,06/07/2025,Varejo,2,509.8,182.56,163.62,Venda
SKU_1624_ARM,06/07/2025,Atacado,6,1259.4,665.58,98.97,Venda
SKU_1766_MYS,06/07/2025,Atacado,5,1974.5,960.4,202.82,Venda
SKU_1730_OFF,06/07/2025,Atacado,3,959.7,545.28,138.14,Venda
SKU_1646_CLE,06/07/2025,Varejo,1,204.9,96.12,108.78,Venda
SKU_1741_PIN,06/07/2025,E-commerce,2,479.8,200.74,139.53,Venda
SKU_1688_WHI,06/07/2025,Varejo,1,429.9,173.07,256.83,Venda
SKU_1390_PAS,06/07/2025,Atacado,10,2299.0,1134.4,116.46,Venda
SKU_1775_PAS,06/07/2025,Varejo,1,279.9,94.54,185.36,Venda
SKU_1575_AQU,06/07/2025,Atacado,4,3459.6,1534.56,481.26,Venda
SKU_1653_BAB,06/07/2025,Atacado,3,1079.7,575.79,167.97,Venda
SKU_1678_MAG,06/07/2025,Varejo,1,714.9,284.86,430.04,Venda
SKU_1694_SER,06/07/2025,Varejo,4,1119.6,440.8,169.7,Venda
SKU_1681_PIS,06/07/2025,Atacado,4,939.6,397.08,135.63,Venda
SKU_1730_MIN,06/07/2025,Atacado,8,2559.2,1212.96,168.28,Venda
SKU_1683_PAL,06/07/2025,Varejo,2,629.8,230.66,199.57,Venda
SKU_1733_SAG,06/07/2025,Atacado,5,1749.5,830.55,183.79,Venda
SKU_1708_FRE,06/07/2025,E-commerce,1,169.9,52.56,117.34,Venda
SKU_1741_PIN,06/07/2025,Varejo,1,239.9,110.43,129.47,Venda
SKU_1738_ROY,06/07/2025,Atacado,5,974.5,488.65,97.17,Venda
SKU_1693_FLA,06/07/2025,Atacado,10,2049.0,1067.5,98.15,Venda
SKU_1686_SKY,06/07/2025,Varejo,3,644.7,233.34,137.12,Venda
SKU_1760_PAS,06/07/2025,E-commerce,3,749.7,231.48,172.74,Venda
SKU_1714_DEE,06/07/2025,Varejo,1,304.9,109.29,195.61,Venda
SKU_1687_FOR,06/07/2025,Atacado,4,3599.6,1809.16,447.61,Venda
SKU_1772_BLU,06/07/2025,Atacado,6,2489.4,1236.24,208.86,Venda
SKU_1760_OFF,06/07/2025,Varejo,3,749.7,274.5,158.4,Venda
SKU_1734_BRI,06/07/2025,Atacado,5,1749.5,788.65,192.17,Venda
SKU_1800_SKY,06/07/2025,Atacado,5,1399.5,647.6,150.38,Venda
SKU_1761_MOS,06/07/2025,Atacado,3,3314.7,1574.16,580.18,Venda
SKU_1800_SKY,06/07/2025,Atacado,12,3358.8,1545.48,151.11,Venda
SKU_1466_SAP,06/07/2025,Atacado,5,1349.5,772.2,115.46,Venda
SKU_1514_SPA,06/07/2025,Atacado,6,4979.4,2613.78,394.27,Venda
SKU_1736_PAS,06/07/2025,Varejo,3,974.7,436.53,179.39,Venda
SKU_1756_FLA,06/07/2025,Atacado,3,539.7,236.79,100.97,Venda
SKU_1683_PAL,06/07/2025,Atacado,5,1574.5,752.45,164.41,Venda
SKU_1704_PEA,06/07/2025,E-commerce,1,334.9,125.45,209.45,Venda
SKU_1723_COB,06/07/2025,E-commerce,1,434.9,215.06,219.84,Venda
SKU_1712_MOS,06/07/2025,Varejo,1,179.9,61.97,117.93,Venda
SKU_1574_COB,06/07/2025,Atacado,2,1209.8,596.06,306.87,Venda
SKU_1782_HUN,06/07/2025,Atacado,10,2499.0,1069.1,142.99,Venda
SKU_1784_BLA,06/07/2025,Atacado,4,1239.6,657.24,145.59,Venda
SKU_1399_CRE,06/07/2025,Varejo,4,1079.6,481.8,149.45,Venda
SKU_1739_AQU,06/07/2025,Atacado,6,1529.4,758.28,128.52,Venda
SKU_1698_PRI,06/07/2025,Atacado,8,3359.2,1772.8,198.3,Venda
SKU_1716_SAL,06/07/2025,Varejo,1,164.9,68.17,96.73,Venda
SKU_1739_AQU,06/07/2025,Atacado,10,2549.0,1200.3,134.87,Venda
SKU_1556_HUN,06/07/2025,Atacado,4,819.6,402.04,104.39,Venda
SKU_1693_FLA,06/07/2025,Varejo,2,409.8,164.9,122.45,Venda
SKU_1723_COB,06/07/2025,Varejo,1,434.9,211.33,223.57,Venda
SKU_1800_MOS,06/07/2025,E-commerce,3,839.7,297.12,180.86,Venda
SKU_1707_SAP,06/07/2025,Atacado,6,1679.4,877.62,133.63,Venda
SKU_1617_DEN,06/07/2025,E-commerce,1,164.9,80.63,84.27,Venda
SKU_1750_SNO,06/07/2025,E-commerce,1,369.9,119.43,250.47,Venda
SKU_1692_BLU,06/07/2025,Varejo,1,219.9,82.11,137.79,Venda
SKU_1708_FLA,06/07/2025,Varejo,2,339.8,118.42,110.69,Venda
SKU_1705_SER,06/07/2025,Varejo,1,409.9,148.51,261.39,Venda
SKU_1659_SNO,06/07/2025,Atacado,3,3074.7,1381.41,564.43,Venda
SKU_1725_BAB,06/07/2025,Atacado,10,2449.0,1111.0,133.8,Venda
SKU_1793_MIN,06/07/2025,E-commerce,1,189.9,72.53,117.37,Venda
SKU_1719_WHI,06/07/2025,E-commerce,1,319.9,130.64,189.26,Venda
SKU_1626_DEN,06/07/2025,Atacado,5,2699.5,1480.45,243.81,Venda
SKU_1746_NAV,06/07/2025,Atacado,8,1439.2,787.2,81.5,Venda
SKU_1793_MIN,06/07/2025,E-commerce,1,189.9,82.47,107.43,Venda
SKU_1754_IVO,06/07/2025,Varejo,1,339.9,112.95,226.95,Venda
SKU_1767_FUC,06/07/2025,Atacado,2,409.8,172.48,118.66,Venda
SKU_1752_SPA,06/07/2025,Varejo,1,429.9,194.51,235.39,Venda
SKU_1701_SPA,06/07/2025,Atacado,12,4078.8,2031.36,170.62,Venda
SKU_1788_EME,06/07/2025,Atacado,6,1499.4,755.58,123.97,Venda
SKU_1793_MIN,06/07/2025,Atacado,3,569.7,323.76,81.98,Venda
SKU_1788_EME,06/07/2025,Atacado,8,1999.2,856.64,142.82,Venda
SKU_1659_SNO,06/07/2025,Varejo,1,1024.9,464.27,560.63,Venda
SKU_1604_SNO,06/07/2025,Varejo,1,604.9,195.81,409.09,Venda
SKU_1773_FRE,06/07/2025,Atacado,5,1624.5,856.4,153.62,Venda
SKU_1526_POW,06/07/2025,Atacado,5,849.5,447.7,80.36,Venda
SKU_1697_MIN,06/07/2025,E-commerce,1,219.9,95.25,124.65,Venda
SKU_1520_GAR,06/07/2025,Varejo,1,224.9,88.15,136.75,Venda
SKU_1785_PAS,06/07/2025,E-commerce,1,244.9,97.12,147.78,Venda
SKU_1724_PEA,06/07/2025,Atacado,4,4459.6,2320.48,534.78,Venda
SKU_1571_BIR,06/07/2025,Varejo,1,249.9,113.0,136.9,Venda
SKU_1774_MOS,06/07/2025,Varejo,1,204.9,99.63,105.27,Venda
SKU_1715_JAD,06/07/2025,Atacado,5,1099.5,494.65,120.97,Venda
SKU_1623_SER,06/07/2025,Atacado,3,2744.7,1556.49,396.07,Venda
SKU_1777_TUR,06/07/2025,Atacado,10,2399.0,1352.7,104.63,Venda
SKU_1713_SAL,06/07/2025,Varejo,1,504.9,180.8,324.1,Venda
SKU_1708_FRE,06/07/2025,Atacado,3,509.7,237.78,90.64,Venda
SKU_1701_SPA,06/07/2025,Atacado,2,679.8,293.12,193.34,Venda
SKU_1581_COB,06/07/2025,Varejo,1,854.9,382.68,472.22,Venda
SKU_1484_EGR,06/07/2025,Atacado,5,2299.5,1192.45,221.41,Venda
SKU_1715_JAD,06/07/2025,Atacado,4,879.6,386.68,123.23,Venda
SKU_1713_SAL,06/07/2025,Atacado,8,4039.2,2081.92,244.66,Venda
SKU_1726_PAS,06/07/2025,Atacado,4,1719.6,842.2,219.35,Venda
SKU_1798_MOS,06/07/2025,E-commerce,3,1259.7,399.21,286.83,Venda
SKU_1760_PAS,06/07/2025,Varejo,1,249.9,106.83,143.07,Venda
SKU_1800_MOS,07/07/2025,Varejo,1,279.9,125.09,154.81,Venda
SKU_1683_SHO,07/07/2025,Atacado,6,1889.4,1023.42,144.33,Venda
SKU_1680_NAV,07/07/2025,Varejo,1,334.9,122.98,211.92,Venda
SKU_1714_DEE,07/07/2025,Varejo,3,914.7,438.84,158.62,Venda
SKU_1788_EME,07/07/2025,Atacado,5,1249.5,600.55,129.79,Venda
SKU_1738_ROY,07/07/2025,Atacado,5,974.5,555.85,83.73,Venda
SKU_1688_WHI,07/07/2025,Atacado,4,1719.6,796.72,230.72,Venda
SKU_1791_ARM,07/07/2025,Varejo,1,264.9,96.98,167.92,Venda
SKU_1687_FOR,07/07/2025,Varejo,1,899.9,291.7,608.2,Venda
SKU_1764_FUC,07/07/2025,Varejo,2,469.8,181.38,144.21,Venda
SKU_1766_CLE,07/07/2025,Atacado,6,2369.4,1197.66,195.29,Venda
SKU_1791_ARM,07/07/2025,Varejo,2,529.8,200.86,164.47,Venda
SKU_1736_PAS,07/07/2025,Varejo,1,324.9,157.14,167.76,Venda
SKU_1714_DEE,07/07/2025,Atacado,10,3049.0,1597.4,145.16,Venda
SKU_1689_MAG,07/07/2025,Varejo,1,964.9,398.07,566.83,Venda
SKU_1768_MIN,07/07/2025,Varejo,1,624.9,250.04,374.86,Venda
SKU_1731_MIN,07/07/2025,E-commerce,1,909.9,431.6,478.3,Venda
SKU_1756_BUB,07/07/2025,Varejo,1,179.9,74.04,105.86,Venda
SKU_1680_NAV,07/07/2025,Varejo,2,669.8,229.72,220.04,Venda
SKU_1403_AQU,07/07/2025,E-commerce,1,384.9,127.58,257.32,Venda
SKU_1734_FRE,07/07/2025,Atacado,5,1749.5,856.65,178.57,Venda
SKU_1773_OLI,07/07/2025,Varejo,4,1299.6,421.24,219.59,Venda
SKU_1691_ROS,07/07/2025,Atacado,10,3099.0,1514.3,158.47,Venda
SKU_1519_BLU,07/07/2025,E-commerce,1,629.9,253.66,376.24,Venda
SKU_1754_IVO,07/07/2025,Atacado,6,2039.4,1078.74,160.11,Venda
SKU_1614_VAN,07/07/2025,E-commerce,1,444.9,141.86,303.04,Venda
SKU_1782_NAV,07/07/2025,Atacado,5,1249.5,561.35,137.63,Venda
SKU_1515_SEA,07/07/2025,Varejo,1,194.9,66.47,128.43,Venda
SKU_1719_OFF,07/07/2025,Atacado,6,1919.4,979.44,156.66,Venda
SKU_1728_EGR,07/07/2025,Varejo,1,329.9,117.35,212.55,Venda
SKU_1750_SNO,07/07/2025,E-commerce,1,369.9,169.44,200.46,Venda
SKU_1700_HUN,07/07/2025,Atacado,5,3499.5,1704.95,358.91,Venda
SKU_1732_WHI,07/07/2025,Atacado,12,13378.8,5698.44,640.03,Venda
SKU_1448_SKY,07/07/2025,Varejo,2,359.8,110.04,124.88,Venda
SKU_1712_NAV,07/07/2025,Atacado,8,1439.2,620.0,102.4,Venda
SKU_1801_MOS,07/07/2025,Atacado,4,1499.6,716.76,195.71,Venda
SKU_1491_CER,07/07/2025,Varejo,1,134.9,62.35,72.55,Venda
SKU_1768_PEA,07/07/2025,Atacado,3,1874.7,948.09,308.87,Venda
SKU_1544_OLI,07/07/2025,Atacado,10,1999.0,1026.4,97.26,Venda
SKU_1695_CRE,07/07/2025,E-commerce,1,209.9,94.72,115.18,Venda
SKU_1749_BIR,07/07/2025,E-commerce,2,699.8,298.48,200.66,Venda
SKU_1757_PIN,07/07/2025,Varejo,2,529.8,257.62,136.09,Venda
SKU_1750_SNO,07/07/2025,Atacado,10,3699.0,1745.2,195.38,Venda
SKU_1544_OLI,07/07/2025,Atacado,4,799.6,339.44,115.04,Venda
SKU_1769_EME,07/07/2025,Atacado,2,649.8,340.78,154.51,Venda
SKU_1626_DEN,07/07/2025,Varejo,1,539.9,196.88,343.02,Venda
SKU_1756_BUB,07/07/2025,Varejo,1,179.9,84.11,95.79,Venda
SKU_1793_WHI,07/07/2025,Atacado,4,759.6,388.56,92.76,Venda
SKU_1784_EGR,07/07/2025,Atacado,4,1239.6,600.0,159.9,Venda
SKU_1534_HUN,07/07/2025,Varejo,1,199.9,72.81,127.09,Venda
SKU_1463_DUS,07/07/2025,Atacado,2,519.8,218.66,150.57,Venda
SKU_1688_LIG,07/07/2025,Varejo,1,429.9,141.93,287.97,Venda
SKU_1496_PAS,07/07/2025,Varejo,1,1134.9,507.6,627.3,Venda
SKU_1785_HUN,07/07/2025,Atacado,5,1224.5,574.8,129.94,Venda
SKU_1705_SER,07/07/2025,Atacado,10,4099.0,1855.8,224.32,Venda
SKU_1527_TEA,07/07/2025,Varejo,3,2729.7,1081.05,549.55,Venda
SKU_1686_SKY,07/07/2025,E-commerce,1,214.9,86.16,128.74,Venda
SKU_1708_FLA,07/07/2025,Atacado,5,849.5,402.2,89.46,Venda
SKU_1721_COR,07/07/2025,Varejo,1,419.9,170.95,248.95,Venda
SKU_1768_MIN,07/07/2025,Varejo,1,624.9,232.42,392.48,Venda
SKU_1684_HON,07/07/2025,Varejo,4,739.6,291.6,112.0,Venda
SKU_1469_SAL,07/07/2025,Varejo,1,294.9,137.3,157.6,Venda
SKU_1691_HUN,07/07/2025,E-commerce,1,309.9,154.14,155.76,Venda
SKU_1788_MYS,07/07/2025,Atacado,6,1499.4,722.7,129.45,Venda
SKU_1719_OFF,07/07/2025,Atacado,4,1279.6,539.2,185.1,Venda
SKU_1769_WHI,07/07/2025,Varejo,2,649.8,311.48,169.16,Venda
SKU_1518_LIM,07/07/2025,Atacado,6,1409.4,780.96,104.74,Venda
SKU_1445_PRI,07/07/2025,E-commerce,1,409.9,178.9,231.0,Venda
SKU_1389_SHO,07/07/2025,Varejo,2,279.8,112.92,83.44,Venda
SKU_1416_CLE,07/07/2025,E-commerce,1,279.9,98.45,181.45,Venda
SKU_1801_FLA,07/07/2025,Varejo,1,374.9,113.62,261.28,Venda
SKU_1744_LIG,07/07/2025,Atacado,4,1059.6,555.64,125.99,Venda
SKU_1409_PEA,07/07/2025,E-commerce,1,209.9,88.37,121.53,Venda
SKU_1734_BRI,07/07/2025,Varejo,1,349.9,114.35,235.55,Venda
SKU_1708_FLA,07/07/2025,Atacado,10,1699.0,841.1,85.79,Venda
SKU_1624_PRI,07/07/2025,Atacado,2,419.8,214.76,102.52,Venda
SKU_1768_MIN,07/07/2025,Varejo,1,624.9,265.14,359.76,Venda
SKU_1791_ARM,07/07/2025,Atacado,4,1059.6,611.76,111.96,Venda
SKU_1800_SKY,07/07/2025,E-commerce,1,279.9,101.62,178.28,Venda
SKU_1657_SPA,07/07/2025,Varejo,1,214.9,95.82,119.08,Venda
SKU_1782_NAV,07/07/2025,E-commerce,2,499.8,217.54,141.13,Venda
SKU_1517_FOR,07/07/2025,Atacado,3,3599.7,1707.06,630.88,Venda
SKU_1618_SAL,07/07/2025,Varejo,1,179.9,71.88,108.02,Venda
SKU_1769_WHI,07/07/2025,Varejo,1,324.9,123.23,201.67,Venda
SKU_1760_PAS,07/07/2025,Varejo,2,499.8,196.48,151.66,Venda
SKU_1710_OLI,07/07/2025,E-commerce,1,809.9,303.07,506.83,Venda
SKU_1684_HON,07/07/2025,E-commerce,3,554.7,270.48,94.74,Venda
SKU_1757_PIN,07/07/2025,Atacado,3,794.7,433.11,120.53,Venda
SKU_1707_ARM,07/07/2025,Varejo,1,279.9,103.82,176.08,Venda
SKU_1725_BAB,07/07/2025,E-commerce,1,244.9,82.62,162.28,Venda
SKU_1721_COR,07/07/2025,Varejo,2,839.8,280.4,279.7,Venda
SKU_1693_FLA,07/07/2025,E-commerce,1,204.9,75.02,129.88,Venda
SKU_1397_BUB,07/07/2025,Varejo,1,234.9,83.46,151.44,Venda
SKU_1707_SAP,07/07/2025,Varejo,3,839.7,321.99,172.57,Venda
SKU_1725_BAB,07/07/2025,E-commerce,1,244.9,110.13,134.77,Venda
SKU_1684_HON,07/07/2025,Atacado,6,1109.4,499.8,101.6,Venda
SKU_1725_BAB,07/07/2025,Varejo,1,244.9,88.8,156.1,Venda
SKU_1514_SPA,07/07/2025,Atacado,2,1659.8,799.6,430.1,Venda
SKU_1709_MAR,07/07/2025,Atacado,4,839.6,456.24,95.84,Venda
SKU_1617_DEN,07/07/2025,Varejo,1,164.9,77.31,87.59,Venda
SKU_1780_AQU,07/07/2025,Varejo,2,669.8,281.32,194.24,Venda
SKU_1709_MAR,07/07/2025,E-commerce,1,209.9,70.77,139.13,Venda
SKU_1796_SHO,07/07/2025,Varejo,1,504.9,158.91,345.99,Venda
SKU_1661_CER,07/07/2025,Varejo,1,989.9,406.14,583.76,Venda
SKU_1744_EME,07/07/2025,Varejo,1,264.9,124.13,140.77,Venda
SKU_1703_BLU,07/07/2025,Varejo,1,269.9,108.17,161.73,Venda
SKU_1788_MYS,07/07/2025,Varejo,1,249.9,109.59,140.31,Venda
SKU_1717_CRE,07/07/2025,Atacado,10,2599.0,1328.0,127.1,Venda
SKU_1781_AQU,07/07/2025,Atacado,5,649.5,297.55,70.39,Venda
SKU_1682_BIR,07/07/2025,Varejo,1,234.9,84.44,150.46,Venda
SKU_1779_MIN,07/07/2025,E-commerce,2,429.8,183.3,123.25,Venda
SKU_1724_PEA,07/07/2025,Atacado,8,8919.2,3895.28,627.99,Venda
SKU_1759_CLE,07/07/2025,Varejo,1,269.9,114.83,155.07,Venda
SKU_1678_MAG,07/07/2025,E-commerce,1,714.9,293.04,421.86,Venda
SKU_1697_PIS,07/07/2025,Varejo,1,219.9,77.68,142.22,Venda
SKU_1735_MOS,07/07/2025,Atacado,12,3238.8,1811.76,118.92,Venda
SKU_1706_JAD,07/07/2025,Varejo,2,369.8,171.36,99.22,Venda
SKU_1733_SAG,07/07/2025,Atacado,3,1049.7,442.47,202.41,Venda
SKU_1739_AQU,07/07/2025,Atacado,5,1274.5,609.85,132.93,Venda
SKU_1690_MYS,07/07/2025,E-commerce,1,539.9,232.41,307.49,Venda
SKU_1508_LIM,07/07/2025,Atacado,8,1679.2,719.92,119.91,Venda
SKU_1704_BAB,07/07/2025,Atacado,3,1004.7,580.38,141.44,Venda
SKU_1705_JAD,07/07/2025,E-commerce,1,409.9,127.6,282.3,Venda
SKU_1688_LIG,07/07/2025,E-commerce,1,429.9,195.52,234.38,Venda
SKU_1765_MYS,07/07/2025,Varejo,1,259.9,100.26,159.64,Venda
SKU_1537_BLA,07/07/2025,Atacado,12,3058.8,1599.84,121.58,Venda
SKU_1758_HON,07/07/2025,Atacado,3,539.7,235.56,101.38,Venda
SKU_1794_LIG,07/07/2025,Varejo,3,629.7,291.54,112.72,Venda
SKU_1736_PAS,07/07/2025,Varejo,1,324.9,113.18,211.72,Venda
SKU_1720_PAS,07/07/2025,Atacado,5,1124.5,519.0,121.1,Venda
SKU_1739_AQU,07/07/2025,Varejo,1,254.9,86.3,168.6,Venda
SKU_1686_SKY,07/07/2025,Atacado,6,1289.4,648.78,106.77,Venda
SKU_1754_IVO,07/07/2025,Varejo,1,339.9,168.55,171.35,Venda
SKU_1643_EGR,07/07/2025,Varejo,1,224.9,84.77,140.13,Venda
SKU_1765_MYS,07/07/2025,E-commerce,1,259.9,79.48,180.42,Venda
SKU_1745_PEA,07/07/2025,Atacado,5,2049.5,1143.9,181.12,Venda
SKU_1795_RAS,07/07/2025,Varejo,1,299.9,116.53,183.37,Venda
SKU_1753_PAL,07/07/2025,E-commerce,1,789.9,340.46,449.44,Venda
SKU_1784_BLA,07/07/2025,Atacado,10,3099.0,1462.2,163.68,Venda
SKU_1691_HUN,07/07/2025,Varejo,1,309.9,109.9,200.0,Venda
SKU_1719_OFF,07/07/2025,Atacado,3,959.7,508.29,150.47,Venda
SKU_1776_PAS,07/07/2025,Atacado,8,2639.2,1170.72,183.56,Venda
SKU_1684_SHO,07/07/2025,Atacado,4,739.6,321.6,104.5,Venda
SKU_1488_PEA,07/07/2025,Atacado,6,2039.4,916.98,187.07,Venda
SKU_1737_SAG,07/07/2025,E-commerce,1,769.9,270.68,499.22,Venda
SKU_1686_SKY,07/07/2025,Varejo,1,214.9,86.71,128.19,Venda
SKU_1555_RAS,07/07/2025,Atacado,4,759.6,382.44,94.29,Venda
SKU_1681_OFF,07/07/2025,E-commerce,1,234.9,103.62,131.28,Venda
SKU_1535_MOS,07/07/2025,Varejo,1,304.9,150.37,154.53,Venda
SKU_1769_EME,07/07/2025,Varejo,2,649.8,291.62,179.09,Venda
SKU_1519_TEA,07/07/2025,E-commerce,1,629.9,212.23,417.67,Venda
SKU_1520_GAR,07/07/2025,E-commerce,1,224.9,110.04,114.86,Venda
SKU_1714_DEE,07/07/2025,Atacado,4,1219.6,531.56,172.01,Venda
SKU_1782_HUN,07/07/2025,Atacado,4,999.6,501.04,124.64,Venda
SKU_1617_DEN,07/07/2025,Varejo,1,164.9,53.36,111.54,Venda
SKU_1705_JAD,07/07/2025,Atacado,5,2049.5,994.45,211.01,Venda
SKU_1797_GAR,07/07/2025,Atacado,8,3039.2,1303.44,216.97,Venda
SKU_1719_OFF,07/07/2025,Varejo,1,319.9,151.78,168.12,Venda
SKU_1760_OFF,07/07/2025,Atacado,5,1249.5,600.45,129.81,Venda
SKU_1795_RAS,07/07/2025,Atacado,6,1799.4,846.84,158.76,Venda
SKU_1675_CRE,07/07/2025,Varejo,1,764.9,361.38,403.52,Venda
SKU_1692_OLI,07/07/2025,Atacado,10,2199.0,982.6,121.64,Venda
SKU_1784_EGR,07/07/2025,Varejo,3,929.7,443.82,161.96,Venda
SKU_1759_COB,07/07/2025,Atacado,12,3238.8,1385.52,154.44,Venda
SKU_1741_PIN,07/07/2025,Atacado,3,719.7,349.23,123.49,Venda
SKU_1742_DEN,07/07/2025,Atacado,5,1299.5,749.15,110.07,Venda
SKU_1755_BIR,07/07/2025,E-commerce,1,334.9,104.23,230.67,Venda
SKU_1738_ROY,07/07/2025,E-commerce,1,194.9,83.55,111.35,Venda
SKU_1748_BAB,07/07/2025,Atacado,2,619.8,311.0,154.4,Venda
SKU_1664_MIN,07/07/2025,Varejo,1,329.9,110.49,219.41,Venda
SKU_1783_EGR,07/07/2025,Atacado,5,5999.5,2533.5,693.2,Venda
SKU_1711_ARM,07/07/2025,Atacado,2,1989.8,859.76,565.02,Venda
SKU_1702_LIG,07/07/2025,Varejo,1,619.9,253.41,366.49,Venda
SKU_1754_SER,07/07/2025,Varejo,1,339.9,117.44,222.46,Venda
SKU_1741_PIN,07/07/2025,Atacado,6,1439.4,681.3,126.35,Venda
SKU_1733_SAG,07/07/2025,Varejo,1,349.9,135.86,214.04,Venda
SKU_1784_BLA,07/07/2025,Atacado,5,1549.5,762.5,157.4,Venda
SKU_1772_SNO,07/07/2025,Atacado,6,2489.4,1235.64,208.96,Venda
SKU_1682_OLI,07/07/2025,E-commerce,2,469.8,152.26,158.77,Venda
SKU_1577_HUN,07/07/2025,Varejo,1,159.9,63.6,96.3,Venda
SKU_1758_HON,07/07/2025,Varejo,1,179.9,62.27,117.63,Venda
SKU_1776_BIR,07/07/2025,E-commerce,1,329.9,106.16,223.74,Venda
SKU_1437_ROY,07/07/2025,Atacado,6,989.4,468.72,86.78,Venda
SKU_1688_WHI,07/07/2025,Atacado,5,2149.5,1178.75,194.15,Venda
SKU_1734_BRI,07/07/2025,E-commerce,1,349.9,108.46,241.44,Venda
SKU_1780_AQU,07/07/2025,Atacado,2,669.8,342.42,163.69,Venda
SKU_1724_PIN,07/07/2025,Atacado,4,4459.6,2354.32,526.32,Venda
SKU_1674_WHI,07/07/2025,Atacado,5,1149.5,540.5,121.8,Venda
SKU_1748_COB,07/07/2025,Atacado,5,1549.5,714.3,167.04,Venda
SKU_1468_BAB,07/07/2025,Varejo,1,529.9,261.5,268.4,Venda
SKU_1580_WHI,07/07/2025,Atacado,6,1139.4,554.46,97.49,Venda
SKU_1791_ARM,07/07/2025,Atacado,6,1589.4,668.04,153.56,Venda
SKU_1721_COR,07/07/2025,Varejo,1,419.9,183.12,236.78,Venda
SKU_1490_VAN,07/07/2025,Atacado,3,944.7,433.17,170.51,Venda
SKU_1758_CLO,07/07/2025,Varejo,3,539.7,225.48,104.74,Venda
SKU_1708_FLA,07/07/2025,Varejo,2,339.8,142.1,98.85,Venda
SKU_1708_FRE,07/07/2025,Varejo,2,339.8,156.58,91.61,Venda
SKU_1794_FLA,07/07/2025,Varejo,1,209.9,85.04,124.86,Venda
SKU_1754_IVO,07/07/2025,Atacado,8,2719.2,1401.44,164.72,Venda
SKU_1773_OLI,07/07/2025,Atacado,4,1299.6,671.28,157.08,Venda
SKU_1759_COB,07/07/2025,Varejo,1,269.9,89.23,180.67,Venda
SKU_1708_FRE,07/07/2025,Varejo,2,339.8,160.28,89.76,Venda
SKU_1784_EGR,07/07/2025,Varejo,2,619.8,233.5,193.15,Venda
SKU_1791_ARM,07/07/2025,Atacado,6,1589.4,815.58,128.97,Venda
SKU_1515_SEA,07/07/2025,Atacado,2,389.8,193.64,98.08,Venda
SKU_1396_FUC,07/07/2025,Atacado,3,404.7,233.52,57.06,Venda
SKU_1737_SAG,07/07/2025,Atacado,4,3079.6,1339.36,435.06,Venda
SKU_1735_MOS,07/07/2025,Varejo,1,269.9,132.89,137.01,Venda
SKU_1712_MOS,07/07/2025,Atacado,4,719.6,438.04,70.39,Venda
SKU_1752_SNO,07/07/2025,E-commerce,1,429.9,162.7,267.2,Venda
SKU_1796_SHO,07/07/2025,Varejo,1,504.9,213.95,290.95,Venda
SKU_1604_SNO,07/07/2025,E-commerce,2,1209.8,498.08,355.86,Venda
SKU_1739_AQU,07/07/2025,E-commerce,1,254.9,117.19,137.71,Venda
SKU_1737_SAG,07/07/2025,E-commerce,1,769.9,231.65,538.25,Venda
SKU_1769_WHI,07/07/2025,E-commerce,1,324.9,102.02,222.88,Venda
SKU_1781_AQU,07/07/2025,Varejo,3,389.7,171.57,72.71,Venda
SKU_1704_PEA,07/07/2025,Atacado,5,1674.5,885.9,157.72,Venda
SKU_1700_PIS,07/07/2025,Varejo,1,699.9,318.19,381.71,Venda
SKU_1695_LIM,07/07/2025,Atacado,12,2518.8,1364.04,96.23,Venda
SKU_1533_CER,07/07/2025,Varejo,1,164.9,63.31,101.59,Venda
SKU_1689_IVO,07/07/2025,Atacado,4,3859.6,1823.64,508.99,Venda
SKU_1756_BUB,07/07/2025,Atacado,5,899.5,381.85,103.53,Venda
SKU_1630_SNO,07/07/2025,Atacado,4,1339.6,659.08,170.13,Venda
SKU_1464_BIR,07/07/2025,Varejo,1,229.9,112.37,117.53,Venda
SKU_1760_OFF,07/07/2025,Atacado,10,2499.0,1109.7,138.93,Venda
SKU_1734_FRE,07/07/2025,Atacado,5,1749.5,786.05,192.69,Venda
SKU_1737_DEE,07/07/2025,Varejo,1,769.9,287.59,482.31,Venda
SKU_1484_EGR,07/07/2025,Varejo,2,919.8,283.5,318.15,Venda
SKU_1714_DEE,07/07/2025,Atacado,8,2439.2,1236.72,150.31,Venda
SKU_1714_MID,07/07/2025,Varejo,1,304.9,106.45,198.45,Venda
SKU_1510_SNO,07/07/2025,Atacado,8,6679.2,2983.36,461.98,Venda
SKU_1753_PAL,07/07/2025,Atacado,2,1579.8,767.9,405.95,Venda
SKU_1437_AQU,07/07/2025,Atacado,6,989.4,532.5,76.15,Venda
SKU_1702_COR,07/07/2025,Varejo,1,619.9,256.36,363.54,Venda
SKU_1797_GAR,07/07/2025,Varejo,1,379.9,140.72,239.18,Venda
SKU_1690_MYS,07/07/2025,Varejo,1,539.9,172.53,367.37,Venda
SKU_1683_PAL,07/07/2025,Varejo,1,314.9,147.11,167.79,Venda
SKU_1732_OFF,07/07/2025,Varejo,2,2229.8,725.48,752.16,Venda
SKU_1575_JAD,07/07/2025,Atacado,6,5189.4,2999.34,365.01,Venda
SKU_1766_MYS,07/07/2025,Varejo,1,394.9,170.55,224.35,Venda
SKU_1757_PIN,07/07/2025,E-commerce,2,529.8,165.32,182.24,Venda
SKU_1710_MEX,07/07/2025,E-commerce,1,809.9,248.4,561.5,Venda
SKU_1729_FUC,07/07/2025,Atacado,3,524.7,230.16,98.18,Venda
SKU_1763_MAR,07/07/2025,Varejo,1,299.9,128.86,171.04,Venda
SKU_1702_COR,07/07/2025,Atacado,3,1859.7,802.74,352.32,Venda
SKU_1697_MIN,07/07/2025,Atacado,5,1099.5,511.85,117.53,Venda
SKU_1681_OFF,07/07/2025,Atacado,10,2349.0,1016.2,133.28,Venda
SKU_1738_BLU,07/07/2025,Varejo,1,194.9,89.84,105.06,Venda
SKU_1722_PAS,07/07/2025,Varejo,1,324.9,128.23,196.67,Venda
SKU_1769_WHI,07/07/2025,Atacado,2,649.8,315.34,167.23,Venda
SKU_1696_SER,07/07/2025,Atacado,3,839.7,456.96,127.58,Venda
SKU_1799_POW,07/07/2025,Atacado,5,1349.5,739.1,122.08,Venda
SKU_1683_PAL,07/07/2025,E-commerce,1,314.9,120.02,194.88,Venda
SKU_1524_BLU,07/07/2025,Atacado,8,2959.2,1407.92,193.91,Venda
SKU_1722_AQU,07/07/2025,Varejo,3,974.7,367.17,202.51,Venda
SKU_1725_BAB,07/07/2025,E-commerce,2,489.8,220.28,134.76,Venda
SKU_1582_PAS,07/07/2025,Varejo,2,459.8,169.62,145.09,Venda
SKU_1721_COR,07/07/2025,Atacado,4,1679.6,844.56,208.76,Venda
SKU_1766_MYS,07/07/2025,E-commerce,1,394.9,124.27,270.63,Venda
SKU_1620_SAG,07/07/2025,Atacado,5,1324.5,624.2,140.06,Venda
SKU_1701_BLU,07/07/2025,Atacado,6,2039.4,992.58,174.47,Venda
SKU_1740_FRE,07/07/2025,Varejo,1,214.9,84.39,130.51,Venda
SKU_1778_TEA,07/07/2025,E-commerce,1,284.9,130.68,154.22,Venda
SKU_1591_HON,07/07/2025,Atacado,12,10678.8,5276.28,450.21,Venda
SKU_1726_PAS,07/07/2025,Varejo,1,429.9,149.62,280.28,Venda
SKU_1755_BIR,07/07/2025,E-commerce,1,334.9,119.46,215.44,Venda
SKU_1744_EME,07/07/2025,Varejo,1,264.9,97.07,167.83,Venda
SKU_1495_FUC,07/07/2025,Atacado,5,1649.5,827.95,164.31,Venda
SKU_1753_WHI,07/07/2025,Varejo,1,789.9,240.75,549.15,Venda
SKU_1425_WHI,07/07/2025,Atacado,3,629.7,267.27,120.81,Venda
SKU_1729_CLE,07/07/2025,Atacado,3,524.7,239.19,95.17,Venda
SKU_1753_PAL,07/07/2025,Varejo,1,789.9,356.36,433.54,Venda
SKU_1425_WHI,07/07/2025,Varejo,2,419.8,175.58,122.11,Venda
SKU_1757_TUR,07/07/2025,Varejo,1,264.9,84.71,180.19,Venda
SKU_1682_BIR,07/07/2025,Varejo,2,469.8,179.68,145.06,Venda
SKU_1568_FRE,07/07/2025,Varejo,1,234.9,78.54,156.36,Venda
SKU_1525_OLI,07/07/2025,Varejo,1,289.9,87.6,202.3,Venda
SKU_1681_OFF,07/07/2025,E-commerce,1,234.9,114.84,120.06,Venda
SKU_1729_CLE,07/07/2025,Varejo,1,174.9,84.56,90.34,Venda
SKU_1747_FUC,07/07/2025,Atacado,10,1749.0,751.7,99.73,Venda
SKU_1712_NAV,07/07/2025,Varejo,1,179.9,86.82,93.08,Venda
SKU_1686_MOS,07/07/2025,Atacado,10,2149.0,1015.8,113.32,Venda
SKU_1724_PEA,07/07/2025,E-commerce,1,1114.9,357.72,757.18,Venda
SKU_1693_MEX,07/07/2025,Atacado,4,819.6,410.08,102.38,Venda
SKU_1748_BAB,07/07/2025,E-commerce,1,309.9,113.3,196.6,Venda
SKU_1793_MIN,07/07/2025,Varejo,1,189.9,83.85,106.05,Venda
SKU_1733_SAG,07/07/2025,Varejo,2,699.8,226.3,236.75,Venda
SKU_1759_CLE,07/07/2025,Atacado,4,1079.6,521.96,139.41,Venda
SKU_1713_SAL,07/07/2025,Atacado,5,2524.5,1143.35,276.23,Venda
SKU_1680_SEA,07/07/2025,Varejo,1,334.9,111.08,223.82,Venda
SKU_1702_COR,07/07/2025,Atacado,8,4959.2,2453.04,313.27,Venda
SKU_1661_WHI,07/07/2025,Varejo,1,989.9,331.69,658.21,Venda
SKU_1596_BIR,07/07/2025,Varejo,1,274.9,137.19,137.71,Venda
SKU_1768_PEA,07/07/2025,Atacado,5,3124.5,1557.95,313.31,Venda
SKU_1518_CLE,07/07/2025,Atacado,6,1409.4,746.52,110.48,Venda
SKU_1780_LIG,07/07/2025,Atacado,3,1004.7,429.15,191.85,Venda
SKU_1576_BLU,07/07/2025,Varejo,1,244.9,121.37,123.53,Venda
SKU_1753_PAL,07/07/2025,Atacado,8,6319.2,3287.52,378.96,Venda
SKU_1748_COB,07/07/2025,Varejo,1,309.9,138.62,171.28,Venda
SKU_1745_FOR,07/07/2025,Varejo,1,409.9,187.89,222.01,Venda
SKU_1711_ARM,07/07/2025,Atacado,5,4974.5,2517.75,491.35,Venda
SKU_1751_MIN,07/07/2025,Varejo,1,329.9,99.43,230.47,Venda
SKU_1722_AQU,07/07/2025,Atacado,4,1299.6,683.0,154.15,Venda
SKU_1783_BAB,07/07/2025,Atacado,2,2399.8,1164.92,617.44,Venda
SKU_1758_HON,07/07/2025,Varejo,1,179.9,60.17,119.73,Venda
SKU_1645_MIN,07/07/2025,Atacado,12,4798.8,2094.48,225.36,Venda
SKU_1701_SPA,07/07/2025,Atacado,5,1699.5,789.4,182.02,Venda
SKU_1493_CLO,07/07/2025,E-commerce,2,659.8,300.68,179.56,Venda
SKU_1707_ARM,07/07/2025,Atacado,5,1399.5,626.15,154.67,Venda
SKU_1747_TEA,07/07/2025,Varejo,1,174.9,54.02,120.88,Venda
SKU_1757_PIN,07/07/2025,E-commerce,1,264.9,130.86,134.04,Venda
SKU_1766_MYS,07/07/2025,Varejo,1,394.9,175.01,219.89,Venda
SKU_1754_IVO,07/07/2025,E-commerce,1,339.9,153.79,186.11,Venda
SKU_1725_BAB,07/07/2025,Varejo,1,244.9,76.17,168.73,Venda
SKU_1753_PAL,07/07/2025,Atacado,12,9478.8,4458.6,418.35,Venda
SKU_1745_FOR,07/07/2025,E-commerce,1,409.9,125.38,284.52,Venda
SKU_1780_AQU,07/07/2025,Atacado,8,2679.2,1260.32,177.36,Venda
SKU_1750_MIN,07/07/2025,Varejo,2,739.8,230.94,254.43,Venda
SKU_1771_EME,07/07/2025,Atacado,5,1324.5,755.75,113.75,Venda
SKU_1709_MAR,07/07/2025,Atacado,6,1259.4,661.62,99.63,Venda
SKU_1409_PEA,07/07/2025,Varejo,1,209.9,90.05,119.85,Venda
SKU_1751_BLU,07/07/2025,Varejo,1,329.9,132.84,197.06,Venda
SKU_1771_EME,07/07/2025,Varejo,1,264.9,114.55,150.35,Venda
SKU_1554_PIS,07/07/2025,Varejo,1,1034.9,460.68,574.22,Venda
SKU_1735_COR,07/07/2025,E-commerce,1,269.9,98.11,171.79,Venda
SKU_1734_FRE,07/07/2025,Atacado,6,2099.4,1025.04,179.06,Venda
SKU_1690_MYS,07/07/2025,Atacado,12,6478.8,3103.44,281.28,Venda
SKU_1762_BRI,07/07/2025,E-commerce,1,254.9,118.24,136.66,Venda
SKU_1400_FOR,07/07/2025,Varejo,2,419.8,153.92,132.94,Venda
SKU_1714_DEE,07/07/2025,Varejo,1,304.9,130.7,174.2,Venda
SKU_1478_TEA,07/07/2025,Atacado,3,584.7,277.38,102.44,Venda
SKU_1692_OLI,07/07/2025,Varejo,1,219.9,74.74,145.16,Venda
SKU_1690_MAG,07/07/2025,Varejo,1,539.9,188.13,351.77,Venda
SKU_1697_MIN,07/07/2025,Varejo,1,219.9,86.27,133.63,Venda
SKU_1415_MID,07/07/2025,E-commerce,1,354.9,132.74,222.16,Venda
SKU_1718_DUS,07/07/2025,Varejo,1,369.9,147.28,222.62,Venda
SKU_1635_TEA,07/07/2025,Varejo,1,604.9,281.5,323.4,Venda
SKU_1773_FRE,07/07/2025,Varejo,1,324.9,110.62,214.28,Venda
SKU_1702_LIG,07/07/2025,Atacado,3,1859.7,839.73,339.99,Venda
SKU_1694_SER,07/07/2025,Atacado,10,2799.0,1411.6,138.74,Venda
SKU_1482_SHO,07/07/2025,Atacado,5,2224.5,1022.3,240.44,Venda
SKU_1793_MIN,07/07/2025,Varejo,1,189.9,92.56,97.34,Venda
SKU_1590_MYS,07/07/2025,Atacado,5,949.5,463.35,97.23,Venda
SKU_1778_TEA,07/07/2025,Varejo,1,284.9,120.79,164.11,Venda
SKU_1801_FLA,07/07/2025,E-commerce,1,374.9,124.77,250.13,Venda
SKU_1728_MID,07/07/2025,Varejo,2,659.8,230.16,214.82,Venda
SKU_1612_SNO,07/07/2025,Atacado,3,989.7,498.72,163.66,Venda
SKU_1764_FUC,07/07/2025,Varejo,1,234.9,103.64,131.26,Venda
SKU_1412_SHO,07/07/2025,E-commerce,1,894.9,286.32,608.58,Venda
SKU_1753_WHI,07/07/2025,E-commerce,2,1579.8,683.96,447.92,Venda
SKU_1768_PEA,07/07/2025,Atacado,4,2499.6,1537.36,240.56,Venda
SKU_1704_PEA,07/07/2025,Atacado,5,1674.5,944.8,145.94,Venda
SKU_1684_HON,07/07/2025,Atacado,10,1849.0,900.1,94.89,Venda
SKU_1761_MOS,07/07/2025,Varejo,2,2209.8,955.4,627.2,Venda
SKU_1779_LIG,07/07/2025,Atacado,8,1719.2,800.16,114.88,Venda
SKU_1783_EGR,07/07/2025,Atacado,2,2399.8,1102.94,648.43,Venda
SKU_1797_BLU,07/07/2025,Atacado,3,1139.7,574.41,188.43,Venda
SKU_1734_FRE,07/07/2025,Varejo,1,349.9,128.87,221.03,Venda
SKU_1752_SPA,07/07/2025,E-commerce,2,859.8,394.62,232.59,Venda
SKU_1541_AQU,07/07/2025,Atacado,10,6749.0,3257.9,349.11,Venda
SKU_1503_CER,07/07/2025,Varejo,1,229.9,95.38,134.52,Venda
SKU_1722_PAS,07/07/2025,Varejo,1,324.9,117.07,207.83,Venda
SKU_1788_EME,07/07/2025,E-commerce,1,249.9,89.14,160.76,Venda
SKU_1796_OLI,07/07/2025,Atacado,6,3029.4,1602.12,237.88,Venda
SKU_1704_PEA,07/07/2025,Varejo,1,334.9,140.97,193.93,Venda
SKU_1706_JAD,07/07/2025,Atacado,8,1479.2,759.84,89.92,Venda
SKU_1741_PEA,07/07/2025,Varejo,2,479.8,176.38,151.71,Venda
SKU_1466_PRI,07/07/2025,Atacado,4,1079.6,479.52,150.02,Venda
SKU_1742_DEN,07/07/2025,Varejo,1,259.9,100.6,159.3,Venda
SKU_1756_FLA,07/07/2025,Atacado,6,1079.4,573.54,84.31,Venda
SKU_1693_MEX,07/07/2025,Varejo,1,204.9,63.34,141.56,Venda
SKU_1582_PAS,07/07/2025,Atacado,4,919.6,499.8,104.95,Venda
SKU_1765_MYS,07/07/2025,Varejo,1,259.9,80.98,178.92,Venda
SKU_1759_CLE,07/07/2025,Atacado,2,539.8,258.22,140.79,Venda
SKU_1797_BLU,07/07/2025,E-commerce,1,379.9,121.39,258.51,Venda
SKU_1686_MOS,07/07/2025,Varejo,4,859.6,274.76,146.21,Venda
SKU_1507_PAS,07/07/2025,E-commerce,1,179.9,60.69,119.21,Venda
SKU_1707_SAP,07/07/2025,Atacado,4,1119.6,687.04,108.14,Venda
SKU_1492_BIR,07/07/2025,E-commerce,1,374.9,161.32,213.58,Venda
SKU_1725_OFF,07/07/2025,Varejo,1,244.9,98.28,146.62,Venda
SKU_1732_OFF,07/07/2025,Atacado,8,8919.2,4043.68,609.44,Venda
SKU_1734_FRE,07/07/2025,Varejo,1,349.9,124.84,225.06,Venda
SKU_1719_OFF,07/07/2025,Atacado,2,639.8,307.6,166.1,Venda
SKU_1675_CRE,07/07/2025,Varejo,1,764.9,348.16,416.74,Venda
SKU_1736_JAD,07/07/2025,Atacado,4,1299.6,624.88,168.68,Venda
SKU_1481_TEA,07/07/2025,E-commerce,1,809.9,330.59,479.31,Venda
SKU_1683_PAL,07/07/2025,Varejo,1,314.9,113.52,201.38,Venda
SKU_1789_EME,07/07/2025,Varejo,1,269.9,97.01,172.89,Venda
SKU_1781_CLE,07/07/2025,Varejo,1,129.9,44.92,84.98,Venda
SKU_1404_ARM,07/07/2025,Varejo,1,1019.9,429.11,590.79,Venda
SKU_1599_CER,07/07/2025,Varejo,1,469.9,197.57,272.33,Venda
SKU_1760_PAS,07/07/2025,Varejo,2,499.8,201.12,149.34,Venda
SKU_1757_TUR,07/07/2025,Atacado,12,3178.8,1774.8,117.0,Venda
SKU_1686_SKY,07/07/2025,E-commerce,1,214.9,94.11,120.79,Venda
SKU_1595_MYS,07/07/2025,E-commerce,1,299.9,124.72,175.18,Venda
SKU_1780_LIG,07/07/2025,Varejo,1,334.9,103.46,231.44,Venda
SKU_1742_DEN,07/07/2025,Atacado,6,1559.4,726.0,138.9,Venda
SKU_1576_AQU,07/07/2025,Atacado,12,2938.8,1485.84,121.08,Venda
SKU_1574_GAR,07/07/2025,Atacado,10,6049.0,3058.4,299.06,Venda
SKU_1751_MIN,07/07/2025,Atacado,6,1979.4,919.86,176.59,Venda
SKU_1754_SER,07/07/2025,E-commerce,1,339.9,120.04,219.86,Venda
SKU_1685_BIR,07/07/2025,E-commerce,1,664.9,285.83,379.07,Venda
SKU_1716_AQU,07/07/2025,Varejo,1,164.9,75.77,89.13,Venda
SKU_1712_NAV,07/07/2025,Varejo,1,179.9,69.55,110.35,Venda
SKU_1588_PAS,07/07/2025,Atacado,10,4899.0,2542.1,235.69,Venda
SKU_1746_NAV,07/07/2025,Atacado,4,719.6,317.44,100.54,Venda
SKU_1687_FOR,07/07/2025,E-commerce,1,899.9,297.91,601.99,Venda
SKU_1461_NAV,07/07/2025,Atacado,5,5349.5,2954.3,479.04,Venda
SKU_1402_WHI,07/07/2025,Atacado,8,1879.2,976.32,112.86,Venda
SKU_1759_COB,07/07/2025,Atacado,5,1349.5,650.5,139.8,Venda
SKU_1487_CLE,07/07/2025,Varejo,1,334.9,158.38,176.52,Venda
SKU_1419_FLA,07/07/2025,Varejo,1,249.9,120.86,129.04,Venda
SKU_1794_FLA,07/07/2025,Varejo,2,419.8,131.12,144.34,Venda
SKU_1688_LIG,07/07/2025,Varejo,1,429.9,214.13,215.77,Venda
SKU_1791_ARM,07/07/2025,Atacado,4,1059.6,451.0,152.15,Venda
SKU_1708_FRE,07/07/2025,Varejo,1,169.9,67.15,102.75,Venda
SKU_1783_EGR,07/07/2025,Varejo,1,1199.9,583.86,616.04,Venda
SKU_1728_MID,07/07/2025,Varejo,1,329.9,108.22,221.68,Venda
SKU_1696_SHO,07/07/2025,Atacado,2,559.8,280.84,139.48,Venda
SKU_1685_COB,07/07/2025,Varejo,1,664.9,285.07,379.83,Venda
SKU_1703_BLU,07/07/2025,Varejo,1,269.9,98.57,171.33,Venda
SKU_1729_CLE,07/07/2025,E-commerce,1,174.9,78.99,95.91,Venda
SKU_1746_EME,07/07/2025,Varejo,1,179.9,77.41,102.49,Venda
SKU_1723_MOS,07/07/2025,Atacado,3,1304.7,575.97,242.91,Venda
SKU_1744_EME,07/07/2025,Atacado,5,1324.5,627.1,139.48,Venda
SKU_1742_EME,07/07/2025,Varejo,1,259.9,121.29,138.61,Venda
SKU_1796_OLI,07/07/2025,Atacado,5,2524.5,1173.6,270.18,Venda
SKU_1563_MEX,07/07/2025,Atacado,10,1499.0,745.8,75.32,Venda
SKU_1779_LIG,07/07/2025,E-commerce,1,214.9,86.89,128.01,Venda
SKU_1475_VAN,07/07/2025,Varejo,1,249.9,96.38,153.52,Venda
SKU_1516_EME,07/07/2025,Atacado,5,1749.5,814.5,187.0,Venda
SKU_1590_HOT,07/07/2025,E-commerce,1,189.9,93.15,96.75,Venda
SKU_1776_PAS,07/07/2025,Varejo,1,329.9,113.13,216.77,Venda
SKU_1693_MEX,07/07/2025,Atacado,4,819.6,349.92,117.42,Venda
SKU_1394_EME,07/07/2025,Atacado,6,2819.4,1412.4,234.5,Venda
SKU_1708_FLA,07/07/2025,E-commerce,1,169.9,82.0,87.9,Venda
SKU_1556_SAL,07/07/2025,Atacado,4,819.6,430.4,97.3,Venda
SKU_1625_GAR,07/07/2025,E-commerce,2,409.8,182.34,113.73,Venda
SKU_1682_BIR,07/07/2025,Varejo,1,234.9,102.06,132.84,Venda
SKU_1691_ROS,07/07/2025,Varejo,2,619.8,292.94,163.43,Venda
SKU_1737_DEE,07/07/2025,Atacado,8,6159.2,3468.4,336.35,Venda
SKU_1766_MYS,07/07/2025,E-commerce,1,394.9,169.22,225.68,Venda
SKU_1705_SER,07/07/2025,Atacado,12,4918.8,2496.72,201.84,Venda
SKU_1757_PIN,07/07/2025,Atacado,10,2649.0,1360.2,128.88,Venda
SKU_1717_MIN,07/07/2025,Varejo,3,779.7,334.26,148.48,Venda
SKU_1588_CRE,07/07/2025,E-commerce,1,489.9,197.53,292.37,Venda
SKU_1691_ROS,07/07/2025,Atacado,2,619.8,315.92,151.94,Venda
SKU_1798_OFF,07/07/2025,Atacado,3,1259.7,593.46,222.08,Venda
SKU_1686_SKY,07/07/2025,Varejo,1,214.9,101.9,113.0,Venda
SKU_1686_MOS,07/07/2025,Atacado,2,429.8,200.98,114.41,Venda
SKU_1704_BAB,07/07/2025,Varejo,1,334.9,113.19,221.71,Venda
SKU_1623_EGR,07/07/2025,Varejo,2,1829.8,745.1,542.35,Venda
SKU_1614_VAN,07/07/2025,Varejo,1,444.9,169.49,275.41,Venda
SKU_1751_MIN,07/07/2025,E-commerce,1,329.9,100.51,229.39,Venda
SKU_1772_BLU,07/07/2025,Atacado,8,3319.2,1584.8,216.8,Venda
SKU_1775_PAL,07/07/2025,Atacado,10,2799.0,1530.4,126.86,Venda
SKU_1784_EGR,07/07/2025,Varejo,1,309.9,148.6,161.3,Venda
SKU_1681_OFF,07/07/2025,Atacado,5,1174.5,640.15,106.87,Venda
SKU_1498_OLI,07/07/2025,Varejo,1,339.9,143.81,196.09,Venda
SKU_1399_PAL,07/07/2025,Atacado,4,1079.6,566.0,128.4,Venda
SKU_1793_WHI,07/07/2025,Atacado,8,1519.2,659.36,107.48,Venda
SKU_1631_BAL,07/07/2025,Atacado,8,1439.2,632.64,100.82,Venda
SKU_1768_MIN,07/07/2025,Varejo,2,1249.8,453.8,398.0,Venda
SKU_1697_MIN,07/07/2025,Atacado,5,1099.5,480.05,123.89,Venda
SKU_1709_CRE,07/07/2025,Atacado,2,419.8,223.66,98.07,Venda
SKU_1697_PIS,07/07/2025,Atacado,4,879.6,463.48,104.03,Venda
SKU_1654_CRE,07/07/2025,Varejo,1,309.9,103.1,206.8,Venda
SKU_1591_MYS,07/07/2025,Atacado,6,5339.4,2710.5,438.15,Venda
SKU_1777_FRE,07/07/2025,Atacado,4,959.6,465.76,123.46,Venda
SKU_1783_BAB,07/07/2025,Atacado,2,2399.8,1008.16,695.82,Venda
SKU_1730_OFF,07/07/2025,Atacado,12,3838.8,1680.6,179.85,Venda
SKU_1650_EGR,07/07/2025,Varejo,1,1004.9,353.72,651.18,Venda
SKU_1724_PIN,07/07/2025,E-commerce,1,1114.9,485.84,629.06,Venda
SKU_1477_CLE,07/07/2025,E-commerce,1,224.9,108.0,116.9,Venda
SKU_1684_HON,07/07/2025,Atacado,10,1849.0,877.2,97.18,Venda
SKU_1752_SNO,07/07/2025,E-commerce,1,429.9,146.01,283.89,Venda
SKU_1759_COB,07/07/2025,Atacado,4,1079.6,620.96,114.66,Venda
SKU_1769_EME,07/07/2025,Atacado,4,1299.6,578.32,180.32,Venda
SKU_1781_AQU,07/07/2025,Varejo,1,129.9,63.21,66.69,Venda
SKU_1767_FUC,07/07/2025,Varejo,1,204.9,96.21,108.69,Venda
SKU_1685_COB,07/07/2025,Varejo,1,664.9,294.04,370.86,Venda
SKU_1704_BAB,07/07/2025,Atacado,2,669.8,359.04,155.38,Venda
SKU_1723_COB,07/07/2025,E-commerce,2,869.8,271.64,299.08,Venda
SKU_1792_MIN,07/07/2025,E-commerce,1,439.9,148.68,291.22,Venda
SKU_1784_EGR,07/07/2025,Varejo,1,309.9,154.08,155.82,Venda
SKU_1468_BAB,07/07/2025,E-commerce,2,1059.8,510.54,274.63,Venda
SKU_1798_OFF,07/07/2025,Atacado,8,3359.2,1629.12,216.26,Venda
SKU_1793_MIN,07/07/2025,Varejo,2,379.8,116.76,131.52,Venda
SKU_1754_IVO,07/07/2025,Atacado,8,2719.2,1243.92,184.41,Venda
SKU_1781_CLE,07/07/2025,Varejo,1,129.9,50.79,79.11,Venda
SKU_1711_VAN,07/07/2025,Varejo,1,994.9,419.66,575.24,Venda
SKU_1405_FLA,07/07/2025,E-commerce,2,429.8,209.34,110.23,Venda
SKU_1716_AQU,07/07/2025,Varejo,3,494.7,238.44,85.42,Venda
SKU_1488_IVO,07/07/2025,Varejo,1,339.9,132.31,207.59,Venda
SKU_1739_MOS,07/07/2025,Varejo,1,254.9,116.05,138.85,Venda
SKU_1730_OFF,07/07/2025,Atacado,5,1599.5,758.55,168.19,Venda
SKU_1773_OLI,07/07/2025,Varejo,1,324.9,117.0,207.9,Venda
SKU_1733_NAV,07/07/2025,Atacado,6,2099.4,1044.06,175.89,Venda
SKU_1762_BRI,07/07/2025,Atacado,4,1019.6,509.76,127.46,Venda
SKU_1797_GAR,07/07/2025,E-commerce,1,379.9,147.46,232.44,Venda
SKU_1723_MOS,07/07/2025,Varejo,4,1739.6,699.24,260.09,Venda
SKU_1530_PEA,07/07/2025,Atacado,3,389.7,194.61,65.03,Venda
SKU_1752_SNO,07/07/2025,Varejo,1,429.9,203.02,226.88,Venda
SKU_1800_MOS,07/07/2025,Varejo,2,559.8,264.58,147.61,Venda
SKU_1712_NAV,07/07/2025,Atacado,2,359.8,205.36,77.22,Venda
SKU_1750_SNO,07/07/2025,Atacado,6,2219.4,1081.8,189.6,Venda
SKU_1729_CLE,07/07/2025,Varejo,1,174.9,54.5,120.4,Venda
SKU_1785_HUN,07/07/2025,Atacado,3,734.7,357.72,125.66,Venda
SKU_1801_FLA,07/07/2025,Atacado,5,1874.5,916.4,191.62,Venda
SKU_1734_FRE,07/07/2025,Varejo,1,349.9,121.37,228.53,Venda
SKU_1753_WHI,07/07/2025,Atacado,6,4739.4,2415.54,387.31,Venda
SKU_1789_EME,07/07/2025,E-commerce,1,269.9,95.05,174.85,Venda
SKU_1782_NAV,07/07/2025,Varejo,1,249.9,103.28,146.62,Venda
SKU_1738_BLU,07/07/2025,Varejo,4,779.6,354.4,106.3,Venda
SKU_1682_OLI,07/07/2025,E-commerce,1,234.9,84.81,150.09,Venda
SKU_1636_LIG,07/07/2025,Varejo,1,439.9,175.45,264.45,Venda
SKU_1737_SAG,07/07/2025,Varejo,1,769.9,333.39,436.51,Venda
SKU_1737_DEE,07/07/2025,Atacado,6,4619.4,2439.18,363.37,Venda
SKU_1690_MYS,07/07/2025,Atacado,10,5399.0,2362.6,303.64,Venda
SKU_1800_SKY,07/07/2025,Atacado,6,1679.4,775.5,150.65,Venda
SKU_1684_SHO,07/07/2025,Atacado,6,1109.4,545.1,94.05,Venda
SKU_1721_FRE,07/07/2025,Atacado,4,1679.6,798.96,220.16,Venda
SKU_1446_SHO,07/07/2025,Varejo,1,269.9,116.23,153.67,Venda
SKU_1638_PEA,07/07/2025,Atacado,4,4559.6,2372.16,546.86,Venda
SKU_1695_LIM,07/07/2025,Atacado,4,839.6,442.92,99.17,Venda
SKU_1786_TEA,07/07/2025,E-commerce,1,179.9,88.4,91.5,Venda
SKU_1748_BAB,07/07/2025,Atacado,5,1549.5,660.75,177.75,Venda
SKU_1677_VAN,07/07/2025,Varejo,1,569.9,281.11,288.79,Venda
SKU_1800_SKY,07/07/2025,E-commerce,1,279.9,111.73,168.17,Venda
SKU_1747_TEA,07/07/2025,Varejo,2,349.8,116.58,116.61,Venda
SKU_1706_JAD,07/07/2025,Varejo,1,184.9,88.12,96.78,Venda
SKU_1714_DEE,07/07/2025,Atacado,5,1524.5,910.65,122.77,Venda
SKU_1397_BUB,07/07/2025,Atacado,10,2349.0,1115.9,123.31,Venda
SKU_1727_WHI,07/07/2025,Varejo,2,309.8,97.78,106.01,Venda
SKU_1703_PAS,07/07/2025,Atacado,5,1349.5,634.7,142.96,Venda
SKU_1754_SER,07/07/2025,Varejo,1,339.9,144.98,194.92,Venda
SKU_1740_OLI,07/07/2025,Varejo,4,859.6,286.96,143.16,Venda
SKU_1750_SNO,07/07/2025,Atacado,10,3699.0,1808.0,189.1,Venda
SKU_1669_COR,07/07/2025,Atacado,6,1199.4,600.66,99.79,Venda
SKU_1726_BUB,07/07/2025,Varejo,1,429.9,175.51,254.39,Venda
SKU_1761_SAP,07/07/2025,Varejo,2,2209.8,745.7,732.05,Venda
SKU_1754_IVO,07/07/2025,Varejo,2,679.8,212.96,233.42,Venda
SKU_1732_OFF,07/07/2025,Atacado,12,13378.8,5759.52,634.94,Venda
SKU_1674_PAS,07/07/2025,Atacado,8,1839.2,1027.68,101.44,Venda
SKU_1723_COB,07/07/2025,Atacado,6,2609.4,1332.66,212.79,Venda
SKU_1729_FUC,07/07/2025,Atacado,8,1399.2,690.32,88.61,Venda
SKU_1780_LIG,07/07/2025,Varejo,1,334.9,126.25,208.65,Venda
SKU_1792_AQU,07/07/2025,E-commerce,2,879.8,391.42,244.19,Venda
SKU_1768_PEA,07/07/2025,E-commerce,1,624.9,252.97,371.93,Venda
SKU_1699_COB,07/07/2025,E-commerce,1,329.9,153.96,175.94,Venda
SKU_1705_SER,07/07/2025,Varejo,2,819.8,283.74,268.03,Venda
SKU_1687_FOR,07/07/2025,Atacado,3,2699.7,1392.66,435.68,Venda
SKU_1741_PEA,07/07/2025,Varejo,1,239.9,78.81,161.09,Venda
SKU_1712_MOS,07/07/2025,Varejo,1,179.9,74.1,105.8,Venda
SKU_1703_PAS,07/07/2025,Atacado,5,1349.5,637.95,142.31,Venda
SKU_1774_COB,07/07/2025,Atacado,10,2049.0,993.0,105.6,Venda
SKU_1791_IVO,07/07/2025,Atacado,3,794.7,418.29,125.47,Venda
SKU_1602_PAS,07/07/2025,Atacado,8,1839.2,865.84,121.67,Venda
SKU_1791_ARM,07/07/2025,Atacado,4,1059.6,454.08,151.38,Venda
SKU_1783_BAB,07/07/2025,Atacado,3,3599.7,1715.25,628.15,Venda
SKU_1787_BAB,07/07/2025,E-commerce,1,289.9,107.13,182.77,Venda
SKU_1400_FOR,07/07/2025,Atacado,6,1259.4,604.92,109.08,Venda
SKU_1721_FRE,07/07/2025,Varejo,1,419.9,143.0,276.9,Venda
SKU_1683_SHO,07/07/2025,Atacado,10,3149.0,1523.8,162.52,Venda
SKU_1800_SKY,07/07/2025,Varejo,1,279.9,86.03,193.87,Venda
SKU_1712_NAV,07/07/2025,E-commerce,1,179.9,59.94,119.96,Venda
SKU_1719_WHI,07/07/2025,Varejo,1,319.9,100.03,219.87,Venda
SKU_1714_MID,07/07/2025,Varejo,2,609.8,278.38,165.71,Venda
SKU_1717_MIN,07/07/2025,Varejo,2,519.8,197.66,161.07,Venda
SKU_1712_MOS,07/07/2025,Varejo,1,179.9,59.25,120.65,Venda
SKU_1691_HUN,07/07/2025,Varejo,2,619.8,237.9,190.95,Venda
SKU_1679_SHO,07/07/2025,Varejo,3,2759.7,991.59,589.37,Venda
SKU_1694_PIS,07/07/2025,Varejo,1,279.9,95.38,184.52,Venda
SKU_1793_WHI,07/07/2025,Atacado,8,1519.2,783.68,91.94,Venda
SKU_1745_FOR,07/07/2025,Atacado,4,1639.6,841.4,199.55,Venda
SKU_1453_SAP,07/07/2025,Varejo,1,234.9,116.11,118.79,Venda
SKU_1776_BIR,07/07/2025,Atacado,6,1979.4,1057.32,153.68,Venda
SKU_1720_PAS,07/07/2025,Atacado,2,449.8,223.1,113.35,Venda
SKU_1751_MIN,07/07/2025,Atacado,5,1649.5,738.8,182.14,Venda
SKU_1780_AQU,07/07/2025,Varejo,1,334.9,116.81,218.09,Venda
SKU_1790_ROY,07/07/2025,Varejo,1,259.9,86.08,173.82,Venda
SKU_1740_FRE,07/07/2025,E-commerce,3,644.7,300.99,114.57,Venda
SKU_1464_MOS,07/07/2025,E-commerce,1,229.9,89.57,140.33,Venda
SKU_1778_MIN,07/07/2025,Atacado,6,1709.4,842.52,144.48,Venda
SKU_1684_HON,07/07/2025,Atacado,5,924.5,480.55,88.79,Venda
SKU_1699_COB,07/07/2025,Atacado,3,989.7,621.69,122.67,Venda
SKU_1761_SAP,07/07/2025,Varejo,1,1104.9,544.29,560.61,Venda
SKU_1790_EGR,07/07/2025,E-commerce,1,259.9,97.32,162.58,Venda
SKU_1757_PIN,07/07/2025,Atacado,10,2649.0,1350.3,129.87,Venda
SKU_1771_EME,07/07/2025,E-commerce,1,264.9,111.08,153.82,Venda
SKU_1715_HON,07/07/2025,Varejo,1,219.9,73.97,145.93,Venda
SKU_1730_MIN,07/07/2025,E-commerce,1,319.9,143.17,176.73,Venda
SKU_1724_PIN,07/07/2025,Atacado,2,2229.8,967.74,631.03,Venda
SKU_1791_IVO,07/07/2025,Atacado,3,794.7,364.71,143.33,Venda
SKU_1401_GAR,07/07/2025,Varejo,2,479.8,178.94,150.43,Venda
SKU_1778_MIN,07/07/2025,Atacado,2,569.8,275.5,147.15,Venda
SKU_1779_MIN,07/07/2025,Varejo,2,429.8,177.92,125.94,Venda
SKU_1462_MID,07/07/2025,Atacado,3,1094.7,603.84,163.62,Venda
SKU_1650_OLI,07/07/2025,Atacado,8,8039.2,3887.68,518.94,Venda
SKU_1421_LIG,07/07/2025,Varejo,1,229.9,72.89,157.01,Venda
SKU_1763_HOT,07/07/2025,Varejo,1,299.9,140.58,159.32,Venda
SKU_1697_PIS,07/07/2025,Atacado,2,439.8,208.92,115.44,Venda
SKU_1738_BLU,07/07/2025,Atacado,5,974.5,441.55,106.59,Venda
SKU_1713_SAL,07/07/2025,Atacado,5,2524.5,1194.85,265.93,Venda
SKU_1764_MAR,07/07/2025,Varejo,1,234.9,86.67,148.23,Venda
SKU_1717_MIN,07/07/2025,Atacado,3,779.7,379.02,133.56,Venda
SKU_1438_DEE,07/07/2025,Atacado,2,409.8,208.82,100.49,Venda
SKU_1762_BRI,07/07/2025,Varejo,1,254.9,120.9,134.0,Venda
SKU_1731_MIN,07/07/2025,E-commerce,1,909.9,439.39,470.51,Venda
SKU_1721_FRE,07/07/2025,Atacado,5,2099.5,998.45,220.21,Venda
SKU_1710_MEX,07/07/2025,Varejo,1,809.9,273.23,536.67,Venda
SKU_1795_HUN,07/07/2025,E-commerce,1,299.9,119.96,179.94,Venda
SKU_1783_BAB,07/07/2025,E-commerce,1,1199.9,567.95,631.95,Venda
SKU_1702_LIG,07/07/2025,Atacado,5,3099.5,1318.3,356.24,Venda
SKU_1767_FUC,07/07/2025,Atacado,12,2458.8,1205.04,104.48,Venda
SKU_1684_HON,07/07/2025,Varejo,1,184.9,73.28,111.62,Venda
SKU_1754_SER,07/07/2025,Atacado,2,679.8,308.02,185.89,Venda
SKU_1745_FOR,07/07/2025,Atacado,4,1639.6,857.32,195.57,Venda
SKU_1694_SER,07/07/2025,E-commerce,1,279.9,105.96,173.94,Venda
SKU_1568_PIN,07/07/2025,Atacado,6,1409.4,874.68,89.12,Venda
SKU_1663_SNO,07/07/2025,Atacado,4,3179.6,1460.72,429.72,Venda
SKU_1722_PAS,07/07/2025,Atacado,6,1949.4,905.94,173.91,Venda
SKU_1412_SHO,07/07/2025,Atacado,3,2684.7,1354.08,443.54,Venda
SKU_1748_COB,07/07/2025,Atacado,8,2479.2,1232.32,155.86,Venda
SKU_1460_FUC,07/07/2025,Varejo,3,524.7,232.95,97.25,Venda
SKU_1792_AQU,07/07/2025,Atacado,3,1319.7,568.53,250.39,Venda
SKU_1724_PEA,07/07/2025,Varejo,1,1114.9,355.75,759.15,Venda
SKU_1792_AQU,07/07/2025,Atacado,3,1319.7,616.59,234.37,Venda
SKU_1683_PAL,07/07/2025,E-commerce,1,314.9,106.77,208.13,Venda
SKU_1702_COR,07/07/2025,E-commerce,1,619.9,194.36,425.54,Venda
SKU_1760_PAS,07/07/2025,Atacado,3,749.7,334.65,138.35,Venda
SKU_1764_FUC,07/07/2025,Atacado,8,1879.2,930.72,118.56,Venda
SKU_1710_OLI,07/07/2025,Atacado,6,4859.4,2514.0,390.9,Venda
SKU_1785_PAS,07/07/2025,Atacado,5,1224.5,568.5,131.2,Venda
SKU_1798_OFF,07/07/2025,Varejo,1,419.9,186.58,233.32,Venda
SKU_1725_BAB,07/07/2025,Varejo,1,244.9,105.12,139.78,Venda
SKU_1716_AQU,07/07/2025,Atacado,5,824.5,394.1,86.08,Venda
SKU_1728_MID,07/07/2025,E-commerce,1,329.9,109.92,219.98,Venda
SKU_1439_CER,07/07/2025,Varejo,1,184.9,72.13,112.77,Venda
SKU_1663_SNO,07/07/2025,Varejo,2,1589.8,639.5,475.15,Venda
SKU_1776_PAS,07/07/2025,Atacado,4,1319.6,640.12,169.87,Venda
SKU_1784_BLA,07/07/2025,Varejo,1,309.9,154.75,155.15,Venda
SKU_1741_PEA,07/07/2025,Atacado,8,1919.2,902.48,127.09,Venda
SKU_1742_DEN,07/07/2025,Atacado,5,1299.5,686.35,122.63,Venda
SKU_1736_PAS,07/07/2025,Varejo,1,324.9,99.71,225.19,Venda
SKU_1789_SNO,07/07/2025,Atacado,2,539.8,255.84,141.98,Venda
SKU_1794_LIG,07/07/2025,Atacado,2,419.8,216.26,101.77,Venda
SKU_1701_BLU,07/07/2025,Varejo,1,339.9,150.73,189.17,Venda
SKU_1794_LIG,07/07/2025,Atacado,5,1049.5,497.9,110.32,Venda
SKU_1762_DEN,07/07/2025,Atacado,10,2549.0,1439.8,110.92,Venda
SKU_1759_CLE,07/07/2025,Atacado,4,1079.6,595.76,120.96,Venda
SKU_1761_SAP,07/07/2025,Atacado,3,3314.7,1450.26,621.48,Venda
SKU_1741_PEA,07/07/2025,Varejo,1,239.9,117.62,122.28,Venda
SKU_1793_WHI,07/07/2025,Atacado,10,1899.0,1093.6,80.54,Venda
SKU_1707_ARM,07/07/2025,Atacado,3,839.7,364.83,158.29,Venda
SKU_1752_SPA,07/07/2025,Varejo,1,429.9,212.0,217.9,Venda
SKU_1716_SAL,07/07/2025,Atacado,8,1319.2,695.2,78.0,Venda
SKU_1410_JAD,07/07/2025,Varejo,1,1139.9,429.6,710.3,Venda
SKU_1588_PAS,07/07/2025,E-commerce,1,489.9,221.88,268.02,Venda
SKU_1753_WHI,07/07/2025,E-commerce,1,789.9,339.55,450.35,Venda
SKU_1723_COB,07/07/2025,Atacado,10,4349.0,2286.6,206.24,Venda
SKU_1728_MID,07/07/2025,Varejo,2,659.8,267.32,196.24,Venda
SKU_1718_SEA,07/07/2025,Varejo,1,369.9,130.36,239.54,Venda
SKU_1564_NAV,07/07/2025,Atacado,6,3539.4,2046.6,248.8,Venda
SKU_1794_LIG,07/07/2025,Varejo,1,209.9,82.6,127.3,Venda
SKU_1682_OLI,07/07/2025,Atacado,5,1174.5,638.75,107.15,Venda
SKU_1729_FUC,07/07/2025,Atacado,3,524.7,227.67,99.01,Venda
SKU_1780_AQU,07/07/2025,Atacado,3,1004.7,580.5,141.4,Venda
SKU_1697_PIS,07/07/2025,Atacado,2,439.8,242.06,98.87,Venda
SKU_1746_EME,07/07/2025,Atacado,4,719.6,340.64,94.74,Venda
SKU_1736_PAS,07/07/2025,Atacado,6,1949.4,829.2,186.7,Venda
SKU_1751_BLU,07/07/2025,Atacado,10,3299.0,1814.6,148.44,Venda
SKU_1624_PRI,07/07/2025,Varejo,1,209.9,87.33,122.57,Venda
SKU_1719_WHI,07/07/2025,Atacado,5,1599.5,844.3,151.04,Venda
SKU_1777_TUR,07/07/2025,E-commerce,2,479.8,206.58,136.61,Venda
SKU_1617_DEN,07/07/2025,Varejo,2,329.8,154.0,87.9,Venda
SKU_1687_FOR,07/07/2025,E-commerce,2,1799.8,835.54,482.13,Venda
SKU_1654_NAV,07/07/2025,Atacado,2,619.8,294.32,162.74,Venda
SKU_1800_SKY,07/07/2025,Atacado,2,559.8,324.12,117.84,Venda
SKU_1720_PAS,07/07/2025,Varejo,1,224.9,88.98,135.92,Venda
SKU_1716_AQU,07/07/2025,E-commerce,1,164.9,78.06,86.84,Venda
SKU_1785_HUN,07/07/2025,Atacado,5,1224.5,526.15,139.67,Venda
SKU_1751_MIN,07/07/2025,Atacado,4,1319.6,626.28,173.33,Venda
SKU_1801_FLA,07/07/2025,E-commerce,1,374.9,154.09,220.81,Venda
SKU_1721_COR,07/07/2025,Varejo,1,419.9,208.29,211.61,Venda
SKU_1645_MIN,07/07/2025,Atacado,5,1999.5,1029.25,194.05,Venda
SKU_1687_WHI,07/07/2025,Varejo,1,899.9,322.05,577.85,Venda
SKU_1758_HON,07/07/2025,Atacado,4,719.6,388.16,82.86,Venda
SKU_1510_SNO,07/07/2025,Atacado,5,4174.5,1937.9,447.32,Venda
SKU_1701_SPA,07/07/2025,Atacado,6,2039.4,1044.0,165.9,Venda
SKU_1394_FOR,07/07/2025,Atacado,5,2349.5,1076.1,254.68,Venda
SKU_1736_PAS,07/07/2025,Atacado,10,3249.0,1446.3,180.27,Venda
SKU_1731_ARM,07/07/2025,Varejo,1,909.9,314.87,595.03,Venda
SKU_1776_BIR,07/07/2025,E-commerce,1,329.9,122.85,207.05,Venda
SKU_1753_PAL,07/07/2025,Atacado,10,7899.0,4255.7,364.33,Venda
SKU_1787_BAB,07/07/2025,Atacado,4,1159.6,602.28,139.33,Venda
SKU_1489_TEA,07/07/2025,Atacado,3,1109.7,547.92,187.26,Venda
SKU_1736_JAD,07/07/2025,Varejo,1,324.9,160.1,164.8,Venda
SKU_1715_JAD,07/07/2025,Varejo,1,219.9,95.11,124.79,Venda
SKU_1752_SNO,07/07/2025,Varejo,2,859.8,331.76,264.02,Venda
SKU_1770_JAD,07/07/2025,Varejo,1,219.9,86.44,133.46,Venda
SKU_1734_BRI,07/07/2025,E-commerce,1,349.9,145.61,204.29,Venda
SKU_1778_TEA,07/07/2025,Atacado,10,2849.0,1754.9,109.41,Venda
SKU_1756_BUB,07/07/2025,Varejo,1,179.9,71.91,107.99,Venda
SKU_1483_WHI,07/07/2025,Varejo,1,324.9,121.08,203.82,Venda
SKU_1626_BAB,07/07/2025,E-commerce,1,539.9,199.14,340.76,Venda
SKU_1757_PIN,07/07/2025,Varejo,4,1059.6,462.68,149.23,Venda
SKU_1688_WHI,07/07/2025,Varejo,1,429.9,166.79,263.11,Venda
SKU_1748_COB,07/07/2025,Atacado,4,1239.6,590.48,162.28,Venda
SKU_1766_CLE,07/07/2025,Atacado,6,2369.4,1112.28,209.52,Venda
SKU_1693_MEX,07/07/2025,Varejo,2,409.8,162.52,123.64,Venda
SKU_1752_SNO,07/07/2025,Varejo,3,1289.7,486.63,267.69,Venda
SKU_1708_FLA,07/07/2025,Varejo,1,169.9,60.64,109.26,Venda
SKU_1723_MOS,07/07/2025,Varejo,2,869.8,291.4,289.2,Venda
SKU_1659_MOS,07/07/2025,Atacado,4,4099.6,2109.44,497.54,Venda
SKU_1725_OFF,07/07/2025,Varejo,1,244.9,116.41,128.49,Venda
SKU_1793_WHI,07/07/2025,Atacado,3,569.7,307.53,87.39,Venda
SKU_1698_SNO,07/07/2025,Atacado,5,2099.5,902.95,239.31,Venda
SKU_1552_CLE,07/07/2025,Atacado,8,5279.2,2589.68,336.19,Venda
SKU_1770_JAD,07/07/2025,Varejo,1,219.9,101.96,117.94,Venda
SKU_1423_JAD,07/07/2025,Varejo,1,1199.9,398.69,801.21,Venda
SKU_1798_OFF,07/07/2025,E-commerce,1,419.9,190.24,229.66,Venda
SKU_1776_PAS,07/07/2025,Varejo,1,329.9,137.34,192.56,Venda
SKU_1725_BAB,07/07/2025,Atacado,4,979.6,463.92,128.92,Venda
SKU_1692_BLU,07/07/2025,Varejo,1,219.9,77.22,142.68,Venda
SKU_1683_SHO,07/07/2025,Varejo,1,314.9,145.66,169.24,Venda
SKU_1791_IVO,07/07/2025,Varejo,1,264.9,128.25,136.65,Venda
SKU_1784_BLA,07/07/2025,E-commerce,1,309.9,140.56,169.34,Venda
SKU_1742_DEN,07/07/2025,Atacado,5,1299.5,688.3,122.24,Venda
SKU_1727_WHI,07/07/2025,Varejo,2,309.8,123.38,93.21,Venda
SKU_1560_CRE,07/07/2025,Atacado,6,1349.4,776.52,95.48,Venda
SKU_1723_COB,07/07/2025,Varejo,2,869.8,270.36,299.72,Venda
SKU_1754_IVO,07/07/2025,Atacado,10,3399.0,1949.1,144.99,Venda
SKU_1763_HOT,07/07/2025,Varejo,2,599.8,238.08,180.86,Venda
SKU_1776_PAS,07/07/2025,Varejo,1,329.9,131.5,198.4,Venda
SKU_1773_FRE,07/07/2025,Atacado,6,1949.4,850.5,183.15,Venda
SKU_1716_AQU,07/07/2025,Atacado,2,329.8,178.56,75.62,Venda
SKU_1800_SKY,07/07/2025,Varejo,1,279.9,114.27,165.63,Venda
SKU_1789_SNO,07/07/2025,Varejo,1,269.9,107.53,162.37,Venda
SKU_1769_EME,07/07/2025,E-commerce,1,324.9,150.39,174.51,Venda
SKU_1783_EGR,07/07/2025,Varejo,1,1199.9,534.26,665.64,Venda
SKU_1769_EME,07/07/2025,Varejo,1,324.9,143.55,181.35,Venda
SKU_1603_BUB,07/07/2025,Varejo,1,744.9,280.81,464.09,Venda
SKU_1709_CRE,07/07/2025,Atacado,8,1679.2,1023.84,81.92,Venda
SKU_1749_BIR,07/07/2025,E-commerce,1,349.9,163.73,186.17,Venda
SKU_1714_MID,07/07/2025,E-commerce,1,304.9,127.96,176.94,Venda
SKU_1745_FOR,07/07/2025,Varejo,1,409.9,181.66,228.24,Venda
SKU_1717_MIN,07/07/2025,Atacado,3,779.7,396.87,127.61,Venda
SKU_1800_SKY,07/07/2025,Atacado,5,1399.5,744.55,130.99,Venda
SKU_1795_HUN,07/07/2025,Varejo,1,299.9,141.31,158.59,Venda
SKU_1691_HUN,07/07/2025,Atacado,8,2479.2,1061.12,177.26,Venda
SKU_1788_EME,07/07/2025,E-commerce,1,249.9,80.24,169.66,Venda
SKU_1716_AQU,07/07/2025,Atacado,12,1978.8,925.68,87.76,Venda
SKU_1463_DUS,07/07/2025,Atacado,8,2079.2,1008.16,133.88,Venda
SKU_1793_WHI,07/07/2025,Varejo,1,189.9,83.77,106.13,Venda
SKU_1661_WHI,07/07/2025,E-commerce,2,1979.8,620.4,679.7,Venda
SKU_1792_AQU,07/07/2025,Varejo,1,439.9,177.5,262.4,Venda
SKU_1689_IVO,07/07/2025,Atacado,4,3859.6,2077.8,445.45,Venda
SKU_1723_COB,07/07/2025,Varejo,2,869.8,418.08,225.86,Venda
SKU_1782_HUN,07/07/2025,Varejo,1,249.9,103.12,146.78,Venda
SKU_1693_MEX,07/07/2025,Varejo,1,204.9,84.3,120.6,Venda
SKU_1411_RAS,07/07/2025,Varejo,1,224.9,86.53,138.37,Venda
SKU_1483_POW,07/07/2025,Varejo,1,324.9,147.28,177.62,Venda
SKU_1546_PAS,07/07/2025,Atacado,8,1399.2,733.04,83.27,Venda
SKU_1683_SHO,07/07/2025,E-commerce,1,314.9,119.47,195.43,Venda
SKU_1695_CRE,07/07/2025,Varejo,1,209.9,73.52,136.38,Venda
SKU_1515_SEA,07/07/2025,Varejo,1,194.9,80.14,114.76,Venda
SKU_1705_JAD,07/07/2025,Varejo,1,409.9,195.56,214.34,Venda
SKU_1685_BIR,07/07/2025,Varejo,1,664.9,302.59,362.31,Venda
SKU_1681_PIS,07/07/2025,Varejo,1,234.9,86.91,147.99,Venda
SKU_1715_HON,07/07/2025,Varejo,2,439.8,200.12,119.84,Venda
SKU_1799_DEN,07/07/2025,Varejo,2,539.8,169.2,185.3,Venda
SKU_1696_SHO,07/07/2025,Atacado,6,1679.4,763.8,152.6,Venda
SKU_1475_MIN,07/07/2025,Atacado,10,2499.0,1086.2,141.28,Venda
SKU_1776_BIR,07/07/2025,Varejo,1,329.9,137.18,192.72,Venda
SKU_1680_NAV,07/07/2025,Varejo,1,334.9,156.95,177.95,Venda
SKU_1634_SAP,07/07/2025,Atacado,5,4899.5,2450.5,489.8,Venda
SKU_1770_JAD,07/07/2025,Varejo,1,219.9,103.08,116.82,Venda
SKU_1708_FRE,07/07/2025,E-commerce,1,169.9,74.59,95.31,Venda
SKU_1448_SKY,07/07/2025,Atacado,2,359.8,164.32,97.74,Venda
SKU_1704_PEA,07/07/2025,Atacado,3,1004.7,444.45,186.75,Venda
SKU_1777_FRE,07/07/2025,E-commerce,1,239.9,108.22,131.68,Venda
SKU_1410_JAD,07/07/2025,Varejo,1,1139.9,449.04,690.86,Venda
SKU_1741_PIN,07/07/2025,E-commerce,1,239.9,95.09,144.81,Venda
SKU_1693_FLA,07/07/2025,E-commerce,2,409.8,137.5,136.15,Venda
SKU_1735_COR,07/07/2025,Varejo,1,269.9,102.58,167.32,Venda
SKU_1554_SKY,07/07/2025,Atacado,4,4139.6,1922.64,554.24,Venda
SKU_1727_WHI,07/07/2025,Varejo,1,154.9,66.66,88.24,Venda
SKU_1791_IVO,07/07/2025,Atacado,3,794.7,416.82,125.96,Venda
SKU_1632_SAP,07/07/2025,Varejo,3,554.7,226.23,109.49,Venda
SKU_1594_BAL,07/07/2025,Varejo,1,499.9,181.04,318.86,Venda
SKU_1680_SEA,07/07/2025,Atacado,4,1339.6,691.48,162.03,Venda
SKU_1695_CRE,07/07/2025,Varejo,1,209.9,101.01,108.89,Venda
SKU_1702_COR,07/07/2025,E-commerce,1,619.9,287.58,332.32,Venda
SKU_1778_TEA,07/07/2025,Varejo,1,284.9,92.94,191.96,Venda
SKU_1780_LIG,07/07/2025,Varejo,1,334.9,165.4,169.5,Venda
SKU_1771_EME,07/07/2025,Varejo,1,264.9,130.93,133.97,Venda
SKU_1740_OLI,07/07/2025,Atacado,4,859.6,449.72,102.47,Venda
SKU_1683_SHO,07/07/2025,Varejo,1,314.9,150.38,164.52,Venda
SKU_1493_PEA,07/07/2025,Atacado,3,989.7,483.0,168.9,Venda
SKU_1773_OLI,07/07/2025,Atacado,8,2599.2,1221.04,172.27,Venda
SKU_1761_SAP,07/07/2025,Atacado,8,8839.2,4477.52,545.21,Venda
SKU_1771_PIN,07/07/2025,Atacado,3,794.7,417.93,125.59,Venda
SKU_1792_AQU,07/07/2025,Varejo,1,439.9,215.32,224.58,Venda
SKU_1681_OFF,07/07/2025,Atacado,4,939.6,500.28,109.83,Venda
SKU_1726_PAS,07/07/2025,Atacado,5,2149.5,954.4,239.02,Venda
SKU_1743_CLO,07/07/2025,Varejo,1,439.9,198.88,241.02,Venda
SKU_1750_MIN,07/07/2025,Varejo,2,739.8,328.34,205.73,Venda
SKU_1779_MIN,07/07/2025,Atacado,4,859.6,361.56,124.51,Venda
SKU_1437_ROY,07/07/2025,Varejo,1,164.9,64.54,100.36,Venda
SKU_1754_SER,07/07/2025,Varejo,1,339.9,113.46,226.44,Venda
SKU_1677_POW,07/07/2025,Atacado,5,2849.5,1661.45,237.61,Venda
SKU_1736_PAS,07/07/2025,E-commerce,1,324.9,119.96,204.94,Venda
SKU_1612_SNO,07/07/2025,Atacado,3,989.7,545.19,148.17,Venda
SKU_1683_SHO,07/07/2025,Atacado,8,2519.2,1199.04,165.02,Venda
SKU_1746_NAV,07/07/2025,Atacado,3,539.7,248.46,97.08,Venda
SKU_1758_CLO,07/07/2025,E-commerce,3,539.7,266.25,91.15,Venda
SKU_1768_MIN,07/07/2025,Varejo,1,624.9,282.5,342.4,Venda
SKU_1528_PAS,07/07/2025,Varejo,2,429.8,213.18,108.31,Venda
SKU_1760_OFF,07/07/2025,E-commerce,1,249.9,124.46,125.44,Venda
SKU_1745_FOR,07/07/2025,Atacado,12,4918.8,2409.36,209.12,Venda
SKU_1683_PAL,07/07/2025,Atacado,5,1574.5,713.9,172.12,Venda
SKU_1794_LIG,07/07/2025,Atacado,4,839.6,410.44,107.29,Venda
SKU_1688_WHI,07/07/2025,Varejo,3,1289.7,576.72,237.66,Venda
SKU_1550_PAL,07/07/2025,E-commerce,2,329.8,151.94,88.93,Venda
SKU_1665_RAS,07/07/2025,Atacado,5,1249.5,653.15,119.27,Venda
SKU_1725_BAB,07/07/2025,Varejo,1,244.9,104.59,140.31,Venda
SKU_1510_ROS,07/07/2025,Atacado,2,1669.8,930.8,369.5,Venda
SKU_1727_LIG,07/07/2025,Atacado,8,1239.2,644.48,74.34,Venda
SKU_1700_PIS,07/07/2025,Atacado,10,6999.0,3617.6,338.14,Venda
SKU_1586_EGR,07/07/2025,Varejo,1,304.9,93.97,210.93,Venda
SKU_1699_COB,07/07/2025,Varejo,1,329.9,99.47,230.43,Venda
SKU_1570_MEX,07/07/2025,Varejo,1,714.9,287.46,427.44,Venda
SKU_1689_IVO,07/07/2025,E-commerce,1,964.9,452.61,512.29,Venda
SKU_1734_FRE,07/07/2025,E-commerce,1,349.9,152.55,197.35,Venda
SKU_1583_BLU,07/07/2025,Varejo,1,254.9,102.15,152.75,Venda
SKU_1777_FRE,07/07/2025,Atacado,3,719.7,354.6,121.7,Venda
SKU_1785_HUN,07/07/2025,Varejo,2,489.8,222.22,133.79,Venda
SKU_1650_OLI,07/07/2025,Atacado,2,2009.8,898.14,555.83,Venda
SKU_1704_PEA,07/07/2025,E-commerce,1,334.9,133.68,201.22,Venda
SKU_1725_BAB,07/07/2025,Atacado,5,1224.5,681.7,108.56,Venda
SKU_1702_LIG,07/07/2025,E-commerce,1,619.9,303.02,316.88,Venda
SKU_1446_SHO,07/07/2025,Varejo,1,269.9,103.75,166.15,Venda
SKU_1699_CLO,07/07/2025,Atacado,4,1319.6,749.68,142.48,Venda
SKU_1696_SHO,07/07/2025,Atacado,8,2239.2,1068.8,146.3,Venda
SKU_1788_MYS,07/07/2025,E-commerce,1,249.9,119.22,130.68,Venda
SKU_1716_AQU,07/07/2025,Atacado,12,1978.8,1105.32,72.79,Venda
SKU_1756_FLA,07/07/2025,E-commerce,1,179.9,73.43,106.47,Venda
SKU_1554_SKY,07/07/2025,Atacado,2,2069.8,1185.02,442.39,Venda
SKU_1723_COB,07/07/2025,Varejo,1,434.9,162.33,272.57,Venda
SKU_1481_TEA,07/07/2025,Atacado,2,1619.8,767.8,426.0,Venda
SKU_1726_BUB,07/07/2025,Atacado,12,5158.8,2333.16,235.47,Venda
SKU_1616_COR,07/07/2025,Varejo,1,1024.9,472.19,552.71,Venda
SKU_1797_BLU,07/07/2025,Varejo,2,759.8,320.34,219.73,Venda
SKU_1683_PAL,07/07/2025,Varejo,1,314.9,156.74,158.16,Venda
SKU_1752_SPA,07/07/2025,Varejo,1,429.9,189.66,240.24,Venda
SKU_1736_PAS,07/07/2025,Varejo,1,324.9,102.35,222.55,Venda
SKU_1724_PEA,07/07/2025,Atacado,8,8919.2,4192.24,590.87,Venda
SKU_1797_GAR,07/07/2025,E-commerce,1,379.9,171.19,208.71,Venda
SKU_1716_SAL,07/07/2025,Atacado,6,989.4,460.56,88.14,Venda
SKU_1766_CLE,07/07/2025,Varejo,1,394.9,128.15,266.75,Venda
SKU_1663_FLA,07/07/2025,Varejo,2,1589.8,772.08,408.86,Venda
SKU_1695_CRE,07/07/2025,Varejo,1,209.9,87.67,122.23,Venda
SKU_1740_FRE,07/07/2025,Varejo,3,644.7,248.25,132.15,Venda
SKU_1749_BIR,07/07/2025,Varejo,2,699.8,347.1,176.35,Venda
SKU_1712_NAV,07/07/2025,Atacado,4,719.6,303.72,103.97,Venda
SKU_1778_TEA,07/07/2025,Atacado,5,1424.5,758.75,133.15,Venda
SKU_1692_OLI,07/07/2025,Varejo,2,439.8,152.6,143.6,Venda
SKU_1757_PIN,07/07/2025,Atacado,12,3178.8,1603.2,131.3,Venda
SKU_1699_COB,07/07/2025,E-commerce,1,329.9,108.64,221.26,Venda
SKU_1513_PAS,07/07/2025,Atacado,3,644.7,344.88,99.94,Venda
SKU_1404_SAP,07/07/2025,Atacado,10,10199.0,4714.3,548.47,Venda
SKU_1700_HUN,07/07/2025,Atacado,5,3499.5,1663.05,367.29,Venda
SKU_1710_OLI,07/07/2025,Atacado,4,3239.6,1654.64,396.24,Venda
SKU_1532_EME,07/07/2025,Atacado,8,7839.2,3886.88,494.04,Venda
SKU_1752_SNO,07/07/2025,Atacado,4,1719.6,831.6,222.0,Venda
SKU_1597_SHO,07/07/2025,Atacado,6,3179.4,1677.0,250.4,Venda
SKU_1656_FUC,07/07/2025,Atacado,12,2818.8,1357.92,121.74,Venda
SKU_1773_OLI,07/07/2025,Varejo,1,324.9,97.5,227.4,Venda
SKU_1442_OFF,07/07/2025,Varejo,2,579.8,253.08,163.36,Venda
SKU_1684_HON,07/07/2025,Varejo,1,184.9,80.49,104.41,Venda
SKU_1702_COR,07/07/2025,Varejo,1,619.9,207.23,412.67,Venda
SKU_1698_SNO,07/07/2025,Varejo,1,419.9,167.57,252.33,Venda
SKU_1727_LIG,07/07/2025,Atacado,5,774.5,369.15,81.07,Venda
SKU_1691_HUN,07/07/2025,Varejo,3,929.7,367.56,187.38,Venda
SKU_1702_LIG,07/07/2025,E-commerce,1,619.9,191.67,428.23,Venda
SKU_1801_MOS,07/07/2025,Atacado,8,2999.2,1635.84,170.42,Venda
SKU_1731_MIN,07/07/2025,Atacado,6,5459.4,2838.66,436.79,Venda
SKU_1732_WHI,07/07/2025,Atacado,4,4459.6,2318.24,535.34,Venda
SKU_1494_EGR,07/07/2025,Atacado,8,8679.2,3841.68,604.69,Venda
SKU_1652_MOS,07/07/2025,E-commerce,1,219.9,83.06,136.84,Venda
SKU_1731_ARM,07/07/2025,Varejo,1,909.9,366.55,543.35,Venda
SKU_1734_FRE,07/07/2025,E-commerce,1,349.9,164.7,185.2,Venda
SKU_1781_CLE,07/07/2025,Atacado,4,519.6,246.8,68.2,Venda
SKU_1741_PEA,07/07/2025,Atacado,4,959.6,451.68,126.98,Venda
SKU_1767_FUC,07/07/2025,Varejo,4,819.6,309.12,127.62,Venda
SKU_1698_SNO,07/07/2025,Varejo,1,419.9,186.35,233.55,Venda
SKU_1737_DEE,07/07/2025,Atacado,4,3079.6,1582.04,374.39,Venda
SKU_1591_HON,07/07/2025,Atacado,6,5339.4,2728.32,435.18,Venda
SKU_1402_VAN,07/07/2025,Atacado,5,1174.5,552.3,124.44,Venda
SKU_1643_PAS,07/07/2025,Atacado,3,674.7,319.23,118.49,Venda
SKU_1510_SNO,07/07/2025,Atacado,3,2504.7,1411.32,364.46,Venda
SKU_1491_GAR,07/07/2025,Atacado,2,269.8,137.62,66.09,Venda
SKU_1734_FRE,07/07/2025,E-commerce,1,349.9,145.66,204.24,Venda
SKU_1718_DUS,07/07/2025,Atacado,6,2219.4,986.94,205.41,Venda
SKU_1523_HOT,07/07/2025,Atacado,6,2249.4,1154.58,182.47,Venda
SKU_1689_IVO,07/07/2025,Varejo,1,964.9,313.92,650.98,Venda
SKU_1754_IVO,07/07/2025,Varejo,1,339.9,107.11,232.79,Venda
SKU_1751_MIN,07/07/2025,Atacado,2,659.8,310.92,174.44,Venda
SKU_1727_LIG,07/07/2025,Atacado,6,929.4,392.82,89.43,Venda
SKU_1570_MEX,07/07/2025,E-commerce,2,1429.8,564.32,432.74,Venda
SKU_1709_CRE,07/07/2025,E-commerce,2,419.8,171.94,123.93,Venda
SKU_1730_MIN,07/07/2025,Varejo,2,639.8,273.74,183.03,Venda
SKU_1465_OFF,07/07/2025,Varejo,1,314.9,145.34,169.56,Venda
SKU_1419_FLA,07/07/2025,E-commerce,1,249.9,86.98,162.92,Venda
SKU_1799_DEN,07/07/2025,Varejo,1,269.9,113.36,156.54,Venda
SKU_1799_POW,07/07/2025,E-commerce,1,269.9,115.21,154.69,Venda
SKU_1789_EME,07/07/2025,Atacado,4,1079.6,539.44,135.04,Venda
SKU_1694_SER,07/07/2025,Atacado,2,559.8,311.46,124.17,Venda
SKU_1783_BAB,07/07/2025,Atacado,4,4799.6,2218.88,645.18,Venda
SKU_1784_EGR,07/07/2025,Atacado,6,1859.4,910.62,158.13,Venda
SKU_1448_SKY,07/07/2025,Varejo,2,359.8,142.1,108.85,Venda
SKU_1744_EME,07/07/2025,Atacado,5,1324.5,585.65,147.77,Venda
SKU_1706_JAD,07/07/2025,Atacado,3,554.7,278.85,91.95,Venda
SKU_1729_CLE,07/07/2025,Varejo,1,174.9,84.38,90.52,Venda
SKU_1391_SEA,07/07/2025,Varejo,1,284.9,122.97,161.93,Venda
SKU_1706_BLA,07/07/2025,Atacado,10,1849.0,896.7,95.23,Venda
SKU_1771_PIN,07/07/2025,Varejo,1,264.9,123.64,141.26,Venda
SKU_1701_BLU,07/07/2025,Atacado,6,2039.4,901.56,189.64,Venda
SKU_1794_LIG,07/07/2025,Varejo,1,209.9,103.93,105.97,Venda
SKU_1709_CRE,07/07/2025,E-commerce,1,209.9,71.51,138.39,Venda
SKU_1417_BIR,07/07/2025,E-commerce,1,279.9,91.01,188.89,Venda
SKU_1616_SER,07/07/2025,Atacado,2,2049.8,875.28,587.26,Venda
SKU_1769_WHI,07/07/2025,Atacado,5,1624.5,768.6,171.18,Venda
SKU_1432_BRI,07/07/2025,E-commerce,3,2159.7,891.54,422.72,Venda
SKU_1439_CER,07/07/2025,E-commerce,1,184.9,91.12,93.78,Venda
SKU_1763_HOT,07/07/2025,Atacado,8,2399.2,1301.92,137.16,Venda
SKU_1698_PRI,07/07/2025,Varejo,1,419.9,208.61,211.29,Venda
SKU_1750_SNO,07/07/2025,Atacado,4,1479.6,836.48,160.78,Venda
SKU_1513_RAS,07/07/2025,Atacado,4,859.6,411.2,112.1,Venda
SKU_1632_SAP,07/07/2025,Atacado,2,369.8,160.44,104.68,Venda
SKU_1681_OFF,07/07/2025,Varejo,1,234.9,100.24,134.66,Venda
SKU_1573_SAG,07/07/2025,Atacado,5,5124.5,2284.7,567.96,Venda
SKU_1503_CER,07/07/2025,Atacado,6,1379.4,730.74,108.11,Venda
SKU_1750_SNO,07/07/2025,Atacado,10,3699.0,1948.5,175.05,Venda
SKU_1778_TEA,07/07/2025,Varejo,1,284.9,125.71,159.19,Venda
SKU_1624_ARM,07/07/2025,Atacado,6,1259.4,606.6,108.8,Venda
SKU_1687_WHI,07/07/2025,Atacado,8,7199.2,3501.92,462.16,Venda
SKU_1760_PAS,07/07/2025,Varejo,2,499.8,239.2,130.3,Venda
SKU_1727_WHI,07/07/2025,Atacado,3,464.7,227.49,79.07,Venda
SKU_1731_ARM,07/07/2025,Varejo,1,909.9,427.67,482.23,Venda
SKU_1751_BLU,07/07/2025,Atacado,4,1319.6,657.12,165.62,Venda
SKU_1699_CLO,07/07/2025,Atacado,2,659.8,292.24,183.78,Venda
SKU_1643_PAS,07/07/2025,Varejo,1,224.9,89.22,135.68,Venda
SKU_1683_SHO,07/07/2025,Varejo,3,944.7,359.97,194.91,Venda
SKU_1693_MEX,07/07/2025,Atacado,3,614.7,380.88,77.94,Venda
SKU_1773_OLI,07/07/2025,Atacado,4,1299.6,624.4,168.8,Venda
SKU_1780_AQU,07/07/2025,Varejo,1,334.9,104.77,230.13,Venda
SKU_1751_BLU,07/07/2025,Varejo,4,1319.6,619.4,175.05,Venda
SKU_1770_JAD,07/07/2025,Atacado,12,2638.8,1183.92,121.24,Venda
SKU_1778_TEA,07/07/2025,Varejo,1,284.9,127.95,156.95,Venda
SKU_1742_EME,07/07/2025,Atacado,2,519.8,267.92,125.94,Venda
SKU_1691_HUN,07/07/2025,Atacado,8,2479.2,1225.36,156.73,Venda
SKU_1723_MOS,07/07/2025,Atacado,4,1739.6,890.68,212.23,Venda
SKU_1612_PAL,07/07/2025,Varejo,1,329.9,132.74,197.16,Venda
SKU_1510_ROS,07/07/2025,Varejo,1,834.9,378.5,456.4,Venda
SKU_1502_VAN,07/07/2025,Varejo,2,419.8,203.82,107.99,Venda
SKU_1716_AQU,07/07/2025,Varejo,3,494.7,243.18,83.84,Venda
SKU_1764_MAR,07/07/2025,Atacado,5,1174.5,688.3,97.24,Venda
SKU_1762_BRI,07/07/2025,Varejo,1,254.9,107.17,147.73,Venda
SKU_1724_PIN,07/07/2025,Varejo,1,1114.9,555.39,559.51,Venda
SKU_1791_ARM,07/07/2025,Atacado,3,794.7,336.48,152.74,Venda
SKU_1776_PAS,07/07/2025,E-commerce,1,329.9,124.81,205.09,Venda
SKU_1748_BAB,07/07/2025,Atacado,12,3718.8,1788.84,160.83,Venda
SKU_1781_CLE,07/07/2025,Varejo,1,129.9,57.01,72.89,Venda
SKU_1716_SAL,07/07/2025,Varejo,2,329.8,104.28,112.76,Venda
SKU_1784_EGR,07/07/2025,Atacado,4,1239.6,586.44,163.29,Venda
SKU_1689_IVO,07/07/2025,Varejo,3,2894.7,1267.83,542.29,Venda
SKU_1521_FRE,07/07/2025,Varejo,1,189.9,64.72,125.18,Venda
SKU_1770_DEE,07/07/2025,Atacado,4,879.6,394.2,121.35,Venda
SKU_1688_LIG,07/07/2025,Varejo,1,429.9,181.23,248.67,Venda
SKU_1696_SER,07/07/2025,E-commerce,2,559.8,200.8,179.5,Venda
SKU_1715_HON,07/07/2025,Varejo,2,439.8,219.1,110.35,Venda
SKU_1501_SAL,07/07/2025,Atacado,3,509.7,293.49,72.07,Venda
SKU_1721_FRE,07/07/2025,Atacado,6,2519.4,1150.26,228.19,Venda
SKU_1509_MAG,07/07/2025,Varejo,1,319.9,134.56,185.34,Venda
SKU_1789_EME,07/07/2025,Atacado,5,1349.5,644.45,141.01,Venda
SKU_1489_IVO,07/07/2025,Atacado,6,2219.4,1156.56,177.14,Venda
SKU_1779_LIG,07/07/2025,Atacado,3,644.7,272.97,123.91,Venda
SKU_1611_MID,07/07/2025,Atacado,6,1319.4,720.6,99.8,Venda
SKU_1740_OLI,07/07/2025,Varejo,1,214.9,101.51,113.39,Venda
SKU_1451_BIR,07/07/2025,Atacado,6,1469.4,697.68,128.62,Venda
SKU_1757_TUR,07/07/2025,Varejo,1,264.9,130.44,134.46,Venda
SKU_1689_MAG,07/07/2025,Varejo,2,1929.8,837.74,546.03,Venda
SKU_1475_VAN,07/07/2025,Atacado,5,1249.5,574.15,135.07,Venda
SKU_1686_MOS,07/07/2025,Atacado,3,644.7,307.89,112.27,Venda
SKU_1779_LIG,07/07/2025,Atacado,6,1289.4,674.94,102.41,Venda
SKU_1789_SNO,07/07/2025,Atacado,6,1619.4,765.78,142.27,Venda
SKU_1720_PAL,07/07/2025,Varejo,1,224.9,71.17,153.73,Venda
SKU_1688_LIG,07/07/2025,Atacado,3,1289.7,671.34,206.12,Venda
SKU_1715_JAD,07/07/2025,Varejo,4,879.6,427.32,113.07,Venda
SKU_1684_SHO,07/07/2025,Atacado,2,369.8,185.68,92.06,Venda
SKU_1555_FUC,07/07/2025,Varejo,1,189.9,63.52,126.38,Venda
SKU_1687_FOR,07/07/2025,Atacado,3,2699.7,1139.61,520.03,Venda
SKU_1695_LIM,07/07/2025,Varejo,1,209.9,96.44,113.46,Venda
SKU_1767_PRI,07/07/2025,Varejo,2,409.8,144.68,132.56,Venda
SKU_1644_BAB,07/07/2025,Atacado,4,1279.6,571.56,177.01,Venda
SKU_1788_EME,07/07/2025,Varejo,2,499.8,157.54,171.13,Venda
SKU_1569_PAS,07/07/2025,Varejo,1,219.9,79.63,140.27,Venda
SKU_1751_BLU,07/07/2025,Atacado,6,1979.4,1027.44,158.66,Venda
SKU_1425_WHI,07/07/2025,Atacado,2,419.8,208.28,105.76,Venda
SKU_1737_DEE,07/07/2025,Atacado,6,4619.4,2440.98,363.07,Venda
SKU_1748_COB,07/07/2025,Varejo,1,309.9,148.1,161.8,Venda
SKU_1798_OFF,07/07/2025,E-commerce,1,419.9,196.43,223.47,Venda
SKU_1716_AQU,07/07/2025,Varejo,3,494.7,217.89,92.27,Venda
SKU_1535_MOS,07/07/2025,Varejo,2,609.8,208.62,200.59,Venda
SKU_1719_OFF,07/07/2025,Varejo,1,319.9,146.12,173.78,Venda
SKU_1599_CER,07/07/2025,Varejo,1,469.9,208.69,261.21,Venda
SKU_1680_NAV,07/07/2025,Varejo,1,334.9,126.26,208.64,Venda
SKU_1782_NAV,07/07/2025,E-commerce,1,249.9,83.77,166.13,Venda
SKU_1652_TEA,07/07/2025,Atacado,8,1759.2,827.28,116.49,Venda
SKU_1393_COB,07/07/2025,Atacado,12,3718.8,2135.4,131.95,Venda
SKU_1598_DUS,07/07/2025,Varejo,1,489.9,236.8,253.1,Venda
SKU_1765_MYS,07/07/2025,Varejo,1,259.9,90.53,169.37,Venda
SKU_1761_MOS,07/07/2025,Varejo,2,2209.8,772.24,718.78,Venda
SKU_1674_WHI,07/07/2025,Varejo,2,459.8,208.12,125.84,Venda
SKU_1698_PRI,07/07/2025,Atacado,6,2519.4,1088.64,238.46,Venda
SKU_1590_HOT,07/07/2025,Atacado,6,1139.4,646.44,82.16,Venda
SKU_1681_OFF,07/07/2025,Atacado,5,1174.5,560.65,122.77,Venda
SKU_1704_PEA,07/07/2025,Varejo,1,334.9,143.55,191.35,Venda
SKU_1716_AQU,07/07/2025,Atacado,10,1649.0,871.1,77.79,Venda
SKU_1726_PAS,07/07/2025,Atacado,5,2149.5,989.1,232.08,Venda
SKU_1700_PIS,07/07/2025,Varejo,1,699.9,264.89,435.01,Venda
SKU_1570_MEX,07/07/2025,Atacado,5,3574.5,1936.05,327.69,Venda
SKU_1744_LIG,07/07/2025,Varejo,1,264.9,90.23,174.67,Venda
SKU_1657_EME,07/07/2025,Atacado,6,1289.4,574.62,119.13,Venda
SKU_1507_PAS,07/07/2025,Atacado,5,899.5,552.25,69.45,Venda
SKU_1701_BLU,07/07/2025,E-commerce,2,679.8,281.58,199.11,Venda
SKU_1713_SAL,07/07/2025,Varejo,1,504.9,250.53,254.37,Venda
SKU_1691_ROS,07/07/2025,Atacado,4,1239.6,665.4,143.55,Venda
SKU_1748_BAB,07/07/2025,Varejo,1,309.9,140.33,169.57,Venda
SKU_1746_EME,07/07/2025,Varejo,1,179.9,84.14,95.76,Venda
SKU_1777_TUR,07/07/2025,Varejo,1,239.9,76.13,163.77,Venda
SKU_1730_OFF,07/07/2025,Atacado,2,639.8,315.38,162.21,Venda
SKU_1755_BIR,07/07/2025,Atacado,10,3349.0,1634.2,171.48,Venda
SKU_1686_MOS,07/07/2025,Varejo,1,214.9,101.7,113.2,Venda
SKU_1687_WHI,07/07/2025,Varejo,3,2699.7,1348.74,450.32,Venda
SKU_1768_PEA,07/07/2025,Atacado,3,1874.7,797.73,358.99,Venda
SKU_1782_HUN,07/07/2025,Varejo,3,749.7,243.0,168.9,Venda
SKU_1772_BLU,07/07/2025,Atacado,5,2074.5,1017.6,211.38,Venda
SKU_1765_PAS,07/07/2025,E-commerce,1,259.9,95.96,163.94,Venda
SKU_1781_AQU,07/07/2025,Atacado,2,259.8,135.96,61.92,Venda
SKU_1760_OFF,07/07/2025,E-commerce,2,499.8,165.16,167.32,Venda
SKU_1741_PIN,07/07/2025,Atacado,5,1199.5,537.85,132.33,Venda
SKU_1727_LIG,07/07/2025,E-commerce,2,309.8,102.76,103.52,Venda
SKU_1765_MYS,07/07/2025,Atacado,4,1039.6,521.28,129.58,Venda
SKU_1441_IVO,07/07/2025,Varejo,1,1154.9,537.62,617.28,Venda
SKU_1685_BIR,07/07/2025,Atacado,3,1994.7,1141.17,284.51,Venda
SKU_1696_SHO,07/07/2025,Atacado,2,559.8,274.04,142.88,Venda
SKU_1720_PAS,07/07/2025,Atacado,12,2698.8,1643.04,87.98,Venda
SKU_1509_HOT,07/07/2025,Atacado,3,959.7,478.02,160.56,Venda
SKU_1393_COB,07/07/2025,E-commerce,1,309.9,124.04,185.86,Venda
SKU_1545_TEA,07/07/2025,Varejo,1,259.9,123.18,136.72,Venda
SKU_1707_ARM,07/07/2025,Atacado,4,1119.6,599.64,129.99,Venda
SKU_1667_MID,07/07/2025,Varejo,1,209.9,69.88,140.02,Venda
SKU_1685_COB,07/07/2025,Varejo,1,664.9,249.15,415.75,Venda
SKU_1758_HON,07/07/2025,E-commerce,1,179.9,57.06,122.84,Venda
SKU_1719_WHI,07/07/2025,Atacado,6,1919.4,1014.48,150.82,Venda
SKU_1763_MAR,07/07/2025,Atacado,5,1499.5,762.55,147.39,Venda
SKU_1782_HUN,07/07/2025,Varejo,1,249.9,83.41,166.49,Venda
SKU_1733_NAV,07/07/2025,Varejo,1,349.9,136.47,213.43,Venda
SKU_1753_WHI,07/07/2025,Varejo,1,789.9,326.31,463.59,Venda
SKU_1752_SPA,07/07/2025,Varejo,1,429.9,185.55,244.35,Venda
SKU_1433_OLI,07/07/2025,E-commerce,1,314.9,123.63,191.27,Venda
SKU_1760_PAS,07/07/2025,Atacado,8,1999.2,982.4,127.1,Venda
SKU_1726_BUB,07/07/2025,Atacado,8,3439.2,1677.52,220.21,Venda
SKU_1734_FRE,07/07/2025,E-commerce,1,349.9,142.72,207.18,Venda
SKU_1799_DEN,07/07/2025,Atacado,3,809.7,395.49,138.07,Venda
SKU_1611_BRI,07/07/2025,Varejo,2,439.8,135.24,152.28,Venda
SKU_1781_CLE,07/07/2025,Atacado,5,649.5,355.5,58.8,Venda
SKU_1784_BLA,07/07/2025,E-commerce,1,309.9,137.83,172.07,Venda
SKU_1788_EME,07/07/2025,Atacado,4,999.6,505.64,123.49,Venda
SKU_1688_WHI,07/07/2025,Atacado,2,859.8,396.66,231.57,Venda
SKU_1791_ARM,07/07/2025,Atacado,8,2119.2,997.52,140.21,Venda
SKU_1775_PAS,07/07/2025,Varejo,1,279.9,137.13,142.77,Venda
SKU_1710_MEX,07/07/2025,Varejo,1,809.9,363.13,446.77,Venda
SKU_1594_BAL,07/07/2025,Atacado,3,1499.7,752.07,249.21,Venda
SKU_1403_AQU,07/07/2025,Varejo,3,1154.7,552.03,200.89,Venda
SKU_1689_MAG,07/07/2025,Varejo,1,964.9,340.01,624.89,Venda
SKU_1788_EME,07/07/2025,Atacado,4,999.6,516.4,120.8,Venda
SKU_1560_CRE,07/07/2025,Atacado,5,1124.5,517.3,121.44,Venda
SKU_1676_NAV,07/07/2025,Atacado,2,339.8,179.58,80.11,Venda
SKU_1690_MAG,07/07/2025,Varejo,1,539.9,241.12,298.78,Venda
SKU_1783_EGR,07/07/2025,Varejo,1,1199.9,584.2,615.7,Venda
SKU_1685_COB,07/07/2025,E-commerce,2,1329.8,551.66,389.07,Venda
SKU_1779_MIN,07/07/2025,Atacado,5,1074.5,521.05,110.69,Venda
SKU_1543_BAB,07/07/2025,Varejo,1,734.9,262.65,472.25,Venda
SKU_1730_OFF,07/07/2025,Varejo,1,319.9,130.16,189.74,Venda
SKU_1726_BUB,07/07/2025,Atacado,8,3439.2,1792.88,205.79,Venda
SKU_1774_COB,07/07/2025,Atacado,2,409.8,219.66,95.07,Venda
SKU_1459_CRE,07/07/2025,Varejo,1,209.9,73.24,136.66,Venda
SKU_1714_MID,07/07/2025,Atacado,8,2439.2,1214.88,153.04,Venda
SKU_1760_OFF,07/07/2025,Atacado,5,1249.5,599.35,130.03,Venda
SKU_1801_FLA,07/07/2025,Atacado,2,749.8,394.38,177.71,Venda
SKU_1491_GAR,07/07/2025,Atacado,5,674.5,300.25,74.85,Venda
SKU_1755_BIR,07/07/2025,E-commerce,1,334.9,162.11,172.79,Venda
SKU_1398_AQU,07/07/2025,Varejo,1,674.9,204.03,470.87,Venda
SKU_1779_MIN,07/07/2025,Atacado,8,1719.2,809.28,113.74,Venda
SKU_1715_JAD,07/07/2025,Varejo,1,219.9,101.3,118.6,Venda
SKU_1703_BLU,07/07/2025,Varejo,2,539.8,178.94,180.43,Venda
SKU_1795_RAS,07/07/2025,Varejo,1,299.9,125.58,174.32,Venda
SKU_1463_LIG,07/07/2025,Atacado,8,2079.2,885.28,149.24,Venda
SKU_1761_SAP,07/07/2025,Atacado,5,5524.5,2468.35,611.23,Venda
SKU_1795_RAS,07/07/2025,E-commerce,2,599.8,294.76,152.52,Venda
SKU_1759_COB,07/07/2025,Atacado,10,2699.0,1651.3,104.77,Venda
SKU_1706_BLA,07/07/2025,Atacado,5,924.5,530.3,78.84,Venda
SKU_1573_MIN,07/07/2025,E-commerce,1,1024.9,469.42,555.48,Venda
SKU_1788_MYS,07/07/2025,Varejo,1,249.9,88.93,160.97,Venda
SKU_1593_LIG,07/07/2025,Varejo,1,144.9,45.43,99.47,Venda
SKU_1774_COB,07/07/2025,E-commerce,2,409.8,189.32,110.24,Venda
SKU_1725_BAB,07/07/2025,Atacado,2,489.8,208.38,140.71,Venda
SKU_1411_BLU,07/07/2025,Atacado,8,1799.2,1020.88,97.29,Venda
SKU_1445_TEA,07/07/2025,Atacado,3,1229.7,546.63,227.69,Venda
SKU_1716_AQU,07/07/2025,Atacado,6,989.4,430.44,93.16,Venda
SKU_1792_MIN,07/07/2025,Atacado,6,2639.4,1284.48,225.82,Venda
SKU_1656_SNO,07/07/2025,Atacado,5,1174.5,558.1,123.28,Venda
SKU_1784_EGR,07/07/2025,Atacado,5,1549.5,787.35,152.43,Venda
SKU_1682_BIR,07/07/2025,E-commerce,1,234.9,78.81,156.09,Venda
SKU_1742_EME,07/07/2025,Varejo,1,259.9,81.2,178.7,Venda
SKU_1521_MOS,07/07/2025,Varejo,2,379.8,142.36,118.72,Venda
SKU_1686_MOS,07/07/2025,Atacado,8,1719.2,945.28,96.74,Venda
SKU_1655_SNO,07/07/2025,Atacado,10,6449.0,3039.0,341.0,Venda
SKU_1751_MIN,07/07/2025,E-commerce,1,329.9,161.42,168.48,Venda
SKU_1596_CER,07/07/2025,Atacado,5,1374.5,633.0,148.3,Venda
SKU_1682_OLI,07/07/2025,E-commerce,1,234.9,96.17,138.73,Venda
SKU_1754_SER,07/07/2025,E-commerce,1,339.9,167.51,172.39,Venda
SKU_1739_AQU,07/07/2025,Atacado,3,764.7,364.8,133.3,Venda
SKU_1503_CER,07/07/2025,Varejo,1,229.9,81.23,148.67,Venda
SKU_1777_FRE,07/07/2025,Varejo,1,239.9,95.01,144.89,Venda
SKU_1614_VAN,07/07/2025,E-commerce,1,444.9,184.27,260.63,Venda
SKU_1728_EGR,07/07/2025,E-commerce,2,659.8,254.5,202.65,Venda
SKU_1774_MOS,07/07/2025,Atacado,4,819.6,407.68,102.98,Venda
SKU_1781_AQU,07/07/2025,E-commerce,2,259.8,102.92,78.44,Venda
SKU_1634_NAV,07/07/2025,Varejo,1,979.9,440.28,539.62,Venda
SKU_1777_TUR,07/07/2025,Atacado,5,1199.5,660.35,107.83,Venda
SKU_1749_BIR,07/07/2025,Atacado,5,1749.5,810.55,187.79,Venda
SKU_1687_FOR,07/07/2025,E-commerce,1,899.9,391.48,508.42,Venda
SKU_1740_OLI,07/07/2025,Varejo,1,214.9,71.68,143.22,Venda
SKU_1706_BLA,07/07/2025,Varejo,1,184.9,86.78,98.12,Venda
SKU_1414_CLO,07/07/2025,Atacado,10,3399.0,1434.0,196.5,Venda
SKU_1560_PAL,07/07/2025,Atacado,5,1124.5,585.9,107.72,Venda
SKU_1670_PEA,07/07/2025,Varejo,2,289.8,91.46,99.17,Venda
SKU_1741_PIN,07/07/2025,Varejo,1,239.9,118.94,120.96,Venda
SKU_1408_PAS,07/07/2025,Atacado,3,2759.7,1300.74,486.32,Venda
SKU_1720_PAS,07/07/2025,E-commerce,1,224.9,69.44,155.46,Venda
SKU_1451_WHI,07/07/2025,Varejo,1,244.9,95.38,149.52,Venda
SKU_1685_COB,07/07/2025,Atacado,5,3324.5,1581.15,348.67,Venda
SKU_1801_FLA,07/07/2025,Varejo,1,374.9,173.17,201.73,Venda
SKU_1775_PAL,07/07/2025,E-commerce,1,279.9,90.5,189.4,Venda
SKU_1478_COB,07/07/2025,Varejo,1,194.9,82.88,112.02,Venda
SKU_1763_MAR,07/07/2025,Varejo,1,299.9,129.45,170.45,Venda
SKU_1781_AQU,07/07/2025,Varejo,2,259.8,112.08,73.86,Venda
SKU_1700_PIS,07/07/2025,Atacado,8,5599.2,2860.48,342.34,Venda
SKU_1778_TEA,07/07/2025,Atacado,8,2279.2,1077.28,150.24,Venda
SKU_1740_FRE,07/07/2025,E-commerce,1,214.9,95.08,119.82,Venda
SKU_1780_AQU,07/07/2025,Atacado,12,4018.8,2010.96,167.32,Venda
SKU_1585_BLA,07/07/2025,Atacado,3,959.7,482.16,159.18,Venda
SKU_1701_SPA,07/07/2025,Varejo,1,339.9,126.47,213.43,Venda
SKU_1795_HUN,07/07/2025,Varejo,4,1199.6,379.04,205.14,Venda
SKU_1717_MIN,07/07/2025,E-commerce,1,259.9,120.66,139.24,Venda
SKU_1725_BAB,07/07/2025,Atacado,10,2449.0,1100.6,134.84,Venda
SKU_1509_MAG,07/07/2025,Varejo,2,639.8,225.8,207.0,Venda
SKU_1758_HON,07/07/2025,Atacado,4,719.6,368.68,87.73,Venda
SKU_1706_BLA,07/07/2025,E-commerce,1,184.9,85.27,99.63,Venda
SKU_1735_COR,07/07/2025,E-commerce,1,269.9,127.64,142.26,Venda
SKU_1794_LIG,07/07/2025,Atacado,5,1049.5,581.55,93.59,Venda
SKU_1683_SHO,07/07/2025,E-commerce,1,314.9,138.74,176.16,Venda
SKU_1772_SNO,07/07/2025,Atacado,5,2074.5,925.05,229.89,Venda
SKU_1773_FRE,07/07/2025,E-commerce,1,324.9,98.87,226.03,Venda
SKU_1800_MOS,07/07/2025,Varejo,1,279.9,130.15,149.75,Venda
SKU_1773_FRE,07/07/2025,Atacado,8,2599.2,1126.4,184.1,Venda
SKU_1749_BIR,07/07/2025,Atacado,10,3499.0,1501.3,199.77,Venda
SKU_1703_PAS,07/07/2025,Atacado,6,1619.4,802.98,136.07,Venda
SKU_1751_MIN,07/07/2025,Atacado,12,3958.8,2017.68,161.76,Venda
SKU_1468_BAB,07/07/2025,Varejo,1,529.9,171.46,358.44,Venda
SKU_1488_IVO,07/07/2025,Varejo,1,339.9,124.06,215.84,Venda
SKU_1581_COB,07/07/2025,E-commerce,1,854.9,272.85,582.05,Venda
SKU_1702_COR,07/07/2025,Varejo,1,619.9,199.22,420.68,Venda
SKU_1799_POW,08/07/2025,Atacado,4,1079.6,545.76,133.46,Venda
SKU_1769_EME,08/07/2025,E-commerce,1,324.9,158.54,166.36,Venda
SKU_1717_CRE,08/07/2025,Varejo,1,259.9,81.26,178.64,Venda
SKU_1681_OFF,08/07/2025,Atacado,6,1409.4,630.42,129.83,Venda
SKU_1757_PIN,08/07/2025,Varejo,1,264.9,110.09,154.81,Venda
SKU_1696_SER,08/07/2025,Atacado,10,2799.0,1411.0,138.8,Venda
SKU_1426_NAV,08/07/2025,Atacado,3,389.7,200.37,63.11,Venda
SKU_1788_MYS,08/07/2025,Varejo,1,249.9,110.46,139.44,Venda
SKU_1801_FLA,08/07/2025,E-commerce,1,374.9,161.09,213.81,Venda
SKU_1768_PEA,08/07/2025,Varejo,2,1249.8,607.04,321.38,Venda
SKU_1780_LIG,08/07/2025,Atacado,5,1674.5,806.8,173.54,Venda
SKU_1734_FRE,08/07/2025,Varejo,1,349.9,168.24,181.66,Venda
SKU_1573_SAG,08/07/2025,Varejo,2,2049.8,930.94,559.43,Venda
SKU_1768_MIN,08/07/2025,Atacado,10,6249.0,3351.4,289.76,Venda
SKU_1739_MOS,08/07/2025,Varejo,1,254.9,103.89,151.01,Venda
SKU_1665_SAG,08/07/2025,E-commerce,2,499.8,239.74,130.03,Venda
SKU_1784_BLA,08/07/2025,E-commerce,2,619.8,252.24,183.78,Venda
SKU_1721_FRE,08/07/2025,Varejo,1,419.9,179.33,240.57,Venda
SKU_1694_PIS,08/07/2025,Atacado,3,839.7,398.97,146.91,Venda
SKU_1680_NAV,08/07/2025,Atacado,3,1004.7,530.28,158.14,Venda
SKU_1574_COB,08/07/2025,E-commerce,1,604.9,282.95,321.95,Venda
SKU_1768_PEA,08/07/2025,Atacado,8,4999.2,3143.2,232.0,Venda
SKU_1435_OLI,08/07/2025,Varejo,1,1009.9,320.55,689.35,Venda
SKU_1785_HUN,08/07/2025,Varejo,1,244.9,79.81,165.09,Venda
SKU_1710_MEX,08/07/2025,Atacado,6,4859.4,2713.8,357.6,Venda
SKU_1398_AQU,08/07/2025,Varejo,1,674.9,216.6,458.3,Venda
SKU_1698_PRI,08/07/2025,Varejo,1,419.9,194.41,225.49,Venda
SKU_1691_HUN,08/07/2025,Varejo,2,619.8,301.28,159.26,Venda
SKU_1736_PAS,08/07/2025,Atacado,3,974.7,495.9,159.6,Venda
SKU_1673_FUC,08/07/2025,Varejo,1,409.9,140.48,269.42,Venda
SKU_1722_PAS,08/07/2025,Atacado,3,974.7,445.14,176.52,Venda
SKU_1751_BLU,08/07/2025,Varejo,2,659.8,222.98,218.41,Venda
SKU_1782_HUN,08/07/2025,Atacado,8,1999.2,1091.68,113.44,Venda
SKU_1706_JAD,08/07/2025,Varejo,1,184.9,80.28,104.62,Venda
SKU_1504_NAV,08/07/2025,E-commerce,1,339.9,124.2,215.7,Venda
SKU_1739_AQU,08/07/2025,Atacado,6,1529.4,712.14,136.21,Venda
SKU_1755_BIR,08/07/2025,Atacado,3,1004.7,469.23,178.49,Venda
SKU_1771_PIN,08/07/2025,Varejo,2,529.8,187.26,171.27,Venda
SKU_1765_MYS,08/07/2025,E-commerce,1,259.9,114.86,145.04,Venda
SKU_1670_PEA,08/07/2025,Atacado,5,724.5,342.45,76.41,Venda
SKU_1770_DEE,08/07/2025,Varejo,1,219.9,75.93,143.97,Venda
SKU_1733_NAV,08/07/2025,Atacado,12,4198.8,2233.68,163.76,Venda
SKU_1550_PAL,08/07/2025,Varejo,1,164.9,81.87,83.03,Venda
SKU_1661_CER,08/07/2025,E-commerce,3,2969.7,1320.66,549.68,Venda
SKU_1594_WHI,08/07/2025,Atacado,12,5998.8,2949.36,254.12,Venda
SKU_1711_ARM,08/07/2025,Varejo,1,994.9,413.12,581.78,Venda
SKU_1653_ROS,08/07/2025,Atacado,4,1439.6,687.4,188.05,Venda
SKU_1767_PRI,08/07/2025,Varejo,3,614.7,187.32,142.46,Venda
SKU_1722_PAS,08/07/2025,Atacado,4,1299.6,790.32,127.32,Venda
SKU_1467_OLI,08/07/2025,E-commerce,2,409.8,191.28,109.26,Venda
SKU_1676_PIN,08/07/2025,Atacado,3,509.7,246.15,87.85,Venda
SKU_1729_FUC,08/07/2025,Atacado,2,349.8,192.68,78.56,Venda
SKU_1673_FUC,08/07/2025,Atacado,4,1639.6,935.56,176.01,Venda
SKU_1737_DEE,08/07/2025,Varejo,1,769.9,361.1,408.8,Venda
SKU_1796_SHO,08/07/2025,Varejo,1,504.9,215.26,289.64,Venda
SKU_1575_JAD,08/07/2025,Varejo,1,864.9,346.47,518.43,Venda
SKU_1684_HON,08/07/2025,E-commerce,1,184.9,82.99,101.91,Venda
SKU_1693_MEX,08/07/2025,Atacado,6,1229.4,632.52,99.48,Venda
SKU_1723_MOS,08/07/2025,Atacado,4,1739.6,821.28,229.58,Venda
SKU_1692_BLU,08/07/2025,E-commerce,1,219.9,104.55,115.35,Venda
SKU_1639_WHI,08/07/2025,E-commerce,1,189.9,72.14,117.76,Venda
SKU_1764_FUC,08/07/2025,Atacado,4,939.6,585.92,88.42,Venda
SKU_1789_SNO,08/07/2025,Atacado,3,809.7,360.6,149.7,Venda
SKU_1797_BLU,08/07/2025,Atacado,6,2279.4,1074.6,200.8,Venda
SKU_1785_PAS,08/07/2025,Atacado,10,2449.0,1041.9,140.71,Venda
SKU_1693_MEX,08/07/2025,Atacado,5,1024.5,592.65,86.37,Venda
SKU_1477_CLE,08/07/2025,Atacado,3,674.7,369.27,101.81,Venda
SKU_1685_BIR,08/07/2025,Atacado,4,2659.6,1132.96,381.66,Venda
SKU_1405_CLO,08/07/2025,Atacado,8,1719.2,983.68,91.94,Venda
SKU_1761_MOS,08/07/2025,Varejo,1,1104.9,544.95,559.95,Venda
SKU_1704_PEA,08/07/2025,E-commerce,1,334.9,127.45,207.45,Venda
SKU_1774_COB,08/07/2025,Varejo,3,614.7,243.18,123.84,Venda
SKU_1690_MYS,08/07/2025,Atacado,6,3239.4,1682.7,259.45,Venda
SKU_1743_DEE,08/07/2025,Varejo,1,439.9,134.52,305.38,Venda
SKU_1760_PAS,08/07/2025,Atacado,10,2499.0,1206.6,129.24,Venda
SKU_1762_BRI,08/07/2025,Atacado,4,1019.6,447.36,143.06,Venda
SKU_1513_PAS,08/07/2025,Atacado,5,1074.5,467.75,121.35,Venda
SKU_1730_OFF,08/07/2025,Varejo,1,319.9,158.87,161.03,Venda
SKU_1682_BIR,08/07/2025,Varejo,2,469.8,188.42,140.69,Venda
SKU_1762_DEN,08/07/2025,E-commerce,1,254.9,98.47,156.43,Venda
SKU_1772_BLU,08/07/2025,Atacado,10,4149.0,2141.8,200.72,Venda
SKU_1791_IVO,08/07/2025,Atacado,6,1589.4,774.9,135.75,Venda
SKU_1686_SKY,08/07/2025,Atacado,3,644.7,389.46,85.08,Venda
SKU_1558_CLE,08/07/2025,Varejo,3,989.7,365.49,208.07,Venda
SKU_1721_FRE,08/07/2025,E-commerce,2,839.8,386.12,226.84,Venda
SKU_1792_AQU,08/07/2025,Varejo,1,439.9,181.01,258.89,Venda
SKU_1717_CRE,08/07/2025,Varejo,1,259.9,111.68,148.22,Venda
SKU_1768_PEA,08/07/2025,Varejo,1,624.9,300.67,324.23,Venda
SKU_1699_CLO,08/07/2025,Varejo,1,329.9,117.84,212.06,Venda
SKU_1776_BIR,08/07/2025,Varejo,1,329.9,163.01,166.89,Venda
SKU_1769_WHI,08/07/2025,Varejo,1,324.9,114.25,210.65,Venda
SKU_1766_MYS,08/07/2025,Atacado,4,1579.6,876.76,175.71,Venda
SKU_1641_SER,08/07/2025,Atacado,4,1299.6,636.04,165.89,Venda
SKU_1699_CLO,08/07/2025,Atacado,8,2639.2,1326.48,164.09,Venda
SKU_1736_JAD,08/07/2025,Atacado,3,974.7,466.59,169.37,Venda
SKU_1742_EME,08/07/2025,Atacado,5,1299.5,631.55,133.59,Venda
SKU_1800_SKY,08/07/2025,Varejo,1,279.9,111.61,168.29,Venda
SKU_1774_MOS,08/07/2025,E-commerce,1,204.9,93.44,111.46,Venda
SKU_1678_LIG,08/07/2025,Atacado,12,8578.8,4530.84,337.33,Venda
SKU_1696_SER,08/07/2025,Atacado,4,1119.6,527.52,148.02,Venda
SKU_1696_SHO,08/07/2025,Atacado,2,559.8,250.86,154.47,Venda
SKU_1730_MIN,08/07/2025,Varejo,2,639.8,211.66,214.07,Venda
SKU_1694_PIS,08/07/2025,Atacado,6,1679.4,762.18,152.87,Venda
SKU_1760_PAS,08/07/2025,E-commerce,1,249.9,94.35,155.55,Venda
SKU_1741_PIN,08/07/2025,Atacado,5,1199.5,593.95,121.11,Venda
SKU_1610_MEX,08/07/2025,E-commerce,1,184.9,57.9,127.0,Venda
SKU_1399_PAL,08/07/2025,Atacado,3,809.7,382.86,142.28,Venda
SKU_1725_OFF,08/07/2025,Atacado,2,489.8,236.64,126.58,Venda
SKU_1717_CRE,08/07/2025,Varejo,1,259.9,94.7,165.2,Venda
SKU_1495_BLA,08/07/2025,Varejo,1,329.9,102.78,227.12,Venda
SKU_1783_BAB,08/07/2025,Atacado,2,2399.8,1088.0,655.9,Venda
SKU_1546_IVO,08/07/2025,Varejo,1,174.9,72.64,102.26,Venda
SKU_1759_COB,08/07/2025,Varejo,1,269.9,88.42,181.48,Venda
SKU_1446_SHO,08/07/2025,Atacado,5,1349.5,629.85,143.93,Venda
SKU_1412_BAB,08/07/2025,Atacado,5,4474.5,1880.55,518.79,Venda
SKU_1545_TEA,08/07/2025,Varejo,1,259.9,126.14,133.76,Venda
SKU_1777_FRE,08/07/2025,Atacado,8,1919.2,930.88,123.54,Venda
SKU_1419_WHI,08/07/2025,Atacado,5,1249.5,576.5,134.6,Venda
SKU_1673_PEA,08/07/2025,Atacado,8,3279.2,1425.04,231.77,Venda
SKU_1800_MOS,08/07/2025,Varejo,1,279.9,115.33,164.57,Venda
SKU_1769_EME,08/07/2025,Varejo,1,324.9,114.86,210.04,Venda
SKU_1726_BUB,08/07/2025,Atacado,4,1719.6,825.44,223.54,Venda
SKU_1684_HON,08/07/2025,Varejo,2,369.8,152.88,108.46,Venda
SKU_1615_MOS,08/07/2025,Atacado,12,5578.8,2580.84,249.83,Venda
SKU_1612_PAL,08/07/2025,Varejo,1,329.9,153.42,176.48,Venda
SKU_1686_MOS,08/07/2025,Varejo,1,214.9,78.6,136.3,Venda
SKU_1680_SEA,08/07/2025,E-commerce,1,334.9,105.74,229.16,Venda
SKU_1688_WHI,08/07/2025,Varejo,1,429.9,208.83,221.07,Venda
SKU_1625_DUS,08/07/2025,Atacado,4,819.6,386.0,108.4,Venda
SKU_1699_CLO,08/07/2025,Atacado,8,2639.2,1114.48,190.59,Venda
SKU_1750_MIN,08/07/2025,Atacado,4,1479.6,652.44,206.79,Venda
SKU_1751_MIN,08/07/2025,E-commerce,2,659.8,214.66,222.57,Venda
SKU_1710_MEX,08/07/2025,E-commerce,1,809.9,371.55,438.35,Venda
SKU_1726_PAS,08/07/2025,Varejo,1,429.9,138.69,291.21,Venda
SKU_1729_FUC,08/07/2025,Varejo,1,174.9,58.41,116.49,Venda
SKU_1470_WHI,08/07/2025,Varejo,1,919.9,362.27,557.63,Venda
SKU_1750_SNO,08/07/2025,Atacado,5,1849.5,929.8,183.94,Venda
SKU_1783_BAB,08/07/2025,Atacado,5,5999.5,3121.75,575.55,Venda
SKU_1708_FRE,08/07/2025,Atacado,6,1019.4,489.54,88.31,Venda
SKU_1785_HUN,08/07/2025,Atacado,2,489.8,239.5,125.15,Venda
SKU_1603_PEA,08/07/2025,Atacado,12,8938.8,4724.28,351.21,Venda
SKU_1491_GAR,08/07/2025,Varejo,3,404.7,172.92,77.26,Venda
SKU_1704_BAB,08/07/2025,Varejo,1,334.9,164.95,169.95,Venda
SKU_1709_CRE,08/07/2025,Atacado,4,839.6,430.56,102.26,Venda
SKU_1756_FLA,08/07/2025,Varejo,1,179.9,64.63,115.27,Venda
SKU_1799_DEN,08/07/2025,Varejo,1,269.9,97.55,172.35,Venda
SKU_1757_TUR,08/07/2025,E-commerce,1,264.9,122.01,142.89,Venda
SKU_1690_MYS,08/07/2025,Varejo,1,539.9,181.32,358.58,Venda
SKU_1575_JAD,08/07/2025,Atacado,4,3459.6,1871.4,397.05,Venda
SKU_1791_ARM,08/07/2025,Varejo,2,529.8,206.5,161.65,Venda
SKU_1794_FLA,08/07/2025,Atacado,3,629.7,341.01,96.23,Venda
SKU_1730_OFF,08/07/2025,Varejo,1,319.9,112.31,207.59,Venda
SKU_1757_TUR,08/07/2025,Varejo,2,529.8,172.2,178.8,Venda
SKU_1731_MIN,08/07/2025,Atacado,6,5459.4,2363.04,516.06,Venda
SKU_1681_PIS,08/07/2025,Varejo,2,469.8,179.96,144.92,Venda
SKU_1683_SHO,08/07/2025,Atacado,6,1889.4,831.06,176.39,Venda
SKU_1790_ROY,08/07/2025,Atacado,6,1559.4,679.5,146.65,Venda
SKU_1673_FUC,08/07/2025,E-commerce,1,409.9,199.18,210.72,Venda
SKU_1736_JAD,08/07/2025,Atacado,6,1949.4,918.36,171.84,Venda
SKU_1512_TEA,08/07/2025,Varejo,4,899.6,333.24,141.59,Venda
SKU_1714_MID,08/07/2025,Atacado,10,3049.0,1518.9,153.01,Venda
SKU_1401_GAR,08/07/2025,Atacado,5,1199.5,531.6,133.58,Venda
SKU_1752_SPA,08/07/2025,Atacado,10,4299.0,2057.7,224.13,Venda
SKU_1708_FLA,08/07/2025,Atacado,8,1359.2,621.52,92.21,Venda
SKU_1736_PAS,08/07/2025,Varejo,2,649.8,318.44,165.68,Venda
SKU_1755_AQU,08/07/2025,Atacado,6,2009.4,916.32,182.18,Venda
SKU_1469_SAL,08/07/2025,Varejo,4,1179.6,566.6,153.25,Venda
SKU_1770_DEE,08/07/2025,E-commerce,1,219.9,73.73,146.17,Venda
SKU_1596_CER,08/07/2025,Varejo,2,549.8,169.46,190.17,Venda
SKU_1688_WHI,08/07/2025,Atacado,5,2149.5,1028.65,224.17,Venda
SKU_1774_MOS,08/07/2025,Atacado,5,1024.5,578.45,89.21,Venda
SKU_1436_BLU,08/07/2025,Atacado,4,1119.6,539.84,144.94,Venda
SKU_1772_SNO,08/07/2025,Atacado,4,1659.6,728.64,232.74,Venda
SKU_1512_TEA,08/07/2025,Varejo,1,224.9,73.81,151.09,Venda
SKU_1579_DEN,08/07/2025,Atacado,5,1149.5,520.35,125.83,Venda
SKU_1795_RAS,08/07/2025,Varejo,1,299.9,146.43,153.47,Venda
SKU_1725_OFF,08/07/2025,Atacado,6,1469.4,627.96,140.24,Venda
SKU_1750_SNO,08/07/2025,Varejo,1,369.9,120.31,249.59,Venda
SKU_1768_MIN,08/07/2025,Varejo,1,624.9,223.18,401.72,Venda
SKU_1753_PAL,08/07/2025,Atacado,12,9478.8,4420.68,421.51,Venda
SKU_1766_CLE,08/07/2025,Atacado,3,1184.7,609.12,191.86,Venda
SKU_1752_SNO,08/07/2025,Varejo,1,429.9,182.51,247.39,Venda
SKU_1777_TUR,08/07/2025,Varejo,2,479.8,176.72,151.54,Venda
SKU_1682_OLI,08/07/2025,Atacado,2,469.8,199.02,135.39,Venda
SKU_1738_BLU,08/07/2025,E-commerce,1,194.9,78.93,115.97,Venda
SKU_1737_DEE,08/07/2025,E-commerce,1,769.9,312.82,457.08,Venda
SKU_1787_BAB,08/07/2025,Atacado,3,869.7,426.33,147.79,Venda
SKU_1578_TEA,08/07/2025,Atacado,4,499.6,232.88,66.68,Venda
SKU_1701_BLU,08/07/2025,E-commerce,1,339.9,165.99,173.91,Venda
SKU_1779_MIN,08/07/2025,Varejo,1,214.9,73.37,141.53,Venda
SKU_1734_FRE,08/07/2025,Varejo,2,699.8,264.08,217.86,Venda
SKU_1695_CRE,08/07/2025,Atacado,3,629.7,293.76,111.98,Venda
SKU_1771_PIN,08/07/2025,Atacado,5,1324.5,745.0,115.9,Venda
SKU_1718_SEA,08/07/2025,Atacado,3,1109.7,532.47,192.41,Venda
SKU_1778_TEA,08/07/2025,Atacado,12,3418.8,1811.16,133.97,Venda
SKU_1580_MOS,08/07/2025,Atacado,8,1519.2,782.08,92.14,Venda
SKU_1659_SNO,08/07/2025,Varejo,1,1024.9,392.03,632.87,Venda
SKU_1699_COB,08/07/2025,Atacado,5,1649.5,844.0,161.1,Venda
SKU_1729_FUC,08/07/2025,Atacado,4,699.6,366.28,83.33,Venda
SKU_1735_COR,08/07/2025,E-commerce,1,269.9,92.79,177.11,Venda
SKU_1710_MEX,08/07/2025,Varejo,2,1619.8,782.8,418.5,Venda
SKU_1426_SEA,08/07/2025,Varejo,1,129.9,45.77,84.13,Venda
SKU_1690_MYS,08/07/2025,E-commerce,1,539.9,224.45,315.45,Venda
SKU_1749_SNO,08/07/2025,Varejo,1,349.9,158.34,191.56,Venda
SKU_1798_OFF,08/07/2025,Varejo,1,419.9,157.85,262.05,Venda
SKU_1786_TEA,08/07/2025,Varejo,1,179.9,76.3,103.6,Venda
SKU_1727_WHI,08/07/2025,Atacado,8,1239.2,604.0,79.4,Venda
SKU_1698_PRI,08/07/2025,Varejo,1,419.9,192.32,227.58,Venda
SKU_1703_PAS,08/07/2025,E-commerce,3,809.7,393.36,138.78,Venda
SKU_1722_PAS,08/07/2025,Atacado,5,1624.5,762.6,172.38,Venda
SKU_1748_COB,08/07/2025,Varejo,1,309.9,150.53,159.37,Venda
SKU_1712_MOS,08/07/2025,Atacado,3,539.7,283.86,85.28,Venda
SKU_1438_DEE,08/07/2025,Atacado,3,614.7,293.13,107.19,Venda
SKU_1458_PEA,08/07/2025,Varejo,2,699.8,344.12,177.84,Venda
SKU_1782_NAV,08/07/2025,E-commerce,1,249.9,84.21,165.69,Venda
SKU_1730_OFF,08/07/2025,Atacado,3,959.7,416.43,181.09,Venda
SKU_1656_SNO,08/07/2025,Varejo,1,234.9,105.72,129.18,Venda
SKU_1792_MIN,08/07/2025,Atacado,2,879.8,454.52,212.64,Venda
SKU_1545_TEA,08/07/2025,Atacado,3,779.7,435.48,114.74,Venda
SKU_1794_LIG,08/07/2025,Varejo,1,209.9,92.85,117.05,Venda
SKU_1750_MIN,08/07/2025,Varejo,1,369.9,158.71,211.19,Venda
SKU_1707_SAP,08/07/2025,E-commerce,1,279.9,107.94,171.96,Venda
SKU_1713_SAL,08/07/2025,Varejo,1,504.9,225.11,279.79,Venda
SKU_1791_ARM,08/07/2025,Atacado,6,1589.4,840.24,124.86,Venda
SKU_1737_DEE,08/07/2025,Varejo,2,1539.8,579.18,480.31,Venda
SKU_1775_PAS,08/07/2025,Varejo,3,839.7,339.18,166.84,Venda
SKU_1759_CLE,08/07/2025,Varejo,1,269.9,83.15,186.75,Venda
SKU_1750_MIN,08/07/2025,Atacado,6,2219.4,1014.18,200.87,Venda
SKU_1511_CLE,08/07/2025,Varejo,1,934.9,280.86,654.04,Venda
SKU_1711_ARM,08/07/2025,Varejo,2,1989.8,617.78,686.01,Venda
SKU_1801_FLA,08/07/2025,Varejo,1,374.9,137.25,237.65,Venda
SKU_1779_MIN,08/07/2025,Atacado,3,644.7,309.12,111.86,Venda
SKU_1743_CLO,08/07/2025,Varejo,1,439.9,214.88,225.02,Venda
SKU_1413_SAG,08/07/2025,E-commerce,1,184.9,60.78,124.12,Venda
SKU_1699_COB,08/07/2025,Atacado,3,989.7,430.86,186.28,Venda
SKU_1780_LIG,08/07/2025,Varejo,1,334.9,112.29,222.61,Venda
SKU_1687_WHI,08/07/2025,Atacado,8,7199.2,3770.32,428.61,Venda
SKU_1715_JAD,08/07/2025,Varejo,3,659.7,324.39,111.77,Venda
SKU_1787_BAB,08/07/2025,Atacado,4,1159.6,660.8,124.7,Venda
SKU_1723_MOS,08/07/2025,Varejo,3,1304.7,487.89,272.27,Venda
SKU_1798_OFF,08/07/2025,Varejo,2,839.8,336.42,251.69,Venda
SKU_1640_TEA,08/07/2025,Varejo,1,219.9,87.43,132.47,Venda
SKU_1781_CLE,08/07/2025,Atacado,4,519.6,249.68,67.48,Venda
SKU_1790_EGR,08/07/2025,Varejo,1,259.9,113.31,146.59,Venda
SKU_1755_AQU,08/07/2025,Atacado,2,669.8,349.7,160.05,Venda
SKU_1759_CLE,08/07/2025,Atacado,10,2699.0,1311.4,138.76,Venda
SKU_1760_OFF,08/07/2025,Atacado,6,1499.4,753.54,124.31,Venda
SKU_1516_CRE,08/07/2025,Varejo,1,349.9,125.12,224.78,Venda
SKU_1735_MOS,08/07/2025,E-commerce,2,539.8,198.26,170.77,Venda
SKU_1739_AQU,08/07/2025,Atacado,3,764.7,464.25,100.15,Venda
SKU_1688_LIG,08/07/2025,Varejo,1,429.9,147.22,282.68,Venda
SKU_1783_EGR,08/07/2025,Atacado,3,3599.7,1696.8,634.3,Venda
SKU_1468_BAB,08/07/2025,Atacado,3,1589.7,901.71,229.33,Venda
SKU_1450_JAD,08/07/2025,E-commerce,1,409.9,167.57,242.33,Venda
SKU_1639_FRE,08/07/2025,Atacado,6,1139.4,539.94,99.91,Venda
SKU_1707_SAP,08/07/2025,E-commerce,2,559.8,212.04,173.88,Venda
SKU_1709_CRE,08/07/2025,Varejo,2,419.8,164.04,127.88,Venda
SKU_1781_CLE,08/07/2025,E-commerce,1,129.9,50.67,79.23,Venda
SKU_1675_CRE,08/07/2025,Atacado,5,3824.5,1826.4,399.62,Venda
SKU_1525_MYS,08/07/2025,Varejo,1,289.9,93.07,196.83,Venda
SKU_1683_PAL,08/07/2025,Atacado,8,2519.2,1082.4,179.6,Venda
SKU_1699_CLO,08/07/2025,E-commerce,3,989.7,412.23,192.49,Venda
SKU_1777_FRE,08/07/2025,Varejo,1,239.9,109.78,130.12,Venda
SKU_1692_BLU,08/07/2025,Varejo,1,219.9,98.9,121.0,Venda
SKU_1775_PAL,08/07/2025,Atacado,4,1119.6,577.4,135.55,Venda
SKU_1762_BRI,08/07/2025,Varejo,2,509.8,186.58,161.61,Venda
SKU_1790_EGR,08/07/2025,Varejo,3,779.7,252.87,175.61,Venda
SKU_1741_PIN,08/07/2025,Varejo,1,239.9,84.87,155.03,Venda
SKU_1765_PAS,08/07/2025,Atacado,8,2079.2,1034.0,130.65,Venda
SKU_1642_SAL,08/07/2025,E-commerce,1,224.9,68.0,156.9,Venda
SKU_1413_JAD,08/07/2025,Atacado,6,1109.4,512.04,99.56,Venda
SKU_1791_ARM,08/07/2025,Varejo,2,529.8,182.06,173.87,Venda
SKU_1758_CLO,08/07/2025,E-commerce,1,179.9,81.43,98.47,Venda
SKU_1662_LIG,08/07/2025,Atacado,3,599.7,291.12,102.86,Venda
SKU_1711_VAN,08/07/2025,E-commerce,1,994.9,319.52,675.38,Venda
SKU_1668_VAN,08/07/2025,E-commerce,1,269.9,88.46,181.44,Venda
SKU_1761_MOS,08/07/2025,Atacado,5,5524.5,2887.5,527.4,Venda
SKU_1732_OFF,08/07/2025,E-commerce,1,1114.9,448.42,666.48,Venda
SKU_1430_JAD,08/07/2025,Atacado,5,899.5,469.1,86.08,Venda
SKU_1764_MAR,08/07/2025,Varejo,1,234.9,84.26,150.64,Venda
SKU_1570_HON,08/07/2025,Varejo,1,714.9,233.27,481.63,Venda
SKU_1761_SAP,08/07/2025,Atacado,5,5524.5,2892.85,526.33,Venda
SKU_1775_PAL,08/07/2025,E-commerce,3,839.7,277.77,187.31,Venda
SKU_1411_RAS,08/07/2025,E-commerce,1,224.9,88.34,136.56,Venda
SKU_1749_SNO,08/07/2025,Varejo,1,349.9,170.91,178.99,Venda
SKU_1501_SAL,08/07/2025,Atacado,5,849.5,407.2,88.46,Venda
SKU_1750_SNO,08/07/2025,Atacado,3,1109.7,576.96,177.58,Venda
SKU_1707_SAP,08/07/2025,Atacado,8,2239.2,1224.72,126.81,Venda
SKU_1716_AQU,08/07/2025,Varejo,1,164.9,59.17,105.73,Venda
SKU_1766_CLE,08/07/2025,Varejo,1,394.9,142.16,252.74,Venda
SKU_1539_BLA,08/07/2025,Atacado,12,4198.8,2111.4,173.95,Venda
SKU_1398_AQU,08/07/2025,Varejo,1,674.9,216.65,458.25,Venda
SKU_1685_COB,08/07/2025,Varejo,2,1329.8,594.44,367.68,Venda
SKU_1748_COB,08/07/2025,Varejo,1,309.9,117.42,192.48,Venda
SKU_1700_PIS,08/07/2025,Varejo,1,699.9,282.59,417.31,Venda
SKU_1748_BAB,08/07/2025,Varejo,2,619.8,306.54,156.63,Venda
SKU_1743_DEE,08/07/2025,Varejo,3,1319.7,578.79,246.97,Venda
SKU_1776_BIR,08/07/2025,Atacado,2,659.8,362.36,148.72,Venda
SKU_1635_SAG,08/07/2025,Varejo,1,604.9,219.13,385.77,Venda
SKU_1786_POW,08/07/2025,Varejo,1,179.9,62.29,117.61,Venda
SKU_1718_SEA,08/07/2025,Atacado,5,1849.5,823.8,205.14,Venda
SKU_1686_MOS,08/07/2025,Varejo,1,214.9,92.85,122.05,Venda
SKU_1798_OFF,08/07/2025,Varejo,1,419.9,191.5,228.4,Venda
SKU_1690_MYS,08/07/2025,E-commerce,1,539.9,179.48,360.42,Venda
SKU_1754_IVO,08/07/2025,E-commerce,1,339.9,118.77,221.13,Venda
SKU_1791_IVO,08/07/2025,Atacado,3,794.7,351.27,147.81,Venda
SKU_1721_FRE,08/07/2025,Atacado,5,2099.5,1267.45,166.41,Venda
SKU_1688_LIG,08/07/2025,E-commerce,2,859.8,376.38,241.71,Venda
SKU_1669_TEA,08/07/2025,Atacado,4,799.6,416.28,95.83,Venda
SKU_1389_BAB,08/07/2025,E-commerce,1,139.9,46.34,93.56,Venda
SKU_1717_CRE,08/07/2025,Varejo,1,259.9,95.15,164.75,Venda
SKU_1749_BIR,08/07/2025,E-commerce,2,699.8,331.36,184.22,Venda
SKU_1775_PAL,08/07/2025,Atacado,6,1679.4,946.98,122.07,Venda
SKU_1776_BIR,08/07/2025,Atacado,4,1319.6,656.76,165.71,Venda
SKU_1782_HUN,08/07/2025,Atacado,4,999.6,492.88,126.68,Venda
SKU_1728_EGR,08/07/2025,Atacado,6,1979.4,882.66,182.79,Venda
SKU_1587_DEE,08/07/2025,Varejo,1,229.9,79.67,150.23,Venda
SKU_1461_NAV,08/07/2025,Atacado,5,5349.5,2625.9,544.72,Venda
SKU_1723_MOS,08/07/2025,Atacado,6,2609.4,1584.48,170.82,Venda
SKU_1389_BAB,08/07/2025,Varejo,1,139.9,68.1,71.8,Venda
SKU_1577_FLA,08/07/2025,Atacado,6,959.4,456.84,83.76,Venda
SKU_1776_BIR,08/07/2025,Atacado,3,989.7,487.26,167.48,Venda
SKU_1684_HON,08/07/2025,Varejo,1,184.9,77.65,107.25,Venda
SKU_1697_PIS,08/07/2025,Atacado,8,1759.2,786.16,121.63,Venda
SKU_1716_SAL,08/07/2025,Atacado,8,1319.2,610.32,88.61,Venda
SKU_1723_MOS,08/07/2025,Atacado,6,2609.4,1350.42,209.83,Venda
SKU_1796_SHO,08/07/2025,Varejo,1,504.9,228.01,276.89,Venda
SKU_1405_FLA,08/07/2025,Varejo,1,214.9,65.81,149.09,Venda
SKU_1757_PIN,08/07/2025,Atacado,10,2649.0,1351.0,129.8,Venda
SKU_1751_MIN,08/07/2025,Atacado,5,1649.5,769.15,176.07,Venda
SKU_1710_OLI,08/07/2025,Atacado,3,2429.7,1180.74,416.32,Venda
SKU_1468_MYS,08/07/2025,Varejo,2,1059.8,337.24,361.28,Venda
SKU_1789_EME,08/07/2025,E-commerce,3,809.7,251.88,185.94,Venda
SKU_1776_BIR,08/07/2025,Atacado,4,1319.6,561.24,189.59,Venda
SKU_1729_FUC,08/07/2025,Varejo,1,174.9,79.67,95.23,Venda
SKU_1630_LIM,08/07/2025,E-commerce,1,334.9,140.7,194.2,Venda
SKU_1696_SHO,08/07/2025,Atacado,2,559.8,276.9,141.45,Venda
SKU_1665_SAG,08/07/2025,Varejo,2,499.8,193.12,153.34,Venda
SKU_1433_SAP,08/07/2025,Atacado,4,1259.6,686.64,143.24,Venda
SKU_1394_FOR,08/07/2025,Varejo,2,939.8,363.52,288.14,Venda
SKU_1565_BAB,08/07/2025,Atacado,6,2159.4,931.68,204.62,Venda
SKU_1777_TUR,08/07/2025,Varejo,2,479.8,234.34,122.73,Venda
SKU_1723_MOS,08/07/2025,E-commerce,1,434.9,172.25,262.65,Venda
SKU_1596_CER,08/07/2025,E-commerce,1,274.9,95.21,179.69,Venda
SKU_1693_FLA,08/07/2025,Varejo,1,204.9,62.24,142.66,Venda
SKU_1793_WHI,08/07/2025,Varejo,1,189.9,74.68,115.22,Venda
SKU_1685_COB,08/07/2025,E-commerce,1,664.9,248.9,416.0,Venda
SKU_1798_OFF,08/07/2025,Varejo,1,419.9,142.48,277.42,Venda
SKU_1708_FRE,08/07/2025,Varejo,2,339.8,133.52,103.14,Venda
SKU_1748_COB,08/07/2025,Varejo,1,309.9,99.62,210.28,Venda
SKU_1518_CLE,08/07/2025,Atacado,8,1879.2,852.16,128.38,Venda
SKU_1767_PRI,08/07/2025,E-commerce,1,204.9,95.44,109.46,Venda
SKU_1682_BIR,08/07/2025,Varejo,1,234.9,71.34,163.56,Venda
SKU_1789_EME,08/07/2025,Varejo,1,269.9,107.56,162.34,Venda
SKU_1715_JAD,08/07/2025,Atacado,4,879.6,465.36,103.56,Venda
SKU_1397_BUB,08/07/2025,Atacado,2,469.8,198.66,135.57,Venda
SKU_1690_MYS,08/07/2025,Atacado,10,5399.0,2702.3,269.67,Venda
SKU_1523_HOT,08/07/2025,Varejo,1,374.9,116.28,258.62,Venda
SKU_1772_BLU,08/07/2025,Atacado,6,2489.4,1072.8,236.1,Venda
SKU_1719_OFF,08/07/2025,Atacado,5,1599.5,766.1,166.68,Venda
SKU_1595_MYS,08/07/2025,Atacado,5,1499.5,653.1,169.28,Venda
SKU_1705_JAD,08/07/2025,Varejo,1,409.9,142.29,267.61,Venda
SKU_1471_LIG,08/07/2025,Atacado,12,2458.8,1143.0,109.65,Venda
SKU_1794_FLA,08/07/2025,Atacado,3,629.7,318.36,103.78,Venda
SKU_1389_BAB,08/07/2025,Varejo,2,279.8,102.46,88.67,Venda
SKU_1424_VAN,08/07/2025,Varejo,1,994.9,342.93,651.97,Venda
SKU_1713_SAL,08/07/2025,Atacado,2,1009.8,453.82,277.99,Venda
SKU_1709_CRE,08/07/2025,Varejo,1,209.9,85.49,124.41,Venda
SKU_1684_HON,08/07/2025,Atacado,5,924.5,452.1,94.48,Venda
SKU_1757_TUR,08/07/2025,Varejo,1,264.9,90.28,174.62,Venda
SKU_1723_COB,08/07/2025,Atacado,5,2174.5,1056.85,223.53,Venda
SKU_1786_POW,08/07/2025,E-commerce,1,179.9,54.22,125.68,Venda
SKU_1700_PIS,08/07/2025,Atacado,5,3499.5,2046.85,290.53,Venda
SKU_1728_MID,08/07/2025,Atacado,4,1319.6,562.4,189.3,Venda
SKU_1710_MEX,08/07/2025,Varejo,1,809.9,245.18,564.72,Venda
SKU_1734_BRI,08/07/2025,Varejo,1,349.9,154.51,195.39,Venda
SKU_1800_SKY,08/07/2025,Atacado,8,2239.2,1062.48,147.09,Venda
SKU_1703_PAS,08/07/2025,Varejo,2,539.8,184.12,177.84,Venda
SKU_1705_JAD,08/07/2025,Atacado,4,1639.6,740.48,224.78,Venda
SKU_1544_OLI,08/07/2025,Atacado,8,1599.2,784.4,101.85,Venda
SKU_1799_DEN,08/07/2025,E-commerce,1,269.9,89.84,180.06,Venda
SKU_1452_DEE,08/07/2025,E-commerce,1,144.9,44.59,100.31,Venda
SKU_1731_MIN,08/07/2025,Varejo,1,909.9,434.94,474.96,Venda
SKU_1786_TEA,08/07/2025,Atacado,3,539.7,228.12,103.86,Venda
SKU_1757_PIN,08/07/2025,Atacado,3,794.7,430.53,121.39,Venda
SKU_1698_PRI,08/07/2025,Varejo,1,419.9,194.16,225.74,Venda
SKU_1729_CLE,08/07/2025,Varejo,1,174.9,55.5,119.4,Venda
SKU_1784_BLA,08/07/2025,Atacado,5,1549.5,762.45,157.41,Venda
SKU_1749_SNO,08/07/2025,Atacado,6,2099.4,910.92,198.08,Venda
SKU_1712_NAV,08/07/2025,E-commerce,1,179.9,64.22,115.68,Venda
SKU_1726_BUB,08/07/2025,Atacado,4,1719.6,881.4,209.55,Venda
SKU_1717_MIN,08/07/2025,Atacado,3,779.7,333.39,148.77,Venda
SKU_1726_BUB,08/07/2025,Varejo,1,429.9,177.0,252.9,Venda
SKU_1730_MIN,08/07/2025,E-commerce,1,319.9,125.09,194.81,Venda
SKU_1563_WHI,08/07/2025,Varejo,4,599.6,227.96,92.91,Venda
SKU_1777_TUR,08/07/2025,Varejo,2,479.8,167.26,156.27,Venda
SKU_1790_EGR,08/07/2025,Varejo,1,259.9,102.52,157.38,Venda
SKU_1611_BRI,08/07/2025,Atacado,3,659.7,306.21,117.83,Venda
SKU_1404_ARM,08/07/2025,Atacado,12,12238.8,5360.52,573.19,Venda
SKU_1720_PAL,08/07/2025,Atacado,4,899.6,399.24,125.09,Venda
SKU_1681_OFF,08/07/2025,Atacado,6,1409.4,665.82,123.93,Venda
SKU_1555_RAS,08/07/2025,Atacado,5,949.5,412.9,107.32,Venda
SKU_1735_MOS,08/07/2025,Atacado,10,2699.0,1366.0,133.3,Venda
SKU_1774_MOS,08/07/2025,Varejo,1,204.9,85.51,119.39,Venda
SKU_1580_WHI,08/07/2025,E-commerce,1,189.9,85.18,104.72,Venda
SKU_1702_LIG,08/07/2025,Varejo,1,619.9,219.09,400.81,Venda
SKU_1797_GAR,08/07/2025,Atacado,8,3039.2,1314.88,215.54,Venda
SKU_1777_TUR,08/07/2025,E-commerce,1,239.9,113.47,126.43,Venda
SKU_1443_PRI,08/07/2025,Atacado,8,2159.2,996.32,145.36,Venda
SKU_1669_COR,08/07/2025,Atacado,10,1999.0,1056.6,94.24,Venda
SKU_1782_HUN,08/07/2025,Varejo,1,249.9,89.67,160.23,Venda
SKU_1800_SKY,08/07/2025,Atacado,10,2799.0,1579.0,122.0,Venda
SKU_1640_IVO,08/07/2025,Varejo,1,219.9,85.29,134.61,Venda
SKU_1759_COB,08/07/2025,Atacado,2,539.8,280.56,129.62,Venda
SKU_1698_SNO,08/07/2025,Atacado,5,2099.5,1209.2,178.06,Venda
SKU_1702_COR,08/07/2025,Atacado,4,2479.6,1282.92,299.17,Venda
SKU_1519_TEA,08/07/2025,Atacado,10,6299.0,3185.8,311.32,Venda
SKU_1690_MYS,08/07/2025,Varejo,2,1079.8,411.86,333.97,Venda
SKU_1585_COR,08/07/2025,Varejo,1,319.9,132.28,187.62,Venda
SKU_1722_PAS,08/07/2025,Atacado,3,974.7,448.14,175.52,Venda
SKU_1549_PAS,08/07/2025,Atacado,3,554.7,275.4,93.1,Venda
SKU_1711_ARM,08/07/2025,Varejo,1,994.9,400.88,594.02,Venda
SKU_1747_FUC,08/07/2025,Atacado,4,699.6,425.8,68.45,Venda
SKU_1478_TEA,08/07/2025,Atacado,4,779.6,403.32,94.07,Venda
SKU_1764_FUC,08/07/2025,Varejo,1,234.9,83.04,151.86,Venda
SKU_1727_WHI,08/07/2025,Atacado,8,1239.2,554.24,85.62,Venda
SKU_1708_FRE,08/07/2025,E-commerce,2,339.8,160.68,89.56,Venda
SKU_1400_PAL,08/07/2025,Varejo,1,209.9,84.13,125.77,Venda
SKU_1727_WHI,08/07/2025,Varejo,1,154.9,68.56,86.34,Venda
SKU_1731_ARM,08/07/2025,Atacado,2,1819.8,1049.52,385.14,Venda
SKU_1616_COR,08/07/2025,Atacado,5,5124.5,2241.6,576.58,Venda
SKU_1788_EME,08/07/2025,E-commerce,1,249.9,94.9,155.0,Venda
SKU_1779_MIN,08/07/2025,Varejo,2,429.8,203.24,113.28,Venda
SKU_1736_PAS,08/07/2025,Atacado,4,1299.6,619.6,170.0,Venda
SKU_1726_BUB,08/07/2025,E-commerce,2,859.8,346.0,256.9,Venda
SKU_1793_MIN,08/07/2025,Atacado,4,759.6,392.0,91.9,Venda
SKU_1749_SNO,08/07/2025,Varejo,1,349.9,135.13,214.77,Venda
SKU_1769_EME,08/07/2025,Varejo,1,324.9,133.98,190.92,Venda
SKU_1716_AQU,08/07/2025,E-commerce,1,164.9,54.01,110.89,Venda
SKU_1709_MAR,08/07/2025,Atacado,6,1259.4,599.1,110.05,Venda
SKU_1456_EME,08/07/2025,Atacado,8,2519.2,1252.64,158.32,Venda
SKU_1721_FRE,08/07/2025,Varejo,1,419.9,163.56,256.34,Venda
SKU_1714_DEE,08/07/2025,Varejo,2,609.8,231.8,189.0,Venda
SKU_1551_ROS,08/07/2025,Atacado,4,879.6,460.36,104.81,Venda
SKU_1722_PAS,08/07/2025,Varejo,1,324.9,110.67,214.23,Venda
SKU_1735_COR,08/07/2025,E-commerce,1,269.9,101.94,167.96,Venda
SKU_1634_SAP,08/07/2025,Varejo,2,1959.8,795.54,582.13,Venda
SKU_1788_EME,08/07/2025,Varejo,1,249.9,98.16,151.74,Venda
SKU_1786_POW,08/07/2025,Atacado,5,899.5,391.3,101.64,Venda
SKU_1493_PEA,08/07/2025,Atacado,8,2639.2,1382.64,157.07,Venda
SKU_1714_MID,08/07/2025,Varejo,2,609.8,196.4,206.7,Venda
SKU_1695_LIM,08/07/2025,Varejo,1,209.9,91.7,118.2,Venda
SKU_1430_JAD,08/07/2025,Atacado,5,899.5,468.8,86.14,Venda
SKU_1420_EGR,08/07/2025,Atacado,6,5939.4,2699.94,539.91,Venda
SKU_1472_MYS,08/07/2025,E-commerce,1,469.9,161.76,308.14,Venda
SKU_1738_ROY,08/07/2025,Varejo,1,194.9,89.86,105.04,Venda
SKU_1490_EME,08/07/2025,Atacado,2,629.8,299.68,165.06,Venda
SKU_1744_LIG,08/07/2025,Atacado,5,1324.5,655.35,133.83,Venda
SKU_1795_HUN,08/07/2025,Varejo,1,299.9,108.89,191.01,Venda
SKU_1393_COB,08/07/2025,Atacado,8,2479.2,1159.76,164.93,Venda
SKU_1755_BIR,08/07/2025,Varejo,1,334.9,151.05,183.85,Venda
SKU_1713_SNO,08/07/2025,Atacado,6,3029.4,1350.66,279.79,Venda
SKU_1655_SNO,08/07/2025,Varejo,3,1934.7,709.89,408.27,Venda
SKU_1706_BLA,08/07/2025,Atacado,4,739.6,342.32,99.32,Venda
SKU_1562_CLO,08/07/2025,Varejo,1,309.9,136.88,173.02,Venda
SKU_1647_ARM,08/07/2025,Varejo,1,339.9,134.58,205.32,Venda
SKU_1744_EME,08/07/2025,E-commerce,1,264.9,99.44,165.46,Venda
SKU_1744_LIG,08/07/2025,Atacado,8,2119.2,1112.08,125.89,Venda
SKU_1684_HON,08/07/2025,E-commerce,1,184.9,80.42,104.48,Venda
SKU_1793_MIN,08/07/2025,Varejo,3,569.7,225.96,114.58,Venda
SKU_1778_MIN,08/07/2025,Atacado,5,1424.5,786.2,127.66,Venda
SKU_1561_LIM,08/07/2025,Atacado,8,2799.2,1325.84,184.17,Venda
SKU_1791_IVO,08/07/2025,Atacado,8,2119.2,1088.32,128.86,Venda
SKU_1796_OLI,08/07/2025,Varejo,2,1009.8,316.8,346.5,Venda
SKU_1580_MOS,08/07/2025,Varejo,1,189.9,73.47,116.43,Venda
SKU_1614_IVO,08/07/2025,E-commerce,1,444.9,195.29,249.61,Venda
SKU_1774_MOS,08/07/2025,Varejo,1,204.9,100.58,104.32,Venda
SKU_1682_BIR,08/07/2025,Varejo,2,469.8,224.46,122.67,Venda
SKU_1573_SAG,08/07/2025,Atacado,4,4099.6,2227.88,467.93,Venda
SKU_1755_AQU,08/07/2025,Atacado,4,1339.6,762.44,144.29,Venda
SKU_1680_NAV,08/07/2025,E-commerce,1,334.9,138.48,196.42,Venda
SKU_1694_PIS,08/07/2025,E-commerce,1,279.9,84.47,195.43,Venda
SKU_1427_BLA,08/07/2025,Atacado,5,999.5,436.35,112.63,Venda
SKU_1764_FUC,08/07/2025,Atacado,6,1409.4,735.6,112.3,Venda
SKU_1769_EME,08/07/2025,Atacado,3,974.7,486.54,162.72,Venda
SKU_1655_TEA,08/07/2025,Atacado,12,7738.8,3767.52,330.94,Venda
SKU_1685_BIR,08/07/2025,Varejo,3,1994.7,925.65,356.35,Venda
SKU_1768_PEA,08/07/2025,Varejo,1,624.9,279.45,345.45,Venda
SKU_1730_OFF,08/07/2025,Atacado,4,1279.6,671.0,152.15,Venda
SKU_1411_BLU,08/07/2025,E-commerce,1,224.9,100.54,124.36,Venda
SKU_1685_COB,08/07/2025,Varejo,2,1329.8,580.78,374.51,Venda
SKU_1718_SEA,08/07/2025,Varejo,1,369.9,147.16,222.74,Venda
SKU_1791_IVO,08/07/2025,Varejo,1,264.9,89.47,175.43,Venda
SKU_1454_BRI,08/07/2025,Varejo,1,149.9,62.45,87.45,Venda
SKU_1728_EGR,08/07/2025,Varejo,1,329.9,140.64,189.26,Venda
SKU_1764_FUC,08/07/2025,Atacado,5,1174.5,622.45,110.41,Venda
SKU_1673_FUC,08/07/2025,E-commerce,1,409.9,128.81,281.09,Venda
SKU_1785_HUN,08/07/2025,Varejo,1,244.9,85.81,159.09,Venda
SKU_1791_ARM,08/07/2025,Varejo,1,264.9,93.78,171.12,Venda
SKU_1782_HUN,08/07/2025,Atacado,6,1499.4,796.14,117.21,Venda
SKU_1778_TEA,08/07/2025,Varejo,1,284.9,130.86,154.04,Venda
SKU_1567_PRI,08/07/2025,Atacado,5,3449.5,1715.3,346.84,Venda
SKU_1788_EME,08/07/2025,Varejo,1,249.9,118.36,131.54,Venda
SKU_1688_LIG,08/07/2025,Atacado,2,859.8,419.44,220.18,Venda
SKU_1582_PAS,08/07/2025,Atacado,5,1149.5,494.3,131.04,Venda
SKU_1694_PIS,08/07/2025,Varejo,4,1119.6,522.56,149.26,Venda
SKU_1800_MOS,08/07/2025,Varejo,1,279.9,119.63,160.27,Venda
SKU_1771_EME,08/07/2025,E-commerce,1,264.9,101.12,163.78,Venda
SKU_1525_OLI,08/07/2025,Atacado,10,2899.0,1788.3,111.07,Venda
SKU_1774_COB,08/07/2025,Atacado,2,409.8,183.34,113.23,Venda
SKU_1763_MAR,08/07/2025,Varejo,2,599.8,281.26,159.27,Venda
SKU_1490_VAN,08/07/2025,Atacado,2,629.8,275.62,177.09,Venda
SKU_1765_PAS,08/07/2025,Atacado,3,779.7,335.07,148.21,Venda
SKU_1714_MID,08/07/2025,Varejo,2,609.8,232.5,188.65,Venda
SKU_1660_NAV,08/07/2025,Varejo,1,314.9,111.68,203.22,Venda
SKU_1753_PAL,08/07/2025,Atacado,3,2369.7,1323.09,348.87,Venda
SKU_1692_OLI,08/07/2025,Atacado,5,1099.5,549.6,109.98,Venda
SKU_1767_PRI,08/07/2025,Varejo,1,204.9,90.7,114.2,Venda
SKU_1705_JAD,08/07/2025,Varejo,1,409.9,167.89,242.01,Venda
SKU_1784_BLA,08/07/2025,Atacado,3,929.7,426.99,167.57,Venda
SKU_1743_CLO,08/07/2025,E-commerce,1,439.9,162.19,277.71,Venda
SKU_1474_BRI,08/07/2025,E-commerce,1,1059.9,438.52,621.38,Venda
SKU_1737_SAG,08/07/2025,Atacado,4,3079.6,1390.04,422.39,Venda
SKU_1791_IVO,08/07/2025,Varejo,1,264.9,116.74,148.16,Venda
SKU_1725_BAB,08/07/2025,Varejo,3,734.7,232.26,167.48,Venda
SKU_1699_COB,08/07/2025,Varejo,1,329.9,106.09,223.81,Venda
SKU_1427_AQU,08/07/2025,Varejo,1,199.9,79.55,120.35,Venda
SKU_1585_BLA,08/07/2025,Varejo,1,319.9,136.66,183.24,Venda
SKU_1523_HOT,08/07/2025,E-commerce,1,374.9,157.45,217.45,Venda
SKU_1683_SHO,08/07/2025,Atacado,10,3149.0,1567.0,158.2,Venda
SKU_1772_BLU,08/07/2025,E-commerce,1,414.9,151.98,262.92,Venda
SKU_1520_GAR,08/07/2025,Atacado,5,1124.5,554.7,113.96,Venda
SKU_1746_EME,08/07/2025,Atacado,5,899.5,463.0,87.3,Venda
SKU_1725_BAB,08/07/2025,Atacado,4,979.6,513.12,116.62,Venda
SKU_1702_LIG,08/07/2025,Atacado,3,1859.7,861.9,332.6,Venda
SKU_1730_MIN,08/07/2025,E-commerce,1,319.9,145.66,174.24,Venda
SKU_1530_PEA,08/07/2025,E-commerce,1,129.9,51.16,78.74,Venda
SKU_1654_CRE,08/07/2025,Varejo,1,309.9,147.55,162.35,Venda
SKU_1612_PAL,08/07/2025,Atacado,8,2639.2,1147.04,186.52,Venda
SKU_1754_IVO,08/07/2025,Atacado,12,4078.8,2305.44,147.78,Venda
SKU_1727_LIG,08/07/2025,Atacado,4,619.6,317.76,75.46,Venda
SKU_1753_WHI,08/07/2025,Varejo,1,789.9,295.91,493.99,Venda
SKU_1797_BLU,08/07/2025,Atacado,6,2279.4,1118.04,193.56,Venda
SKU_1785_HUN,08/07/2025,E-commerce,1,244.9,76.4,168.5,Venda
SKU_1713_SAL,08/07/2025,E-commerce,1,504.9,175.68,329.22,Venda
SKU_1789_SNO,08/07/2025,Atacado,2,539.8,282.64,128.58,Venda
SKU_1771_PIN,08/07/2025,Atacado,2,529.8,251.26,139.27,Venda
SKU_1561_VAN,08/07/2025,Atacado,4,1399.6,743.68,163.98,Venda
SKU_1743_CLO,08/07/2025,Varejo,2,879.8,351.38,264.21,Venda
SKU_1438_DEE,08/07/2025,Atacado,6,1229.4,619.44,101.66,Venda
SKU_1577_FLA,08/07/2025,Atacado,5,799.5,385.7,82.76,Venda
SKU_1404_ARM,08/07/2025,E-commerce,1,1019.9,452.18,567.72,Venda
SKU_1720_PAS,08/07/2025,Varejo,1,224.9,111.4,113.5,Venda
SKU_1776_BIR,08/07/2025,Varejo,3,989.7,331.08,219.54,Venda
SKU_1716_SAL,08/07/2025,Varejo,4,659.6,219.52,110.02,Venda
SKU_1574_GAR,08/07/2025,Atacado,8,4839.2,2259.92,322.41,Venda
SKU_1791_IVO,08/07/2025,Atacado,4,1059.6,461.84,149.44,Venda
SKU_1792_MIN,08/07/2025,Atacado,5,2199.5,1206.85,198.53,Venda
SKU_1743_CLO,08/07/2025,E-commerce,1,439.9,173.65,266.25,Venda
SKU_1622_VAN,08/07/2025,Varejo,2,539.8,227.08,156.36,Venda
SKU_1446_SHO,08/07/2025,Varejo,1,269.9,113.73,156.17,Venda
SKU_1757_PIN,08/07/2025,E-commerce,1,264.9,90.49,174.41,Venda
SKU_1774_COB,08/07/2025,Varejo,1,204.9,95.23,109.67,Venda
SKU_1753_WHI,08/07/2025,Varejo,2,1579.8,750.16,414.82,Venda
SKU_1498_LIG,08/07/2025,Atacado,3,1019.7,480.09,179.87,Venda
SKU_1552_CLE,08/07/2025,Atacado,3,1979.7,926.58,351.04,Venda
SKU_1697_MIN,08/07/2025,Varejo,2,439.8,186.36,126.72,Venda
SKU_1614_VAN,08/07/2025,Atacado,6,2669.4,1171.74,249.61,Venda
SKU_1681_OFF,08/07/2025,Varejo,2,469.8,230.8,119.5,Venda
SKU_1682_OLI,08/07/2025,Varejo,1,234.9,96.64,138.26,Venda
SKU_1797_GAR,08/07/2025,Atacado,4,1519.6,768.08,187.88,Venda
SKU_1792_MIN,08/07/2025,Atacado,5,2199.5,1017.5,236.4,Venda
SKU_1793_MIN,08/07/2025,Atacado,6,1139.4,566.64,95.46,Venda
SKU_1747_FUC,08/07/2025,Atacado,5,874.5,445.5,85.8,Venda
SKU_1794_FLA,08/07/2025,Varejo,1,209.9,86.39,123.51,Venda
SKU_1796_OLI,08/07/2025,Atacado,6,3029.4,1330.68,283.12,Venda
SKU_1730_OFF,08/07/2025,Varejo,1,319.9,144.96,174.94,Venda
SKU_1683_PAL,08/07/2025,Atacado,8,2519.2,1267.12,156.51,Venda
SKU_1789_SNO,08/07/2025,Atacado,4,1079.6,503.64,143.99,Venda
SKU_1688_LIG,08/07/2025,Atacado,3,1289.7,696.48,197.74,Venda
SKU_1429_SPA,08/07/2025,Varejo,1,189.9,59.36,130.54,Venda
SKU_1584_FLA,08/07/2025,Varejo,1,184.9,68.36,116.54,Venda
SKU_1722_AQU,08/07/2025,Atacado,10,3249.0,2033.9,121.51,Venda
SKU_1534_HUN,08/07/2025,Varejo,2,399.8,136.58,131.61,Venda
SKU_1549_PAS,08/07/2025,E-commerce,1,184.9,66.0,118.9,Venda
SKU_1695_CRE,08/07/2025,Atacado,5,1049.5,511.35,107.63,Venda
SKU_1499_RAS,08/07/2025,Atacado,5,1299.5,556.65,148.57,Venda
SKU_1745_FOR,08/07/2025,Varejo,1,409.9,194.82,215.08,Venda
SKU_1797_GAR,08/07/2025,Varejo,4,1519.6,475.64,260.99,Venda
SKU_1396_FUC,08/07/2025,Atacado,8,1079.2,468.8,76.3,Venda
SKU_1771_EME,08/07/2025,Varejo,1,264.9,86.92,177.98,Venda
SKU_1737_SAG,08/07/2025,Atacado,2,1539.8,669.18,435.31,Venda
SKU_1771_PIN,08/07/2025,Atacado,8,2119.2,952.96,145.78,Venda
SKU_1729_CLE,08/07/2025,Atacado,6,1049.4,578.88,78.42,Venda
SKU_1717_MIN,08/07/2025,Atacado,6,1559.4,892.2,111.2,Venda
SKU_1439_SHO,08/07/2025,Varejo,1,184.9,58.62,126.28,Venda
SKU_1796_SHO,08/07/2025,E-commerce,1,504.9,197.57,307.33,Venda
SKU_1685_BIR,08/07/2025,Varejo,4,2659.6,872.56,446.76,Venda
SKU_1748_COB,08/07/2025,Varejo,1,309.9,116.26,193.64,Venda
SKU_1727_LIG,08/07/2025,Atacado,2,309.8,153.8,78.0,Venda
SKU_1622_CLO,08/07/2025,Varejo,1,269.9,104.55,165.35,Venda
SKU_1667_LIG,08/07/2025,Atacado,8,1679.2,825.36,106.73,Venda
SKU_1688_LIG,08/07/2025,Atacado,6,2579.4,1243.38,222.67,Venda
SKU_1481_TEA,08/07/2025,Atacado,4,3239.6,1592.16,411.86,Venda
SKU_1788_MYS,08/07/2025,Varejo,4,999.6,349.52,162.52,Venda
SKU_1700_PIS,08/07/2025,Atacado,6,4199.4,2012.16,364.54,Venda
SKU_1737_DEE,08/07/2025,Atacado,2,1539.8,652.44,443.68,Venda
SKU_1460_OLI,08/07/2025,Atacado,4,699.6,416.64,70.74,Venda
SKU_1734_BRI,08/07/2025,Atacado,5,1749.5,810.45,187.81,Venda
SKU_1686_SKY,08/07/2025,Atacado,6,1289.4,629.52,109.98,Venda
SKU_1491_GAR,08/07/2025,Atacado,4,539.6,273.44,66.54,Venda
SKU_1785_PAS,08/07/2025,Atacado,2,489.8,232.02,128.89,Venda
SKU_1474_DEN,08/07/2025,Atacado,5,5299.5,2914.95,476.91,Venda
SKU_1760_PAS,08/07/2025,Atacado,5,1249.5,591.9,131.52,Venda
SKU_1423_SAG,08/07/2025,E-commerce,1,1199.9,410.62,789.28,Venda
SKU_1722_AQU,08/07/2025,Varejo,1,324.9,124.17,200.73,Venda
SKU_1764_MAR,08/07/2025,E-commerce,1,234.9,77.23,157.67,Venda
SKU_1617_MIN,08/07/2025,Varejo,1,164.9,56.42,108.48,Venda
SKU_1734_BRI,08/07/2025,Varejo,1,349.9,123.17,226.73,Venda
SKU_1736_JAD,08/07/2025,Atacado,2,649.8,311.58,169.11,Venda
SKU_1652_TEA,08/07/2025,Varejo,1,219.9,86.87,133.03,Venda
SKU_1727_LIG,08/07/2025,E-commerce,1,154.9,50.05,104.85,Venda
SKU_1770_DEE,08/07/2025,Atacado,5,1099.5,515.1,116.88,Venda
SKU_1708_FRE,08/07/2025,Varejo,1,169.9,77.86,92.04,Venda
SKU_1730_OFF,08/07/2025,E-commerce,1,319.9,104.54,215.36,Venda
SKU_1422_MIN,08/07/2025,Atacado,6,1889.4,950.28,156.52,Venda
SKU_1524_DEN,08/07/2025,Varejo,2,739.8,309.62,215.09,Venda
SKU_1757_PIN,08/07/2025,E-commerce,1,264.9,79.76,185.14,Venda
SKU_1759_CLE,08/07/2025,E-commerce,1,269.9,118.72,151.18,Venda
SKU_1662_LIG,08/07/2025,Atacado,3,599.7,308.97,96.91,Venda
SKU_1568_FRE,08/07/2025,Atacado,3,704.7,334.53,123.39,Venda
SKU_1395_TUR,08/07/2025,Atacado,8,2319.2,1263.2,132.0,Venda
SKU_1537_BLA,08/07/2025,E-commerce,1,254.9,116.45,138.45,Venda
SKU_1769_WHI,08/07/2025,Atacado,5,1624.5,730.55,178.79,Venda
SKU_1536_FRE,08/07/2025,Atacado,8,2759.2,1449.2,163.75,Venda
SKU_1443_BLU,08/07/2025,Atacado,3,809.7,376.29,144.47,Venda
SKU_1620_BLU,08/07/2025,Atacado,10,2649.0,1242.6,140.64,Venda
SKU_1437_ROY,08/07/2025,Varejo,1,164.9,55.0,109.9,Venda
SKU_1787_BAB,08/07/2025,Varejo,4,1159.6,472.72,171.72,Venda
SKU_1759_COB,08/07/2025,Atacado,5,1349.5,637.6,142.38,Venda
SKU_1723_COB,08/07/2025,Atacado,3,1304.7,587.04,239.22,Venda
SKU_1758_HON,08/07/2025,Atacado,12,2158.8,1149.24,84.13,Venda
SKU_1710_OLI,08/07/2025,Varejo,2,1619.8,713.68,453.06,Venda
SKU_1765_PAS,08/07/2025,E-commerce,1,259.9,105.06,154.84,Venda
SKU_1736_JAD,08/07/2025,Varejo,1,324.9,148.54,176.36,Venda
SKU_1800_MOS,08/07/2025,E-commerce,2,559.8,215.38,172.21,Venda
SKU_1726_PAS,08/07/2025,E-commerce,1,429.9,144.02,285.88,Venda
SKU_1690_MYS,08/07/2025,Atacado,3,1619.7,680.64,313.02,Venda
SKU_1785_PAS,08/07/2025,Atacado,3,734.7,388.14,115.52,Venda
SKU_1683_PAL,08/07/2025,Atacado,8,2519.2,1216.16,162.88,Venda
SKU_1620_BLU,08/07/2025,Varejo,1,264.9,86.61,178.29,Venda
SKU_1684_SHO,08/07/2025,Atacado,5,924.5,459.8,92.94,Venda
SKU_1734_BRI,08/07/2025,E-commerce,2,699.8,222.58,238.61,Venda
SKU_1710_MEX,08/07/2025,Atacado,5,4049.5,2297.1,350.48,Venda
SKU_1447_OLI,08/07/2025,Varejo,3,719.7,282.57,145.71,Venda
SKU_1648_FLA,08/07/2025,Atacado,5,3499.5,1648.15,370.27,Venda
SKU_1768_PEA,08/07/2025,Atacado,5,3124.5,1561.7,312.56,Venda
SKU_1700_PIS,08/07/2025,Atacado,12,8398.8,4845.84,296.08,Venda
SKU_1589_CER,08/07/2025,Atacado,3,2039.7,1187.16,284.18,Venda
SKU_1697_MIN,08/07/2025,E-commerce,1,219.9,88.88,131.02,Venda
SKU_1789_EME,08/07/2025,E-commerce,1,269.9,103.06,166.84,Venda
SKU_1745_PEA,08/07/2025,E-commerce,1,409.9,169.9,240.0,Venda
SKU_1784_BLA,08/07/2025,E-commerce,1,309.9,113.19,196.71,Venda
SKU_1448_SEA,08/07/2025,E-commerce,1,179.9,85.49,94.41,Venda
SKU_1692_OLI,08/07/2025,Atacado,3,659.7,364.14,98.52,Venda
SKU_1571_BIR,08/07/2025,Atacado,8,1999.2,1000.32,124.86,Venda
SKU_1408_FUC,08/07/2025,Varejo,1,919.9,410.86,509.04,Venda
SKU_1768_PEA,08/07/2025,Varejo,3,1874.7,859.38,338.44,Venda
SKU_1716_SAL,08/07/2025,Varejo,1,164.9,80.83,84.07,Venda
SKU_1660_NAV,08/07/2025,Varejo,1,314.9,136.77,178.13,Venda
SKU_1800_MOS,08/07/2025,Atacado,6,1679.4,734.4,157.5,Venda
SKU_1735_MOS,08/07/2025,E-commerce,1,269.9,92.79,177.11,Venda
SKU_1752_SNO,08/07/2025,Atacado,4,1719.6,821.0,224.65,Venda
SKU_1756_FLA,08/07/2025,E-commerce,2,359.8,170.26,94.77,Venda
SKU_1773_OLI,08/07/2025,E-commerce,2,649.8,226.26,211.77,Venda
SKU_1787_BAB,08/07/2025,Atacado,6,1739.4,773.16,161.04,Venda
SKU_1723_COB,08/07/2025,Atacado,5,2174.5,1123.5,210.2,Venda
SKU_1783_EGR,08/07/2025,Atacado,2,2399.8,1141.04,629.38,Venda
SKU_1447_BLU,08/07/2025,Atacado,5,1199.5,592.2,121.46,Venda
SKU_1697_PIS,08/07/2025,Atacado,3,659.7,312.81,115.63,Venda
SKU_1800_MOS,08/07/2025,Varejo,1,279.9,88.5,191.4,Venda
SKU_1736_PAS,08/07/2025,Atacado,6,1949.4,838.98,185.07,Venda
SKU_1608_MID,08/07/2025,Varejo,1,304.9,115.79,189.11,Venda
SKU_1689_IVO,08/07/2025,Atacado,5,4824.5,2290.2,506.86,Venda
SKU_1680_NAV,08/07/2025,Varejo,2,669.8,247.28,211.26,Venda
SKU_1398_AQU,08/07/2025,Varejo,2,1349.8,481.6,434.1,Venda
SKU_1703_PAS,08/07/2025,E-commerce,1,269.9,95.47,174.43,Venda
SKU_1703_PAS,08/07/2025,Atacado,2,539.8,266.84,136.48,Venda
SKU_1627_MOS,08/07/2025,Atacado,5,1649.5,761.45,177.61,Venda
SKU_1761_MOS,08/07/2025,Varejo,3,3314.7,1642.05,557.55,Venda
SKU_1689_IVO,08/07/2025,Atacado,8,7719.2,3452.16,533.38,Venda
SKU_1688_LIG,08/07/2025,Atacado,4,1719.6,825.28,223.58,Venda
SKU_1712_MOS,08/07/2025,Atacado,5,899.5,451.45,89.61,Venda
SKU_1700_PIS,08/07/2025,Atacado,3,2099.7,1015.2,361.5,Venda
SKU_1525_OLI,08/07/2025,Varejo,1,289.9,134.69,155.21,Venda
SKU_1659_MOS,08/07/2025,Varejo,1,1024.9,328.8,696.1,Venda
SKU_1713_SAL,08/07/2025,Atacado,4,2019.6,1083.56,234.01,Venda
SKU_1701_SPA,08/07/2025,Atacado,4,1359.6,673.48,171.53,Venda
SKU_1686_MOS,08/07/2025,E-commerce,1,214.9,93.74,121.16,Venda
SKU_1749_BIR,08/07/2025,Varejo,1,349.9,132.28,217.62,Venda
SKU_1718_DUS,08/07/2025,Varejo,3,1109.7,530.37,193.11,Venda
SKU_1710_MEX,08/07/2025,Varejo,1,809.9,343.61,466.29,Venda
SKU_1745_PEA,08/07/2025,E-commerce,1,409.9,127.95,281.95,Venda
SKU_1692_BLU,08/07/2025,E-commerce,1,219.9,83.08,136.82,Venda
SKU_1456_EME,08/07/2025,Varejo,1,314.9,120.72,194.18,Venda
SKU_1452_DEE,08/07/2025,Atacado,10,1449.0,609.6,83.94,Venda
SKU_1794_FLA,08/07/2025,Varejo,1,209.9,73.34,136.56,Venda
SKU_1765_MYS,08/07/2025,Varejo,1,259.9,96.35,163.55,Venda
SKU_1488_PEA,08/07/2025,E-commerce,3,1019.7,449.49,190.07,Venda
SKU_1785_HUN,08/07/2025,Varejo,1,244.9,101.44,143.46,Venda
SKU_1736_JAD,08/07/2025,Atacado,6,1949.4,837.48,185.32,Venda
SKU_1747_TEA,08/07/2025,E-commerce,2,349.8,113.28,118.26,Venda
SKU_1739_AQU,08/07/2025,Atacado,3,764.7,379.62,128.36,Venda
SKU_1692_BLU,08/07/2025,Varejo,1,219.9,108.93,110.97,Venda
SKU_1693_MEX,08/07/2025,Atacado,8,1639.2,950.32,86.11,Venda
SKU_1707_SAP,08/07/2025,Atacado,5,1399.5,601.75,159.55,Venda
SKU_1732_WHI,08/07/2025,E-commerce,1,1114.9,446.43,668.47,Venda
SKU_1511_CLE,08/07/2025,E-commerce,2,1869.8,926.82,471.49,Venda
SKU_1715_HON,08/07/2025,Varejo,1,219.9,67.8,152.1,Venda
SKU_1514_PEA,08/07/2025,Varejo,1,829.9,266.66,563.24,Venda
SKU_1762_DEN,08/07/2025,Varejo,1,254.9,90.83,164.07,Venda
SKU_1735_COR,08/07/2025,Varejo,1,269.9,85.08,184.82,Venda
SKU_1744_EME,08/07/2025,E-commerce,2,529.8,201.94,163.93,Venda
SKU_1789_EME,08/07/2025,Atacado,3,809.7,416.55,131.05,Venda
SKU_1738_ROY,08/07/2025,Atacado,6,1169.4,514.2,109.2,Venda
SKU_1700_HUN,08/07/2025,E-commerce,1,699.9,242.25,457.65,Venda
SKU_1747_FUC,08/07/2025,E-commerce,1,174.9,66.26,108.64,Venda
SKU_1717_MIN,08/07/2025,E-commerce,1,259.9,85.61,174.29,Venda
SKU_1500_MOS,08/07/2025,Atacado,8,2079.2,950.64,141.07,Venda
SKU_1727_WHI,08/07/2025,Varejo,1,154.9,58.7,96.2,Venda
SKU_1756_FLA,08/07/2025,Atacado,3,539.7,226.83,104.29,Venda
SKU_1777_TUR,08/07/2025,Varejo,1,239.9,78.8,161.1,Venda
SKU_1697_MIN,08/07/2025,Atacado,5,1099.5,479.35,124.03,Venda
SKU_1779_MIN,08/07/2025,Varejo,1,214.9,73.89,141.01,Venda
SKU_1436_PAS,08/07/2025,Atacado,5,1399.5,779.35,124.03,Venda
SKU_1716_AQU,08/07/2025,Atacado,10,1649.0,820.4,82.86,Venda
SKU_1728_EGR,08/07/2025,Atacado,10,3299.0,1503.3,179.57,Venda
SKU_1723_COB,08/07/2025,Atacado,12,5218.8,2782.32,203.04,Venda
SKU_1709_CRE,08/07/2025,Atacado,5,1049.5,449.9,119.92,Venda
SKU_1738_ROY,08/07/2025,Varejo,1,194.9,64.1,130.8,Venda
SKU_1407_OFF,08/07/2025,Varejo,2,429.8,135.6,147.1,Venda
SKU_1770_JAD,08/07/2025,Atacado,4,879.6,413.2,116.6,Venda
SKU_1708_FRE,08/07/2025,E-commerce,1,169.9,57.54,112.36,Venda
SKU_1793_WHI,08/07/2025,E-commerce,1,189.9,66.96,122.94,Venda
SKU_1542_PEA,08/07/2025,Atacado,3,1409.7,875.94,177.92,Venda
SKU_1499_RAS,08/07/2025,Atacado,5,1299.5,702.25,119.45,Venda
SKU_1682_BIR,08/07/2025,Varejo,1,234.9,86.5,148.4,Venda
SKU_1715_JAD,08/07/2025,E-commerce,1,219.9,80.92,138.98,Venda
SKU_1796_SHO,08/07/2025,Varejo,1,504.9,214.51,290.39,Venda
SKU_1757_TUR,08/07/2025,Varejo,1,264.9,123.36,141.54,Venda
SKU_1585_BLA,08/07/2025,Atacado,6,1919.4,861.42,176.33,Venda
SKU_1752_SNO,08/07/2025,E-commerce,3,1289.7,472.56,272.38,Venda
SKU_1800_SKY,08/07/2025,Atacado,6,1679.4,822.54,142.81,Venda
SKU_1693_MEX,08/07/2025,E-commerce,1,204.9,88.57,116.33,Venda
SKU_1708_FLA,08/07/2025,Varejo,4,679.6,230.4,112.3,Venda
SKU_1652_MOS,08/07/2025,E-commerce,2,439.8,207.04,116.38,Venda
SKU_1788_MYS,08/07/2025,Atacado,4,999.6,495.72,125.97,Venda
SKU_1782_HUN,08/07/2025,E-commerce,1,249.9,88.97,160.93,Venda
SKU_1505_BLU,08/07/2025,Varejo,1,234.9,111.69,123.21,Venda
SKU_1400_FOR,08/07/2025,Atacado,6,1259.4,529.14,121.71,Venda
SKU_1795_RAS,08/07/2025,Varejo,2,599.8,230.2,184.8,Venda
SKU_1730_OFF,08/07/2025,Atacado,3,959.7,505.8,151.3,Venda
SKU_1530_PEA,08/07/2025,Atacado,8,1039.2,606.24,54.12,Venda
SKU_1715_HON,08/07/2025,E-commerce,2,439.8,195.08,122.36,Venda
SKU_1693_FLA,08/07/2025,Atacado,3,614.7,323.64,97.02,Venda
SKU_1738_ROY,08/07/2025,Varejo,1,194.9,81.58,113.32,Venda
SKU_1485_CER,08/07/2025,Atacado,3,1994.7,883.86,370.28,Venda
SKU_1759_COB,08/07/2025,Atacado,6,1619.4,763.38,142.67,Venda
SKU_1746_EME,08/07/2025,Varejo,2,359.8,138.46,110.67,Venda
SKU_1801_MOS,08/07/2025,Atacado,4,1499.6,718.92,195.17,Venda
SKU_1786_POW,08/07/2025,Atacado,5,899.5,505.0,78.9,Venda
SKU_1784_EGR,08/07/2025,Atacado,6,1859.4,892.38,161.17,Venda
SKU_1796_OLI,08/07/2025,E-commerce,1,504.9,196.34,308.56,Venda
SKU_1517_ROS,08/07/2025,E-commerce,1,1199.9,557.95,641.95,Venda
SKU_1705_JAD,08/07/2025,Atacado,4,1639.6,747.8,222.95,Venda
SKU_1791_IVO,08/07/2025,Varejo,1,264.9,113.79,151.11,Venda
SKU_1466_PRI,08/07/2025,Varejo,1,269.9,104.39,165.51,Venda
SKU_1771_EME,08/07/2025,E-commerce,1,264.9,106.04,158.86,Venda
SKU_1744_EME,08/07/2025,Atacado,6,1589.4,696.3,148.85,Venda
SKU_1757_PIN,08/07/2025,Varejo,1,264.9,80.29,184.61,Venda
SKU_1766_CLE,08/07/2025,Atacado,4,1579.6,797.32,195.57,Venda
SKU_1753_PAL,08/07/2025,Varejo,3,2369.7,945.18,474.84,Venda
SKU_1704_BAB,08/07/2025,Varejo,1,334.9,160.22,174.68,Venda
SKU_1776_PAS,08/07/2025,Varejo,1,329.9,126.16,203.74,Venda
SKU_1710_MEX,08/07/2025,Varejo,1,809.9,351.31,458.59,Venda
SKU_1766_MYS,08/07/2025,Atacado,2,789.8,446.2,171.8,Venda
SKU_1727_LIG,08/07/2025,E-commerce,1,154.9,65.9,89.0,Venda
SKU_1725_BAB,08/07/2025,Varejo,2,489.8,159.42,165.19,Venda
SKU_1431_TEA,08/07/2025,Atacado,3,1109.7,476.34,211.12,Venda
SKU_1715_HON,08/07/2025,Varejo,1,219.9,87.68,132.22,Venda
SKU_1733_NAV,08/07/2025,Atacado,2,699.8,308.48,195.66,Venda
SKU_1626_BAB,08/07/2025,E-commerce,1,539.9,205.0,334.9,Venda
SKU_1722_PAS,08/07/2025,Atacado,3,974.7,447.06,175.88,Venda
SKU_1736_JAD,08/07/2025,Varejo,1,324.9,147.38,177.52,Venda
SKU_1525_MYS,08/07/2025,Atacado,6,1739.4,836.1,150.55,Venda
SKU_1714_MID,08/07/2025,E-commerce,1,304.9,142.15,162.75,Venda
SKU_1740_FRE,08/07/2025,Varejo,1,214.9,69.04,145.86,Venda
SKU_1781_AQU,08/07/2025,Atacado,6,779.4,428.28,58.52,Venda
SKU_1549_PAS,08/07/2025,Varejo,3,554.7,189.72,121.66,Venda
SKU_1738_BLU,08/07/2025,Atacado,8,1559.2,805.2,94.25,Venda
SKU_1769_EME,08/07/2025,Varejo,1,324.9,113.92,210.98,Venda
SKU_1768_MIN,08/07/2025,Atacado,5,3124.5,1472.25,330.45,Venda
SKU_1740_OLI,08/07/2025,E-commerce,1,214.9,85.78,129.12,Venda
SKU_1728_MID,08/07/2025,Varejo,1,329.9,99.23,230.67,Venda
SKU_1796_SHO,08/07/2025,Varejo,1,504.9,249.91,254.99,Venda
SKU_1537_SAP,08/07/2025,Atacado,5,1274.5,681.6,118.58,Venda
SKU_1696_SER,08/07/2025,Varejo,1,279.9,119.06,160.84,Venda
SKU_1752_SPA,08/07/2025,Atacado,5,2149.5,1033.55,223.19,Venda
SKU_1740_OLI,08/07/2025,E-commerce,1,214.9,67.78,147.12,Venda
SKU_1577_HUN,08/07/2025,Atacado,2,319.8,166.22,76.79,Venda
SKU_1680_NAV,08/07/2025,Atacado,3,1004.7,446.4,186.1,Venda
SKU_1740_OLI,08/07/2025,E-commerce,1,214.9,73.31,141.59,Venda
SKU_1687_WHI,08/07/2025,Varejo,1,899.9,288.98,610.92,Venda
SKU_1779_LIG,08/07/2025,Atacado,4,859.6,382.52,119.27,Venda
SKU_1774_MOS,08/07/2025,Atacado,6,1229.4,545.22,114.03,Venda
SKU_1789_EME,08/07/2025,Varejo,1,269.9,122.06,147.84,Venda
SKU_1729_CLE,08/07/2025,Varejo,1,174.9,70.27,104.63,Venda
SKU_1744_EME,08/07/2025,Atacado,5,1324.5,822.45,100.41,Venda
SKU_1681_OFF,08/07/2025,Varejo,1,234.9,90.48,144.42,Venda
SKU_1578_PAS,08/07/2025,Varejo,1,124.9,44.58,80.32,Venda
SKU_1420_EGR,08/07/2025,Varejo,1,989.9,304.68,685.22,Venda
SKU_1692_OLI,08/07/2025,Atacado,8,1759.2,853.44,113.22,Venda
SKU_1762_BRI,08/07/2025,Varejo,1,254.9,107.71,147.19,Venda
SKU_1717_CRE,08/07/2025,Atacado,4,1039.6,583.28,114.08,Venda
SKU_1599_WHI,08/07/2025,Atacado,3,1409.7,594.15,271.85,Venda
SKU_1467_FUC,08/07/2025,Atacado,4,819.6,453.48,91.53,Venda
SKU_1499_RAS,08/07/2025,Atacado,8,2079.2,968.96,138.78,Venda
SKU_1763_HOT,08/07/2025,Atacado,4,1199.6,578.08,155.38,Venda
SKU_1715_HON,08/07/2025,Atacado,3,659.7,295.74,121.32,Venda
SKU_1735_MOS,08/07/2025,Varejo,1,269.9,129.2,140.7,Venda
SKU_1717_CRE,08/07/2025,Atacado,12,3118.8,1637.4,123.45,Venda
SKU_1507_FLA,08/07/2025,E-commerce,1,179.9,72.27,107.63,Venda
SKU_1511_SKY,08/07/2025,Varejo,1,934.9,409.62,525.28,Venda
SKU_1760_OFF,08/07/2025,Atacado,8,1999.2,1038.32,120.11,Venda
SKU_1711_ARM,08/07/2025,Varejo,4,3979.6,1646.72,583.22,Venda
SKU_1681_PIS,08/07/2025,Atacado,6,1409.4,775.74,105.61,Venda
SKU_1680_NAV,08/07/2025,Atacado,2,669.8,322.48,173.66,Venda
SKU_1681_OFF,08/07/2025,Atacado,5,1174.5,564.7,121.96,Venda
SKU_1716_AQU,08/07/2025,Varejo,1,164.9,67.2,97.7,Venda
SKU_1779_LIG,08/07/2025,Atacado,5,1074.5,561.25,102.65,Venda
SKU_1766_MYS,08/07/2025,Varejo,1,394.9,134.73,260.17,Venda
SKU_1768_MIN,08/07/2025,Atacado,4,2499.6,1252.12,311.87,Venda
SKU_1772_BLU,08/07/2025,E-commerce,2,829.8,408.38,210.71,Venda
SKU_1707_ARM,08/07/2025,Atacado,5,1399.5,693.35,141.23,Venda
SKU_1689_MAG,08/07/2025,E-commerce,1,964.9,386.66,578.24,Venda
SKU_1763_MAR,08/07/2025,Varejo,1,299.9,134.17,165.73,Venda
SKU_1742_EME,08/07/2025,Atacado,4,1039.6,526.72,128.22,Venda
SKU_1793_WHI,08/07/2025,Atacado,10,1899.0,803.5,109.55,Venda
SKU_1732_WHI,08/07/2025,Varejo,1,1114.9,464.44,650.46,Venda
SKU_1766_CLE,08/07/2025,Atacado,6,2369.4,1015.44,225.66,Venda
SKU_1726_BUB,08/07/2025,E-commerce,1,429.9,154.48,275.42,Venda
SKU_1754_IVO,08/07/2025,Atacado,6,2039.4,1176.66,143.79,Venda
SKU_1424_BAB,08/07/2025,Atacado,8,7959.2,4198.72,470.06,Venda
SKU_1722_PAS,08/07/2025,Varejo,1,324.9,134.84,190.06,Venda
SKU_1717_MIN,08/07/2025,Varejo,2,519.8,192.06,163.87,Venda
SKU_1750_MIN,08/07/2025,Varejo,1,369.9,142.37,227.53,Venda
SKU_1734_BRI,08/07/2025,Atacado,4,1399.6,616.2,195.85,Venda
SKU_1533_CER,08/07/2025,Varejo,1,164.9,53.71,111.19,Venda
SKU_1745_FOR,08/07/2025,Varejo,1,409.9,149.59,260.31,Venda
SKU_1761_SAP,08/07/2025,Varejo,1,1104.9,488.3,616.6,Venda
SKU_1730_OFF,08/07/2025,Varejo,2,639.8,284.94,177.43,Venda
SKU_1711_ARM,08/07/2025,Atacado,4,3979.6,1890.36,522.31,Venda
SKU_1486_PAL,08/07/2025,Varejo,1,289.9,106.36,183.54,Venda
SKU_1784_BLA,08/07/2025,Varejo,2,619.8,273.78,173.01,Venda
SKU_1786_POW,08/07/2025,Atacado,3,539.7,284.85,84.95,Venda
SKU_1762_BRI,08/07/2025,Varejo,1,254.9,90.05,164.85,Venda
SKU_1749_SNO,08/07/2025,Atacado,8,2799.2,1476.48,165.34,Venda
SKU_1709_MAR,08/07/2025,Atacado,3,629.7,286.92,114.26,Venda
SKU_1519_BLU,08/07/2025,Atacado,4,2519.6,1330.08,297.38,Venda
SKU_1775_PAL,08/07/2025,E-commerce,1,279.9,127.96,151.94,Venda
SKU_1686_MOS,08/07/2025,Atacado,6,1289.4,569.82,119.93,Venda
SKU_1759_CLE,08/07/2025,Atacado,10,2699.0,1255.8,144.32,Venda
SKU_1393_SKY,08/07/2025,Atacado,4,1239.6,522.12,179.37,Venda
SKU_1713_SNO,08/07/2025,Atacado,10,5049.0,2292.5,275.65,Venda
SKU_1764_MAR,08/07/2025,Varejo,1,234.9,77.73,157.17,Venda
SKU_1763_MAR,08/07/2025,Atacado,12,3598.8,2159.4,119.95,Venda
SKU_1695_LIM,08/07/2025,Atacado,8,1679.2,720.88,119.79,Venda
SKU_1742_DEN,08/07/2025,E-commerce,1,259.9,86.54,173.36,Venda
SKU_1799_POW,08/07/2025,Atacado,8,2159.2,1248.16,113.88,Venda
SKU_1717_CRE,08/07/2025,Varejo,1,259.9,86.49,173.41,Venda
SKU_1637_WHI,08/07/2025,Atacado,4,3679.6,2029.0,412.65,Venda
SKU_1779_MIN,08/07/2025,Varejo,1,214.9,104.6,110.3,Venda
SKU_1604_CLE,08/07/2025,Atacado,3,1814.7,887.67,309.01,Venda
SKU_1708_FLA,08/07/2025,Varejo,1,169.9,75.71,94.19,Venda
SKU_1742_EME,08/07/2025,Atacado,2,519.8,254.5,132.65,Venda
SKU_1712_MOS,08/07/2025,Atacado,4,719.6,387.68,82.98,Venda
SKU_1709_MAR,08/07/2025,E-commerce,1,209.9,64.32,145.58,Venda
SKU_1766_CLE,08/07/2025,Varejo,2,789.8,312.3,238.75,Venda
SKU_1711_ARM,08/07/2025,Varejo,1,994.9,398.17,596.73,Venda
SKU_1723_MOS,08/07/2025,Varejo,1,434.9,179.7,255.2,Venda
SKU_1683_SHO,08/07/2025,Atacado,3,944.7,493.05,150.55,Venda
SKU_1760_PAS,08/07/2025,Atacado,3,749.7,385.5,121.4,Venda
SKU_1702_COR,08/07/2025,Varejo,1,619.9,236.39,383.51,Venda
SKU_1797_GAR,08/07/2025,Varejo,1,379.9,154.54,225.36,Venda
SKU_1712_MOS,08/07/2025,Varejo,4,719.6,255.68,115.98,Venda
SKU_1681_OFF,08/07/2025,E-commerce,1,234.9,113.52,121.38,Venda
SKU_1770_JAD,08/07/2025,Varejo,1,219.9,75.13,144.77,Venda
SKU_1773_OLI,08/07/2025,Varejo,1,324.9,159.26,165.64,Venda
SKU_1725_BAB,08/07/2025,Atacado,4,979.6,527.72,112.97,Venda
SKU_1718_DUS,08/07/2025,Atacado,8,2959.2,1378.32,197.61,Venda
SKU_1701_BLU,08/07/2025,Varejo,1,339.9,109.83,230.07,Venda
SKU_1403_AQU,08/07/2025,Atacado,2,769.8,347.76,211.02,Venda
SKU_1763_HOT,08/07/2025,Varejo,1,299.9,102.21,197.69,Venda
SKU_1751_BLU,08/07/2025,E-commerce,1,329.9,160.48,169.42,Venda
SKU_1560_CRE,08/07/2025,Varejo,1,224.9,88.82,136.08,Venda
SKU_1491_CER,08/07/2025,Varejo,1,134.9,64.62,70.28,Venda
SKU_1794_LIG,08/07/2025,E-commerce,1,209.9,103.62,106.28,Venda
SKU_1795_HUN,08/07/2025,Varejo,1,299.9,145.48,154.42,Venda
SKU_1720_PAL,08/07/2025,Atacado,3,674.7,341.58,111.04,Venda
SKU_1674_WHI,08/07/2025,Atacado,5,1149.5,519.7,125.96,Venda
SKU_1693_MEX,08/07/2025,Atacado,3,614.7,348.27,88.81,Venda
SKU_1698_SNO,08/07/2025,Varejo,1,419.9,174.06,245.84,Venda
SKU_1732_WHI,08/07/2025,Atacado,3,3344.7,1852.92,497.26,Venda
SKU_1691_HUN,08/07/2025,Varejo,1,309.9,119.8,190.1,Venda
SKU_1759_CLE,08/07/2025,Atacado,2,539.8,249.94,144.93,Venda
SKU_1737_SAG,08/07/2025,Varejo,1,769.9,321.57,448.33,Venda
SKU_1701_SPA,08/07/2025,Varejo,1,339.9,114.62,225.28,Venda
SKU_1401_BLU,08/07/2025,Varejo,1,239.9,89.83,150.07,Venda
SKU_1505_SNO,08/07/2025,Varejo,1,234.9,104.43,130.47,Venda
SKU_1666_FUC,08/07/2025,Varejo,2,1599.8,633.36,483.22,Venda
SKU_1708_FLA,08/07/2025,Atacado,3,509.7,286.38,74.44,Venda
SKU_1761_SAP,08/07/2025,Varejo,1,1104.9,367.99,736.91,Venda
SKU_1709_MAR,08/07/2025,Atacado,5,1049.5,473.6,115.18,Venda
SKU_1747_FUC,08/07/2025,Varejo,1,174.9,81.99,92.91,Venda
SKU_1703_PAS,08/07/2025,Atacado,2,539.8,231.16,154.32,Venda
SKU_1693_MEX,08/07/2025,Atacado,10,2049.0,869.2,117.98,Venda
SKU_1704_PEA,08/07/2025,Atacado,10,3349.0,1782.3,156.67,Venda
SKU_1753_PAL,08/07/2025,E-commerce,1,789.9,298.21,491.69,Venda
SKU_1794_FLA,08/07/2025,Atacado,2,419.8,200.98,109.41,Venda
SKU_1784_EGR,08/07/2025,Atacado,8,2479.2,1179.6,162.45,Venda
SKU_1491_GAR,08/07/2025,Varejo,1,134.9,58.38,76.52,Venda
SKU_1707_SAP,08/07/2025,Varejo,3,839.7,348.75,163.65,Venda
SKU_1782_HUN,08/07/2025,Varejo,1,249.9,96.97,152.93,Venda
SKU_1700_HUN,08/07/2025,Varejo,1,699.9,264.15,435.75,Venda
SKU_1527_FUC,08/07/2025,Atacado,8,7279.2,3426.96,481.53,Venda
SKU_1687_FOR,08/07/2025,Atacado,4,3599.6,1798.44,450.29,Venda
SKU_1771_PIN,08/07/2025,Atacado,4,1059.6,477.0,145.65,Venda
SKU_1612_SNO,08/07/2025,E-commerce,1,329.9,163.57,166.33,Venda
SKU_1717_MIN,08/07/2025,Varejo,2,519.8,239.06,140.37,Venda
SKU_1792_MIN,08/07/2025,Atacado,4,1759.6,1017.76,185.46,Venda
SKU_1792_MIN,08/07/2025,Atacado,2,879.8,459.94,209.93,Venda
SKU_1692_OLI,08/07/2025,E-commerce,2,439.8,167.64,136.08,Venda
SKU_1741_PEA,08/07/2025,E-commerce,1,239.9,98.91,140.99,Venda
SKU_1437_ROY,08/07/2025,Atacado,5,824.5,402.8,84.34,Venda
SKU_1633_SER,08/07/2025,Atacado,8,1879.2,992.96,110.78,Venda
SKU_1786_POW,08/07/2025,Atacado,6,1079.4,459.96,103.24,Venda
SKU_1610_MEX,08/07/2025,Atacado,5,924.5,470.0,90.9,Venda
SKU_1735_COR,08/07/2025,Atacado,5,1349.5,599.95,149.91,Venda
SKU_1480_MEX,08/07/2025,Varejo,1,369.9,166.25,203.65,Venda
SKU_1443_PRI,08/07/2025,Atacado,8,2159.2,1119.36,129.98,Venda
SKU_1715_JAD,08/07/2025,E-commerce,1,219.9,89.16,130.74,Venda
SKU_1430_PEA,08/07/2025,Varejo,3,539.7,228.78,103.64,Venda
SKU_1774_COB,08/07/2025,E-commerce,1,204.9,68.1,136.8,Venda
SKU_1392_LIM,08/07/2025,Atacado,6,1769.4,775.5,165.65,Venda
SKU_1793_WHI,08/07/2025,Atacado,5,949.5,419.9,105.92,Venda
SKU_1737_SAG,08/07/2025,Atacado,4,3079.6,1829.36,312.56,Venda
SKU_1409_PEA,08/07/2025,Varejo,2,419.8,177.1,121.35,Venda
SKU_1780_LIG,08/07/2025,Varejo,1,334.9,135.1,199.8,Venda
SKU_1694_SER,08/07/2025,Varejo,1,279.9,122.03,157.87,Venda
SKU_1760_PAS,08/07/2025,Varejo,1,249.9,119.8,130.1,Venda
SKU_1499_RAS,08/07/2025,E-commerce,1,259.9,109.94,149.96,Venda
SKU_1428_COB,08/07/2025,Atacado,2,979.8,421.06,279.37,Venda
SKU_1764_FUC,08/07/2025,Varejo,1,234.9,108.55,126.35,Venda
SKU_1780_LIG,08/07/2025,Varejo,1,334.9,131.56,203.34,Venda
SKU_1793_MIN,08/07/2025,Varejo,1,189.9,61.89,128.01,Venda
SKU_1686_MOS,08/07/2025,Varejo,1,214.9,87.78,127.12,Venda
SKU_1568_PIN,08/07/2025,Varejo,3,704.7,350.79,117.97,Venda
SKU_1701_BLU,08/07/2025,Varejo,3,1019.7,387.69,210.67,Venda
SKU_1404_ARM,08/07/2025,Varejo,1,1019.9,436.21,583.69,Venda
SKU_1775_PAS,08/07/2025,Atacado,4,1119.6,535.2,146.1,Venda
SKU_1757_TUR,08/07/2025,Atacado,8,2119.2,981.04,142.27,Venda
SKU_1698_SNO,08/07/2025,Varejo,1,419.9,169.96,249.94,Venda
SKU_1760_OFF,08/07/2025,Atacado,4,999.6,477.96,130.41,Venda
SKU_1773_FRE,08/07/2025,Varejo,1,324.9,98.08,226.82,Venda
SKU_1786_TEA,08/07/2025,Atacado,6,1079.4,612.18,77.87,Venda
SKU_1566_POW,08/07/2025,Atacado,10,10349.0,4952.9,539.61,Venda
SKU_1795_RAS,08/07/2025,Varejo,1,299.9,147.59,152.31,Venda
SKU_1744_LIG,08/07/2025,Atacado,6,1589.4,807.3,130.35,Venda
SKU_1715_JAD,08/07/2025,Varejo,1,219.9,81.35,138.55,Venda
SKU_1692_OLI,08/07/2025,Atacado,4,879.6,416.08,115.88,Venda
SKU_1559_BLU,08/07/2025,E-commerce,1,1199.9,394.14,805.76,Venda
SKU_1548_CLO,08/07/2025,Atacado,4,1899.6,901.6,249.5,Venda
SKU_1754_SER,08/07/2025,Atacado,5,1699.5,715.25,196.85,Venda
SKU_1786_TEA,08/07/2025,Atacado,4,719.6,404.04,78.89,Venda
SKU_1655_SNO,08/07/2025,Varejo,1,644.9,266.34,378.56,Venda
SKU_1772_SNO,08/07/2025,Atacado,3,1244.7,633.36,203.78,Venda
SKU_1760_PAS,08/07/2025,E-commerce,1,249.9,113.35,136.55,Venda
SKU_1726_PAS,08/07/2025,Varejo,2,859.8,266.58,296.61,Venda
SKU_1773_FRE,08/07/2025,E-commerce,1,324.9,161.56,163.34,Venda
SKU_1731_ARM,08/07/2025,Varejo,1,909.9,445.31,464.59,Venda
SKU_1766_MYS,08/07/2025,Varejo,1,394.9,182.88,212.02,Venda
SKU_1772_BLU,08/07/2025,Atacado,10,4149.0,2026.2,212.28,Venda
SKU_1608_MID,08/07/2025,Atacado,6,1829.4,784.62,174.13,Venda
SKU_1785_PAS,08/07/2025,Atacado,12,2938.8,1255.32,140.29,Venda
SKU_1691_HUN,08/07/2025,Varejo,1,309.9,150.05,159.85,Venda
SKU_1734_BRI,08/07/2025,Atacado,5,1749.5,904.05,169.09,Venda
SKU_1784_BLA,08/07/2025,Varejo,1,309.9,110.97,198.93,Venda
SKU_1777_FRE,08/07/2025,Varejo,1,239.9,106.67,133.23,Venda
SKU_1744_EME,08/07/2025,Varejo,1,264.9,116.33,148.57,Venda
SKU_1690_MYS,08/07/2025,Varejo,2,1079.8,526.16,276.82,Venda
SKU_1771_PIN,08/07/2025,Atacado,8,2119.2,1009.52,138.71,Venda
SKU_1795_RAS,08/07/2025,Varejo,1,299.9,106.73,193.17,Venda
SKU_1735_COR,08/07/2025,Atacado,5,1349.5,728.25,124.25,Venda
SKU_1767_PRI,08/07/2025,Atacado,5,1024.5,540.25,96.85,Venda
SKU_1683_SHO,08/07/2025,Atacado,4,1259.6,635.28,156.08,Venda
SKU_1771_PIN,08/07/2025,Atacado,4,1059.6,463.6,149.0,Venda
SKU_1800_SKY,08/07/2025,Varejo,1,279.9,101.25,178.65,Venda
SKU_1469_ARM,08/07/2025,Varejo,1,294.9,106.83,188.07,Venda
SKU_1588_CRE,08/07/2025,Atacado,5,2449.5,1382.75,213.35,Venda
SKU_1723_COB,08/07/2025,Atacado,6,2609.4,1247.82,226.93,Venda
SKU_1481_TEA,08/07/2025,Atacado,6,4859.4,2386.98,412.07,Venda
SKU_1712_NAV,08/07/2025,Varejo,1,179.9,62.47,117.43,Venda
SKU_1775_PAS,08/07/2025,Varejo,1,279.9,120.68,159.22,Venda
SKU_1703_PAS,08/07/2025,Atacado,5,1349.5,758.7,118.16,Venda
SKU_1395_TUR,09/07/2025,Atacado,6,1739.4,759.24,163.36,Venda
SKU_1779_MIN,09/07/2025,Varejo,1,214.9,71.8,143.1,Venda
SKU_1738_BLU,09/07/2025,Atacado,4,779.6,364.28,103.83,Venda
SKU_1746_EME,09/07/2025,Varejo,1,179.9,56.32,123.58,Venda
SKU_1784_BLA,09/07/2025,E-commerce,1,309.9,118.33,191.57,Venda
SKU_1486_OLI,09/07/2025,Varejo,2,579.8,260.5,159.65,Venda
SKU_1445_PRI,09/07/2025,Atacado,12,4918.8,2401.68,209.76,Venda
SKU_1734_BRI,09/07/2025,Atacado,6,2099.4,996.42,183.83,Venda
SKU_1727_LIG,09/07/2025,Varejo,1,154.9,71.13,83.77,Venda
SKU_1793_MIN,09/07/2025,Atacado,5,949.5,401.4,109.62,Venda
SKU_1791_ARM,09/07/2025,Atacado,8,2119.2,1173.12,118.26,Venda
SKU_1794_LIG,09/07/2025,Varejo,1,209.9,76.75,133.15,Venda
SKU_1661_CER,09/07/2025,E-commerce,1,989.9,413.01,576.89,Venda
SKU_1707_SAP,09/07/2025,Varejo,2,559.8,186.56,186.62,Venda
SKU_1660_MAG,09/07/2025,Atacado,10,3149.0,1333.3,181.57,Venda
SKU_1795_HUN,09/07/2025,Atacado,4,1199.6,628.08,142.88,Venda
SKU_1691_HUN,09/07/2025,Atacado,2,619.8,264.34,177.73,Venda
SKU_1774_MOS,09/07/2025,E-commerce,1,204.9,93.79,111.11,Venda
SKU_1758_CLO,09/07/2025,Varejo,1,179.9,85.8,94.1,Venda
SKU_1686_MOS,09/07/2025,Varejo,3,644.7,298.56,115.38,Venda
SKU_1791_ARM,09/07/2025,E-commerce,1,264.9,102.94,161.96,Venda
SKU_1796_OLI,09/07/2025,Atacado,4,2019.6,910.6,277.25,Venda
SKU_1727_WHI,09/07/2025,Varejo,1,154.9,73.09,81.81,Venda
SKU_1494_EGR,09/07/2025,Atacado,4,4339.6,2244.16,523.86,Venda
SKU_1694_PIS,09/07/2025,Atacado,4,1119.6,580.12,134.87,Venda
SKU_1785_PAS,09/07/2025,Atacado,8,1959.2,938.56,127.58,Venda
SKU_1723_COB,09/07/2025,Varejo,2,869.8,403.9,232.95,Venda
SKU_1796_OLI,09/07/2025,E-commerce,2,1009.8,426.82,291.49,Venda
SKU_1801_MOS,09/07/2025,Varejo,1,374.9,147.73,227.17,Venda
SKU_1695_LIM,09/07/2025,Atacado,3,629.7,356.52,91.06,Venda
SKU_1781_CLE,09/07/2025,Varejo,1,129.9,56.73,73.17,Venda
SKU_1725_OFF,09/07/2025,Varejo,1,244.9,94.0,150.9,Venda
SKU_1777_TUR,09/07/2025,Atacado,6,1439.4,703.14,122.71,Venda
SKU_1723_COB,09/07/2025,Atacado,4,1739.6,877.2,215.6,Venda
SKU_1797_BLU,09/07/2025,Atacado,6,2279.4,1201.92,179.58,Venda
SKU_1744_EME,09/07/2025,Atacado,6,1589.4,847.38,123.67,Venda
SKU_1798_MOS,09/07/2025,Atacado,6,2519.4,1244.76,212.44,Venda
SKU_1701_BLU,09/07/2025,Atacado,5,1699.5,854.05,169.09,Venda
SKU_1680_NAV,09/07/2025,Atacado,8,2679.2,1128.8,193.8,Venda
SKU_1621_PAS,09/07/2025,Varejo,1,234.9,94.87,140.03,Venda
SKU_1647_BLA,09/07/2025,E-commerce,1,339.9,132.27,207.63,Venda
SKU_1682_BIR,09/07/2025,Atacado,2,469.8,226.48,121.66,Venda
SKU_1732_WHI,09/07/2025,E-commerce,2,2229.8,725.14,752.33,Venda
SKU_1439_SHO,09/07/2025,Varejo,1,184.9,72.15,112.75,Venda
SKU_1740_OLI,09/07/2025,Varejo,1,214.9,105.96,108.94,Venda
SKU_1764_FUC,09/07/2025,Atacado,2,469.8,239.26,115.27,Venda
SKU_1760_OFF,09/07/2025,Atacado,8,1999.2,1104.72,111.81,Venda
SKU_1760_PAS,09/07/2025,Atacado,4,999.6,497.04,125.64,Venda
SKU_1727_LIG,09/07/2025,Atacado,10,1549.0,808.5,74.05,Venda
SKU_1790_ROY,09/07/2025,E-commerce,2,519.8,201.32,159.24,Venda
SKU_1576_AQU,09/07/2025,Varejo,1,244.9,101.47,143.43,Venda
SKU_1593_FUC,09/07/2025,Atacado,2,289.8,149.72,70.04,Venda
SKU_1473_BAB,09/07/2025,Atacado,5,899.5,425.85,94.73,Venda
SKU_1730_MIN,09/07/2025,E-commerce,1,319.9,138.03,181.87,Venda
SKU_1392_BLU,09/07/2025,Atacado,8,2359.2,1442.32,114.61,Venda
SKU_1756_FLA,09/07/2025,Varejo,1,179.9,74.76,105.14,Venda
SKU_1688_WHI,09/07/2025,Varejo,1,429.9,198.58,231.32,Venda
SKU_1730_OFF,09/07/2025,Atacado,4,1279.6,563.56,179.01,Venda
SKU_1680_SEA,09/07/2025,Atacado,3,1004.7,441.57,187.71,Venda
SKU_1506_BRI,09/07/2025,Varejo,1,229.9,73.47,156.43,Venda
SKU_1781_AQU,09/07/2025,Varejo,2,259.8,126.54,66.63,Venda
SKU_1718_SEA,09/07/2025,Varejo,1,369.9,150.91,218.99,Venda
SKU_1763_HOT,09/07/2025,Atacado,8,2399.2,1257.04,142.77,Venda
SKU_1784_EGR,09/07/2025,Varejo,1,309.9,142.12,167.78,Venda
SKU_1731_MIN,09/07/2025,Atacado,4,3639.6,1627.12,503.12,Venda
SKU_1756_FLA,09/07/2025,Varejo,3,539.7,189.81,116.63,Venda
SKU_1681_OFF,09/07/2025,Atacado,6,1409.4,711.9,116.25,Venda
SKU_1742_EME,09/07/2025,Atacado,6,1559.4,684.84,145.76,Venda
SKU_1694_PIS,09/07/2025,Atacado,5,1399.5,730.95,133.71,Venda
SKU_1787_BAB,09/07/2025,Varejo,1,289.9,131.41,158.49,Venda
SKU_1414_DUS,09/07/2025,Varejo,1,339.9,141.39,198.51,Venda
SKU_1445_TEA,09/07/2025,Varejo,1,409.9,132.94,276.96,Venda
SKU_1712_NAV,09/07/2025,Atacado,6,1079.4,591.06,81.39,Venda
SKU_1742_DEN,09/07/2025,Atacado,12,3118.8,1949.28,97.46,Venda
SKU_1509_MAG,09/07/2025,Atacado,8,2559.2,1075.44,185.47,Venda
SKU_1556_HUN,09/07/2025,Varejo,3,614.7,258.57,118.71,Venda
SKU_1743_DEE,09/07/2025,E-commerce,1,439.9,197.56,242.34,Venda
SKU_1782_NAV,09/07/2025,E-commerce,2,499.8,166.74,166.53,Venda
SKU_1737_DEE,09/07/2025,Atacado,4,3079.6,1300.08,444.88,Venda
SKU_1560_CRE,09/07/2025,Atacado,12,2698.8,1506.24,99.38,Venda
SKU_1674_PAS,09/07/2025,Varejo,1,229.9,77.26,152.64,Venda
SKU_1751_MIN,09/07/2025,Varejo,1,329.9,131.72,198.18,Venda
SKU_1739_MOS,09/07/2025,Varejo,1,254.9,81.39,173.51,Venda
SKU_1724_PEA,09/07/2025,Atacado,6,6689.4,3014.58,612.47,Venda
SKU_1717_MIN,09/07/2025,Varejo,1,259.9,126.18,133.72,Venda
SKU_1683_PAL,09/07/2025,Atacado,6,1889.4,956.1,155.55,Venda
SKU_1741_PEA,09/07/2025,Atacado,2,479.8,232.94,123.43,Venda
SKU_1696_SER,09/07/2025,Atacado,8,2239.2,1061.12,147.26,Venda
SKU_1730_OFF,09/07/2025,Varejo,2,639.8,243.38,198.21,Venda
SKU_1659_SNO,09/07/2025,Atacado,4,4099.6,2289.72,452.47,Venda
SKU_1794_LIG,09/07/2025,Varejo,1,209.9,77.76,132.14,Venda
SKU_1792_MIN,09/07/2025,Varejo,3,1319.7,586.02,244.56,Venda
SKU_1777_TUR,09/07/2025,E-commerce,1,239.9,85.94,153.96,Venda
SKU_1419_WHI,09/07/2025,Varejo,1,249.9,83.93,165.97,Venda
SKU_1681_OFF,09/07/2025,Atacado,4,939.6,470.28,117.33,Venda
SKU_1473_BAB,09/07/2025,Atacado,3,539.7,291.0,82.9,Venda
SKU_1711_ARM,09/07/2025,Varejo,2,1989.8,974.26,507.77,Venda
SKU_1795_RAS,09/07/2025,Varejo,1,299.9,109.53,190.37,Venda
SKU_1741_PEA,09/07/2025,Atacado,3,719.7,341.07,126.21,Venda
SKU_1692_BLU,09/07/2025,Atacado,5,1099.5,536.6,112.58,Venda
SKU_1736_JAD,09/07/2025,Varejo,2,649.8,225.26,212.27,Venda
SKU_1748_COB,09/07/2025,Varejo,1,309.9,146.83,163.07,Venda
SKU_1757_TUR,09/07/2025,Varejo,1,264.9,89.82,175.08,Venda
SKU_1799_POW,09/07/2025,Varejo,1,269.9,106.13,163.77,Venda
SKU_1734_FRE,09/07/2025,E-commerce,1,349.9,126.9,223.0,Venda
SKU_1771_PIN,09/07/2025,Varejo,3,794.7,347.07,149.21,Venda
SKU_1718_SEA,09/07/2025,Varejo,1,369.9,140.71,229.19,Venda
SKU_1665_SAG,09/07/2025,Atacado,6,1499.4,776.46,120.49,Venda
SKU_1747_TEA,09/07/2025,Varejo,1,174.9,57.38,117.52,Venda
SKU_1797_GAR,09/07/2025,Atacado,2,759.8,351.54,204.13,Venda
SKU_1540_MAG,09/07/2025,Varejo,1,169.9,56.19,113.71,Venda
SKU_1776_PAS,09/07/2025,Atacado,8,2639.2,1169.52,183.71,Venda
SKU_1705_JAD,09/07/2025,Varejo,3,1229.7,507.99,240.57,Venda
SKU_1721_COR,09/07/2025,Atacado,3,1259.7,583.08,225.54,Venda
SKU_1793_MIN,09/07/2025,Varejo,3,569.7,271.14,99.52,Venda
SKU_1790_EGR,09/07/2025,E-commerce,1,259.9,106.49,153.41,Venda
SKU_1540_MAG,09/07/2025,Varejo,1,169.9,63.53,106.37,Venda
SKU_1799_POW,09/07/2025,Varejo,1,269.9,94.78,175.12,Venda
SKU_1722_PAS,09/07/2025,Atacado,8,2599.2,1122.56,184.58,Venda
SKU_1395_TUR,09/07/2025,Varejo,1,289.9,139.26,150.64,Venda
SKU_1455_ROY,09/07/2025,Varejo,2,669.8,251.24,209.28,Venda
SKU_1787_BAB,09/07/2025,Varejo,3,869.7,396.06,157.88,Venda
SKU_1390_PAS,09/07/2025,Varejo,2,459.8,152.66,153.57,Venda
SKU_1429_MAG,09/07/2025,Varejo,3,569.7,284.52,95.06,Venda
SKU_1428_SKY,09/07/2025,E-commerce,1,489.9,174.82,315.08,Venda
SKU_1683_SHO,09/07/2025,Varejo,1,314.9,146.9,168.0,Venda
SKU_1786_TEA,09/07/2025,Varejo,1,179.9,69.52,110.38,Venda
SKU_1699_COB,09/07/2025,Atacado,4,1319.6,591.36,182.06,Venda
SKU_1725_OFF,09/07/2025,E-commerce,2,489.8,162.5,163.65,Venda
SKU_1690_MYS,09/07/2025,Atacado,10,5399.0,2457.8,294.12,Venda
SKU_1680_NAV,09/07/2025,Atacado,10,3349.0,1707.7,164.13,Venda
SKU_1790_EGR,09/07/2025,E-commerce,1,259.9,87.35,172.55,Venda
SKU_1735_COR,09/07/2025,Varejo,4,1079.6,329.92,187.42,Venda
SKU_1783_EGR,09/07/2025,Atacado,3,3599.7,1908.06,563.88,Venda
SKU_1789_SNO,09/07/2025,Atacado,4,1079.6,584.56,123.76,Venda
SKU_1419_FLA,09/07/2025,E-commerce,1,249.9,94.16,155.74,Venda
SKU_1707_SAP,09/07/2025,Atacado,4,1119.6,535.88,145.93,Venda
SKU_1791_ARM,09/07/2025,Atacado,8,2119.2,1069.92,131.16,Venda
SKU_1776_BIR,09/07/2025,Atacado,6,1979.4,977.64,166.96,Venda
SKU_1710_OLI,09/07/2025,Atacado,4,3239.6,1841.8,349.45,Venda
SKU_1800_MOS,09/07/2025,Atacado,8,2239.2,1153.68,135.69,Venda
SKU_1716_AQU,09/07/2025,Atacado,4,659.6,310.04,87.39,Venda
SKU_1742_DEN,09/07/2025,Varejo,1,259.9,108.64,151.26,Venda
SKU_1496_PEA,09/07/2025,Atacado,10,11349.0,5214.4,613.46,Venda
SKU_1775_PAS,09/07/2025,E-commerce,1,279.9,124.75,155.15,Venda
SKU_1766_CLE,09/07/2025,Atacado,10,3949.0,1681.4,226.76,Venda
SKU_1749_BIR,09/07/2025,Atacado,4,1399.6,707.4,173.05,Venda
SKU_1758_CLO,09/07/2025,E-commerce,1,179.9,56.14,123.76,Venda
SKU_1614_VAN,09/07/2025,Varejo,2,889.8,333.22,278.29,Venda
SKU_1449_NAV,09/07/2025,Atacado,6,1949.4,959.1,165.05,Venda
SKU_1689_IVO,09/07/2025,Varejo,2,1929.8,755.82,586.99,Venda
SKU_1702_LIG,09/07/2025,Atacado,3,1859.7,1074.54,261.72,Venda
SKU_1728_MID,09/07/2025,Atacado,2,659.8,312.6,173.6,Venda
SKU_1744_EME,09/07/2025,Varejo,2,529.8,258.6,135.6,Venda
SKU_1722_PAS,09/07/2025,Varejo,1,324.9,137.0,187.9,Venda
SKU_1685_COB,09/07/2025,E-commerce,1,664.9,264.83,400.07,Venda
SKU_1709_MAR,09/07/2025,Atacado,2,419.8,229.84,94.98,Venda
SKU_1598_DUS,09/07/2025,E-commerce,1,489.9,165.61,324.29,Venda
SKU_1434_ARM,09/07/2025,Atacado,10,2099.0,1182.1,91.69,Venda
SKU_1701_SPA,09/07/2025,Atacado,3,1019.7,488.25,177.15,Venda
SKU_1766_MYS,09/07/2025,Varejo,1,394.9,179.65,215.25,Venda
SKU_1704_PEA,09/07/2025,Atacado,5,1674.5,963.75,142.15,Venda
SKU_1739_AQU,09/07/2025,Varejo,1,254.9,84.49,170.41,Venda
SKU_1797_GAR,09/07/2025,Atacado,4,1519.6,717.52,200.52,Venda
SKU_1758_HON,09/07/2025,E-commerce,2,359.8,122.9,118.45,Venda
SKU_1683_PAL,09/07/2025,E-commerce,1,314.9,113.3,201.6,Venda
SKU_1798_MOS,09/07/2025,Varejo,1,419.9,172.91,246.99,Venda
SKU_1800_SKY,09/07/2025,Varejo,1,279.9,127.04,152.86,Venda
SKU_1728_EGR,09/07/2025,Atacado,5,1649.5,695.9,190.72,Venda
SKU_1771_EME,09/07/2025,Atacado,10,2649.0,1176.9,147.21,Venda
SKU_1660_NAV,09/07/2025,Varejo,1,314.9,157.08,157.82,Venda
SKU_1690_MAG,09/07/2025,E-commerce,1,539.9,203.4,336.5,Venda
SKU_1695_LIM,09/07/2025,Varejo,1,209.9,76.66,133.24,Venda
SKU_1779_LIG,09/07/2025,Atacado,10,2149.0,1208.5,94.05,Venda
SKU_1771_EME,09/07/2025,Atacado,5,1324.5,622.7,140.36,Venda
SKU_1696_SHO,09/07/2025,Varejo,2,559.8,181.48,189.16,Venda
SKU_1471_ROS,09/07/2025,E-commerce,1,204.9,94.45,110.45,Venda
SKU_1762_DEN,09/07/2025,Atacado,3,764.7,391.98,124.24,Venda
SKU_1691_HUN,09/07/2025,E-commerce,1,309.9,120.83,189.07,Venda
SKU_1698_PRI,09/07/2025,Varejo,1,419.9,193.58,226.32,Venda
SKU_1794_LIG,09/07/2025,Atacado,6,1259.4,658.68,100.12,Venda
SKU_1788_EME,09/07/2025,Varejo,1,249.9,115.02,134.88,Venda
SKU_1509_MAG,09/07/2025,E-commerce,1,319.9,113.36,206.54,Venda
SKU_1745_FOR,09/07/2025,Atacado,6,2459.4,1302.9,192.75,Venda
SKU_1788_EME,09/07/2025,Varejo,1,249.9,102.36,147.54,Venda
SKU_1772_SNO,09/07/2025,Varejo,1,414.9,201.65,213.25,Venda
SKU_1693_FLA,09/07/2025,Varejo,1,204.9,84.0,120.9,Venda
SKU_1797_BLU,09/07/2025,Varejo,1,379.9,158.46,221.44,Venda
SKU_1682_OLI,09/07/2025,E-commerce,2,469.8,196.92,136.44,Venda
SKU_1404_ARM,09/07/2025,Atacado,6,6119.4,3149.04,495.06,Venda
SKU_1574_COB,09/07/2025,Atacado,6,3629.4,1549.8,346.6,Venda
SKU_1687_FOR,09/07/2025,Atacado,4,3599.6,1535.96,515.91,Venda
SKU_1749_SNO,09/07/2025,Atacado,12,4198.8,2331.84,155.58,Venda
SKU_1665_RAS,09/07/2025,Atacado,5,1249.5,569.45,136.01,Venda
SKU_1482_SHO,09/07/2025,Varejo,1,444.9,186.24,258.66,Venda
SKU_1749_SNO,09/07/2025,Atacado,4,1399.6,671.6,182.0,Venda
SKU_1662_LIG,09/07/2025,Atacado,12,2398.8,1355.88,86.91,Venda
SKU_1607_GAR,09/07/2025,Atacado,3,899.7,408.33,163.79,Venda
SKU_1707_ARM,09/07/2025,Varejo,1,279.9,93.39,186.51,Venda
SKU_1680_SEA,09/07/2025,Atacado,10,3349.0,1630.4,171.86,Venda
SKU_1686_MOS,09/07/2025,Atacado,4,859.6,409.4,112.55,Venda
SKU_1786_POW,09/07/2025,E-commerce,1,179.9,67.52,112.38,Venda
SKU_1775_PAS,09/07/2025,Atacado,3,839.7,436.62,134.36,Venda
SKU_1417_SNO,09/07/2025,Atacado,10,2799.0,1684.7,111.43,Venda
SKU_1737_SAG,09/07/2025,Varejo,1,769.9,312.68,457.22,Venda
SKU_1690_MAG,09/07/2025,Atacado,8,4319.2,2138.0,272.65,Venda
SKU_1555_RAS,09/07/2025,Varejo,2,379.8,174.72,102.54,Venda
SKU_1452_DEE,09/07/2025,Atacado,3,434.7,191.52,81.06,Venda
SKU_1788_EME,09/07/2025,E-commerce,1,249.9,112.55,137.35,Venda
SKU_1680_SEA,09/07/2025,Atacado,8,2679.2,1543.92,141.91,Venda
SKU_1772_BLU,09/07/2025,Atacado,2,829.8,369.24,230.28,Venda
SKU_1728_MID,09/07/2025,Varejo,1,329.9,103.23,226.67,Venda
SKU_1423_SAG,09/07/2025,Atacado,5,5999.5,2930.85,613.73,Venda
SKU_1747_FUC,09/07/2025,E-commerce,1,174.9,65.23,109.67,Venda
SKU_1689_MAG,09/07/2025,Varejo,1,964.9,339.35,625.55,Venda
SKU_1572_MAR,09/07/2025,Atacado,4,559.6,287.6,68.0,Venda
SKU_1742_DEN,09/07/2025,Varejo,1,259.9,81.88,178.02,Venda
SKU_1801_MOS,09/07/2025,E-commerce,1,374.9,146.06,228.84,Venda
SKU_1516_EME,09/07/2025,Atacado,4,1399.6,675.44,181.04,Venda
SKU_1740_FRE,09/07/2025,Varejo,2,429.8,170.5,129.65,Venda
SKU_1472_EME,09/07/2025,Atacado,8,3759.2,1852.0,238.4,Venda
SKU_1401_BLU,09/07/2025,E-commerce,1,239.9,105.48,134.42,Venda
SKU_1796_SHO,09/07/2025,E-commerce,2,1009.8,459.58,275.11,Venda
SKU_1454_BRI,09/07/2025,Varejo,1,149.9,48.18,101.72,Venda
SKU_1786_TEA,09/07/2025,Atacado,2,359.8,218.22,70.79,Venda
SKU_1710_MEX,09/07/2025,Varejo,2,1619.8,593.38,513.21,Venda
SKU_1741_PEA,09/07/2025,Atacado,6,1439.4,703.38,122.67,Venda
SKU_1744_EME,09/07/2025,E-commerce,2,529.8,188.52,170.64,Venda
SKU_1791_IVO,09/07/2025,Atacado,12,3178.8,1536.72,136.84,Venda
SKU_1559_BLU,09/07/2025,Varejo,1,1199.9,529.2,670.7,Venda
SKU_1721_FRE,09/07/2025,Atacado,4,1679.6,872.88,201.68,Venda
SKU_1770_DEE,09/07/2025,Varejo,1,219.9,108.98,110.92,Venda
SKU_1541_POW,09/07/2025,Atacado,2,1349.8,592.44,378.68,Venda
SKU_1585_COR,09/07/2025,Atacado,5,1599.5,766.6,166.58,Venda
SKU_1684_SHO,09/07/2025,Atacado,6,1109.4,689.1,70.05,Venda
SKU_1783_BAB,09/07/2025,E-commerce,2,2399.8,988.04,705.88,Venda
SKU_1757_PIN,09/07/2025,Varejo,1,264.9,118.36,146.54,Venda
SKU_1764_MAR,09/07/2025,E-commerce,1,234.9,83.09,151.81,Venda
SKU_1451_BIR,09/07/2025,Varejo,1,244.9,98.52,146.38,Venda
SKU_1642_OFF,09/07/2025,Varejo,1,224.9,97.55,127.35,Venda
SKU_1717_MIN,09/07/2025,Varejo,3,779.7,329.85,149.95,Venda
SKU_1706_JAD,09/07/2025,Varejo,1,184.9,64.65,120.25,Venda
SKU_1769_WHI,09/07/2025,Varejo,1,324.9,105.35,219.55,Venda
SKU_1697_PIS,09/07/2025,Atacado,5,1099.5,470.45,125.81,Venda
SKU_1739_AQU,09/07/2025,Atacado,12,3058.8,1563.48,124.61,Venda
SKU_1416_AQU,09/07/2025,Atacado,10,2799.0,1273.6,152.54,Venda
SKU_1751_MIN,09/07/2025,Varejo,2,659.8,281.68,189.06,Venda
SKU_1765_MYS,09/07/2025,Varejo,4,1039.6,347.76,172.96,Venda
SKU_1720_PAS,09/07/2025,E-commerce,1,224.9,97.38,127.52,Venda
SKU_1711_ARM,09/07/2025,Atacado,12,11938.8,5858.16,506.72,Venda
SKU_1718_DUS,09/07/2025,Varejo,1,369.9,116.85,253.05,Venda
SKU_1768_MIN,09/07/2025,Atacado,4,2499.6,1264.28,308.83,Venda
SKU_1711_VAN,09/07/2025,Atacado,10,9949.0,4952.0,499.7,Venda
SKU_1755_BIR,09/07/2025,Varejo,1,334.9,144.28,190.62,Venda
SKU_1751_MIN,09/07/2025,Varejo,1,329.9,118.28,211.62,Venda
SKU_1715_JAD,09/07/2025,Atacado,8,1759.2,818.0,117.65,Venda
SKU_1578_PAS,09/07/2025,Atacado,6,749.4,428.76,53.44,Venda
SKU_1729_CLE,09/07/2025,Atacado,8,1399.2,706.72,86.56,Venda
SKU_1724_PIN,09/07/2025,Varejo,2,2229.8,783.6,723.1,Venda
SKU_1481_TEA,09/07/2025,E-commerce,1,809.9,384.08,425.82,Venda
SKU_1439_SHO,09/07/2025,Atacado,2,369.8,189.58,90.11,Venda
SKU_1472_EME,09/07/2025,Atacado,4,1879.6,880.96,249.66,Venda
SKU_1721_COR,09/07/2025,Varejo,1,419.9,142.95,276.95,Venda
SKU_1619_IVO,09/07/2025,Atacado,8,1599.2,920.32,84.86,Venda
SKU_1743_DEE,09/07/2025,Varejo,1,439.9,191.59,248.31,Venda
SKU_1759_COB,09/07/2025,Atacado,6,1619.4,856.86,127.09,Venda
SKU_1743_DEE,09/07/2025,E-commerce,1,439.9,174.95,264.95,Venda
SKU_1684_SHO,09/07/2025,Atacado,4,739.6,357.28,95.58,Venda
SKU_1707_ARM,09/07/2025,Atacado,6,1679.4,793.92,147.58,Venda
SKU_1564_NAV,09/07/2025,Varejo,1,589.9,225.31,364.59,Venda
SKU_1708_FRE,09/07/2025,Atacado,6,1019.4,448.56,95.14,Venda
SKU_1684_HON,09/07/2025,E-commerce,3,554.7,204.93,116.59,Venda
SKU_1801_MOS,09/07/2025,Varejo,1,374.9,140.65,234.25,Venda
SKU_1693_FLA,09/07/2025,Varejo,1,204.9,74.68,130.22,Venda
SKU_1721_COR,09/07/2025,Varejo,1,419.9,153.17,266.73,Venda
SKU_1727_LIG,09/07/2025,Varejo,1,154.9,54.88,100.02,Venda
SKU_1721_FRE,09/07/2025,Atacado,5,2099.5,1105.1,198.88,Venda
SKU_1738_BLU,09/07/2025,Varejo,1,194.9,71.07,123.83,Venda
SKU_1418_CLE,09/07/2025,Atacado,10,8449.0,4456.2,399.28,Venda
SKU_1742_EME,09/07/2025,Atacado,5,1299.5,632.35,133.43,Venda
SKU_1720_PAL,09/07/2025,Atacado,2,449.8,241.94,103.93,Venda
SKU_1786_POW,09/07/2025,Varejo,1,179.9,69.55,110.35,Venda
SKU_1799_DEN,09/07/2025,Varejo,1,269.9,87.11,182.79,Venda
SKU_1700_HUN,09/07/2025,Atacado,3,2099.7,1073.61,342.03,Venda
SKU_1753_WHI,09/07/2025,Varejo,1,789.9,337.57,452.33,Venda
SKU_1788_EME,09/07/2025,Varejo,1,249.9,102.92,146.98,Venda
SKU_1472_EME,09/07/2025,Atacado,6,2819.4,1211.28,268.02,Venda
SKU_1782_NAV,09/07/2025,Atacado,4,999.6,502.48,124.28,Venda
SKU_1797_GAR,09/07/2025,Varejo,1,379.9,171.1,208.8,Venda
SKU_1726_BUB,09/07/2025,Atacado,10,4299.0,2031.8,226.72,Venda
SKU_1536_MOS,09/07/2025,Varejo,4,1379.6,641.28,184.58,Venda
SKU_1757_PIN,09/07/2025,E-commerce,1,264.9,86.13,178.77,Venda
SKU_1751_BLU,09/07/2025,Varejo,1,329.9,145.67,184.23,Venda
SKU_1509_MAG,09/07/2025,Varejo,1,319.9,145.31,174.59,Venda
SKU_1746_NAV,09/07/2025,E-commerce,1,179.9,77.24,102.66,Venda
SKU_1471_LIG,09/07/2025,Atacado,4,819.6,386.72,108.22,Venda
SKU_1755_BIR,09/07/2025,Varejo,2,669.8,213.9,227.95,Venda
SKU_1734_FRE,09/07/2025,Varejo,1,349.9,155.1,194.8,Venda
SKU_1562_CLO,09/07/2025,Atacado,3,929.7,438.57,163.71,Venda
SKU_1389_SHO,09/07/2025,E-commerce,1,139.9,47.12,92.78,Venda
SKU_1723_MOS,09/07/2025,Atacado,10,4349.0,2652.5,169.65,Venda
SKU_1693_FLA,09/07/2025,E-commerce,1,204.9,85.73,119.17,Venda
SKU_1617_MIN,09/07/2025,Varejo,1,164.9,65.44,99.46,Venda
SKU_1706_JAD,09/07/2025,Varejo,1,184.9,65.31,119.59,Venda
SKU_1783_EGR,09/07/2025,Atacado,6,7199.4,3487.2,618.7,Venda
SKU_1502_VAN,09/07/2025,E-commerce,1,209.9,84.58,125.32,Venda
SKU_1509_HOT,09/07/2025,Varejo,1,319.9,142.64,177.26,Venda
SKU_1564_NAV,09/07/2025,Varejo,1,589.9,240.5,349.4,Venda
SKU_1419_WHI,09/07/2025,E-commerce,1,249.9,88.42,161.48,Venda
SKU_1773_OLI,09/07/2025,Atacado,2,649.8,323.1,163.35,Venda
SKU_1706_BLA,09/07/2025,Atacado,12,2218.8,1252.08,80.56,Venda
SKU_1462_MID,09/07/2025,Atacado,2,729.8,307.64,211.08,Venda
SKU_1769_EME,09/07/2025,Varejo,1,324.9,115.3,209.6,Venda
SKU_1772_SNO,09/07/2025,Varejo,2,829.8,358.12,235.84,Venda
SKU_1717_CRE,09/07/2025,Varejo,1,259.9,123.1,136.8,Venda
SKU_1752_SNO,09/07/2025,Varejo,2,859.8,369.96,244.92,Venda
SKU_1639_FRE,09/07/2025,Atacado,6,1139.4,568.68,95.12,Venda
SKU_1760_OFF,09/07/2025,E-commerce,1,249.9,110.86,139.04,Venda
SKU_1687_FOR,09/07/2025,Atacado,6,5399.4,2652.96,457.74,Venda
SKU_1738_ROY,09/07/2025,Atacado,4,779.6,355.92,105.92,Venda
SKU_1759_COB,09/07/2025,Varejo,2,539.8,206.24,166.78,Venda
SKU_1720_PAL,09/07/2025,Varejo,1,224.9,92.52,132.38,Venda
SKU_1498_LIG,09/07/2025,Varejo,1,339.9,130.86,209.04,Venda
SKU_1735_COR,09/07/2025,Varejo,1,269.9,121.55,148.35,Venda
SKU_1690_MYS,09/07/2025,Varejo,1,539.9,254.44,285.46,Venda
SKU_1754_SER,09/07/2025,E-commerce,1,339.9,156.01,183.89,Venda
SKU_1715_HON,09/07/2025,Atacado,8,1759.2,856.96,112.78,Venda
SKU_1768_PEA,09/07/2025,Atacado,5,3124.5,1679.95,288.91,Venda
SKU_1790_ROY,09/07/2025,Varejo,1,259.9,109.58,150.32,Venda
SKU_1517_ROS,09/07/2025,Atacado,4,4799.6,2334.04,616.39,Venda
SKU_1757_TUR,09/07/2025,Atacado,5,1324.5,700.25,124.85,Venda
SKU_1684_SHO,09/07/2025,Atacado,6,1109.4,552.78,92.77,Venda
SKU_1757_TUR,09/07/2025,Varejo,1,264.9,110.45,154.45,Venda
SKU_1554_PIS,09/07/2025,Atacado,8,8279.2,4104.96,521.78,Venda
SKU_1466_SAP,09/07/2025,Atacado,6,1619.4,843.9,129.25,Venda
SKU_1693_MEX,09/07/2025,E-commerce,1,204.9,69.02,135.88,Venda
SKU_1680_SEA,09/07/2025,Varejo,1,334.9,108.56,226.34,Venda
SKU_1714_MID,09/07/2025,Varejo,1,304.9,144.58,160.32,Venda
SKU_1736_JAD,09/07/2025,Atacado,5,1624.5,862.75,152.35,Venda
SKU_1792_MIN,09/07/2025,E-commerce,1,439.9,134.22,305.68,Venda
SKU_1518_CLE,09/07/2025,Atacado,10,2349.0,1161.8,118.72,Venda
SKU_1534_MYS,09/07/2025,Atacado,5,999.5,486.4,102.62,Venda
SKU_1438_MOS,09/07/2025,Atacado,5,1024.5,491.6,106.58,Venda
SKU_1763_HOT,09/07/2025,Varejo,1,299.9,146.76,153.14,Venda
SKU_1734_FRE,09/07/2025,Atacado,8,2799.2,1406.48,174.09,Venda
SKU_1769_EME,09/07/2025,Atacado,4,1299.6,639.56,165.01,Venda
SKU_1770_DEE,09/07/2025,Atacado,10,2199.0,1035.0,116.4,Venda
SKU_1718_DUS,09/07/2025,Atacado,6,2219.4,1137.24,180.36,Venda
SKU_1733_NAV,09/07/2025,Atacado,2,699.8,382.7,158.55,Venda
SKU_1551_DUS,09/07/2025,Atacado,8,1759.2,1012.72,93.31,Venda
SKU_1713_SAL,09/07/2025,Atacado,5,2524.5,1108.3,283.24,Venda
SKU_1594_WHI,09/07/2025,Atacado,3,1499.7,687.0,270.9,Venda
SKU_1759_CLE,09/07/2025,Atacado,8,2159.2,1043.04,139.52,Venda
SKU_1615_SHO,09/07/2025,E-commerce,2,929.8,294.08,317.86,Venda
SKU_1783_EGR,09/07/2025,Atacado,6,7199.4,4068.9,521.75,Venda
SKU_1668_VAN,09/07/2025,Atacado,8,2159.2,1156.64,125.32,Venda
SKU_1631_SNO,09/07/2025,Atacado,3,539.7,255.99,94.57,Venda
SKU_1714_DEE,09/07/2025,Atacado,8,2439.2,1096.96,167.78,Venda
SKU_1796_SHO,09/07/2025,Atacado,3,1514.7,795.75,239.65,Venda
SKU_1453_PRI,09/07/2025,Varejo,4,939.6,379.92,139.92,Venda
SKU_1734_FRE,09/07/2025,Atacado,5,1749.5,743.7,201.16,Venda
SKU_1791_ARM,09/07/2025,Atacado,2,529.8,243.98,142.91,Venda
SKU_1745_PEA,09/07/2025,Varejo,1,409.9,189.08,220.82,Venda
SKU_1681_OFF,09/07/2025,Varejo,1,234.9,99.14,135.76,Venda
SKU_1733_NAV,09/07/2025,Atacado,6,2099.4,946.5,192.15,Venda
SKU_1698_SNO,09/07/2025,Varejo,2,839.8,381.66,229.07,Venda
SKU_1770_DEE,09/07/2025,Atacado,6,1319.4,676.68,107.12,Venda
SKU_1780_AQU,09/07/2025,Atacado,4,1339.6,696.12,160.87,Venda
SKU_1710_OLI,09/07/2025,Atacado,6,4859.4,2248.32,435.18,Venda
SKU_1468_BAB,09/07/2025,Varejo,1,529.9,249.99,279.91,Venda
SKU_1718_DUS,09/07/2025,Atacado,5,1849.5,831.75,203.55,Venda
SKU_1754_IVO,09/07/2025,Atacado,12,4078.8,2272.92,150.49,Venda
SKU_1565_LIG,09/07/2025,Atacado,6,2159.4,964.26,199.19,Venda
SKU_1790_ROY,09/07/2025,Varejo,2,519.8,223.46,148.17,Venda
SKU_1701_SPA,09/07/2025,Atacado,3,1019.7,582.84,145.62,Venda
SKU_1739_MOS,09/07/2025,Atacado,5,1274.5,700.1,114.88,Venda
SKU_1590_MYS,09/07/2025,Atacado,5,949.5,430.45,103.81,Venda
SKU_1696_SHO,09/07/2025,E-commerce,2,559.8,175.42,192.19,Venda
SKU_1768_PEA,09/07/2025,Atacado,10,6249.0,3746.0,250.3,Venda
SKU_1702_COR,09/07/2025,E-commerce,1,619.9,278.87,341.03,Venda
SKU_1773_OLI,09/07/2025,Varejo,1,324.9,119.91,204.99,Venda
SKU_1633_SER,09/07/2025,Varejo,1,234.9,81.51,153.39,Venda
SKU_1680_NAV,09/07/2025,Atacado,3,1004.7,474.36,176.78,Venda
SKU_1794_LIG,09/07/2025,E-commerce,1,209.9,71.14,138.76,Venda
SKU_1767_FUC,09/07/2025,Atacado,8,1639.2,833.44,100.72,Venda
SKU_1685_BIR,09/07/2025,E-commerce,1,664.9,246.17,418.73,Venda
SKU_1683_SHO,09/07/2025,Varejo,3,944.7,376.23,189.49,Venda
SKU_1751_BLU,09/07/2025,Varejo,3,989.7,381.6,202.7,Venda
SKU_1579_SAG,09/07/2025,Varejo,1,229.9,107.75,122.15,Venda
SKU_1618_SAL,09/07/2025,Atacado,8,1439.2,677.92,95.16,Venda
SKU_1782_HUN,09/07/2025,Varejo,1,249.9,109.33,140.57,Venda
SKU_1736_JAD,09/07/2025,E-commerce,1,324.9,105.61,219.29,Venda
SKU_1784_BLA,09/07/2025,Atacado,4,1239.6,635.8,150.95,Venda
SKU_1719_WHI,09/07/2025,E-commerce,2,639.8,226.82,206.49,Venda
SKU_1686_SKY,09/07/2025,E-commerce,1,214.9,104.63,110.27,Venda
SKU_1718_DUS,09/07/2025,Atacado,5,1849.5,1068.0,156.3,Venda
SKU_1697_MIN,09/07/2025,Varejo,3,659.7,207.27,150.81,Venda
SKU_1718_SEA,09/07/2025,Atacado,5,1849.5,928.6,184.18,Venda
SKU_1400_PAL,09/07/2025,Atacado,6,1259.4,562.68,116.12,Venda
SKU_1764_FUC,09/07/2025,Atacado,12,2818.8,1396.92,118.49,Venda
SKU_1762_BRI,09/07/2025,Varejo,4,1019.6,366.08,163.38,Venda
SKU_1682_OLI,09/07/2025,Varejo,1,234.9,105.01,129.89,Venda
SKU_1765_PAS,09/07/2025,Atacado,10,2599.0,1491.9,110.71,Venda
SKU_1544_OLI,09/07/2025,Varejo,1,199.9,97.18,102.72,Venda
SKU_1725_BAB,09/07/2025,Varejo,2,489.8,178.66,155.57,Venda
SKU_1507_PAS,09/07/2025,Varejo,1,179.9,83.5,96.4,Venda
SKU_1712_MOS,09/07/2025,Varejo,2,359.8,147.32,106.24,Venda
SKU_1785_PAS,09/07/2025,Atacado,2,489.8,245.74,122.03,Venda
SKU_1484_EGR,09/07/2025,Varejo,1,459.9,196.88,263.02,Venda
SKU_1627_BAB,09/07/2025,Atacado,8,2639.2,1490.96,143.53,Venda
SKU_1727_WHI,09/07/2025,Varejo,2,309.8,147.1,81.35,Venda
SKU_1663_FLA,09/07/2025,Varejo,1,794.9,255.21,539.69,Venda
SKU_1453_PRI,09/07/2025,Atacado,3,704.7,374.25,110.15,Venda
SKU_1538_MAG,09/07/2025,Atacado,2,419.8,201.78,109.01,Venda
SKU_1566_POW,09/07/2025,E-commerce,1,1034.9,367.56,667.34,Venda
SKU_1617_DEN,09/07/2025,E-commerce,1,164.9,57.37,107.53,Venda
SKU_1779_LIG,09/07/2025,Atacado,8,1719.2,812.48,113.34,Venda
SKU_1690_MYS,09/07/2025,Atacado,8,4319.2,1897.28,302.74,Venda
SKU_1666_FUC,09/07/2025,Varejo,1,799.9,330.12,469.78,Venda
SKU_1773_OLI,09/07/2025,Atacado,6,1949.4,837.9,185.25,Venda
SKU_1729_FUC,09/07/2025,Varejo,1,174.9,80.43,94.47,Venda
SKU_1795_HUN,09/07/2025,Atacado,8,2399.2,1375.12,128.01,Venda
SKU_1689_IVO,09/07/2025,Varejo,3,2894.7,1398.66,498.68,Venda
SKU_1415_MID,09/07/2025,E-commerce,1,354.9,151.14,203.76,Venda
SKU_1779_LIG,09/07/2025,Varejo,1,214.9,87.31,127.59,Venda
SKU_1469_ARM,09/07/2025,Varejo,1,294.9,111.33,183.57,Venda
SKU_1742_EME,09/07/2025,Atacado,10,2599.0,1267.7,133.13,Venda
SKU_1717_CRE,09/07/2025,E-commerce,1,259.9,88.52,171.38,Venda
SKU_1724_PIN,09/07/2025,Atacado,2,2229.8,970.64,629.58,Venda
SKU_1747_TEA,09/07/2025,Varejo,1,174.9,66.62,108.28,Venda
SKU_1752_SNO,09/07/2025,Atacado,5,2149.5,1054.45,219.01,Venda
SKU_1688_WHI,09/07/2025,Atacado,2,859.8,420.98,219.41,Venda
SKU_1755_AQU,09/07/2025,Atacado,8,2679.2,1273.36,175.73,Venda
SKU_1763_MAR,09/07/2025,Atacado,2,599.8,259.96,169.92,Venda
SKU_1751_MIN,09/07/2025,Varejo,4,1319.6,426.24,223.34,Venda
SKU_1775_PAS,09/07/2025,Atacado,4,1119.6,494.28,156.33,Venda
SKU_1731_ARM,09/07/2025,Atacado,8,7279.2,3578.96,462.53,Venda
SKU_1782_NAV,09/07/2025,Varejo,1,249.9,83.13,166.77,Venda
SKU_1755_BIR,09/07/2025,Varejo,2,669.8,313.14,178.33,Venda
SKU_1756_BUB,09/07/2025,Atacado,6,1079.4,591.0,81.4,Venda
SKU_1773_OLI,09/07/2025,E-commerce,1,324.9,154.61,170.29,Venda
SKU_1792_MIN,09/07/2025,Varejo,2,879.8,315.56,282.12,Venda
SKU_1683_SHO,09/07/2025,Varejo,1,314.9,117.57,197.33,Venda
SKU_1712_MOS,09/07/2025,Atacado,4,719.6,315.2,101.1,Venda
SKU_1503_VAN,09/07/2025,Atacado,6,1379.4,672.6,117.8,Venda
SKU_1587_DEE,09/07/2025,Varejo,1,229.9,110.95,118.95,Venda
SKU_1745_FOR,09/07/2025,Varejo,2,819.8,278.38,270.71,Venda
SKU_1773_OLI,09/07/2025,Atacado,4,1299.6,587.4,178.05,Venda
SKU_1728_EGR,09/07/2025,Atacado,8,2639.2,1260.64,172.32,Venda
SKU_1720_PAL,09/07/2025,E-commerce,1,224.9,69.88,155.02,Venda
SKU_1696_SHO,09/07/2025,E-commerce,1,279.9,135.66,144.24,Venda
SKU_1476_WHI,09/07/2025,Varejo,1,274.9,113.39,161.51,Venda
SKU_1501_SAL,09/07/2025,Varejo,2,339.8,109.7,115.05,Venda
SKU_1704_PEA,09/07/2025,Atacado,5,1674.5,794.1,176.08,Venda
SKU_1398_SPA,09/07/2025,Varejo,2,1349.8,412.76,468.52,Venda
SKU_1701_BLU,09/07/2025,Varejo,1,339.9,151.32,188.58,Venda
SKU_1770_DEE,09/07/2025,Varejo,1,219.9,78.91,140.99,Venda
SKU_1776_PAS,09/07/2025,Varejo,3,989.7,449.76,179.98,Venda
SKU_1793_MIN,09/07/2025,Atacado,6,1139.4,547.98,98.57,Venda
SKU_1664_PIN,09/07/2025,Varejo,1,329.9,141.92,187.98,Venda
SKU_1490_VAN,09/07/2025,E-commerce,1,314.9,137.89,177.01,Venda
SKU_1785_PAS,09/07/2025,Atacado,8,1959.2,933.44,128.22,Venda
SKU_1512_TEA,09/07/2025,Atacado,3,674.7,313.47,120.41,Venda
SKU_1749_BIR,09/07/2025,Atacado,3,1049.7,505.35,181.45,Venda
SKU_1768_MIN,09/07/2025,Atacado,2,1249.8,605.04,322.38,Venda
SKU_1656_FUC,09/07/2025,Varejo,1,234.9,83.6,151.3,Venda
SKU_1706_JAD,09/07/2025,Varejo,1,184.9,58.34,126.56,Venda
SKU_1701_SPA,09/07/2025,Atacado,6,2039.4,920.28,186.52,Venda
SKU_1689_MAG,09/07/2025,Varejo,1,964.9,314.73,650.17,Venda
SKU_1748_BAB,09/07/2025,Atacado,4,1239.6,558.24,170.34,Venda
SKU_1766_MYS,09/07/2025,Varejo,1,394.9,151.01,243.89,Venda
SKU_1751_MIN,09/07/2025,E-commerce,1,329.9,102.74,227.16,Venda
SKU_1699_COB,09/07/2025,Atacado,4,1319.6,656.08,165.88,Venda
SKU_1715_HON,09/07/2025,Varejo,1,219.9,84.03,135.87,Venda
SKU_1592_SAG,09/07/2025,E-commerce,1,209.9,67.22,142.68,Venda
SKU_1673_PEA,09/07/2025,Varejo,1,409.9,170.76,239.14,Venda
SKU_1730_MIN,09/07/2025,Varejo,1,319.9,103.49,216.41,Venda
SKU_1693_MEX,09/07/2025,Atacado,4,819.6,421.92,99.42,Venda
SKU_1765_PAS,09/07/2025,Varejo,1,259.9,100.62,159.28,Venda
SKU_1397_SNO,09/07/2025,Varejo,1,234.9,92.89,142.01,Venda
SKU_1642_OFF,09/07/2025,Atacado,5,1124.5,515.2,121.86,Venda
SKU_1746_EME,09/07/2025,Varejo,1,179.9,89.0,90.9,Venda
SKU_1722_AQU,09/07/2025,Varejo,1,324.9,104.26,220.64,Venda
SKU_1745_PEA,09/07/2025,Atacado,2,819.8,405.14,207.33,Venda
SKU_1794_FLA,09/07/2025,Atacado,4,839.6,470.16,92.36,Venda
SKU_1773_OLI,09/07/2025,Varejo,1,324.9,140.1,184.8,Venda
SKU_1791_IVO,09/07/2025,Varejo,1,264.9,82.64,182.26,Venda
SKU_1757_PIN,09/07/2025,E-commerce,1,264.9,124.84,140.06,Venda
SKU_1532_BRI,09/07/2025,Atacado,5,4899.5,2348.05,510.29,Venda
SKU_1793_WHI,09/07/2025,Atacado,6,1139.4,530.16,101.54,Venda
SKU_1706_BLA,09/07/2025,Atacado,8,1479.2,669.12,101.26,Venda
SKU_1447_OLI,09/07/2025,Varejo,1,239.9,85.82,154.08,Venda
SKU_1678_LIG,09/07/2025,Varejo,1,714.9,313.43,401.47,Venda
SKU_1791_ARM,09/07/2025,Varejo,1,264.9,107.55,157.35,Venda
SKU_1591_HON,09/07/2025,Atacado,3,2669.7,1293.06,458.88,Venda
SKU_1753_WHI,09/07/2025,Atacado,8,6319.2,3328.0,373.9,Venda
SKU_1757_PIN,09/07/2025,Varejo,1,264.9,81.08,183.82,Venda
SKU_1799_DEN,09/07/2025,Varejo,2,539.8,210.38,164.71,Venda
SKU_1779_LIG,09/07/2025,E-commerce,1,214.9,105.82,109.08,Venda
SKU_1712_MOS,09/07/2025,Varejo,1,179.9,61.72,118.18,Venda
SKU_1693_MEX,09/07/2025,Atacado,12,2458.8,1313.64,95.43,Venda
SKU_1581_COB,09/07/2025,Varejo,1,854.9,331.07,523.83,Venda
SKU_1761_SAP,09/07/2025,Atacado,4,4419.6,2208.16,552.86,Venda
SKU_1472_EME,09/07/2025,E-commerce,1,469.9,234.82,235.08,Venda
SKU_1713_SNO,09/07/2025,Varejo,1,504.9,194.61,310.29,Venda
SKU_1502_VAN,09/07/2025,Varejo,1,209.9,74.88,135.02,Venda
SKU_1794_LIG,09/07/2025,Atacado,10,2099.0,1063.9,103.51,Venda
SKU_1708_FRE,09/07/2025,Varejo,2,339.8,135.34,102.23,Venda
SKU_1673_PEA,09/07/2025,Atacado,3,1229.7,635.4,198.1,Venda
SKU_1740_FRE,09/07/2025,Atacado,4,859.6,407.84,112.94,Venda
SKU_1782_NAV,09/07/2025,Varejo,1,249.9,76.09,173.81,Venda
SKU_1736_PAS,09/07/2025,Varejo,1,324.9,132.27,192.63,Venda
SKU_1703_BLU,09/07/2025,Atacado,5,1349.5,684.15,133.07,Venda
SKU_1729_FUC,09/07/2025,Atacado,6,1049.4,552.42,82.83,Venda
SKU_1790_EGR,09/07/2025,E-commerce,1,259.9,118.6,141.3,Venda
SKU_1568_FRE,09/07/2025,E-commerce,1,234.9,84.3,150.6,Venda
SKU_1705_SER,09/07/2025,Atacado,2,819.8,387.46,216.17,Venda
SKU_1771_EME,09/07/2025,Atacado,6,1589.4,848.52,123.48,Venda
SKU_1715_JAD,09/07/2025,E-commerce,1,219.9,99.25,120.65,Venda
SKU_1681_PIS,09/07/2025,Atacado,4,939.6,410.68,132.23,Venda
SKU_1747_TEA,09/07/2025,Varejo,1,174.9,67.51,107.39,Venda
SKU_1792_AQU,09/07/2025,Varejo,1,439.9,201.88,238.02,Venda
SKU_1756_BUB,09/07/2025,Varejo,1,179.9,73.82,106.08,Venda
SKU_1759_CLE,09/07/2025,E-commerce,1,269.9,112.72,157.18,Venda
SKU_1794_FLA,09/07/2025,Atacado,3,629.7,306.87,107.61,Venda
SKU_1712_MOS,09/07/2025,Atacado,6,1079.4,490.02,98.23,Venda
SKU_1714_MID,09/07/2025,Varejo,1,304.9,124.27,180.63,Venda
SKU_1755_BIR,09/07/2025,Atacado,10,3349.0,1560.6,178.84,Venda
SKU_1714_DEE,09/07/2025,E-commerce,1,304.9,103.15,201.75,Venda
SKU_1801_FLA,09/07/2025,Atacado,6,2249.4,1010.58,206.47,Venda
SKU_1703_PAS,09/07/2025,E-commerce,1,269.9,87.73,182.17,Venda
SKU_1470_MAR,09/07/2025,E-commerce,1,919.9,429.46,490.44,Venda
SKU_1698_PRI,09/07/2025,Atacado,10,4199.0,2062.8,213.62,Venda
SKU_1775_PAL,09/07/2025,Atacado,3,839.7,382.08,152.54,Venda
SKU_1701_SPA,09/07/2025,E-commerce,1,339.9,134.54,205.36,Venda
SKU_1749_SNO,09/07/2025,Atacado,4,1399.6,741.48,164.53,Venda
SKU_1767_FUC,09/07/2025,Atacado,4,819.6,400.6,104.75,Venda
SKU_1754_IVO,09/07/2025,E-commerce,1,339.9,119.19,220.71,Venda
SKU_1730_OFF,09/07/2025,E-commerce,2,639.8,208.0,215.9,Venda
SKU_1795_HUN,09/07/2025,Varejo,1,299.9,137.91,161.99,Venda
SKU_1692_OLI,09/07/2025,Atacado,6,1319.4,681.3,106.35,Venda
SKU_1460_FUC,09/07/2025,E-commerce,1,174.9,78.18,96.72,Venda
SKU_1712_NAV,09/07/2025,Varejo,1,179.9,89.27,90.63,Venda
SKU_1713_SNO,09/07/2025,Varejo,1,504.9,225.8,279.1,Venda
SKU_1663_FLA,09/07/2025,Atacado,6,4769.4,2184.54,430.81,Venda
SKU_1788_EME,09/07/2025,Atacado,6,1499.4,859.92,106.58,Venda
SKU_1790_EGR,09/07/2025,Varejo,1,259.9,91.77,168.13,Venda
SKU_1513_RAS,09/07/2025,E-commerce,1,214.9,70.69,144.21,Venda
SKU_1720_PAS,09/07/2025,Varejo,1,224.9,88.94,135.96,Venda
SKU_1755_BIR,09/07/2025,Atacado,3,1004.7,464.64,180.02,Venda
SKU_1744_EME,09/07/2025,Atacado,4,1059.6,546.12,128.37,Venda
SKU_1468_MYS,09/07/2025,Varejo,1,529.9,260.53,269.37,Venda
SKU_1798_OFF,09/07/2025,Atacado,5,2099.5,1061.75,207.55,Venda
SKU_1760_PAS,09/07/2025,Varejo,1,249.9,95.69,154.21,Venda
SKU_1536_MOS,09/07/2025,Atacado,8,2759.2,1560.32,149.86,Venda
SKU_1782_NAV,09/07/2025,E-commerce,1,249.9,110.2,139.7,Venda
SKU_1692_BLU,09/07/2025,Varejo,1,219.9,98.63,121.27,Venda
SKU_1772_SNO,09/07/2025,Varejo,2,829.8,326.34,251.73,Venda
SKU_1749_BIR,09/07/2025,E-commerce,1,349.9,152.78,197.12,Venda
SKU_1542_DEE,09/07/2025,Atacado,6,2819.4,1405.08,235.72,Venda
SKU_1700_PIS,09/07/2025,Atacado,3,2099.7,1096.17,334.51,Venda
SKU_1740_FRE,09/07/2025,Varejo,1,214.9,65.03,149.87,Venda
SKU_1718_SEA,09/07/2025,Atacado,10,3699.0,1929.4,176.96,Venda
SKU_1787_BAB,09/07/2025,E-commerce,1,289.9,117.14,172.76,Venda
SKU_1745_FOR,09/07/2025,Varejo,1,409.9,162.42,247.48,Venda
SKU_1771_EME,09/07/2025,Atacado,6,1589.4,737.28,142.02,Venda
SKU_1695_LIM,09/07/2025,Varejo,2,419.8,130.06,144.87,Venda
SKU_1792_MIN,09/07/2025,Atacado,8,3519.2,1788.0,216.4,Venda
SKU_1778_MIN,09/07/2025,Atacado,2,569.8,295.06,137.37,Venda
SKU_1650_OLI,09/07/2025,E-commerce,1,1004.9,422.52,582.38,Venda
SKU_1744_EME,09/07/2025,E-commerce,1,264.9,114.67,150.23,Venda
SKU_1691_HUN,09/07/2025,Atacado,10,3099.0,1391.0,170.8,Venda
SKU_1751_BLU,09/07/2025,Atacado,2,659.8,359.84,149.98,Venda
SKU_1773_OLI,09/07/2025,E-commerce,2,649.8,284.98,182.41,Venda
SKU_1689_IVO,09/07/2025,Atacado,6,5789.4,3237.42,425.33,Venda
SKU_1685_COB,09/07/2025,Atacado,3,1994.7,854.07,380.21,Venda
SKU_1687_FOR,09/07/2025,Atacado,5,4499.5,2176.2,464.66,Venda
SKU_1730_OFF,09/07/2025,Atacado,2,639.8,339.22,150.29,Venda
SKU_1783_BAB,09/07/2025,Varejo,1,1199.9,587.06,612.84,Venda
SKU_1758_HON,09/07/2025,Atacado,4,719.6,359.32,90.07,Venda
SKU_1698_SNO,09/07/2025,Atacado,6,2519.4,1307.1,202.05,Venda
SKU_1710_MEX,09/07/2025,Atacado,6,4859.4,2301.18,426.37,Venda
SKU_1769_WHI,09/07/2025,E-commerce,1,324.9,117.4,207.5,Venda
SKU_1641_MEX,09/07/2025,Varejo,1,324.9,135.19,189.71,Venda
SKU_1718_DUS,09/07/2025,Atacado,4,1479.6,722.52,189.27,Venda
SKU_1796_OLI,09/07/2025,Varejo,1,504.9,188.95,315.95,Venda
SKU_1575_AQU,09/07/2025,Varejo,2,1729.8,849.74,440.03,Venda
SKU_1731_MIN,09/07/2025,Varejo,1,909.9,357.65,552.25,Venda
SKU_1730_OFF,09/07/2025,E-commerce,1,319.9,134.58,185.32,Venda
SKU_1721_FRE,09/07/2025,Atacado,5,2099.5,943.65,231.17,Venda
SKU_1404_SAP,09/07/2025,Atacado,5,5099.5,2495.65,520.77,Venda
SKU_1775_PAS,09/07/2025,Varejo,1,279.9,133.43,146.47,Venda
SKU_1792_MIN,09/07/2025,Varejo,1,439.9,164.29,275.61,Venda
SKU_1756_BUB,09/07/2025,Varejo,1,179.9,60.91,118.99,Venda
SKU_1647_ARM,09/07/2025,E-commerce,1,339.9,148.4,191.5,Venda
SKU_1726_BUB,09/07/2025,Atacado,6,2579.4,1175.88,233.92,Venda
SKU_1456_DEN,09/07/2025,Atacado,4,1259.6,616.68,160.73,Venda
SKU_1743_DEE,09/07/2025,E-commerce,1,439.9,169.27,270.63,Venda
SKU_1760_PAS,09/07/2025,Varejo,1,249.9,92.04,157.86,Venda
SKU_1691_HUN,09/07/2025,Atacado,10,3099.0,1416.4,168.26,Venda
SKU_1676_NAV,09/07/2025,Varejo,2,339.8,127.84,105.98,Venda
SKU_1680_NAV,09/07/2025,Atacado,8,2679.2,1412.48,158.34,Venda
SKU_1744_EME,09/07/2025,Varejo,2,529.8,173.92,177.94,Venda
SKU_1767_FUC,09/07/2025,Varejo,1,204.9,69.43,135.47,Venda
SKU_1742_DEN,09/07/2025,Varejo,1,259.9,84.01,175.89,Venda
SKU_1540_MAG,09/07/2025,Atacado,8,1359.2,628.24,91.37,Venda
SKU_1501_SAL,09/07/2025,Atacado,3,509.7,280.83,76.29,Venda
SKU_1682_OLI,09/07/2025,Atacado,4,939.6,445.8,123.45,Venda
SKU_1460_OLI,09/07/2025,Varejo,1,174.9,79.69,95.21,Venda
SKU_1707_ARM,09/07/2025,Varejo,1,279.9,93.02,186.88,Venda
SKU_1725_BAB,09/07/2025,Varejo,1,244.9,84.39,160.51,Venda
SKU_1786_POW,09/07/2025,Atacado,6,1079.4,582.18,82.87,Venda
SKU_1699_CLO,09/07/2025,Atacado,5,1649.5,778.15,174.27,Venda
SKU_1788_MYS,09/07/2025,E-commerce,1,249.9,109.29,140.61,Venda
SKU_1717_CRE,09/07/2025,Varejo,1,259.9,94.32,165.58,Venda
SKU_1433_OLI,09/07/2025,E-commerce,1,314.9,116.87,198.03,Venda
SKU_1718_SEA,09/07/2025,Varejo,1,369.9,184.44,185.46,Venda
SKU_1469_ARM,09/07/2025,Varejo,1,294.9,132.2,162.7,Venda
SKU_1409_PEA,09/07/2025,Varejo,1,209.9,88.99,120.91,Venda
SKU_1761_SAP,09/07/2025,Varejo,1,1104.9,378.03,726.87,Venda
SKU_1489_IVO,09/07/2025,Varejo,1,369.9,134.77,235.13,Venda
SKU_1506_PAL,09/07/2025,Atacado,3,689.7,332.16,119.18,Venda
SKU_1782_HUN,09/07/2025,Varejo,1,249.9,80.76,169.14,Venda
SKU_1692_BLU,09/07/2025,Varejo,1,219.9,67.53,152.37,Venda
SKU_1395_TUR,09/07/2025,E-commerce,1,289.9,111.72,178.18,Venda
SKU_1456_EME,09/07/2025,Atacado,10,3149.0,1651.5,149.75,Venda
SKU_1682_OLI,09/07/2025,Atacado,5,1174.5,589.05,117.09,Venda
SKU_1752_SNO,09/07/2025,Atacado,8,3439.2,1566.08,234.14,Venda
SKU_1698_SNO,09/07/2025,Varejo,1,419.9,184.5,235.4,Venda
SKU_1801_FLA,09/07/2025,Atacado,3,1124.7,536.34,196.12,Venda
SKU_1755_BIR,09/07/2025,Varejo,1,334.9,144.53,190.37,Venda
SKU_1704_PEA,09/07/2025,Varejo,1,334.9,140.93,193.97,Venda
SKU_1790_ROY,09/07/2025,Atacado,12,3118.8,1501.44,134.78,Venda
SKU_1680_SEA,09/07/2025,Atacado,5,1674.5,788.45,177.21,Venda
SKU_1784_EGR,09/07/2025,Atacado,4,1239.6,640.12,149.87,Venda
SKU_1766_MYS,09/07/2025,E-commerce,1,394.9,127.8,267.1,Venda
SKU_1747_FUC,09/07/2025,Atacado,6,1049.4,563.88,80.92,Venda
SKU_1740_OLI,09/07/2025,Varejo,1,214.9,105.27,109.63,Venda
SKU_1708_FRE,09/07/2025,Atacado,5,849.5,374.35,95.03,Venda
SKU_1800_MOS,09/07/2025,Atacado,2,559.8,267.8,146.0,Venda
SKU_1731_ARM,09/07/2025,Atacado,5,4549.5,2452.75,419.35,Venda
SKU_1721_COR,09/07/2025,Atacado,5,2099.5,1109.0,198.1,Venda
SKU_1787_BAB,09/07/2025,E-commerce,2,579.8,248.76,165.52,Venda
SKU_1535_MOS,09/07/2025,Varejo,1,304.9,126.23,178.67,Venda
SKU_1736_PAS,09/07/2025,Atacado,8,2599.2,1163.2,179.5,Venda
SKU_1728_MID,09/07/2025,Atacado,5,1649.5,848.05,160.29,Venda
SKU_1750_MIN,09/07/2025,Atacado,6,2219.4,1016.88,200.42,Venda
SKU_1785_PAS,09/07/2025,Atacado,8,1959.2,904.16,131.88,Venda
SKU_1766_CLE,09/07/2025,Varejo,1,394.9,159.31,235.59,Venda
SKU_1746_EME,09/07/2025,E-commerce,1,179.9,74.26,105.64,Venda
SKU_1720_PAL,09/07/2025,Varejo,1,224.9,69.42,155.48,Venda
SKU_1713_SNO,09/07/2025,Varejo,1,504.9,187.32,317.58,Venda
SKU_1430_JAD,09/07/2025,E-commerce,1,179.9,54.67,125.23,Venda
SKU_1801_FLA,09/07/2025,Atacado,2,749.8,328.18,210.81,Venda
SKU_1545_HOT,09/07/2025,Varejo,2,519.8,212.18,153.81,Venda
SKU_1565_LIG,09/07/2025,E-commerce,1,359.9,158.23,201.67,Venda
SKU_1707_ARM,09/07/2025,Atacado,2,559.8,285.86,136.97,Venda
SKU_1745_FOR,09/07/2025,Varejo,2,819.8,381.26,219.27,Venda
SKU_1716_SAL,09/07/2025,Atacado,3,494.7,262.08,77.54,Venda
SKU_1515_SEA,09/07/2025,Varejo,1,194.9,93.65,101.25,Venda
SKU_1673_FUC,09/07/2025,Atacado,4,1639.6,789.84,212.44,Venda
SKU_1738_BLU,09/07/2025,Varejo,3,584.7,287.31,99.13,Venda
SKU_1706_JAD,09/07/2025,Varejo,1,184.9,81.92,102.98,Venda
SKU_1771_PIN,09/07/2025,Varejo,1,264.9,107.39,157.51,Venda
SKU_1469_ARM,09/07/2025,Atacado,5,1474.5,710.45,152.81,Venda
SKU_1766_MYS,09/07/2025,Varejo,1,394.9,149.52,245.38,Venda
SKU_1433_OLI,09/07/2025,Varejo,2,629.8,295.3,167.25,Venda
SKU_1699_COB,09/07/2025,Varejo,1,329.9,142.26,187.64,Venda
SKU_1707_SAP,09/07/2025,Atacado,6,1679.4,742.26,156.19,Venda
SKU_1712_NAV,09/07/2025,Atacado,10,1799.0,947.8,85.12,Venda
SKU_1725_OFF,09/07/2025,Varejo,1,244.9,92.08,152.82,Venda
SKU_1764_FUC,09/07/2025,E-commerce,1,234.9,78.04,156.86,Venda
SKU_1660_NAV,09/07/2025,E-commerce,1,314.9,153.45,161.45,Venda
SKU_1626_BAB,09/07/2025,Atacado,6,3239.4,1635.66,267.29,Venda
SKU_1572_MAR,09/07/2025,Varejo,1,139.9,67.86,72.04,Venda
SKU_1693_MEX,09/07/2025,Atacado,3,614.7,305.34,103.12,Venda
SKU_1585_BLA,09/07/2025,Varejo,1,319.9,152.05,167.85,Venda
SKU_1588_CRE,09/07/2025,Atacado,2,979.8,491.96,243.92,Venda
SKU_1467_OLI,09/07/2025,Varejo,3,614.7,253.2,120.5,Venda
SKU_1717_CRE,09/07/2025,Atacado,2,519.8,269.26,125.27,Venda
SKU_1703_BLU,09/07/2025,Varejo,1,269.9,110.99,158.91,Venda
SKU_1742_EME,09/07/2025,Atacado,3,779.7,368.64,137.02,Venda
SKU_1745_PEA,09/07/2025,Varejo,1,409.9,136.74,273.16,Venda
SKU_1777_FRE,09/07/2025,Atacado,8,1919.2,889.36,128.73,Venda
SKU_1743_CLO,09/07/2025,Atacado,6,2639.4,1128.24,251.86,Venda
SKU_1692_BLU,09/07/2025,Varejo,3,659.7,217.59,147.37,Venda
SKU_1775_PAS,09/07/2025,Atacado,5,1399.5,732.45,133.41,Venda
SKU_1696_SER,09/07/2025,Atacado,12,3358.8,1438.2,160.05,Venda
SKU_1773_FRE,09/07/2025,Atacado,3,974.7,512.4,154.1,Venda
SKU_1776_PAS,09/07/2025,Atacado,12,3958.8,2224.44,144.53,Venda
SKU_1583_BLU,09/07/2025,Varejo,1,254.9,101.0,153.9,Venda
SKU_1774_COB,09/07/2025,Varejo,1,204.9,64.02,140.88,Venda
SKU_1722_AQU,09/07/2025,E-commerce,1,324.9,113.5,211.4,Venda
SKU_1752_SNO,09/07/2025,Varejo,1,429.9,180.83,249.07,Venda
SKU_1765_PAS,09/07/2025,Varejo,1,259.9,118.22,141.68,Venda
SKU_1488_PEA,09/07/2025,E-commerce,1,339.9,103.34,236.56,Venda
SKU_1501_OLI,09/07/2025,Varejo,1,169.9,52.83,117.07,Venda
SKU_1540_MAG,09/07/2025,Atacado,6,1019.4,501.24,86.36,Venda
SKU_1773_FRE,09/07/2025,Varejo,3,974.7,486.09,162.87,Venda
SKU_1766_MYS,09/07/2025,Varejo,1,394.9,127.39,267.51,Venda
SKU_1773_FRE,09/07/2025,Atacado,4,1299.6,735.48,141.03,Venda
SKU_1769_WHI,09/07/2025,Varejo,4,1299.6,595.92,175.92,Venda
SKU_1439_CER,09/07/2025,Varejo,4,739.6,348.28,97.83,Venda
SKU_1552_CLE,09/07/2025,Atacado,6,3959.4,2084.46,312.49,Venda
SKU_1745_PEA,09/07/2025,Varejo,3,1229.7,531.09,232.87,Venda
SKU_1603_PEA,09/07/2025,Atacado,4,2979.6,1610.96,342.16,Venda
SKU_1695_LIM,09/07/2025,Atacado,4,839.6,394.92,111.17,Venda
SKU_1778_TEA,09/07/2025,Atacado,5,1424.5,663.9,152.12,Venda
SKU_1457_SNO,09/07/2025,E-commerce,1,159.9,71.74,88.16,Venda
SKU_1692_BLU,09/07/2025,Atacado,2,439.8,235.34,102.23,Venda
SKU_1743_DEE,09/07/2025,Varejo,1,439.9,203.18,236.72,Venda
SKU_1799_DEN,09/07/2025,Varejo,3,809.7,335.1,158.2,Venda
SKU_1389_BAB,09/07/2025,E-commerce,1,139.9,49.73,90.17,Venda
SKU_1692_BLU,09/07/2025,E-commerce,1,219.9,69.45,150.45,Venda
SKU_1695_LIM,09/07/2025,Varejo,1,209.9,100.98,108.92,Venda
SKU_1786_POW,09/07/2025,Atacado,6,1079.4,550.38,88.17,Venda
SKU_1530_PEA,09/07/2025,Atacado,10,1299.0,738.1,56.09,Venda
SKU_1628_PEA,09/07/2025,Atacado,4,2199.6,996.44,300.79,Venda
SKU_1739_AQU,09/07/2025,Atacado,5,1274.5,610.35,132.83,Venda
SKU_1681_PIS,09/07/2025,E-commerce,1,234.9,85.93,148.97,Venda
SKU_1733_SAG,09/07/2025,Atacado,10,3499.0,1688.6,181.04,Venda
SKU_1793_WHI,09/07/2025,E-commerce,1,189.9,91.46,98.44,Venda
SKU_1413_JAD,09/07/2025,Atacado,6,1109.4,512.82,99.43,Venda
SKU_1798_OFF,09/07/2025,Varejo,2,839.8,400.08,219.86,Venda
SKU_1710_MEX,09/07/2025,Varejo,1,809.9,401.1,408.8,Venda
SKU_1528_PAS,09/07/2025,Atacado,2,429.8,199.44,115.18,Venda
SKU_1661_CER,09/07/2025,Varejo,2,1979.8,637.12,671.34,Venda
SKU_1606_COB,09/07/2025,Varejo,1,1084.9,394.08,690.82,Venda
SKU_1510_ROS,09/07/2025,E-commerce,1,834.9,404.48,430.42,Venda
SKU_1708_FRE,09/07/2025,Atacado,6,1019.4,573.12,74.38,Venda
SKU_1714_MID,09/07/2025,E-commerce,2,609.8,270.48,169.66,Venda
SKU_1680_SEA,09/07/2025,E-commerce,1,334.9,143.04,191.86,Venda
SKU_1765_PAS,09/07/2025,E-commerce,1,259.9,121.88,138.02,Venda
SKU_1449_NAV,09/07/2025,E-commerce,1,324.9,106.49,218.41,Venda
SKU_1761_SAP,09/07/2025,Atacado,5,5524.5,2339.8,636.94,Venda
SKU_1681_OFF,09/07/2025,E-commerce,1,234.9,116.54,118.36,Venda
SKU_1752_SNO,09/07/2025,Atacado,8,3439.2,1666.16,221.63,Venda
SKU_1690_MYS,09/07/2025,Atacado,2,1079.8,458.76,310.52,Venda
SKU_1785_PAS,09/07/2025,Varejo,1,244.9,102.87,142.03,Venda
SKU_1746_EME,09/07/2025,Atacado,4,719.6,359.32,90.07,Venda
SKU_1705_SER,09/07/2025,E-commerce,1,409.9,169.68,240.22,Venda
SKU_1652_TEA,09/07/2025,Varejo,3,659.7,295.17,121.51,Venda
SKU_1536_MOS,09/07/2025,Atacado,3,1034.7,515.55,173.05,Venda
SKU_1698_SNO,09/07/2025,Varejo,2,839.8,308.62,265.59,Venda
SKU_1473_BLU,09/07/2025,Atacado,3,539.7,247.74,97.32,Venda
SKU_1727_LIG,09/07/2025,Atacado,8,1239.2,634.96,75.53,Venda
SKU_1789_EME,09/07/2025,Varejo,2,539.8,182.92,178.44,Venda
SKU_1553_HOT,09/07/2025,Varejo,1,254.9,88.56,166.34,Venda
SKU_1654_NAV,09/07/2025,E-commerce,1,309.9,123.32,186.58,Venda
SKU_1470_MAR,09/07/2025,Varejo,1,919.9,419.64,500.26,Venda
SKU_1655_TEA,09/07/2025,Atacado,4,2579.6,1090.08,372.38,Venda
SKU_1796_OLI,09/07/2025,Varejo,1,504.9,177.83,327.07,Venda
SKU_1725_BAB,09/07/2025,Atacado,10,2449.0,1161.1,128.79,Venda
SKU_1770_DEE,09/07/2025,E-commerce,1,219.9,82.77,137.13,Venda
SKU_1719_OFF,09/07/2025,Atacado,6,1919.4,991.38,154.67,Venda
SKU_1713_SAL,09/07/2025,Atacado,6,3029.4,1429.44,266.66,Venda
SKU_1593_FUC,09/07/2025,Atacado,4,579.6,268.44,77.79,Venda
SKU_1424_BAB,09/07/2025,Atacado,4,3979.6,2015.2,491.1,Venda
SKU_1743_CLO,09/07/2025,Varejo,2,879.8,345.44,267.18,Venda
SKU_1751_BLU,09/07/2025,Atacado,4,1319.6,624.44,173.79,Venda
SKU_1722_AQU,09/07/2025,Atacado,10,3249.0,1850.0,139.9,Venda
SKU_1664_MIN,09/07/2025,Atacado,3,989.7,494.13,165.19,Venda
SKU_1759_CLE,09/07/2025,Atacado,8,2159.2,1163.2,124.5,Venda
SKU_1764_FUC,09/07/2025,Atacado,10,2349.0,1233.8,111.52,Venda
SKU_1710_MEX,09/07/2025,Atacado,5,4049.5,2024.9,404.92,Venda
SKU_1697_PIS,09/07/2025,Varejo,2,439.8,158.0,140.9,Venda
SKU_1698_PRI,09/07/2025,Varejo,2,839.8,406.02,216.89,Venda
SKU_1789_SNO,09/07/2025,E-commerce,1,269.9,130.78,139.12,Venda
SKU_1735_MOS,09/07/2025,E-commerce,1,269.9,129.41,140.49,Venda
SKU_1707_SAP,09/07/2025,Atacado,8,2239.2,1137.6,137.7,Venda
SKU_1575_AQU,09/07/2025,Atacado,3,2594.7,1236.48,452.74,Venda
SKU_1715_HON,09/07/2025,Atacado,4,879.6,447.56,108.01,Venda
SKU_1726_PAS,09/07/2025,Atacado,8,3439.2,1668.32,221.36,Venda
SKU_1780_LIG,09/07/2025,Atacado,10,3349.0,1592.3,175.67,Venda
SKU_1797_GAR,09/07/2025,Varejo,1,379.9,139.14,240.76,Venda
SKU_1776_PAS,09/07/2025,Atacado,4,1319.6,632.96,171.66,Venda
SKU_1691_HUN,09/07/2025,Atacado,2,619.8,296.4,161.7,Venda
SKU_1782_HUN,09/07/2025,Varejo,1,249.9,83.33,166.57,Venda
SKU_1525_MYS,09/07/2025,Varejo,1,289.9,90.59,199.31,Venda
SKU_1782_NAV,09/07/2025,Atacado,5,1249.5,615.7,126.76,Venda
SKU_1800_SKY,09/07/2025,Varejo,2,559.8,252.18,153.81,Venda
SKU_1705_JAD,09/07/2025,Atacado,3,1229.7,710.31,173.13,Venda
SKU_1771_PIN,09/07/2025,Varejo,1,264.9,130.78,134.12,Venda
SKU_1550_PAL,09/07/2025,Atacado,10,1649.0,793.5,85.55,Venda
SKU_1749_SNO,09/07/2025,Atacado,2,699.8,307.0,196.4,Venda
SKU_1780_AQU,09/07/2025,Atacado,4,1339.6,787.8,137.95,Venda
SKU_1704_BAB,09/07/2025,Varejo,3,1004.7,406.98,199.24,Venda
SKU_1704_PEA,09/07/2025,Atacado,5,1674.5,1024.05,130.09,Venda
SKU_1797_GAR,09/07/2025,Atacado,6,2279.4,1051.26,204.69,Venda
SKU_1771_PIN,09/07/2025,Atacado,6,1589.4,841.62,124.63,Venda
SKU_1784_BLA,09/07/2025,E-commerce,1,309.9,141.2,168.7,Venda
SKU_1723_COB,09/07/2025,Varejo,1,434.9,165.32,269.58,Venda
SKU_1406_SHO,09/07/2025,Atacado,3,1049.7,498.84,183.62,Venda
SKU_1528_PAS,09/07/2025,Atacado,8,1719.2,729.92,123.66,Venda
SKU_1720_PAL,09/07/2025,E-commerce,1,224.9,91.48,133.42,Venda
SKU_1601_EME,09/07/2025,Varejo,3,2204.7,1055.19,383.17,Venda
SKU_1681_PIS,09/07/2025,Varejo,1,234.9,87.83,147.07,Venda
SKU_1719_WHI,09/07/2025,Varejo,1,319.9,125.92,193.98,Venda
SKU_1738_ROY,09/07/2025,Atacado,8,1559.2,887.44,83.97,Venda
SKU_1547_FUC,09/07/2025,Atacado,10,3299.0,1560.9,173.81,Venda
SKU_1753_PAL,09/07/2025,E-commerce,3,2369.7,1143.18,408.84,Venda
SKU_1396_FUC,09/07/2025,Varejo,1,134.9,49.2,85.7,Venda
SKU_1551_DUS,09/07/2025,Atacado,2,439.8,221.52,109.14,Venda
SKU_1744_EME,09/07/2025,Varejo,1,264.9,108.36,156.54,Venda
SKU_1801_MOS,09/07/2025,Varejo,1,374.9,187.24,187.66,Venda
SKU_1774_COB,09/07/2025,Varejo,1,204.9,61.89,143.01,Venda
SKU_1722_PAS,09/07/2025,Varejo,1,324.9,133.24,191.66,Venda
SKU_1791_IVO,09/07/2025,E-commerce,1,264.9,92.24,172.66,Venda
SKU_1715_JAD,09/07/2025,Varejo,1,219.9,106.06,113.84,Venda
SKU_1602_PAS,09/07/2025,Varejo,1,229.9,95.72,134.18,Venda
SKU_1688_WHI,09/07/2025,Atacado,6,2579.4,1108.68,245.12,Venda
SKU_1742_EME,09/07/2025,Atacado,6,1559.4,740.52,136.48,Venda
SKU_1703_BLU,09/07/2025,Varejo,1,269.9,110.66,159.24,Venda
SKU_1745_FOR,09/07/2025,Atacado,6,2459.4,1192.32,211.18,Venda
SKU_1731_ARM,09/07/2025,Varejo,2,1819.8,642.18,588.81,Venda
SKU_1792_AQU,09/07/2025,Atacado,3,1319.7,594.99,241.57,Venda
SKU_1775_PAS,09/07/2025,Atacado,10,2799.0,1314.5,148.45,Venda
SKU_1752_SNO,09/07/2025,Atacado,6,2579.4,1106.7,245.45,Venda
SKU_1801_FLA,10/07/2025,Atacado,8,2999.2,1382.08,202.14,Venda
SKU_1700_HUN,10/07/2025,Atacado,5,3499.5,1612.15,377.47,Venda
SKU_1787_BAB,10/07/2025,Atacado,8,2319.2,1297.92,127.66,Venda
SKU_1733_NAV,10/07/2025,Atacado,3,1049.7,503.79,181.97,Venda
SKU_1786_POW,10/07/2025,Atacado,10,1799.0,1018.4,78.06,Venda
SKU_1683_PAL,10/07/2025,Varejo,1,314.9,105.44,209.46,Venda
SKU_1760_OFF,10/07/2025,Atacado,6,1499.4,826.74,112.11,Venda
SKU_1740_FRE,10/07/2025,Atacado,3,644.7,338.22,102.16,Venda
SKU_1765_PAS,10/07/2025,Varejo,2,519.8,232.48,143.66,Venda
SKU_1681_OFF,10/07/2025,Varejo,1,234.9,114.81,120.09,Venda
SKU_1768_MIN,10/07/2025,E-commerce,1,624.9,301.45,323.45,Venda
SKU_1541_POW,10/07/2025,Varejo,1,674.9,296.89,378.01,Venda
SKU_1787_BAB,10/07/2025,Atacado,6,1739.4,823.5,152.65,Venda
SKU_1801_FLA,10/07/2025,Atacado,10,3749.0,1961.7,178.73,Venda
SKU_1583_WHI,10/07/2025,Varejo,1,254.9,119.98,134.92,Venda
SKU_1735_COR,10/07/2025,Varejo,1,269.9,115.45,154.45,Venda
SKU_1768_PEA,10/07/2025,Atacado,3,1874.7,887.7,329.0,Venda
SKU_1492_SKY,10/07/2025,Atacado,5,1874.5,1029.6,168.98,Venda
SKU_1491_CER,10/07/2025,Atacado,4,539.6,295.12,61.12,Venda
SKU_1736_PAS,10/07/2025,Varejo,2,649.8,262.5,193.65,Venda
SKU_1703_BLU,10/07/2025,Atacado,6,1619.4,764.4,142.5,Venda
SKU_1487_CLE,10/07/2025,Varejo,1,334.9,131.94,202.96,Venda
SKU_1785_HUN,10/07/2025,E-commerce,1,244.9,80.91,163.99,Venda
SKU_1624_ARM,10/07/2025,Varejo,1,209.9,82.4,127.5,Venda
SKU_1705_JAD,10/07/2025,Atacado,3,1229.7,552.33,225.79,Venda
SKU_1434_ARM,10/07/2025,Varejo,1,209.9,80.87,129.03,Venda
SKU_1758_CLO,10/07/2025,Atacado,5,899.5,377.9,104.32,Venda
SKU_1560_PAL,10/07/2025,Atacado,8,1799.2,895.92,112.91,Venda
SKU_1437_AQU,10/07/2025,E-commerce,1,164.9,53.34,111.56,Venda
SKU_1578_TEA,10/07/2025,Atacado,3,374.7,182.61,64.03,Venda
SKU_1516_EME,10/07/2025,Atacado,5,1749.5,817.85,186.33,Venda
SKU_1580_WHI,10/07/2025,Varejo,2,379.8,127.04,126.38,Venda
SKU_1525_OLI,10/07/2025,E-commerce,1,289.9,88.07,201.83,Venda
SKU_1711_ARM,10/07/2025,E-commerce,2,1989.8,630.54,679.63,Venda
SKU_1747_FUC,10/07/2025,Atacado,6,1049.4,570.48,79.82,Venda
SKU_1781_CLE,10/07/2025,Varejo,1,129.9,44.85,85.05,Venda
SKU_1755_BIR,10/07/2025,Varejo,1,334.9,110.83,224.07,Venda
SKU_1706_BLA,10/07/2025,Varejo,1,184.9,66.55,118.35,Venda
SKU_1703_PAS,10/07/2025,Varejo,1,269.9,123.89,146.01,Venda
SKU_1748_COB,10/07/2025,Atacado,10,3099.0,1516.1,158.29,Venda
SKU_1716_AQU,10/07/2025,Varejo,1,164.9,53.16,111.74,Venda
SKU_1744_LIG,10/07/2025,Varejo,1,264.9,118.26,146.64,Venda
SKU_1729_FUC,10/07/2025,Atacado,6,1049.4,586.5,77.15,Venda
SKU_1707_SAP,10/07/2025,Atacado,4,1119.6,490.52,157.27,Venda
SKU_1720_PAL,10/07/2025,Atacado,5,1124.5,523.65,120.17,Venda
SKU_1762_DEN,10/07/2025,Varejo,2,509.8,221.46,144.17,Venda
SKU_1734_BRI,10/07/2025,Atacado,4,1399.6,770.16,157.36,Venda
SKU_1683_PAL,10/07/2025,Varejo,1,314.9,107.59,207.31,Venda
SKU_1696_SHO,10/07/2025,Varejo,1,279.9,92.69,187.21,Venda
SKU_1735_COR,10/07/2025,Varejo,1,269.9,96.66,173.24,Venda
SKU_1794_FLA,10/07/2025,Atacado,8,1679.2,881.92,99.66,Venda
SKU_1770_JAD,10/07/2025,E-commerce,1,219.9,84.45,135.45,Venda
SKU_1757_PIN,10/07/2025,Varejo,1,264.9,108.36,156.54,Venda
SKU_1722_PAS,10/07/2025,Atacado,4,1299.6,596.68,175.73,Venda
SKU_1746_NAV,10/07/2025,E-commerce,1,179.9,59.34,120.56,Venda
SKU_1572_BAL,10/07/2025,Varejo,1,139.9,64.5,75.4,Venda
SKU_1766_CLE,10/07/2025,Varejo,1,394.9,151.78,243.12,Venda
SKU_1773_FRE,10/07/2025,Atacado,5,1624.5,848.3,155.24,Venda
SKU_1714_DEE,10/07/2025,Varejo,1,304.9,127.88,177.02,Venda
SKU_1743_DEE,10/07/2025,Varejo,2,879.8,359.26,260.27,Venda
SKU_1790_ROY,10/07/2025,Varejo,1,259.9,108.82,151.08,Venda
SKU_1754_IVO,10/07/2025,Atacado,2,679.8,289.4,195.2,Venda
SKU_1744_EME,10/07/2025,E-commerce,1,264.9,90.22,174.68,Venda
SKU_1756_BUB,10/07/2025,Varejo,1,179.9,64.92,114.98,Venda
SKU_1780_LIG,10/07/2025,Varejo,1,334.9,136.01,198.89,Venda
SKU_1780_LIG,10/07/2025,Atacado,5,1674.5,806.1,173.68,Venda
SKU_1786_POW,10/07/2025,Atacado,12,2158.8,1025.88,94.41,Venda
SKU_1578_PAS,10/07/2025,E-commerce,1,124.9,53.22,71.68,Venda
SKU_1449_NAV,10/07/2025,Atacado,5,1624.5,830.05,158.89,Venda
SKU_1706_BLA,10/07/2025,Varejo,1,184.9,74.21,110.69,Venda
SKU_1742_DEN,10/07/2025,Atacado,4,1039.6,510.6,132.25,Venda
SKU_1748_BAB,10/07/2025,Atacado,8,2479.2,1117.04,170.27,Venda
SKU_1726_PAS,10/07/2025,Varejo,1,429.9,187.71,242.19,Venda
SKU_1739_MOS,10/07/2025,Atacado,4,1019.6,608.28,102.83,Venda
SKU_1681_PIS,10/07/2025,E-commerce,1,234.9,109.99,124.91,Venda
SKU_1682_BIR,10/07/2025,Atacado,2,469.8,204.22,132.79,Venda
SKU_1773_OLI,10/07/2025,Atacado,5,1624.5,768.75,171.15,Venda
SKU_1701_BLU,10/07/2025,Atacado,3,1019.7,458.34,187.12,Venda
SKU_1770_JAD,10/07/2025,Atacado,5,1099.5,501.85,119.53,Venda
SKU_1418_MOS,10/07/2025,Varejo,1,844.9,292.67,552.23,Venda
SKU_1712_MOS,10/07/2025,Atacado,8,1439.2,617.52,102.71,Venda
SKU_1499_HOT,10/07/2025,Varejo,1,259.9,124.35,135.55,Venda
SKU_1689_IVO,10/07/2025,Atacado,2,1929.8,1138.88,395.46,Venda
SKU_1683_PAL,10/07/2025,Atacado,6,1889.4,834.6,175.8,Venda
SKU_1713_SNO,10/07/2025,E-commerce,1,504.9,247.42,257.48,Venda
SKU_1760_OFF,10/07/2025,Varejo,1,249.9,103.4,146.5,Venda
SKU_1688_LIG,10/07/2025,Varejo,1,429.9,164.61,265.29,Venda
SKU_1747_FUC,10/07/2025,Atacado,5,874.5,422.45,90.41,Venda
SKU_1734_FRE,10/07/2025,Atacado,4,1399.6,670.96,182.16,Venda
SKU_1680_SEA,10/07/2025,Varejo,1,334.9,146.06,188.84,Venda
SKU_1763_MAR,10/07/2025,Atacado,5,1499.5,784.3,143.04,Venda
SKU_1720_PAS,10/07/2025,Varejo,1,224.9,78.0,146.9,Venda
SKU_1422_MIN,10/07/2025,Varejo,1,314.9,110.76,204.14,Venda
SKU_1456_EME,10/07/2025,Atacado,5,1574.5,663.55,182.19,Venda
SKU_1755_BIR,10/07/2025,Varejo,1,334.9,135.57,199.33,Venda
SKU_1587_LIG,10/07/2025,Varejo,1,229.9,106.07,123.83,Venda
SKU_1788_EME,10/07/2025,Varejo,1,249.9,85.62,164.28,Venda
SKU_1786_POW,10/07/2025,Atacado,2,359.8,151.74,104.03,Venda
SKU_1731_ARM,10/07/2025,Atacado,6,5459.4,2299.8,526.6,Venda
SKU_1721_FRE,10/07/2025,E-commerce,2,839.8,397.24,221.28,Venda
SKU_1543_BAB,10/07/2025,Varejo,1,734.9,358.47,376.43,Venda
SKU_1779_MIN,10/07/2025,Varejo,1,214.9,90.21,124.69,Venda
SKU_1761_SAP,10/07/2025,Atacado,8,8839.2,4948.16,486.38,Venda
SKU_1795_HUN,10/07/2025,Varejo,2,599.8,261.04,169.38,Venda
SKU_1742_DEN,10/07/2025,E-commerce,1,259.9,79.8,180.1,Venda
SKU_1408_FUC,10/07/2025,Varejo,1,919.9,421.51,498.39,Venda
SKU_1686_SKY,10/07/2025,Varejo,2,429.8,163.34,133.23,Venda
SKU_1739_MOS,10/07/2025,E-commerce,2,509.8,218.2,145.8,Venda
SKU_1715_JAD,10/07/2025,Varejo,2,439.8,161.34,139.23,Venda
SKU_1756_FLA,10/07/2025,E-commerce,1,179.9,68.7,111.2,Venda
SKU_1701_SPA,10/07/2025,Varejo,2,679.8,318.48,180.66,Venda
SKU_1704_BAB,10/07/2025,Atacado,6,2009.4,1048.62,160.13,Venda
SKU_1774_COB,10/07/2025,Varejo,2,409.8,197.04,106.38,Venda
SKU_1490_VAN,10/07/2025,Atacado,10,3149.0,1566.2,158.28,Venda
SKU_1690_MAG,10/07/2025,Varejo,1,539.9,243.34,296.56,Venda
SKU_1749_BIR,10/07/2025,E-commerce,1,349.9,117.93,231.97,Venda
SKU_1743_CLO,10/07/2025,Varejo,1,439.9,137.56,302.34,Venda
SKU_1754_SER,10/07/2025,Atacado,8,2719.2,1376.08,167.89,Venda
SKU_1790_EGR,10/07/2025,Atacado,6,1559.4,743.4,136.0,Venda
SKU_1659_MOS,10/07/2025,E-commerce,1,1024.9,340.42,684.48,Venda
SKU_1727_WHI,10/07/2025,Varejo,4,619.6,250.4,92.3,Venda
SKU_1749_BIR,10/07/2025,E-commerce,1,349.9,162.96,186.94,Venda
SKU_1626_DEN,10/07/2025,Varejo,1,539.9,192.64,347.26,Venda
SKU_1718_SEA,10/07/2025,Atacado,6,2219.4,1113.24,184.36,Venda
SKU_1754_SER,10/07/2025,Varejo,1,339.9,150.06,189.84,Venda
SKU_1471_LIG,10/07/2025,Atacado,6,1229.4,530.52,116.48,Venda
SKU_1693_MEX,10/07/2025,Atacado,3,614.7,320.55,98.05,Venda
SKU_1624_PRI,10/07/2025,Atacado,6,1259.4,538.5,120.15,Venda
SKU_1741_PEA,10/07/2025,Varejo,1,239.9,75.25,164.65,Venda
SKU_1694_PIS,10/07/2025,Atacado,8,2239.2,1338.0,112.65,Venda
SKU_1794_LIG,10/07/2025,Varejo,1,209.9,85.11,124.79,Venda
SKU_1719_OFF,10/07/2025,Varejo,2,639.8,270.26,184.77,Venda
SKU_1788_EME,10/07/2025,Atacado,3,749.7,405.33,114.79,Venda
SKU_1719_OFF,10/07/2025,Atacado,3,959.7,454.05,168.55,Venda
SKU_1665_SAG,10/07/2025,Atacado,5,1249.5,595.85,130.73,Venda
SKU_1683_PAL,10/07/2025,Varejo,1,314.9,109.69,205.21,Venda
SKU_1544_OLI,10/07/2025,Atacado,10,1999.0,935.3,106.37,Venda
SKU_1781_CLE,10/07/2025,E-commerce,1,129.9,41.02,88.88,Venda
SKU_1622_CLO,10/07/2025,Varejo,1,269.9,98.47,171.43,Venda
SKU_1751_BLU,10/07/2025,Atacado,2,659.8,281.94,188.93,Venda
SKU_1780_LIG,10/07/2025,Atacado,12,4018.8,2317.32,141.79,Venda
SKU_1797_GAR,10/07/2025,Atacado,5,1899.5,929.4,194.02,Venda
SKU_1777_FRE,10/07/2025,Varejo,1,239.9,73.8,166.1,Venda
SKU_1700_HUN,10/07/2025,Atacado,5,3499.5,1837.25,332.45,Venda
SKU_1567_POW,10/07/2025,Varejo,1,689.9,264.5,425.4,Venda
SKU_1784_EGR,10/07/2025,Atacado,4,1239.6,673.52,141.52,Venda
SKU_1716_AQU,10/07/2025,Varejo,1,164.9,73.91,90.99,Venda
SKU_1761_MOS,10/07/2025,Varejo,1,1104.9,343.74,761.16,Venda
SKU_1596_CER,10/07/2025,Varejo,1,274.9,109.22,165.68,Venda
SKU_1425_WHI,10/07/2025,Varejo,1,209.9,91.57,118.33,Venda
SKU_1744_LIG,10/07/2025,Atacado,6,1589.4,694.02,149.23,Venda
SKU_1690_MYS,10/07/2025,Varejo,3,1619.7,699.9,306.6,Venda
SKU_1713_SNO,10/07/2025,Varejo,2,1009.8,408.34,300.73,Venda
SKU_1716_SAL,10/07/2025,Atacado,2,329.8,168.9,80.45,Venda
SKU_1705_JAD,10/07/2025,Varejo,1,409.9,202.92,206.98,Venda
SKU_1734_BRI,10/07/2025,Varejo,1,349.9,128.57,221.33,Venda
SKU_1713_SNO,10/07/2025,E-commerce,1,504.9,163.2,341.7,Venda
SKU_1748_COB,10/07/2025,Varejo,1,309.9,127.72,182.18,Venda
SKU_1797_BLU,10/07/2025,E-commerce,1,379.9,173.74,206.16,Venda
SKU_1636_LIG,10/07/2025,Atacado,6,2639.4,1205.94,238.91,Venda
SKU_1523_CRE,10/07/2025,Varejo,1,374.9,130.21,244.69,Venda
SKU_1778_MIN,10/07/2025,Varejo,1,284.9,120.16,164.74,Venda
SKU_1785_PAS,10/07/2025,Varejo,2,489.8,182.3,153.75,Venda
SKU_1699_CLO,10/07/2025,Atacado,4,1319.6,632.0,171.9,Venda
SKU_1699_COB,10/07/2025,Atacado,10,3299.0,1571.5,172.75,Venda
SKU_1799_POW,10/07/2025,Atacado,2,539.8,280.08,129.86,Venda
SKU_1403_AQU,10/07/2025,Varejo,2,769.8,286.4,241.7,Venda
SKU_1736_JAD,10/07/2025,Atacado,6,1949.4,1081.92,144.58,Venda
SKU_1800_MOS,10/07/2025,Atacado,5,1399.5,640.9,151.72,Venda
SKU_1727_LIG,10/07/2025,Atacado,5,774.5,390.75,76.75,Venda
SKU_1691_ROS,10/07/2025,Varejo,1,309.9,129.21,180.69,Venda
SKU_1729_FUC,10/07/2025,E-commerce,1,174.9,54.94,119.96,Venda
SKU_1735_COR,10/07/2025,Atacado,6,1619.4,688.68,155.12,Venda
SKU_1563_WHI,10/07/2025,E-commerce,1,149.9,68.38,81.52,Venda
SKU_1748_BAB,10/07/2025,Atacado,10,3099.0,1382.2,171.68,Venda
SKU_1647_BLA,10/07/2025,E-commerce,1,339.9,126.9,213.0,Venda
SKU_1415_BAB,10/07/2025,E-commerce,1,354.9,164.9,190.0,Venda
SKU_1763_HOT,10/07/2025,Varejo,1,299.9,144.19,155.71,Venda
SKU_1780_LIG,10/07/2025,Varejo,1,334.9,165.0,169.9,Venda
SKU_1681_PIS,10/07/2025,Atacado,3,704.7,358.5,115.4,Venda
SKU_1716_AQU,10/07/2025,Varejo,1,164.9,49.63,115.27,Venda
SKU_1791_ARM,10/07/2025,Atacado,3,794.7,455.01,113.23,Venda
SKU_1483_WHI,10/07/2025,Atacado,6,1949.4,913.5,172.65,Venda
SKU_1783_EGR,10/07/2025,Atacado,4,4799.6,2296.56,625.76,Venda
SKU_1741_PIN,10/07/2025,E-commerce,1,239.9,97.53,142.37,Venda
SKU_1707_SAP,10/07/2025,Atacado,3,839.7,376.05,154.55,Venda
SKU_1690_MAG,10/07/2025,Atacado,4,2159.6,1026.52,283.27,Venda
SKU_1715_JAD,10/07/2025,Atacado,2,439.8,210.98,114.41,Venda
SKU_1454_BRI,10/07/2025,Varejo,1,149.9,63.77,86.13,Venda
SKU_1747_FUC,10/07/2025,Varejo,1,174.9,75.21,99.69,Venda
SKU_1726_BUB,10/07/2025,Varejo,1,429.9,152.64,277.26,Venda
SKU_1700_PIS,10/07/2025,Atacado,12,8398.8,3884.04,376.23,Venda
SKU_1716_AQU,10/07/2025,Atacado,8,1319.2,559.04,95.02,Venda
SKU_1696_SER,10/07/2025,Atacado,3,839.7,399.6,146.7,Venda
SKU_1794_FLA,10/07/2025,Varejo,2,419.8,154.62,132.59,Venda
SKU_1749_BIR,10/07/2025,Varejo,1,349.9,115.15,234.75,Venda
SKU_1523_CRE,10/07/2025,Varejo,1,374.9,168.28,206.62,Venda
SKU_1797_BLU,10/07/2025,Varejo,3,1139.7,359.46,260.08,Venda
SKU_1737_DEE,10/07/2025,Atacado,2,1539.8,651.24,444.28,Venda
SKU_1779_LIG,10/07/2025,Atacado,2,429.8,235.72,97.04,Venda
SKU_1607_MAR,10/07/2025,Varejo,2,599.8,187.3,206.25,Venda
SKU_1683_PAL,10/07/2025,Atacado,4,1259.6,616.56,160.76,Venda
SKU_1798_OFF,10/07/2025,Varejo,2,839.8,261.88,288.96,Venda
SKU_1744_LIG,10/07/2025,Varejo,1,264.9,110.19,154.71,Venda
SKU_1684_SHO,10/07/2025,Atacado,4,739.6,395.52,86.02,Venda
SKU_1741_PEA,10/07/2025,Atacado,3,719.7,347.1,124.2,Venda
SKU_1504_NAV,10/07/2025,E-commerce,1,339.9,156.28,183.62,Venda
SKU_1732_OFF,10/07/2025,Atacado,6,6689.4,3314.7,562.45,Venda
SKU_1795_RAS,10/07/2025,Atacado,3,899.7,450.78,149.64,Venda
SKU_1800_SKY,10/07/2025,Atacado,5,1399.5,664.8,146.94,Venda
SKU_1704_PEA,10/07/2025,Atacado,6,2009.4,1132.14,146.21,Venda
SKU_1743_CLO,10/07/2025,E-commerce,1,439.9,203.81,236.09,Venda
SKU_1413_JAD,10/07/2025,Atacado,5,924.5,429.9,98.92,Venda
SKU_1744_EME,10/07/2025,Varejo,2,529.8,184.16,172.82,Venda
SKU_1710_MEX,10/07/2025,Atacado,3,2429.7,1228.68,400.34,Venda
SKU_1662_PIS,10/07/2025,Varejo,2,399.8,139.8,130.0,Venda
SKU_1723_MOS,10/07/2025,Atacado,10,4349.0,1941.3,240.77,Venda
SKU_1724_PEA,10/07/2025,Varejo,3,3344.7,1530.36,604.78,Venda
SKU_1799_DEN,10/07/2025,Varejo,3,809.7,340.83,156.29,Venda
SKU_1440_BLU,10/07/2025,Atacado,4,4799.6,2368.4,607.8,Venda
SKU_1440_BLU,10/07/2025,Atacado,3,3599.7,1738.53,620.39,Venda
SKU_1789_EME,10/07/2025,Varejo,2,539.8,248.14,145.83,Venda
SKU_1692_BLU,10/07/2025,E-commerce,1,219.9,75.25,144.65,Venda
SKU_1454_BRI,10/07/2025,E-commerce,1,149.9,60.3,89.6,Venda
SKU_1635_SAG,10/07/2025,Atacado,5,3024.5,1347.0,335.5,Venda
SKU_1763_HOT,10/07/2025,Atacado,4,1199.6,530.16,167.36,Venda
SKU_1694_PIS,10/07/2025,Atacado,6,1679.4,799.98,146.57,Venda
SKU_1764_FUC,10/07/2025,Varejo,1,234.9,98.33,136.57,Venda
SKU_1681_OFF,10/07/2025,Varejo,1,234.9,97.55,137.35,Venda
SKU_1396_FUC,10/07/2025,E-commerce,1,134.9,45.91,88.99,Venda
SKU_1790_EGR,10/07/2025,Atacado,4,1039.6,496.6,135.75,Venda
SKU_1741_PEA,10/07/2025,Atacado,5,1199.5,685.5,102.8,Venda
SKU_1764_FUC,10/07/2025,Atacado,8,1879.2,1054.56,103.08,Venda
SKU_1795_HUN,10/07/2025,Atacado,3,899.7,435.75,154.65,Venda
SKU_1703_BLU,10/07/2025,Varejo,1,269.9,123.38,146.52,Venda
SKU_1700_PIS,10/07/2025,E-commerce,1,699.9,216.61,483.29,Venda
SKU_1735_MOS,10/07/2025,Varejo,2,539.8,200.54,169.63,Venda
SKU_1747_FUC,10/07/2025,Atacado,2,349.8,183.0,83.4,Venda
SKU_1750_MIN,10/07/2025,Atacado,8,2959.2,1558.48,175.09,Venda
SKU_1750_MIN,10/07/2025,Atacado,6,2219.4,1260.12,159.88,Venda
SKU_1391_SEA,10/07/2025,Varejo,4,1139.6,506.68,158.23,Venda
SKU_1690_MAG,10/07/2025,Varejo,1,539.9,187.97,351.93,Venda
SKU_1723_COB,10/07/2025,Varejo,1,434.9,172.26,262.64,Venda
SKU_1778_MIN,10/07/2025,Atacado,6,1709.4,817.14,148.71,Venda
SKU_1401_GAR,10/07/2025,Varejo,1,239.9,116.73,123.17,Venda
SKU_1652_MOS,10/07/2025,Atacado,4,879.6,480.52,99.77,Venda
SKU_1719_OFF,10/07/2025,Varejo,1,319.9,111.53,208.37,Venda
SKU_1784_EGR,10/07/2025,Atacado,4,1239.6,562.88,169.18,Venda
SKU_1456_EME,10/07/2025,Atacado,3,944.7,468.09,158.87,Venda
SKU_1783_BAB,10/07/2025,Varejo,1,1199.9,412.54,787.36,Venda
SKU_1796_SHO,10/07/2025,Varejo,1,504.9,199.9,305.0,Venda
SKU_1701_SPA,10/07/2025,Atacado,6,2039.4,976.74,177.11,Venda
SKU_1723_MOS,10/07/2025,E-commerce,1,434.9,185.64,249.26,Venda
SKU_1786_TEA,10/07/2025,Atacado,10,1799.0,852.4,94.66,Venda
SKU_1765_MYS,10/07/2025,Atacado,6,1559.4,739.44,136.66,Venda
SKU_1796_OLI,10/07/2025,Atacado,3,1514.7,793.32,240.46,Venda
SKU_1713_SNO,10/07/2025,Varejo,1,504.9,153.8,351.1,Venda
SKU_1715_HON,10/07/2025,Varejo,1,219.9,72.16,147.74,Venda
SKU_1755_AQU,10/07/2025,Atacado,2,669.8,362.86,153.47,Venda
SKU_1721_FRE,10/07/2025,Varejo,2,839.8,265.68,287.06,Venda
SKU_1757_TUR,10/07/2025,Varejo,1,264.9,115.17,149.73,Venda
SKU_1715_HON,10/07/2025,E-commerce,1,219.9,81.75,138.15,Venda
SKU_1592_SAG,10/07/2025,Varejo,1,209.9,68.8,141.1,Venda
SKU_1700_HUN,10/07/2025,Varejo,2,1399.8,508.52,445.64,Venda
SKU_1781_CLE,10/07/2025,Atacado,3,389.7,210.99,59.57,Venda
SKU_1773_FRE,10/07/2025,Atacado,6,1949.4,985.02,160.73,Venda
SKU_1753_WHI,10/07/2025,E-commerce,1,789.9,385.32,404.58,Venda
SKU_1758_HON,10/07/2025,Varejo,1,179.9,70.72,109.18,Venda
SKU_1694_PIS,10/07/2025,Varejo,1,279.9,107.52,172.38,Venda
SKU_1783_BAB,10/07/2025,Atacado,3,3599.7,1842.09,585.87,Venda
SKU_1765_PAS,10/07/2025,Atacado,4,1039.6,542.6,124.25,Venda
SKU_1727_LIG,10/07/2025,Varejo,1,154.9,65.14,89.76,Venda
SKU_1779_LIG,10/07/2025,Varejo,2,429.8,148.12,140.84,Venda
SKU_1706_BLA,10/07/2025,Varejo,1,184.9,58.1,126.8,Venda
SKU_1729_CLE,10/07/2025,Varejo,2,349.8,107.94,120.93,Venda
SKU_1492_BIR,10/07/2025,Varejo,1,374.9,152.87,222.03,Venda
SKU_1767_PRI,10/07/2025,Atacado,6,1229.4,644.88,97.42,Venda
SKU_1705_JAD,10/07/2025,Atacado,4,1639.6,735.36,226.06,Venda
SKU_1714_DEE,10/07/2025,Atacado,3,914.7,403.2,170.5,Venda
SKU_1693_FLA,10/07/2025,Atacado,3,614.7,294.66,106.68,Venda
SKU_1446_GAR,10/07/2025,Atacado,6,1619.4,902.22,119.53,Venda
SKU_1780_LIG,10/07/2025,Atacado,3,1004.7,578.31,142.13,Venda
SKU_1524_DEN,10/07/2025,Varejo,3,1109.7,507.33,200.79,Venda
SKU_1688_WHI,10/07/2025,Atacado,5,2149.5,1115.85,206.73,Venda
SKU_1724_PIN,10/07/2025,Varejo,4,4459.6,2149.56,577.51,Venda
SKU_1744_LIG,10/07/2025,Atacado,2,529.8,242.94,143.43,Venda
SKU_1748_BAB,10/07/2025,Varejo,1,309.9,100.83,209.07,Venda
SKU_1702_LIG,10/07/2025,Atacado,2,1239.8,685.2,277.3,Venda
SKU_1777_FRE,10/07/2025,E-commerce,1,239.9,84.97,154.93,Venda
SKU_1794_LIG,10/07/2025,E-commerce,1,209.9,71.6,138.3,Venda
SKU_1462_OFF,10/07/2025,Varejo,2,729.8,223.04,253.38,Venda
SKU_1796_SHO,10/07/2025,Atacado,4,2019.6,1011.92,251.92,Venda
SKU_1798_MOS,10/07/2025,Varejo,1,419.9,197.21,222.69,Venda
SKU_1540_BAL,10/07/2025,Varejo,1,169.9,57.79,112.11,Venda
SKU_1633_DEN,10/07/2025,Varejo,1,234.9,101.03,133.87,Venda
SKU_1749_SNO,10/07/2025,Atacado,2,699.8,304.08,197.86,Venda
SKU_1787_BAB,10/07/2025,Varejo,1,289.9,129.64,160.26,Venda
SKU_1745_FOR,10/07/2025,Atacado,5,2049.5,1095.45,190.81,Venda
SKU_1782_NAV,10/07/2025,Atacado,4,999.6,480.8,129.7,Venda
SKU_1778_MIN,10/07/2025,Atacado,5,1424.5,670.45,150.81,Venda
SKU_1639_WHI,10/07/2025,E-commerce,2,379.8,139.28,120.26,Venda
SKU_1681_OFF,10/07/2025,Atacado,6,1409.4,686.04,120.56,Venda
SKU_1711_VAN,10/07/2025,Atacado,6,5969.4,2985.24,497.36,Venda
SKU_1795_RAS,10/07/2025,Atacado,6,1799.4,988.32,135.18,Venda
SKU_1402_WHI,10/07/2025,Atacado,6,1409.4,717.9,115.25,Venda
SKU_1391_LIG,10/07/2025,E-commerce,1,284.9,113.17,171.73,Venda
SKU_1390_SAP,10/07/2025,Varejo,2,459.8,223.3,118.25,Venda
SKU_1596_CER,10/07/2025,Atacado,6,1649.4,775.8,145.6,Venda
SKU_1788_MYS,10/07/2025,Atacado,2,499.8,264.06,117.87,Venda
SKU_1714_MID,10/07/2025,Varejo,1,304.9,118.12,186.78,Venda
SKU_1729_CLE,10/07/2025,Atacado,4,699.6,379.4,80.05,Venda
SKU_1736_PAS,10/07/2025,Atacado,5,1624.5,937.35,137.43,Venda
SKU_1746_NAV,10/07/2025,Atacado,4,719.6,370.68,87.23,Venda
SKU_1694_SER,10/07/2025,Atacado,4,1119.6,484.0,158.9,Venda
SKU_1729_FUC,10/07/2025,Atacado,6,1049.4,560.04,81.56,Venda
SKU_1750_MIN,10/07/2025,Varejo,1,369.9,153.86,216.04,Venda
SKU_1743_DEE,10/07/2025,Varejo,1,439.9,185.27,254.63,Venda
SKU_1513_PAS,10/07/2025,Atacado,5,1074.5,540.85,106.73,Venda
SKU_1479_FUC,10/07/2025,Varejo,3,1664.7,768.18,298.84,Venda
SKU_1785_HUN,10/07/2025,Varejo,2,489.8,216.72,136.54,Venda
SKU_1791_IVO,10/07/2025,Atacado,4,1059.6,493.36,141.56,Venda
SKU_1767_FUC,10/07/2025,Varejo,1,204.9,82.05,122.85,Venda
SKU_1791_IVO,10/07/2025,Atacado,12,3178.8,1500.6,139.85,Venda
SKU_1788_EME,10/07/2025,Atacado,5,1249.5,653.5,119.2,Venda
SKU_1763_HOT,10/07/2025,E-commerce,2,599.8,275.52,162.14,Venda
SKU_1669_TEA,10/07/2025,E-commerce,2,399.8,187.34,106.23,Venda
SKU_1700_HUN,10/07/2025,Varejo,1,699.9,336.49,363.41,Venda
SKU_1779_MIN,10/07/2025,E-commerce,1,214.9,80.78,134.12,Venda
SKU_1745_PEA,10/07/2025,Varejo,1,409.9,171.57,238.33,Venda
SKU_1462_MID,10/07/2025,Atacado,4,1459.6,775.8,170.95,Venda
SKU_1525_MYS,10/07/2025,Varejo,1,289.9,136.16,153.74,Venda
SKU_1659_SNO,10/07/2025,Varejo,1,1024.9,316.77,708.13,Venda
SKU_1660_NAV,10/07/2025,Varejo,2,629.8,210.96,209.42,Venda
SKU_1747_TEA,10/07/2025,Varejo,3,524.7,217.86,102.28,Venda
SKU_1624_ARM,10/07/2025,Atacado,5,1049.5,501.95,109.51,Venda
SKU_1782_HUN,10/07/2025,Varejo,1,249.9,114.15,135.75,Venda
SKU_1734_FRE,10/07/2025,Varejo,1,349.9,112.28,237.62,Venda
SKU_1784_BLA,10/07/2025,Varejo,2,619.8,231.04,194.38,Venda
SKU_1742_EME,10/07/2025,E-commerce,1,259.9,88.97,170.93,Venda
SKU_1752_SPA,10/07/2025,Varejo,4,1719.6,605.16,278.61,Venda
SKU_1437_AQU,10/07/2025,Atacado,5,824.5,366.8,91.54,Venda
SKU_1774_COB,10/07/2025,Varejo,1,204.9,83.68,121.22,Venda
SKU_1695_LIM,10/07/2025,Varejo,1,209.9,89.35,120.55,Venda
SKU_1696_SER,10/07/2025,Atacado,8,2239.2,1170.8,133.55,Venda
SKU_1684_SHO,10/07/2025,E-commerce,1,184.9,58.76,126.14,Venda
SKU_1793_MIN,10/07/2025,Atacado,5,949.5,418.7,106.16,Venda
SKU_1751_BLU,10/07/2025,Varejo,2,659.8,258.34,200.73,Venda
SKU_1492_SKY,10/07/2025,Varejo,1,374.9,126.67,248.23,Venda
SKU_1691_ROS,10/07/2025,Varejo,2,619.8,202.68,208.56,Venda
SKU_1687_FOR,10/07/2025,Varejo,1,899.9,368.3,531.6,Venda
SKU_1697_MIN,10/07/2025,Atacado,3,659.7,317.85,113.95,Venda
SKU_1801_MOS,10/07/2025,Atacado,5,1874.5,847.25,205.45,Venda
SKU_1706_BLA,10/07/2025,E-commerce,1,184.9,60.36,124.54,Venda
SKU_1711_ARM,10/07/2025,Varejo,1,994.9,306.25,688.65,Venda
SKU_1720_PAS,10/07/2025,Atacado,5,1124.5,563.25,112.25,Venda
SKU_1780_LIG,10/07/2025,Atacado,2,669.8,335.5,167.15,Venda
SKU_1761_SAP,10/07/2025,Atacado,10,11049.0,5269.8,577.92,Venda
SKU_1683_PAL,10/07/2025,Varejo,3,944.7,404.28,180.14,Venda
SKU_1485_CER,10/07/2025,Varejo,1,664.9,311.47,353.43,Venda
SKU_1682_OLI,10/07/2025,E-commerce,2,469.8,143.18,163.31,Venda
SKU_1717_CRE,10/07/2025,Atacado,8,2079.2,1019.76,132.43,Venda
SKU_1776_BIR,10/07/2025,Atacado,5,1649.5,931.65,143.57,Venda
SKU_1745_PEA,10/07/2025,Atacado,12,4918.8,2322.84,216.33,Venda
SKU_1696_SER,10/07/2025,Atacado,4,1119.6,529.08,147.63,Venda
SKU_1702_LIG,10/07/2025,Varejo,1,619.9,297.82,322.08,Venda
SKU_1690_MAG,10/07/2025,Atacado,5,2699.5,1258.8,288.14,Venda
SKU_1392_LIM,10/07/2025,Varejo,1,294.9,143.78,151.12,Venda
SKU_1496_PEA,10/07/2025,Atacado,3,3404.7,1707.54,565.72,Venda
SKU_1761_SAP,10/07/2025,Varejo,1,1104.9,337.29,767.61,Venda
SKU_1721_COR,10/07/2025,E-commerce,2,839.8,272.1,283.85,Venda
SKU_1798_OFF,10/07/2025,Varejo,1,419.9,137.4,282.5,Venda
SKU_1770_JAD,10/07/2025,Varejo,1,219.9,89.81,130.09,Venda
SKU_1425_LIG,10/07/2025,Atacado,8,1679.2,799.92,109.91,Venda
SKU_1739_MOS,10/07/2025,Varejo,3,764.7,337.05,142.55,Venda
SKU_1777_TUR,10/07/2025,Atacado,3,719.7,308.07,137.21,Venda
SKU_1780_AQU,10/07/2025,Atacado,5,1674.5,780.65,178.77,Venda
SKU_1781_AQU,10/07/2025,Varejo,2,259.8,109.28,75.26,Venda
SKU_1786_POW,10/07/2025,Atacado,3,539.7,241.29,99.47,Venda
SKU_1633_DEN,10/07/2025,Varejo,1,234.9,81.29,153.61,Venda
SKU_1774_MOS,10/07/2025,E-commerce,1,204.9,62.57,142.33,Venda
SKU_1714_DEE,10/07/2025,Varejo,1,304.9,140.38,164.52,Venda
SKU_1757_PIN,10/07/2025,Atacado,12,3178.8,1505.88,139.41,Venda
SKU_1771_EME,10/07/2025,Varejo,1,264.9,130.63,134.27,Venda
SKU_1695_CRE,10/07/2025,E-commerce,1,209.9,101.11,108.79,Venda
SKU_1797_GAR,10/07/2025,Atacado,5,1899.5,803.3,219.24,Venda
SKU_1692_BLU,10/07/2025,Atacado,5,1099.5,552.3,109.44,Venda
SKU_1744_LIG,10/07/2025,E-commerce,1,264.9,99.55,165.35,Venda
SKU_1786_TEA,10/07/2025,Atacado,6,1079.4,615.36,77.34,Venda
SKU_1753_PAL,10/07/2025,Atacado,2,1579.8,756.26,411.77,Venda
SKU_1800_SKY,10/07/2025,Atacado,3,839.7,396.66,147.68,Venda
SKU_1464_BIR,10/07/2025,Varejo,2,459.8,176.0,141.9,Venda
SKU_1725_OFF,10/07/2025,Varejo,1,244.9,109.09,135.81,Venda
SKU_1610_PRI,10/07/2025,Atacado,2,369.8,179.9,94.95,Venda
SKU_1685_BIR,10/07/2025,Varejo,1,664.9,207.57,457.33,Venda
SKU_1611_MID,10/07/2025,Atacado,6,1319.4,608.58,118.47,Venda
SKU_1419_WHI,10/07/2025,E-commerce,1,249.9,114.25,135.65,Venda
SKU_1780_AQU,10/07/2025,Varejo,2,669.8,224.1,222.85,Venda
SKU_1496_PEA,10/07/2025,Varejo,1,1134.9,422.79,712.11,Venda
SKU_1724_PEA,10/07/2025,Atacado,4,4459.6,2055.36,601.06,Venda
SKU_1491_CER,10/07/2025,Atacado,3,404.7,195.12,69.86,Venda
SKU_1577_HUN,10/07/2025,Atacado,8,1279.2,619.04,82.52,Venda
SKU_1750_SNO,10/07/2025,Atacado,10,3699.0,1933.2,176.58,Venda
SKU_1768_MIN,10/07/2025,Atacado,8,4999.2,2403.12,324.51,Venda
SKU_1793_WHI,10/07/2025,E-commerce,1,189.9,74.78,115.12,Venda
SKU_1739_AQU,10/07/2025,E-commerce,1,254.9,118.58,136.32,Venda
SKU_1738_ROY,10/07/2025,Varejo,1,194.9,85.16,109.74,Venda
SKU_1765_MYS,10/07/2025,Atacado,4,1039.6,526.84,128.19,Venda
SKU_1450_MAG,10/07/2025,E-commerce,1,409.9,184.92,224.98,Venda
SKU_1693_FLA,10/07/2025,Atacado,5,1024.5,504.25,104.05,Venda
SKU_1737_DEE,10/07/2025,Atacado,8,6159.2,3162.24,374.62,Venda
SKU_1713_SNO,10/07/2025,Atacado,6,3029.4,1494.3,255.85,Venda
SKU_1776_BIR,10/07/2025,Varejo,1,329.9,106.27,223.63,Venda
SKU_1726_PAS,10/07/2025,Varejo,2,859.8,372.58,243.61,Venda
SKU_1433_SAP,10/07/2025,Varejo,1,314.9,95.93,218.97,Venda
SKU_1779_MIN,10/07/2025,E-commerce,1,214.9,90.41,124.49,Venda
SKU_1538_MAG,10/07/2025,Varejo,1,209.9,64.42,145.48,Venda
SKU_1760_PAS,10/07/2025,Atacado,8,1999.2,956.88,130.29,Venda
SKU_1753_PAL,10/07/2025,Atacado,4,3159.6,1372.72,446.72,Venda
SKU_1445_TEA,10/07/2025,Varejo,2,819.8,268.42,275.69,Venda
SKU_1682_OLI,10/07/2025,Atacado,5,1174.5,572.95,120.31,Venda
SKU_1487_BRI,10/07/2025,E-commerce,1,334.9,105.76,229.14,Venda
SKU_1709_CRE,10/07/2025,Varejo,1,209.9,85.37,124.53,Venda
SKU_1754_IVO,10/07/2025,Atacado,5,1699.5,891.5,161.6,Venda
SKU_1713_SNO,10/07/2025,Varejo,2,1009.8,330.66,339.57,Venda
SKU_1469_ARM,10/07/2025,E-commerce,1,294.9,136.24,158.66,Venda
SKU_1403_AQU,10/07/2025,E-commerce,1,384.9,186.63,198.27,Venda
SKU_1752_SPA,10/07/2025,Atacado,6,2579.4,1210.92,228.08,Venda
SKU_1785_PAS,10/07/2025,Varejo,1,244.9,102.59,142.31,Venda
SKU_1718_DUS,10/07/2025,Atacado,3,1109.7,525.75,194.65,Venda
SKU_1515_SEA,10/07/2025,Varejo,1,194.9,60.38,134.52,Venda
SKU_1754_IVO,10/07/2025,Varejo,1,339.9,153.93,185.97,Venda
SKU_1721_COR,10/07/2025,Atacado,4,1679.6,887.76,197.96,Venda
SKU_1780_LIG,10/07/2025,Atacado,2,669.8,315.12,177.34,Venda
SKU_1735_COR,10/07/2025,Varejo,2,539.8,168.56,185.62,Venda
SKU_1552_CLE,10/07/2025,Atacado,8,5279.2,2795.6,310.45,Venda
SKU_1618_SAP,10/07/2025,Atacado,3,539.7,269.37,90.11,Venda
SKU_1754_SER,10/07/2025,Varejo,1,339.9,117.0,222.9,Venda
SKU_1496_PAS,10/07/2025,Atacado,6,6809.4,3067.68,623.62,Venda
SKU_1775_PAL,10/07/2025,Atacado,10,2799.0,1331.3,146.77,Venda
SKU_1711_ARM,10/07/2025,Atacado,10,9949.0,4981.1,496.79,Venda
SKU_1630_LIM,10/07/2025,Varejo,1,334.9,129.49,205.41,Venda
SKU_1757_TUR,10/07/2025,Varejo,1,264.9,85.08,179.82,Venda
SKU_1770_JAD,10/07/2025,Varejo,2,439.8,149.16,145.32,Venda
SKU_1553_HOT,10/07/2025,Atacado,3,764.7,388.59,125.37,Venda
SKU_1715_JAD,10/07/2025,Varejo,1,219.9,73.43,146.47,Venda
SKU_1695_LIM,10/07/2025,Varejo,2,419.8,145.74,137.03,Venda
SKU_1732_OFF,10/07/2025,Atacado,8,8919.2,4207.04,589.02,Venda
SKU_1619_PAS,10/07/2025,Atacado,2,399.8,188.68,105.56,Venda
SKU_1431_TEA,10/07/2025,Atacado,6,2219.4,991.08,204.72,Venda
SKU_1707_SAP,10/07/2025,Varejo,1,279.9,110.46,169.44,Venda
SKU_1732_WHI,10/07/2025,Atacado,4,4459.6,1921.0,634.65,Venda
SKU_1791_IVO,10/07/2025,Varejo,2,529.8,199.82,164.99,Venda
SKU_1711_VAN,10/07/2025,Varejo,1,994.9,360.26,634.64,Venda
SKU_1489_TEA,10/07/2025,E-commerce,1,369.9,143.29,226.61,Venda
SKU_1736_PAS,10/07/2025,E-commerce,2,649.8,253.0,198.4,Venda
SKU_1474_DEN,10/07/2025,Varejo,2,2119.8,997.42,561.19,Venda
SKU_1707_SAP,10/07/2025,Varejo,1,279.9,134.19,145.71,Venda
SKU_1558_CLE,10/07/2025,E-commerce,1,329.9,133.62,196.28,Venda
SKU_1516_CRE,10/07/2025,Atacado,4,1399.6,712.16,171.86,Venda
SKU_1694_PIS,10/07/2025,Atacado,4,1119.6,548.24,142.84,Venda
SKU_1792_MIN,10/07/2025,Atacado,6,2639.4,1188.0,241.9,Venda
SKU_1683_SHO,10/07/2025,Varejo,2,629.8,260.54,184.63,Venda
SKU_1607_GAR,10/07/2025,Varejo,2,599.8,295.58,152.11,Venda
SKU_1755_AQU,10/07/2025,Varejo,4,1339.6,584.48,188.78,Venda
SKU_1734_BRI,10/07/2025,Atacado,5,1749.5,879.5,174.0,Venda
SKU_1695_LIM,10/07/2025,Varejo,1,209.9,74.94,134.96,Venda
SKU_1735_COR,10/07/2025,Atacado,4,1079.6,587.2,123.1,Venda
SKU_1697_MIN,10/07/2025,Atacado,2,439.8,197.56,121.12,Venda
SKU_1784_EGR,10/07/2025,Atacado,5,1549.5,761.9,157.52,Venda
SKU_1403_AQU,10/07/2025,Varejo,1,384.9,138.7,246.2,Venda
SKU_1719_WHI,10/07/2025,Varejo,1,319.9,122.35,197.55,Venda
SKU_1739_AQU,10/07/2025,Atacado,5,1274.5,608.85,133.13,Venda
SKU_1704_BAB,10/07/2025,Atacado,5,1674.5,747.6,185.38,Venda
SKU_1566_PEA,10/07/2025,Atacado,5,5174.5,2935.6,447.78,Venda
SKU_1775_PAS,10/07/2025,Varejo,1,279.9,112.21,167.69,Venda
SKU_1721_FRE,10/07/2025,Varejo,2,839.8,368.54,235.63,Venda
SKU_1735_MOS,10/07/2025,Varejo,3,809.7,403.74,135.32,Venda
SKU_1767_FUC,10/07/2025,Atacado,6,1229.4,532.56,116.14,Venda
SKU_1667_LIG,10/07/2025,Varejo,1,209.9,84.77,125.13,Venda
SKU_1737_SAG,10/07/2025,Varejo,1,769.9,369.51,400.39,Venda
SKU_1780_AQU,10/07/2025,Varejo,1,334.9,152.93,181.97,Venda
SKU_1747_TEA,10/07/2025,Varejo,1,174.9,75.13,99.77,Venda
SKU_1726_PAS,10/07/2025,Varejo,1,429.9,160.1,269.8,Venda
SKU_1760_OFF,10/07/2025,Varejo,1,249.9,117.24,132.66,Venda
SKU_1784_EGR,10/07/2025,E-commerce,1,309.9,142.26,167.64,Venda
SKU_1712_NAV,10/07/2025,Varejo,2,359.8,144.68,107.56,Venda
SKU_1766_CLE,10/07/2025,Atacado,2,789.8,372.0,208.9,Venda
SKU_1725_OFF,10/07/2025,Varejo,2,489.8,156.78,166.51,Venda
SKU_1686_SKY,10/07/2025,E-commerce,3,644.7,211.95,144.25,Venda
SKU_1565_LIG,10/07/2025,Varejo,1,359.9,169.65,190.25,Venda
SKU_1790_EGR,10/07/2025,E-commerce,1,259.9,85.98,173.92,Venda
SKU_1777_FRE,10/07/2025,Atacado,8,1919.2,1064.32,106.86,Venda
SKU_1417_SNO,10/07/2025,Varejo,2,559.8,203.42,178.19,Venda
SKU_1722_PAS,10/07/2025,Varejo,1,324.9,145.98,178.92,Venda
SKU_1752_SPA,10/07/2025,Varejo,1,429.9,195.65,234.25,Venda
SKU_1529_MIN,10/07/2025,Atacado,8,1959.2,988.64,121.32,Venda
SKU_1721_FRE,10/07/2025,Atacado,6,2519.4,1208.76,218.44,Venda
SKU_1714_DEE,10/07/2025,Atacado,5,1524.5,705.3,163.84,Venda
SKU_1774_COB,10/07/2025,Atacado,3,614.7,290.64,108.02,Venda
SKU_1764_MAR,10/07/2025,E-commerce,1,234.9,80.28,154.62,Venda
SKU_1749_BIR,10/07/2025,Varejo,2,699.8,262.3,218.75,Venda
SKU_1691_ROS,10/07/2025,Atacado,4,1239.6,764.8,118.7,Venda
SKU_1734_BRI,10/07/2025,Atacado,8,2799.2,1263.92,191.91,Venda
SKU_1688_WHI,10/07/2025,Atacado,12,5158.8,2458.32,225.04,Venda
SKU_1688_LIG,10/07/2025,Varejo,1,429.9,181.59,248.31,Venda
SKU_1710_OLI,10/07/2025,Atacado,6,4859.4,2478.0,396.9,Venda
SKU_1718_DUS,10/07/2025,Atacado,6,2219.4,1123.14,182.71,Venda
SKU_1740_OLI,10/07/2025,Varejo,1,214.9,101.53,113.37,Venda
SKU_1556_HUN,10/07/2025,Varejo,2,409.8,171.28,119.26,Venda
SKU_1757_TUR,10/07/2025,Atacado,8,2119.2,1042.4,134.6,Venda
SKU_1801_MOS,10/07/2025,Varejo,1,374.9,170.47,204.43,Venda
SKU_1754_IVO,10/07/2025,Atacado,5,1699.5,804.85,178.93,Venda
SKU_1740_OLI,10/07/2025,Atacado,3,644.7,298.41,115.43,Venda
SKU_1763_MAR,10/07/2025,Atacado,6,1799.4,1015.74,130.61,Venda
SKU_1767_PRI,10/07/2025,Varejo,1,204.9,68.75,136.15,Venda
SKU_1751_BLU,10/07/2025,Atacado,5,1649.5,801.5,169.6,Venda
SKU_1754_SER,10/07/2025,Atacado,5,1699.5,840.6,171.78,Venda
SKU_1430_JAD,10/07/2025,Varejo,2,359.8,116.0,121.9,Venda
SKU_1726_BUB,10/07/2025,E-commerce,1,429.9,189.38,240.52,Venda
SKU_1729_CLE,10/07/2025,Atacado,2,349.8,169.0,90.4,Venda
SKU_1784_BLA,10/07/2025,E-commerce,1,309.9,147.17,162.73,Venda
SKU_1748_BAB,10/07/2025,Varejo,1,309.9,118.26,191.64,Venda
SKU_1705_JAD,10/07/2025,Varejo,1,409.9,132.85,277.05,Venda
SKU_1779_LIG,10/07/2025,Varejo,1,214.9,70.89,144.01,Venda
SKU_1716_AQU,10/07/2025,Varejo,1,164.9,67.89,97.01,Venda
SKU_1793_WHI,10/07/2025,Atacado,5,949.5,494.65,90.97,Venda
SKU_1665_RAS,10/07/2025,Atacado,6,1499.4,824.22,112.53,Venda
SKU_1763_HOT,10/07/2025,E-commerce,1,299.9,133.93,165.97,Venda
SKU_1772_SNO,10/07/2025,Atacado,4,1659.6,811.52,212.02,Venda
SKU_1439_CER,10/07/2025,Atacado,2,369.8,178.72,95.54,Venda
SKU_1734_FRE,10/07/2025,Atacado,8,2799.2,1389.36,176.23,Venda
SKU_1801_FLA,10/07/2025,Atacado,10,3749.0,1797.4,195.16,Venda
SKU_1509_HOT,10/07/2025,Atacado,3,959.7,416.67,181.01,Venda
SKU_1781_CLE,10/07/2025,Varejo,1,129.9,62.94,66.96,Venda
SKU_1774_MOS,10/07/2025,Atacado,5,1024.5,487.9,107.32,Venda
SKU_1702_COR,10/07/2025,Varejo,1,619.9,217.59,402.31,Venda
SKU_1780_AQU,10/07/2025,Atacado,3,1004.7,524.79,159.97,Venda
SKU_1740_OLI,10/07/2025,Varejo,1,214.9,71.06,143.84,Venda
SKU_1773_FRE,10/07/2025,Atacado,4,1299.6,630.2,167.35,Venda
SKU_1697_PIS,10/07/2025,Atacado,8,1759.2,798.8,120.05,Venda
SKU_1790_ROY,10/07/2025,Varejo,2,519.8,157.24,181.28,Venda
SKU_1715_HON,10/07/2025,Varejo,1,219.9,81.1,138.8,Venda
SKU_1687_FOR,10/07/2025,Varejo,1,899.9,333.26,566.64,Venda
SKU_1714_MID,10/07/2025,Varejo,3,914.7,415.32,166.46,Venda
SKU_1744_EME,10/07/2025,E-commerce,2,529.8,227.26,151.27,Venda
SKU_1476_WHI,10/07/2025,Atacado,6,1649.4,825.0,137.4,Venda
SKU_1779_MIN,10/07/2025,Atacado,2,429.8,241.7,94.05,Venda
SKU_1688_WHI,10/07/2025,Atacado,4,1719.6,802.96,229.16,Venda
SKU_1781_CLE,10/07/2025,Varejo,1,129.9,52.99,76.91,Venda
SKU_1779_MIN,10/07/2025,Varejo,1,214.9,83.16,131.74,Venda
SKU_1660_MAG,10/07/2025,Varejo,1,314.9,128.35,186.55,Venda
SKU_1766_CLE,10/07/2025,Atacado,5,1974.5,835.75,227.75,Venda
SKU_1749_BIR,10/07/2025,E-commerce,1,349.9,107.58,242.32,Venda
SKU_1730_OFF,10/07/2025,Varejo,1,319.9,159.94,159.96,Venda
SKU_1578_TEA,10/07/2025,E-commerce,2,249.8,94.3,77.75,Venda
SKU_1720_PAL,10/07/2025,Varejo,3,674.7,251.49,141.07,Venda
SKU_1778_TEA,10/07/2025,Varejo,1,284.9,86.27,198.63,Venda
SKU_1794_FLA,10/07/2025,Varejo,4,839.6,325.92,128.42,Venda
SKU_1703_PAS,10/07/2025,Atacado,3,809.7,394.2,138.5,Venda
SKU_1713_SNO,10/07/2025,Atacado,2,1009.8,488.96,260.42,Venda
SKU_1740_FRE,10/07/2025,Varejo,2,429.8,129.52,150.14,Venda
SKU_1525_MYS,10/07/2025,Atacado,8,2319.2,1002.32,164.61,Venda
SKU_1689_MAG,10/07/2025,Varejo,3,2894.7,1233.57,553.71,Venda
SKU_1418_CLE,10/07/2025,Varejo,4,3379.6,1533.88,461.43,Venda
SKU_1686_MOS,10/07/2025,Atacado,3,644.7,334.26,103.48,Venda
SKU_1734_BRI,10/07/2025,Varejo,2,699.8,290.98,204.41,Venda
SKU_1783_BAB,10/07/2025,Varejo,1,1199.9,529.23,670.67,Venda
SKU_1705_JAD,10/07/2025,Atacado,3,1229.7,548.16,227.18,Venda
SKU_1717_MIN,10/07/2025,Atacado,6,1559.4,726.12,138.88,Venda
SKU_1484_EGR,10/07/2025,Atacado,4,1839.6,967.2,218.1,Venda
SKU_1717_CRE,10/07/2025,Varejo,1,259.9,102.42,157.48,Venda
SKU_1729_FUC,10/07/2025,Atacado,5,874.5,417.0,91.5,Venda
SKU_1750_SNO,10/07/2025,Atacado,4,1479.6,784.16,173.86,Venda
SKU_1488_IVO,10/07/2025,Varejo,1,339.9,163.62,176.28,Venda
SKU_1724_PIN,10/07/2025,Varejo,2,2229.8,1040.18,594.81,Venda
SKU_1699_COB,10/07/2025,Atacado,5,1649.5,906.25,148.65,Venda
SKU_1450_MAG,10/07/2025,Varejo,2,819.8,370.44,224.68,Venda
SKU_1711_ARM,10/07/2025,Atacado,4,3979.6,1943.88,508.93,Venda
SKU_1735_COR,10/07/2025,Atacado,5,1349.5,577.8,154.34,Venda
SKU_1724_PEA,10/07/2025,Varejo,1,1114.9,544.86,570.04,Venda
SKU_1692_BLU,10/07/2025,Varejo,1,219.9,66.91,152.99,Venda
SKU_1752_SPA,10/07/2025,Atacado,5,2149.5,919.85,245.93,Venda
SKU_1541_POW,10/07/2025,Atacado,6,4049.4,1709.1,390.05,Venda
SKU_1796_OLI,10/07/2025,Atacado,8,4039.2,2298.56,217.58,Venda
SKU_1732_WHI,10/07/2025,Varejo,2,2229.8,1055.22,587.29,Venda
SKU_1767_FUC,10/07/2025,Atacado,3,614.7,261.42,117.76,Venda
SKU_1682_OLI,10/07/2025,E-commerce,1,234.9,99.66,135.24,Venda
SKU_1527_FUC,10/07/2025,Atacado,8,7279.2,3488.08,473.89,Venda
SKU_1777_FRE,10/07/2025,Varejo,3,719.7,342.06,125.88,Venda
SKU_1725_OFF,10/07/2025,Varejo,1,244.9,119.58,125.32,Venda
SKU_1761_MOS,10/07/2025,E-commerce,2,2209.8,932.56,638.62,Venda
SKU_1485_PAS,10/07/2025,Atacado,3,1994.7,944.64,350.02,Venda
SKU_1454_BRI,10/07/2025,E-commerce,1,149.9,49.18,100.72,Venda
SKU_1714_MID,10/07/2025,Atacado,3,914.7,384.27,176.81,Venda
SKU_1777_FRE,10/07/2025,E-commerce,1,239.9,96.62,143.28,Venda
SKU_1765_PAS,10/07/2025,E-commerce,2,519.8,239.1,140.35,Venda
SKU_1705_SER,10/07/2025,Atacado,4,1639.6,870.04,192.39,Venda
SKU_1742_EME,10/07/2025,Varejo,1,259.9,80.06,179.84,Venda
SKU_1463_DUS,10/07/2025,E-commerce,1,259.9,83.84,176.06,Venda
SKU_1768_MIN,10/07/2025,Atacado,5,3124.5,1462.75,332.35,Venda
SKU_1739_MOS,10/07/2025,Varejo,2,509.8,251.44,129.18,Venda
SKU_1682_BIR,10/07/2025,Atacado,6,1409.4,693.24,119.36,Venda
SKU_1728_EGR,10/07/2025,Varejo,1,329.9,115.48,214.42,Venda
SKU_1701_SPA,10/07/2025,Atacado,4,1359.6,727.84,157.94,Venda
SKU_1425_LIG,10/07/2025,Atacado,5,1049.5,539.3,102.04,Venda
SKU_1720_PAS,10/07/2025,Atacado,8,1799.2,787.28,126.49,Venda
SKU_1642_OFF,10/07/2025,Varejo,1,224.9,96.43,128.47,Venda
SKU_1789_EME,10/07/2025,Varejo,1,269.9,88.43,181.47,Venda
SKU_1719_WHI,10/07/2025,Varejo,1,319.9,140.11,179.79,Venda
SKU_1690_MYS,10/07/2025,Atacado,8,4319.2,2106.64,276.57,Venda
SKU_1391_LIG,10/07/2025,Atacado,2,569.8,276.18,146.81,Venda
SKU_1394_EME,10/07/2025,Varejo,2,939.8,379.6,280.1,Venda
SKU_1415_BAB,10/07/2025,Atacado,8,2839.2,1498.4,167.6,Venda
SKU_1464_MOS,10/07/2025,Atacado,5,1149.5,539.7,121.96,Venda
SKU_1693_FLA,10/07/2025,Varejo,1,204.9,87.55,117.35,Venda
SKU_1722_PAS,10/07/2025,Atacado,6,1949.4,888.18,176.87,Venda
SKU_1628_POW,10/07/2025,Atacado,3,1649.7,711.87,312.61,Venda
SKU_1639_WHI,10/07/2025,Varejo,1,189.9,92.05,97.85,Venda
SKU_1524_BLU,10/07/2025,Varejo,1,369.9,112.32,257.58,Venda
SKU_1510_ROS,10/07/2025,Varejo,3,2504.7,1218.36,428.78,Venda
SKU_1573_MIN,10/07/2025,Varejo,3,3074.7,1433.82,546.96,Venda
SKU_1705_JAD,10/07/2025,Varejo,4,1639.6,747.56,223.01,Venda
SKU_1793_MIN,10/07/2025,E-commerce,3,569.7,172.68,132.34,Venda
SKU_1493_PEA,10/07/2025,Atacado,3,989.7,492.93,165.59,Venda
SKU_1796_OLI,10/07/2025,E-commerce,1,504.9,240.52,264.38,Venda
SKU_1699_CLO,10/07/2025,Atacado,10,3299.0,1587.3,171.17,Venda
SKU_1744_EME,10/07/2025,Atacado,3,794.7,403.92,130.26,Venda
SKU_1716_SAL,10/07/2025,Varejo,1,164.9,73.58,91.32,Venda
SKU_1787_BAB,10/07/2025,Varejo,1,289.9,110.52,179.38,Venda
SKU_1745_FOR,10/07/2025,Atacado,4,1639.6,708.4,232.8,Venda
SKU_1737_DEE,10/07/2025,Varejo,1,769.9,361.58,408.32,Venda
SKU_1788_MYS,10/07/2025,Atacado,4,999.6,497.32,125.57,Venda
SKU_1801_MOS,10/07/2025,Atacado,2,749.8,366.1,191.85,Venda
SKU_1790_EGR,10/07/2025,Atacado,5,1299.5,598.2,140.26,Venda
SKU_1733_NAV,10/07/2025,Atacado,2,699.8,318.68,190.56,Venda
SKU_1676_PIN,10/07/2025,Varejo,1,169.9,79.92,89.98,Venda
SKU_1722_PAS,10/07/2025,Atacado,6,1949.4,886.62,177.13,Venda
SKU_1741_PEA,10/07/2025,E-commerce,1,239.9,83.04,156.86,Venda
SKU_1788_MYS,10/07/2025,Atacado,6,1499.4,747.66,125.29,Venda
SKU_1713_SAL,10/07/2025,Atacado,3,1514.7,801.0,237.9,Venda
SKU_1779_MIN,10/07/2025,Atacado,8,1719.2,892.4,103.35,Venda
SKU_1603_PEA,10/07/2025,Atacado,8,5959.2,3191.92,345.91,Venda
SKU_1751_MIN,10/07/2025,Atacado,3,989.7,519.06,156.88,Venda
SKU_1723_MOS,10/07/2025,Varejo,1,434.9,147.7,287.2,Venda
SKU_1716_AQU,10/07/2025,Atacado,5,824.5,350.85,94.73,Venda
SKU_1749_SNO,10/07/2025,E-commerce,1,349.9,172.98,176.92,Venda
SKU_1796_SHO,10/07/2025,Atacado,4,2019.6,871.52,287.02,Venda
SKU_1615_SHO,10/07/2025,Atacado,4,1859.6,984.36,218.81,Venda
SKU_1432_BRI,10/07/2025,Atacado,5,3599.5,1722.35,375.43,Venda
SKU_1685_BIR,10/07/2025,Varejo,1,664.9,214.59,450.31,Venda
SKU_1507_FLA,10/07/2025,Atacado,3,539.7,247.08,97.54,Venda
SKU_1791_ARM,10/07/2025,Atacado,5,1324.5,628.5,139.2,Venda
SKU_1759_COB,10/07/2025,Varejo,1,269.9,134.48,135.42,Venda
SKU_1761_SAP,10/07/2025,Varejo,1,1104.9,424.33,680.57,Venda
SKU_1739_MOS,10/07/2025,Atacado,8,2039.2,903.92,141.91,Venda
SKU_1570_MEX,10/07/2025,Varejo,1,714.9,226.06,488.84,Venda
SKU_1767_FUC,10/07/2025,Atacado,5,1024.5,538.4,97.22,Venda
SKU_1446_SHO,10/07/2025,Varejo,1,269.9,120.81,149.09,Venda
SKU_1725_OFF,10/07/2025,E-commerce,1,244.9,108.68,136.22,Venda
SKU_1795_HUN,10/07/2025,Varejo,2,599.8,211.78,194.01,Venda
SKU_1794_LIG,10/07/2025,Varejo,1,209.9,100.28,109.62,Venda
SKU_1735_COR,10/07/2025,Atacado,2,539.8,254.08,142.86,Venda
SKU_1756_BUB,10/07/2025,Varejo,1,179.9,72.13,107.77,Venda
SKU_1736_JAD,10/07/2025,Varejo,1,324.9,158.57,166.33,Venda
SKU_1726_PAS,10/07/2025,Atacado,10,4299.0,2035.9,226.31,Venda
SKU_1771_PIN,10/07/2025,Varejo,1,264.9,86.92,177.98,Venda
SKU_1780_LIG,10/07/2025,Atacado,2,669.8,350.26,159.77,Venda
SKU_1801_MOS,10/07/2025,Varejo,1,374.9,175.62,199.28,Venda
SKU_1653_ROS,10/07/2025,Atacado,4,1439.6,709.48,182.53,Venda
SKU_1734_BRI,10/07/2025,Varejo,2,699.8,310.62,194.59,Venda
SKU_1742_EME,10/07/2025,Atacado,8,2079.2,1017.44,132.72,Venda
SKU_1524_BLU,10/07/2025,Atacado,3,1109.7,609.15,166.85,Venda
SKU_1759_CLE,10/07/2025,E-commerce,1,269.9,100.57,169.33,Venda
SKU_1758_HON,10/07/2025,Atacado,3,539.7,272.91,88.93,Venda
SKU_1588_PAS,10/07/2025,E-commerce,1,489.9,192.3,297.6,Venda
SKU_1576_AQU,10/07/2025,Varejo,1,244.9,73.73,171.17,Venda
SKU_1741_PEA,10/07/2025,E-commerce,1,239.9,80.0,159.9,Venda
SKU_1612_SNO,10/07/2025,Varejo,2,659.8,224.48,217.66,Venda
SKU_1706_JAD,10/07/2025,Varejo,1,184.9,76.63,108.27,Venda
SKU_1729_CLE,10/07/2025,Varejo,1,174.9,58.47,116.43,Venda
SKU_1688_LIG,10/07/2025,Varejo,1,429.9,193.79,236.11,Venda
SKU_1681_PIS,10/07/2025,Varejo,1,234.9,77.49,157.41,Venda
SKU_1728_MID,10/07/2025,Varejo,1,329.9,137.89,192.01,Venda
SKU_1421_LIG,10/07/2025,Varejo,1,229.9,94.79,135.11,Venda
SKU_1542_DEE,10/07/2025,Varejo,1,469.9,187.68,282.22,Venda
SKU_1392_BLU,10/07/2025,Atacado,5,1474.5,668.35,161.23,Venda
SKU_1771_PIN,10/07/2025,E-commerce,2,529.8,255.86,136.97,Venda
SKU_1734_FRE,10/07/2025,Atacado,6,2099.4,1063.44,172.66,Venda
SKU_1418_MOS,10/07/2025,Varejo,2,1689.8,679.4,505.2,Venda
SKU_1755_BIR,10/07/2025,Varejo,1,334.9,157.53,177.37,Venda
SKU_1715_HON,10/07/2025,Varejo,1,219.9,104.56,115.34,Venda
SKU_1693_MEX,10/07/2025,E-commerce,2,409.8,150.16,129.82,Venda
SKU_1690_MAG,10/07/2025,E-commerce,1,539.9,248.2,291.7,Venda
SKU_1799_POW,10/07/2025,Atacado,3,809.7,460.77,116.31,Venda
SKU_1764_MAR,10/07/2025,Atacado,5,1174.5,668.85,101.13,Venda
SKU_1670_SAP,10/07/2025,Atacado,12,1738.8,785.88,79.41,Venda
SKU_1736_PAS,10/07/2025,Varejo,1,324.9,105.87,219.03,Venda
SKU_1685_BIR,10/07/2025,Atacado,5,3324.5,1758.65,313.17,Venda
SKU_1750_SNO,10/07/2025,Atacado,8,2959.2,1374.16,198.13,Venda
SKU_1511_CLE,10/07/2025,Atacado,4,3739.6,1876.52,465.77,Venda
SKU_1693_MEX,10/07/2025,Atacado,6,1229.4,610.26,103.19,Venda
SKU_1758_CLO,10/07/2025,Varejo,1,179.9,58.92,120.98,Venda
SKU_1790_EGR,10/07/2025,Atacado,2,519.8,224.7,147.55,Venda
SKU_1787_BAB,10/07/2025,Varejo,1,289.9,118.85,171.05,Venda
SKU_1796_OLI,10/07/2025,Atacado,5,2524.5,1255.4,253.82,Venda
SKU_1748_BAB,10/07/2025,Varejo,1,309.9,147.23,162.67,Venda
SKU_1494_HOT,10/07/2025,Atacado,6,6509.4,2854.98,609.07,Venda
SKU_1580_MOS,10/07/2025,Atacado,3,569.7,326.28,81.14,Venda
SKU_1778_MIN,10/07/2025,Varejo,1,284.9,112.74,172.16,Venda
SKU_1683_PAL,10/07/2025,Atacado,10,3149.0,1386.6,176.24,Venda
SKU_1460_OLI,10/07/2025,Varejo,1,174.9,53.36,121.54,Venda
SKU_1496_PEA,10/07/2025,E-commerce,2,2269.8,1036.54,616.63,Venda
SKU_1737_SAG,10/07/2025,Atacado,8,6159.2,3337.84,352.67,Venda
SKU_1599_WHI,10/07/2025,Atacado,5,2349.5,994.9,270.92,Venda
SKU_1734_BRI,10/07/2025,Varejo,1,349.9,116.95,232.95,Venda
SKU_1515_SEA,10/07/2025,Atacado,8,1559.2,863.36,86.98,Venda
SKU_1780_LIG,10/07/2025,Varejo,1,334.9,119.14,215.76,Venda
SKU_1779_MIN,10/07/2025,E-commerce,1,214.9,64.52,150.38,Venda
SKU_1767_FUC,10/07/2025,Atacado,5,1024.5,442.4,116.42,Venda
SKU_1758_CLO,10/07/2025,Atacado,6,1079.4,562.14,86.21,Venda
SKU_1726_BUB,10/07/2025,Varejo,1,429.9,155.5,274.4,Venda
SKU_1710_OLI,10/07/2025,Varejo,2,1619.8,703.9,457.95,Venda
SKU_1733_NAV,10/07/2025,Atacado,2,699.8,332.48,183.66,Venda
SKU_1554_SKY,10/07/2025,Atacado,8,8279.2,3982.96,537.03,Venda
SKU_1531_SNO,10/07/2025,Varejo,2,1099.8,416.98,341.41,Venda
SKU_1685_COB,10/07/2025,Varejo,1,664.9,232.6,432.3,Venda
SKU_1621_FUC,10/07/2025,Atacado,4,939.6,421.04,129.64,Venda
SKU_1523_HOT,10/07/2025,Varejo,1,374.9,143.22,231.68,Venda
SKU_1729_FUC,10/07/2025,Varejo,1,174.9,85.24,89.66,Venda
SKU_1779_MIN,10/07/2025,Atacado,4,859.6,467.8,97.95,Venda
SKU_1777_FRE,10/07/2025,Varejo,1,239.9,108.74,131.16,Venda
SKU_1795_RAS,10/07/2025,Atacado,5,1499.5,670.3,165.84,Venda
SKU_1800_MOS,10/07/2025,Atacado,2,559.8,289.36,135.22,Venda
SKU_1729_CLE,10/07/2025,Atacado,12,2098.8,1077.84,85.08,Venda
SKU_1800_SKY,10/07/2025,Atacado,5,1399.5,609.85,157.93,Venda
SKU_1711_ARM,10/07/2025,Varejo,1,994.9,485.51,509.39,Venda
SKU_1795_RAS,10/07/2025,Varejo,1,299.9,93.82,206.08,Venda
SKU_1737_DEE,10/07/2025,E-commerce,1,769.9,377.52,392.38,Venda
SKU_1706_BLA,10/07/2025,Atacado,5,924.5,471.2,90.66,Venda
SKU_1509_HOT,10/07/2025,Varejo,1,319.9,142.96,176.94,Venda
SKU_1691_ROS,10/07/2025,Varejo,1,309.9,145.83,164.07,Venda
SKU_1762_DEN,10/07/2025,Atacado,4,1019.6,488.84,132.69,Venda
SKU_1738_BLU,10/07/2025,Atacado,4,779.6,364.88,103.68,Venda
SKU_1730_MIN,10/07/2025,E-commerce,1,319.9,157.94,161.96,Venda
SKU_1759_CLE,10/07/2025,E-commerce,2,539.8,259.54,140.13,Venda
SKU_1773_FRE,10/07/2025,Atacado,2,649.8,343.28,153.26,Venda
SKU_1397_SNO,10/07/2025,Varejo,1,234.9,111.99,122.91,Venda
SKU_1593_LIG,10/07/2025,Varejo,2,289.8,143.46,73.17,Venda
SKU_1681_OFF,10/07/2025,E-commerce,1,234.9,86.5,148.4,Venda
SKU_1708_FLA,10/07/2025,Atacado,3,509.7,267.48,80.74,Venda
SKU_1691_ROS,10/07/2025,Varejo,3,929.7,370.86,186.28,Venda
SKU_1720_PAL,10/07/2025,Atacado,8,1799.2,789.6,126.2,Venda
SKU_1732_OFF,10/07/2025,Varejo,1,1114.9,468.52,646.38,Venda
SKU_1784_EGR,10/07/2025,Atacado,4,1239.6,596.24,160.84,Venda
SKU_1623_EGR,10/07/2025,Varejo,1,914.9,382.34,532.56,Venda
SKU_1752_SPA,10/07/2025,E-commerce,1,429.9,191.19,238.71,Venda
SKU_1776_PAS,10/07/2025,Atacado,4,1319.6,699.04,155.14,Venda
SKU_1659_MOS,10/07/2025,Varejo,1,1024.9,314.17,710.73,Venda
SKU_1768_MIN,10/07/2025,Varejo,1,624.9,274.23,350.67,Venda
SKU_1787_BAB,10/07/2025,Varejo,2,579.8,282.7,148.55,Venda
SKU_1416_CLE,10/07/2025,Varejo,1,279.9,139.44,140.46,Venda
SKU_1475_VAN,10/07/2025,Varejo,1,249.9,76.84,173.06,Venda
SKU_1776_BIR,10/07/2025,Atacado,10,3299.0,1492.3,180.67,Venda
SKU_1782_NAV,10/07/2025,Atacado,3,749.7,380.04,123.22,Venda
SKU_1796_OLI,10/07/2025,Varejo,1,504.9,206.26,298.64,Venda
SKU_1657_SPA,10/07/2025,Atacado,3,644.7,304.95,113.25,Venda
SKU_1786_POW,10/07/2025,Varejo,2,359.8,147.64,106.08,Venda
SKU_1753_PAL,10/07/2025,Atacado,8,6319.2,3939.12,297.51,Venda
SKU_1697_PIS,10/07/2025,Atacado,5,1099.5,478.65,124.17,Venda
SKU_1707_ARM,10/07/2025,Varejo,1,279.9,85.27,194.63,Venda
SKU_1524_DEN,10/07/2025,Atacado,4,1479.6,735.52,186.02,Venda
SKU_1434_MIN,10/07/2025,Atacado,4,839.6,427.08,103.13,Venda
SKU_1717_MIN,10/07/2025,Varejo,1,259.9,84.24,175.66,Venda
SKU_1691_HUN,10/07/2025,Varejo,1,309.9,119.67,190.23,Venda
SKU_1763_HOT,10/07/2025,E-commerce,1,299.9,144.57,155.33,Venda
SKU_1525_MYS,10/07/2025,E-commerce,1,289.9,106.37,183.53,Venda
SKU_1768_PEA,10/07/2025,Varejo,3,1874.7,843.27,343.81,Venda
SKU_1729_FUC,10/07/2025,Varejo,2,349.8,116.48,116.66,Venda
SKU_1719_OFF,10/07/2025,Atacado,10,3199.0,1714.6,148.44,Venda
SKU_1740_OLI,10/07/2025,Varejo,2,429.8,154.32,137.74,Venda
SKU_1718_DUS,10/07/2025,Atacado,5,1849.5,1066.15,156.67,Venda
SKU_1408_PAS,10/07/2025,Varejo,1,919.9,396.05,523.85,Venda
SKU_1478_COB,10/07/2025,Atacado,5,974.5,529.7,88.96,Venda
SKU_1586_EGR,10/07/2025,Atacado,6,1829.4,804.66,170.79,Venda
SKU_1787_BAB,10/07/2025,Varejo,2,579.8,214.46,182.67,Venda
SKU_1706_BLA,10/07/2025,Atacado,4,739.6,352.6,96.75,Venda
SKU_1774_MOS,10/07/2025,Varejo,1,204.9,63.74,141.16,Venda
SKU_1771_PIN,10/07/2025,Atacado,6,1589.4,807.18,130.37,Venda
SKU_1680_NAV,10/07/2025,E-commerce,1,334.9,100.96,233.94,Venda
SKU_1797_BLU,10/07/2025,Atacado,8,3039.2,1464.88,196.79,Venda
SKU_1698_SNO,10/07/2025,Varejo,1,419.9,142.67,277.23,Venda
SKU_1785_PAS,10/07/2025,Varejo,2,489.8,173.6,158.1,Venda
SKU_1700_PIS,10/07/2025,Varejo,1,699.9,306.24,393.66,Venda
SKU_1759_COB,10/07/2025,Atacado,3,809.7,428.82,126.96,Venda
SKU_1688_WHI,10/07/2025,Atacado,10,4299.0,2011.0,228.8,Venda
SKU_1769_WHI,10/07/2025,E-commerce,1,324.9,161.13,163.77,Venda
SKU_1756_BUB,10/07/2025,Varejo,1,179.9,64.71,115.19,Venda
SKU_1739_AQU,10/07/2025,Atacado,5,1274.5,609.4,133.02,Venda
SKU_1607_MAR,10/07/2025,Atacado,6,1799.4,1012.14,131.21,Venda
SKU_1797_GAR,10/07/2025,Varejo,4,1519.6,736.04,195.89,Venda
SKU_1759_CLE,10/07/2025,Varejo,1,269.9,132.76,137.14,Venda
SKU_1754_IVO,10/07/2025,E-commerce,2,679.8,339.36,170.22,Venda
SKU_1696_SER,10/07/2025,Atacado,3,839.7,427.23,137.49,Venda
SKU_1749_BIR,10/07/2025,Atacado,2,699.8,394.84,152.48,Venda
SKU_1801_MOS,10/07/2025,Varejo,3,1124.7,503.43,207.09,Venda
SKU_1767_PRI,10/07/2025,Varejo,1,204.9,88.05,116.85,Venda
SKU_1734_FRE,10/07/2025,Varejo,2,699.8,217.2,241.3,Venda
SKU_1755_BIR,10/07/2025,E-commerce,1,334.9,135.98,198.92,Venda
SKU_1792_MIN,10/07/2025,E-commerce,1,439.9,176.7,263.2,Venda
SKU_1688_LIG,10/07/2025,Atacado,6,2579.4,1142.64,239.46,Venda
SKU_1593_LIG,10/07/2025,Atacado,10,1449.0,618.2,83.08,Venda
SKU_1497_FUC,10/07/2025,Varejo,1,134.9,44.21,90.69,Venda
SKU_1664_PIN,10/07/2025,Atacado,5,1649.5,803.4,169.22,Venda
SKU_1721_COR,10/07/2025,Atacado,6,2519.4,1281.24,206.36,Venda
SKU_1690_MAG,10/07/2025,Atacado,8,4319.2,2359.04,245.02,Venda
SKU_1477_CLE,10/07/2025,Varejo,1,224.9,109.68,115.22,Venda
SKU_1681_PIS,10/07/2025,Atacado,6,1409.4,779.58,104.97,Venda
SKU_1800_MOS,10/07/2025,Atacado,6,1679.4,850.74,138.11,Venda
SKU_1649_FLA,10/07/2025,Atacado,6,1409.4,733.5,112.65,Venda
SKU_1716_AQU,10/07/2025,E-commerce,1,164.9,64.76,100.14,Venda
SKU_1722_AQU,10/07/2025,Varejo,3,974.7,297.54,225.72,Venda
SKU_1498_OLI,10/07/2025,Varejo,1,339.9,147.11,192.79,Venda
SKU_1732_OFF,10/07/2025,Atacado,8,8919.2,4237.84,585.17,Venda
SKU_1687_FOR,10/07/2025,Atacado,5,4499.5,2345.05,430.89,Venda
SKU_1792_AQU,10/07/2025,Atacado,8,3519.2,1654.08,233.14,Venda
SKU_1721_COR,10/07/2025,Varejo,1,419.9,149.73,270.17,Venda
SKU_1443_BLU,10/07/2025,Varejo,2,539.8,247.22,146.29,Venda
SKU_1716_AQU,10/07/2025,Atacado,4,659.6,280.4,94.8,Venda
SKU_1439_CER,10/07/2025,Varejo,1,184.9,58.79,126.11,Venda
SKU_1754_SER,10/07/2025,Atacado,8,2719.2,1448.0,158.9,Venda
SKU_1561_LIM,10/07/2025,Atacado,2,699.8,337.02,181.39,Venda
SKU_1755_AQU,10/07/2025,Varejo,1,334.9,125.42,209.48,Venda
SKU_1771_PIN,10/07/2025,Varejo,2,529.8,196.98,166.41,Venda
SKU_1620_BLU,10/07/2025,E-commerce,1,264.9,108.67,156.23,Venda
SKU_1528_DEN,10/07/2025,E-commerce,3,644.7,275.31,123.13,Venda
SKU_1689_IVO,10/07/2025,Atacado,6,5789.4,2503.2,547.7,Venda
SKU_1800_SKY,10/07/2025,Atacado,6,1679.4,842.28,139.52,Venda
SKU_1781_CLE,10/07/2025,E-commerce,1,129.9,53.53,76.37,Venda
SKU_1754_IVO,10/07/2025,Varejo,1,339.9,164.75,175.15,Venda
SKU_1800_SKY,10/07/2025,E-commerce,1,279.9,117.04,162.86,Venda
SKU_1793_WHI,10/07/2025,E-commerce,1,189.9,71.94,117.96,Venda
SKU_1764_MAR,10/07/2025,Atacado,6,1409.4,766.92,107.08,Venda
SKU_1403_AQU,10/07/2025,Varejo,1,384.9,170.79,214.11,Venda
SKU_1775_PAL,10/07/2025,Varejo,2,559.8,191.46,184.17,Venda
SKU_1796_OLI,10/07/2025,Atacado,6,3029.4,1558.62,245.13,Venda
SKU_1523_CRE,10/07/2025,Atacado,3,1124.7,700.71,141.33,Venda
SKU_1692_BLU,10/07/2025,Varejo,1,219.9,102.77,117.13,Venda
SKU_1554_SKY,10/07/2025,E-commerce,1,1034.9,500.79,534.11,Venda
SKU_1776_BIR,10/07/2025,Varejo,1,329.9,144.46,185.44,Venda
SKU_1799_POW,10/07/2025,Atacado,4,1079.6,625.76,113.46,Venda
SKU_1734_BRI,10/07/2025,Varejo,1,349.9,147.01,202.89,Venda
SKU_1693_MEX,10/07/2025,Varejo,1,204.9,71.74,133.16,Venda
SKU_1760_OFF,10/07/2025,Varejo,2,499.8,230.86,134.47,Venda
SKU_1768_MIN,10/07/2025,Varejo,1,624.9,268.77,356.13,Venda
SKU_1593_LIG,10/07/2025,Varejo,2,289.8,103.5,93.15,Venda
SKU_1744_LIG,10/07/2025,E-commerce,1,264.9,81.76,183.14,Venda
SKU_1763_MAR,10/07/2025,E-commerce,1,299.9,107.74,192.16,Venda
SKU_1759_CLE,10/07/2025,Atacado,3,809.7,428.52,127.06,Venda
SKU_1782_NAV,10/07/2025,Varejo,1,249.9,77.24,172.66,Venda
SKU_1742_EME,10/07/2025,Atacado,10,2599.0,1315.1,128.39,Venda
SKU_1795_RAS,10/07/2025,Atacado,2,599.8,264.34,167.73,Venda
SKU_1660_NAV,10/07/2025,Varejo,1,314.9,121.95,192.95,Venda
SKU_1606_SEA,10/07/2025,Varejo,1,1084.9,394.73,690.17,Venda
SKU_1774_MOS,10/07/2025,Atacado,5,1024.5,565.95,91.71,Venda
SKU_1714_DEE,10/07/2025,E-commerce,1,304.9,122.05,182.85,Venda
SKU_1725_OFF,10/07/2025,Varejo,1,244.9,92.16,152.74,Venda
SKU_1693_FLA,10/07/2025,Atacado,8,1639.2,815.28,102.99,Venda
SKU_1561_VAN,10/07/2025,Atacado,6,2099.4,983.7,185.95,Venda
SKU_1689_MAG,10/07/2025,Varejo,2,1929.8,816.64,556.58,Venda
SKU_1781_AQU,10/07/2025,Atacado,2,259.8,138.84,60.48,Venda
SKU_1744_EME,10/07/2025,Atacado,2,529.8,249.1,140.35,Venda
SKU_1680_SEA,10/07/2025,Varejo,1,334.9,102.63,232.27,Venda
SKU_1463_DUS,10/07/2025,Varejo,1,259.9,107.49,152.41,Venda
SKU_1608_MID,10/07/2025,Atacado,3,914.7,437.52,159.06,Venda
SKU_1786_POW,10/07/2025,Varejo,1,179.9,84.66,95.24,Venda
SKU_1706_JAD,10/07/2025,E-commerce,1,184.9,61.34,123.56,Venda
SKU_1719_OFF,10/07/2025,Atacado,10,3199.0,1627.0,157.2,Venda
SKU_1741_PIN,10/07/2025,E-commerce,1,239.9,115.66,124.24,Venda
SKU_1702_LIG,10/07/2025,Varejo,1,619.9,272.03,347.87,Venda
SKU_1710_OLI,10/07/2025,Varejo,2,1619.8,628.4,495.7,Venda
SKU_1787_BAB,10/07/2025,Atacado,3,869.7,437.46,144.08,Venda
SKU_1688_WHI,10/07/2025,Atacado,10,4299.0,1910.1,238.89,Venda
SKU_1545_TEA,10/07/2025,E-commerce,1,259.9,128.7,131.2,Venda
SKU_1786_POW,10/07/2025,Varejo,2,359.8,166.96,96.42,Venda
SKU_1694_SER,10/07/2025,Varejo,2,559.8,270.7,144.55,Venda
SKU_1681_PIS,10/07/2025,Varejo,1,234.9,72.97,161.93,Venda
SKU_1780_LIG,10/07/2025,Atacado,6,2009.4,1062.3,157.85,Venda
SKU_1749_BIR,10/07/2025,Varejo,3,1049.7,384.99,221.57,Venda
SKU_1764_MAR,10/07/2025,Atacado,5,1174.5,676.15,99.67,Venda
SKU_1766_MYS,10/07/2025,Varejo,3,1184.7,480.78,234.64,Venda
SKU_1690_MAG,10/07/2025,Varejo,2,1079.8,385.92,346.94,Venda
SKU_1787_BAB,10/07/2025,Varejo,1,289.9,97.05,192.85,Venda
SKU_1777_FRE,10/07/2025,E-commerce,1,239.9,104.34,135.56,Venda
SKU_1744_LIG,10/07/2025,E-commerce,2,529.8,178.44,175.68,Venda
SKU_1723_MOS,10/07/2025,Varejo,1,434.9,210.6,224.3,Venda
SKU_1555_RAS,10/07/2025,E-commerce,2,379.8,116.3,131.75,Venda
SKU_1684_SHO,10/07/2025,E-commerce,1,184.9,57.85,127.05,Venda
SKU_1777_TUR,10/07/2025,E-commerce,1,239.9,76.28,163.62,Venda
SKU_1409_PEA,10/07/2025,Atacado,4,839.6,399.32,110.07,Venda
SKU_1689_MAG,10/07/2025,Varejo,1,964.9,310.71,654.19,Venda
SKU_1752_SNO,10/07/2025,Atacado,10,4299.0,2062.7,223.63,Venda
SKU_1751_BLU,10/07/2025,E-commerce,1,329.9,132.5,197.4,Venda
SKU_1722_PAS,10/07/2025,Varejo,2,649.8,267.96,190.92,Venda
SKU_1685_COB,10/07/2025,Atacado,8,5319.2,2437.68,360.19,Venda
SKU_1749_SNO,10/07/2025,Varejo,1,349.9,132.89,217.01,Venda
SKU_1755_AQU,10/07/2025,Atacado,12,4018.8,1780.32,186.54,Venda
SKU_1680_NAV,10/07/2025,Atacado,4,1339.6,699.4,160.05,Venda
SKU_1489_IVO,10/07/2025,Atacado,5,1849.5,884.1,193.08,Venda
SKU_1691_ROS,10/07/2025,Atacado,4,1239.6,609.36,157.56,Venda
SKU_1772_SNO,11/07/2025,Atacado,4,1659.6,816.2,210.85,Venda
SKU_1504_NAV,11/07/2025,Atacado,8,2719.2,1464.64,156.82,Venda
SKU_1569_WHI,11/07/2025,Atacado,3,659.7,319.5,113.4,Venda
SKU_1740_OLI,11/07/2025,E-commerce,1,214.9,71.92,142.98,Venda
SKU_1723_COB,11/07/2025,Varejo,1,434.9,212.84,222.06,Venda
SKU_1742_EME,11/07/2025,Atacado,4,1039.6,526.0,128.4,Venda
SKU_1399_PAL,11/07/2025,E-commerce,1,269.9,117.22,152.68,Venda
SKU_1800_MOS,11/07/2025,Varejo,1,279.9,125.18,154.72,Venda
SKU_1767_PRI,11/07/2025,Atacado,4,819.6,373.56,111.51,Venda
SKU_1450_JAD,11/07/2025,E-commerce,1,409.9,168.89,241.01,Venda
SKU_1782_HUN,11/07/2025,Atacado,2,499.8,223.36,138.22,Venda
SKU_1716_SAL,11/07/2025,Atacado,6,989.4,482.76,84.44,Venda
SKU_1763_HOT,11/07/2025,Atacado,8,2399.2,1181.36,152.23,Venda
SKU_1723_MOS,11/07/2025,Atacado,2,869.8,391.52,239.14,Venda
SKU_1596_BIR,11/07/2025,Varejo,1,274.9,132.73,142.17,Venda
SKU_1690_MYS,11/07/2025,Varejo,1,539.9,251.55,288.35,Venda
SKU_1474_BRI,11/07/2025,Varejo,2,2119.8,713.64,703.08,Venda
SKU_1684_SHO,11/07/2025,Atacado,5,924.5,505.3,83.84,Venda
SKU_1762_BRI,11/07/2025,Atacado,3,764.7,396.54,122.72,Venda
SKU_1770_JAD,11/07/2025,E-commerce,1,219.9,99.71,120.19,Venda
SKU_1695_CRE,11/07/2025,Varejo,2,419.8,190.08,114.86,Venda
SKU_1792_MIN,11/07/2025,Varejo,2,879.8,333.52,273.14,Venda
SKU_1680_NAV,11/07/2025,Varejo,1,334.9,152.28,182.62,Venda
SKU_1609_LIM,11/07/2025,Varejo,1,269.9,118.28,151.62,Venda
SKU_1777_FRE,11/07/2025,E-commerce,1,239.9,78.76,161.14,Venda
SKU_1433_OLI,11/07/2025,Atacado,5,1574.5,818.5,151.2,Venda
SKU_1709_CRE,11/07/2025,Varejo,2,419.8,128.3,145.75,Venda
SKU_1788_MYS,11/07/2025,E-commerce,1,249.9,113.3,136.6,Venda
SKU_1689_IVO,11/07/2025,Atacado,3,2894.7,1429.98,488.24,Venda
SKU_1702_LIG,11/07/2025,E-commerce,1,619.9,262.9,357.0,Venda
SKU_1683_SHO,11/07/2025,Atacado,8,2519.2,1105.12,176.76,Venda
SKU_1755_AQU,11/07/2025,Varejo,1,334.9,141.05,193.85,Venda
SKU_1756_FLA,11/07/2025,Atacado,5,899.5,378.3,104.24,Venda
SKU_1567_POW,11/07/2025,Varejo,1,689.9,267.16,422.74,Venda
SKU_1732_WHI,11/07/2025,E-commerce,1,1114.9,348.5,766.4,Venda
SKU_1723_MOS,11/07/2025,Atacado,2,869.8,382.8,243.5,Venda
SKU_1717_CRE,11/07/2025,Varejo,2,519.8,157.36,181.22,Venda
SKU_1740_FRE,11/07/2025,Atacado,6,1289.4,685.92,100.58,Venda
SKU_1608_WHI,11/07/2025,Varejo,1,304.9,118.88,186.02,Venda
SKU_1670_SAP,11/07/2025,E-commerce,1,144.9,55.59,89.31,Venda
SKU_1700_PIS,11/07/2025,Varejo,1,699.9,261.16,438.74,Venda
SKU_1760_OFF,11/07/2025,Atacado,4,999.6,479.0,130.15,Venda
SKU_1694_SER,11/07/2025,Varejo,4,1119.6,360.24,189.84,Venda
SKU_1694_PIS,11/07/2025,E-commerce,2,559.8,177.08,191.36,Venda
SKU_1722_PAS,11/07/2025,E-commerce,1,324.9,124.82,200.08,Venda
SKU_1774_COB,11/07/2025,Atacado,12,2458.8,1203.48,104.61,Venda
SKU_1780_LIG,11/07/2025,Atacado,2,669.8,354.92,157.44,Venda
SKU_1735_MOS,11/07/2025,Atacado,6,1619.4,700.38,153.17,Venda
SKU_1792_MIN,11/07/2025,Varejo,1,439.9,133.95,305.95,Venda
SKU_1767_FUC,11/07/2025,E-commerce,2,409.8,144.14,132.83,Venda
SKU_1622_CLO,11/07/2025,Atacado,3,809.7,409.23,133.49,Venda
SKU_1634_SAP,11/07/2025,Atacado,2,1959.8,889.5,535.15,Venda
SKU_1763_HOT,11/07/2025,Varejo,1,299.9,102.68,197.22,Venda
SKU_1715_JAD,11/07/2025,Atacado,8,1759.2,897.44,107.72,Venda
SKU_1473_BAB,11/07/2025,Varejo,1,179.9,74.19,105.71,Venda
SKU_1799_POW,11/07/2025,E-commerce,2,539.8,246.58,146.61,Venda
SKU_1789_SNO,11/07/2025,Varejo,1,269.9,98.62,171.28,Venda
SKU_1783_BAB,11/07/2025,Atacado,4,4799.6,2621.72,544.47,Venda
SKU_1558_CLE,11/07/2025,Atacado,3,989.7,580.5,136.4,Venda
SKU_1713_SAL,11/07/2025,Varejo,1,504.9,174.39,330.51,Venda
SKU_1800_SKY,11/07/2025,E-commerce,1,279.9,115.93,163.97,Venda
SKU_1750_MIN,11/07/2025,Atacado,6,2219.4,1114.68,184.12,Venda
SKU_1781_CLE,11/07/2025,Varejo,2,259.8,112.76,73.52,Venda
SKU_1566_PEA,11/07/2025,Varejo,1,1034.9,481.1,553.8,Venda
SKU_1406_PRI,11/07/2025,Atacado,10,3499.0,1497.6,200.14,Venda
SKU_1644_PEA,11/07/2025,Varejo,4,1279.6,389.76,222.46,Venda
SKU_1797_BLU,11/07/2025,Atacado,3,1139.7,505.41,211.43,Venda
SKU_1764_FUC,11/07/2025,Varejo,1,234.9,104.82,130.08,Venda
SKU_1775_PAL,11/07/2025,Varejo,1,279.9,115.27,164.63,Venda
SKU_1735_MOS,11/07/2025,Atacado,3,809.7,348.15,153.85,Venda
SKU_1556_SAL,11/07/2025,Atacado,4,819.6,386.84,108.19,Venda
SKU_1443_BLU,11/07/2025,Varejo,2,539.8,186.14,176.83,Venda
SKU_1798_MOS,11/07/2025,Varejo,1,419.9,171.1,248.8,Venda
SKU_1764_FUC,11/07/2025,Atacado,2,469.8,221.0,124.4,Venda
SKU_1535_MOS,11/07/2025,Varejo,1,304.9,121.94,182.96,Venda
SKU_1722_AQU,11/07/2025,Varejo,1,324.9,153.77,171.13,Venda
SKU_1781_CLE,11/07/2025,E-commerce,1,129.9,51.52,78.38,Venda
SKU_1791_IVO,11/07/2025,Atacado,6,1589.4,688.14,150.21,Venda
SKU_1787_BAB,11/07/2025,Atacado,6,1739.4,1001.94,122.91,Venda
SKU_1698_PRI,11/07/2025,Atacado,4,1679.6,894.84,196.19,Venda
SKU_1687_WHI,11/07/2025,Varejo,1,899.9,370.29,529.61,Venda
SKU_1799_DEN,11/07/2025,Varejo,1,269.9,93.03,176.87,Venda
SKU_1689_MAG,11/07/2025,Atacado,3,2894.7,1228.32,555.46,Venda
SKU_1716_SAL,11/07/2025,Varejo,2,329.8,118.88,105.46,Venda
SKU_1739_AQU,11/07/2025,Atacado,8,2039.2,1128.32,113.86,Venda
SKU_1394_EME,11/07/2025,Varejo,1,469.9,164.67,305.23,Venda
SKU_1424_BAB,11/07/2025,Atacado,8,7959.2,3772.4,523.35,Venda
SKU_1735_MOS,11/07/2025,Varejo,1,269.9,102.36,167.54,Venda
SKU_1498_LIG,11/07/2025,Atacado,4,1359.6,739.32,155.07,Venda
SKU_1705_SER,11/07/2025,E-commerce,1,409.9,146.42,263.48,Venda
SKU_1684_SHO,11/07/2025,Atacado,10,1849.0,879.0,97.0,Venda
SKU_1789_SNO,11/07/2025,E-commerce,1,269.9,108.66,161.24,Venda
SKU_1713_SNO,11/07/2025,Varejo,1,504.9,169.3,335.6,Venda
SKU_1706_JAD,11/07/2025,E-commerce,2,369.8,147.94,110.93,Venda
SKU_1659_SNO,11/07/2025,Atacado,2,2049.8,1060.38,494.71,Venda
SKU_1746_NAV,11/07/2025,Varejo,1,179.9,80.12,99.78,Venda
SKU_1768_MIN,11/07/2025,Atacado,12,7498.8,3859.44,303.28,Venda
SKU_1681_PIS,11/07/2025,Atacado,3,704.7,342.57,120.71,Venda
SKU_1726_BUB,11/07/2025,Atacado,10,4299.0,2056.4,224.26,Venda
SKU_1497_VAN,11/07/2025,Varejo,4,539.6,178.68,90.23,Venda
SKU_1745_PEA,11/07/2025,E-commerce,2,819.8,396.96,211.42,Venda
SKU_1692_OLI,11/07/2025,Varejo,1,219.9,76.26,143.64,Venda
SKU_1750_SNO,11/07/2025,E-commerce,1,369.9,172.85,197.05,Venda
SKU_1768_MIN,11/07/2025,Atacado,8,4999.2,2435.04,320.52,Venda
SKU_1732_WHI,11/07/2025,Varejo,1,1114.9,420.79,694.11,Venda
SKU_1781_CLE,11/07/2025,Atacado,2,259.8,140.2,59.8,Venda
SKU_1799_DEN,11/07/2025,Atacado,6,1619.4,809.82,134.93,Venda
SKU_1691_ROS,11/07/2025,Varejo,2,619.8,238.1,190.85,Venda
SKU_1702_LIG,11/07/2025,E-commerce,1,619.9,274.85,345.05,Venda
SKU_1682_OLI,11/07/2025,Atacado,5,1174.5,551.15,124.67,Venda
SKU_1785_PAS,11/07/2025,Atacado,4,979.6,499.84,119.94,Venda
SKU_1743_DEE,11/07/2025,Varejo,2,879.8,337.38,271.21,Venda
SKU_1533_CER,11/07/2025,E-commerce,1,164.9,79.76,85.14,Venda
SKU_1685_COB,11/07/2025,Atacado,2,1329.8,647.52,341.14,Venda
SKU_1724_PIN,11/07/2025,Varejo,1,1114.9,403.26,711.64,Venda
SKU_1795_RAS,11/07/2025,Varejo,2,599.8,190.34,204.73,Venda
SKU_1749_SNO,11/07/2025,E-commerce,1,349.9,145.41,204.49,Venda
SKU_1724_PIN,11/07/2025,Atacado,4,4459.6,1953.8,626.45,Venda
SKU_1716_AQU,11/07/2025,Varejo,1,164.9,69.86,95.04,Venda
SKU_1601_AQU,11/07/2025,E-commerce,1,734.9,295.04,439.86,Venda
SKU_1494_EGR,11/07/2025,Atacado,4,4339.6,2004.6,583.75,Venda
SKU_1757_PIN,11/07/2025,Varejo,4,1059.6,336.36,180.81,Venda
SKU_1774_COB,11/07/2025,Varejo,2,409.8,179.78,115.01,Venda
SKU_1783_BAB,11/07/2025,Varejo,1,1199.9,404.72,795.18,Venda
SKU_1750_MIN,11/07/2025,Atacado,4,1479.6,663.96,203.91,Venda
SKU_1713_SAL,11/07/2025,Atacado,4,2019.6,968.76,262.71,Venda
SKU_1709_CRE,11/07/2025,Varejo,1,209.9,94.68,115.22,Venda
SKU_1685_COB,11/07/2025,Atacado,6,3989.4,2055.48,322.32,Venda
SKU_1794_LIG,11/07/2025,Atacado,6,1259.4,551.94,117.91,Venda
SKU_1611_MID,11/07/2025,Varejo,1,219.9,104.74,115.16,Venda
SKU_1604_SNO,11/07/2025,Atacado,8,4839.2,2141.04,337.27,Venda
SKU_1497_FUC,11/07/2025,Atacado,8,1079.2,470.08,76.14,Venda
SKU_1758_HON,11/07/2025,Varejo,1,179.9,68.3,111.6,Venda
SKU_1460_OLI,11/07/2025,Atacado,5,874.5,501.3,74.64,Venda
SKU_1733_SAG,11/07/2025,Varejo,1,349.9,157.02,192.88,Venda
SKU_1789_SNO,11/07/2025,Varejo,1,269.9,100.21,169.69,Venda
SKU_1513_PAS,11/07/2025,Varejo,1,214.9,106.08,108.82,Venda
SKU_1603_BUB,11/07/2025,Varejo,1,744.9,238.99,505.91,Venda
SKU_1732_WHI,11/07/2025,Atacado,2,2229.8,1064.6,582.6,Venda
SKU_1661_WHI,11/07/2025,E-commerce,1,989.9,323.01,666.89,Venda
SKU_1496_PEA,11/07/2025,Varejo,1,1134.9,387.01,747.89,Venda
SKU_1654_NAV,11/07/2025,Atacado,5,1549.5,854.2,139.06,Venda
SKU_1784_BLA,11/07/2025,Varejo,2,619.8,186.24,216.78,Venda
SKU_1394_FOR,11/07/2025,Varejo,1,469.9,141.17,328.73,Venda
SKU_1746_NAV,11/07/2025,Atacado,10,1799.0,917.1,88.19,Venda
SKU_1755_AQU,11/07/2025,E-commerce,1,334.9,130.56,204.34,Venda
SKU_1720_PAS,11/07/2025,Atacado,2,449.8,201.66,124.07,Venda
SKU_1762_DEN,11/07/2025,Atacado,6,1529.4,766.86,127.09,Venda
SKU_1771_PIN,11/07/2025,Atacado,12,3178.8,1344.6,152.85,Venda
SKU_1734_BRI,11/07/2025,Atacado,3,1049.7,497.61,184.03,Venda
SKU_1780_LIG,11/07/2025,Varejo,1,334.9,165.96,168.94,Venda
SKU_1672_TEA,11/07/2025,Varejo,2,589.8,200.4,194.7,Venda
SKU_1393_COB,11/07/2025,Atacado,6,1859.4,836.52,170.48,Venda
SKU_1686_SKY,11/07/2025,Varejo,1,214.9,82.21,132.69,Venda
SKU_1789_EME,11/07/2025,Atacado,4,1079.6,533.8,136.45,Venda
SKU_1685_BIR,11/07/2025,Varejo,1,664.9,244.67,420.23,Venda
SKU_1711_VAN,11/07/2025,Atacado,4,3979.6,1822.8,539.2,Venda
SKU_1711_ARM,11/07/2025,Atacado,8,7959.2,3510.72,556.06,Venda
SKU_1728_EGR,11/07/2025,Atacado,5,1649.5,737.85,182.33,Venda
SKU_1702_COR,11/07/2025,Varejo,1,619.9,225.61,394.29,Venda
SKU_1796_SHO,11/07/2025,Atacado,3,1514.7,797.1,239.2,Venda
SKU_1598_DUS,11/07/2025,Atacado,6,2939.4,1463.28,246.02,Venda
SKU_1766_MYS,11/07/2025,Atacado,5,1974.5,930.9,208.72,Venda
SKU_1686_SKY,11/07/2025,E-commerce,1,214.9,67.73,147.17,Venda
SKU_1449_BLA,11/07/2025,Varejo,1,324.9,108.71,216.19,Venda
SKU_1655_SNO,11/07/2025,Atacado,2,1289.8,647.04,321.38,Venda
SKU_1769_EME,11/07/2025,Varejo,1,324.9,102.27,222.63,Venda
SKU_1625_DUS,11/07/2025,Varejo,1,204.9,85.97,118.93,Venda
SKU_1767_FUC,11/07/2025,Varejo,1,204.9,65.62,139.28,Venda
SKU_1701_BLU,11/07/2025,E-commerce,2,679.8,321.22,179.29,Venda
SKU_1783_BAB,11/07/2025,Varejo,1,1199.9,473.9,726.0,Venda
SKU_1702_LIG,11/07/2025,Atacado,3,1859.7,819.69,346.67,Venda
SKU_1738_BLU,11/07/2025,Varejo,1,194.9,88.08,106.82,Venda
SKU_1719_WHI,11/07/2025,Atacado,6,1919.4,1040.46,146.49,Venda
SKU_1501_OLI,11/07/2025,Atacado,4,679.6,354.68,81.23,Venda
SKU_1711_ARM,11/07/2025,Atacado,4,3979.6,1888.36,522.81,Venda
SKU_1693_FLA,11/07/2025,Atacado,4,819.6,398.72,105.22,Venda
SKU_1801_FLA,11/07/2025,Varejo,1,374.9,156.48,218.42,Venda
SKU_1768_PEA,11/07/2025,Atacado,12,7498.8,3244.44,354.53,Venda
SKU_1419_FLA,11/07/2025,Atacado,5,1249.5,565.8,136.74,Venda
SKU_1729_CLE,11/07/2025,Atacado,2,349.8,173.32,88.24,Venda
SKU_1490_EME,11/07/2025,Varejo,1,314.9,126.73,188.17,Venda
SKU_1744_EME,11/07/2025,Varejo,1,264.9,116.1,148.8,Venda
SKU_1775_PAL,11/07/2025,Atacado,5,1399.5,666.2,146.66,Venda
SKU_1465_OFF,11/07/2025,E-commerce,1,314.9,155.81,159.09,Venda
SKU_1730_MIN,11/07/2025,Atacado,6,1919.4,1000.62,153.13,Venda
SKU_1709_CRE,11/07/2025,Varejo,1,209.9,91.33,118.57,Venda
SKU_1689_IVO,11/07/2025,Atacado,6,5789.4,3006.12,463.88,Venda
SKU_1766_MYS,11/07/2025,E-commerce,1,394.9,123.87,271.03,Venda
SKU_1755_AQU,11/07/2025,E-commerce,1,334.9,152.68,182.22,Venda
SKU_1708_FRE,11/07/2025,Atacado,6,1019.4,466.14,92.21,Venda
SKU_1712_MOS,11/07/2025,Varejo,3,539.7,208.5,110.4,Venda
SKU_1791_ARM,11/07/2025,Atacado,12,3178.8,1641.84,128.08,Venda
SKU_1424_VAN,11/07/2025,E-commerce,1,994.9,477.55,517.35,Venda
SKU_1781_AQU,11/07/2025,Atacado,4,519.6,245.08,68.63,Venda
SKU_1779_MIN,11/07/2025,Varejo,3,644.7,307.29,112.47,Venda
SKU_1711_VAN,11/07/2025,Varejo,1,994.9,378.72,616.18,Venda
SKU_1691_HUN,11/07/2025,Atacado,2,619.8,302.38,158.71,Venda
SKU_1777_TUR,11/07/2025,Atacado,4,959.6,432.8,131.7,Venda
SKU_1439_SHO,11/07/2025,Varejo,2,369.8,129.94,119.93,Venda
SKU_1785_HUN,11/07/2025,Atacado,10,2449.0,1084.6,136.44,Venda
SKU_1713_SNO,11/07/2025,Varejo,1,504.9,184.75,320.15,Venda
SKU_1763_HOT,11/07/2025,Atacado,2,599.8,315.86,141.97,Venda
SKU_1698_SNO,11/07/2025,Varejo,3,1259.7,383.13,292.19,Venda
SKU_1740_OLI,11/07/2025,Atacado,12,2578.8,1107.72,122.59,Venda
SKU_1713_SNO,11/07/2025,Varejo,2,1009.8,346.84,331.48,Venda
SKU_1688_LIG,11/07/2025,Atacado,6,2579.4,1420.56,193.14,Venda
SKU_1548_HOT,11/07/2025,Atacado,2,949.8,538.68,205.56,Venda
SKU_1606_COB,11/07/2025,E-commerce,1,1084.9,378.12,706.78,Venda
SKU_1705_JAD,11/07/2025,Atacado,8,3279.2,1435.92,230.41,Venda
SKU_1751_BLU,11/07/2025,E-commerce,1,329.9,113.29,216.61,Venda
SKU_1712_MOS,11/07/2025,Varejo,1,179.9,59.2,120.7,Venda
SKU_1799_POW,11/07/2025,E-commerce,2,539.8,162.0,188.9,Venda
SKU_1723_COB,11/07/2025,Atacado,10,4349.0,2428.8,192.02,Venda
SKU_1703_BLU,11/07/2025,Varejo,1,269.9,107.16,162.74,Venda
SKU_1685_COB,11/07/2025,Atacado,4,2659.6,1327.92,332.92,Venda
SKU_1723_MOS,11/07/2025,Varejo,1,434.9,206.09,228.81,Venda
SKU_1727_LIG,11/07/2025,Varejo,2,309.8,131.9,88.95,Venda
SKU_1409_PEA,11/07/2025,Atacado,6,1259.4,570.6,114.8,Venda
SKU_1415_MID,11/07/2025,Varejo,1,354.9,170.76,184.14,Venda
SKU_1604_CLE,11/07/2025,Varejo,1,604.9,235.29,369.61,Venda
SKU_1600_SHO,11/07/2025,Atacado,8,3159.2,1830.32,166.11,Venda
SKU_1461_PRI,11/07/2025,Varejo,2,2139.8,801.54,669.13,Venda
SKU_1769_EME,11/07/2025,Varejo,3,974.7,448.62,175.36,Venda
SKU_1744_LIG,11/07/2025,Atacado,10,2649.0,1302.4,134.66,Venda
SKU_1665_SAG,11/07/2025,Varejo,1,249.9,100.87,149.03,Venda
SKU_1762_BRI,11/07/2025,Varejo,4,1019.6,352.28,166.83,Venda
SKU_1779_LIG,11/07/2025,Varejo,1,214.9,92.35,122.55,Venda
SKU_1703_BLU,11/07/2025,Varejo,2,539.8,181.3,179.25,Venda
SKU_1706_JAD,11/07/2025,E-commerce,1,184.9,75.79,109.11,Venda
SKU_1792_AQU,11/07/2025,Atacado,2,879.8,447.02,216.39,Venda
SKU_1758_HON,11/07/2025,E-commerce,1,179.9,65.97,113.93,Venda
SKU_1528_PAS,11/07/2025,Atacado,10,2149.0,943.5,120.55,Venda
SKU_1552_CLE,11/07/2025,Varejo,1,659.9,245.94,413.96,Venda
SKU_1718_SEA,11/07/2025,Varejo,1,369.9,147.52,222.38,Venda
SKU_1724_PIN,11/07/2025,Varejo,2,2229.8,1088.46,570.67,Venda
SKU_1737_DEE,11/07/2025,E-commerce,1,769.9,278.35,491.55,Venda
SKU_1699_CLO,11/07/2025,Atacado,5,1649.5,782.05,173.49,Venda
SKU_1492_BIR,11/07/2025,Atacado,8,2999.2,1481.44,189.72,Venda
SKU_1756_BUB,11/07/2025,E-commerce,1,179.9,79.04,100.86,Venda
SKU_1444_HUN,11/07/2025,Atacado,12,2878.8,1477.8,116.75,Venda
SKU_1724_PEA,11/07/2025,Atacado,8,8919.2,4871.76,505.93,Venda
SKU_1687_FOR,11/07/2025,E-commerce,1,899.9,401.47,498.43,Venda
SKU_1776_PAS,11/07/2025,Atacado,6,1979.4,840.96,189.74,Venda
SKU_1656_FUC,11/07/2025,E-commerce,1,234.9,90.74,144.16,Venda
SKU_1769_WHI,11/07/2025,Atacado,2,649.8,318.22,165.79,Venda
SKU_1784_BLA,11/07/2025,Varejo,1,309.9,95.72,214.18,Venda
SKU_1730_OFF,11/07/2025,Atacado,4,1279.6,562.12,179.37,Venda
SKU_1774_MOS,11/07/2025,Varejo,1,204.9,86.93,117.97,Venda
SKU_1626_DEN,11/07/2025,Varejo,2,1079.8,327.9,375.95,Venda
SKU_1784_EGR,11/07/2025,Atacado,6,1859.4,842.16,169.54,Venda
SKU_1606_COB,11/07/2025,Atacado,5,5424.5,2566.05,571.69,Venda
SKU_1706_JAD,11/07/2025,Varejo,1,184.9,86.5,98.4,Venda
SKU_1758_CLO,11/07/2025,Varejo,1,179.9,74.74,105.16,Venda
SKU_1707_SAP,11/07/2025,Varejo,1,279.9,135.82,144.08,Venda
SKU_1787_BAB,11/07/2025,Atacado,8,2319.2,1010.16,163.63,Venda
SKU_1754_SER,11/07/2025,Atacado,8,2719.2,1533.12,148.26,Venda
SKU_1513_PAS,11/07/2025,Varejo,1,214.9,75.25,139.65,Venda
SKU_1456_EME,11/07/2025,E-commerce,1,314.9,154.25,160.65,Venda
SKU_1775_PAS,11/07/2025,Varejo,1,279.9,118.04,161.86,Venda
SKU_1702_LIG,11/07/2025,Varejo,1,619.9,202.13,417.77,Venda
SKU_1682_BIR,11/07/2025,E-commerce,1,234.9,112.96,121.94,Venda
SKU_1460_OLI,11/07/2025,Atacado,4,699.6,350.56,87.26,Venda
SKU_1761_MOS,11/07/2025,E-commerce,1,1104.9,440.18,664.72,Venda
SKU_1790_ROY,11/07/2025,Atacado,5,1299.5,750.2,109.86,Venda
SKU_1705_SER,11/07/2025,Atacado,6,2459.4,1318.02,190.23,Venda
SKU_1678_LIG,11/07/2025,Varejo,1,714.9,345.37,369.53,Venda
SKU_1794_LIG,11/07/2025,E-commerce,1,209.9,92.78,117.12,Venda
SKU_1733_SAG,11/07/2025,E-commerce,2,699.8,266.54,216.63,Venda
SKU_1794_FLA,11/07/2025,Atacado,5,1049.5,443.35,121.23,Venda
SKU_1772_SNO,11/07/2025,Varejo,1,414.9,157.2,257.7,Venda
SKU_1776_PAS,11/07/2025,Atacado,3,989.7,451.83,179.29,Venda
SKU_1728_MID,11/07/2025,Atacado,3,989.7,472.35,172.45,Venda
SKU_1710_MEX,11/07/2025,Varejo,1,809.9,264.31,545.59,Venda
SKU_1743_DEE,11/07/2025,Atacado,8,3519.2,1639.36,234.98,Venda
SKU_1692_OLI,11/07/2025,Atacado,2,439.8,236.1,101.85,Venda
SKU_1709_MAR,11/07/2025,Varejo,1,209.9,82.27,127.63,Venda
SKU_1687_WHI,11/07/2025,E-commerce,1,899.9,323.01,576.89,Venda
SKU_1626_DEN,11/07/2025,Varejo,2,1079.8,513.04,283.38,Venda
SKU_1527_TEA,11/07/2025,Varejo,1,909.9,274.12,635.78,Venda
SKU_1699_CLO,11/07/2025,Atacado,2,659.8,339.14,160.33,Venda
SKU_1797_GAR,11/07/2025,Atacado,2,759.8,399.56,180.12,Venda
SKU_1727_LIG,11/07/2025,Atacado,8,1239.2,633.2,75.75,Venda
SKU_1771_PIN,11/07/2025,E-commerce,1,264.9,80.95,183.95,Venda
SKU_1461_NAV,11/07/2025,Atacado,6,6419.4,3142.74,546.11,Venda
SKU_1640_TEA,11/07/2025,Atacado,4,879.6,463.48,104.03,Venda
SKU_1689_MAG,11/07/2025,Varejo,2,1929.8,675.62,627.09,Venda
SKU_1785_PAS,11/07/2025,E-commerce,1,244.9,82.55,162.35,Venda
SKU_1799_POW,11/07/2025,Varejo,2,539.8,194.48,172.66,Venda
SKU_1772_BLU,11/07/2025,Varejo,1,414.9,134.19,280.71,Venda
SKU_1713_SNO,11/07/2025,Varejo,1,504.9,162.65,342.25,Venda
SKU_1438_MOS,11/07/2025,Atacado,4,819.6,386.48,108.28,Venda
SKU_1558_CLE,11/07/2025,Varejo,1,329.9,159.26,170.64,Venda
SKU_1670_PEA,11/07/2025,E-commerce,1,144.9,58.09,86.81,Venda
SKU_1595_MYS,11/07/2025,Varejo,3,899.7,431.64,156.02,Venda
SKU_1457_SNO,11/07/2025,Atacado,4,639.6,274.84,91.19,Venda
SKU_1527_TEA,11/07/2025,Atacado,6,5459.4,2831.52,437.98,Venda
SKU_1800_MOS,11/07/2025,E-commerce,2,559.8,274.28,142.76,Venda
SKU_1651_PAS,11/07/2025,E-commerce,1,264.9,85.86,179.04,Venda
SKU_1768_MIN,11/07/2025,Varejo,2,1249.8,563.58,343.11,Venda
SKU_1727_LIG,11/07/2025,E-commerce,1,154.9,74.39,80.51,Venda
SKU_1730_MIN,11/07/2025,Atacado,10,3199.0,1453.3,174.57,Venda
SKU_1702_COR,11/07/2025,Varejo,1,619.9,300.38,319.52,Venda
SKU_1797_GAR,11/07/2025,Atacado,3,1139.7,600.3,179.8,Venda
SKU_1716_SAL,11/07/2025,Atacado,5,824.5,366.6,91.58,Venda
SKU_1710_MEX,11/07/2025,Atacado,2,1619.8,730.68,444.56,Venda
SKU_1690_MYS,11/07/2025,Varejo,1,539.9,185.98,353.92,Venda
SKU_1727_LIG,11/07/2025,Atacado,10,1549.0,797.9,75.11,Venda
SKU_1729_CLE,11/07/2025,Atacado,12,2098.8,1048.8,87.5,Venda
SKU_1613_AQU,11/07/2025,Varejo,1,189.9,63.18,126.72,Venda
SKU_1707_SAP,11/07/2025,Varejo,1,279.9,86.87,193.03,Venda
SKU_1748_COB,11/07/2025,Varejo,3,929.7,306.03,207.89,Venda
SKU_1772_BLU,11/07/2025,Atacado,4,1659.6,776.96,220.66,Venda
SKU_1762_BRI,11/07/2025,Atacado,4,1019.6,479.96,134.91,Venda
SKU_1733_SAG,11/07/2025,Varejo,1,349.9,139.04,210.86,Venda
SKU_1708_FRE,11/07/2025,Atacado,8,1359.2,850.48,63.59,Venda
SKU_1702_LIG,11/07/2025,Varejo,2,1239.8,580.08,329.86,Venda
SKU_1708_FRE,11/07/2025,Varejo,1,169.9,76.51,93.39,Venda
SKU_1759_COB,11/07/2025,Varejo,4,1079.6,405.92,168.42,Venda
SKU_1743_DEE,11/07/2025,E-commerce,1,439.9,190.45,249.45,Venda
SKU_1754_IVO,11/07/2025,E-commerce,1,339.9,109.27,230.63,Venda
SKU_1460_FUC,11/07/2025,Atacado,8,1399.2,737.04,82.77,Venda
SKU_1729_FUC,11/07/2025,Atacado,12,2098.8,1001.52,91.44,Venda
SKU_1701_SPA,11/07/2025,Atacado,4,1359.6,661.72,174.47,Venda
SKU_1795_RAS,11/07/2025,Varejo,1,299.9,115.22,184.68,Venda
SKU_1494_EGR,11/07/2025,Atacado,5,5424.5,2867.05,511.49,Venda
SKU_1706_JAD,11/07/2025,Varejo,1,184.9,58.62,126.28,Venda
SKU_1605_COR,11/07/2025,Varejo,1,219.9,73.19,146.71,Venda
SKU_1731_MIN,11/07/2025,Atacado,12,10918.8,5122.56,483.02,Venda
SKU_1414_DUS,11/07/2025,Atacado,8,2719.2,1148.32,196.36,Venda
SKU_1646_BLU,11/07/2025,Varejo,1,204.9,89.83,115.07,Venda
SKU_1395_TUR,11/07/2025,E-commerce,2,579.8,202.1,188.85,Venda
SKU_1678_MAG,11/07/2025,Atacado,6,4289.4,1825.92,410.58,Venda
SKU_1686_MOS,11/07/2025,Varejo,4,859.6,330.0,132.4,Venda
SKU_1785_HUN,11/07/2025,Varejo,1,244.9,102.78,142.12,Venda
SKU_1498_OLI,11/07/2025,Varejo,1,339.9,110.91,228.99,Venda
SKU_1753_WHI,11/07/2025,E-commerce,1,789.9,266.25,523.65,Venda
SKU_1607_MAR,11/07/2025,Atacado,4,1199.6,614.36,146.31,Venda
SKU_1747_TEA,11/07/2025,Atacado,2,349.8,158.14,95.83,Venda
SKU_1681_OFF,11/07/2025,Atacado,5,1174.5,562.4,122.42,Venda
SKU_1731_ARM,11/07/2025,Varejo,1,909.9,407.05,502.85,Venda
SKU_1787_BAB,11/07/2025,Atacado,8,2319.2,1096.48,152.84,Venda
SKU_1706_BLA,11/07/2025,Varejo,1,184.9,79.18,105.72,Venda
SKU_1757_TUR,11/07/2025,Varejo,3,794.7,268.23,175.49,Venda
SKU_1751_MIN,11/07/2025,Varejo,1,329.9,135.39,194.51,Venda
SKU_1744_LIG,11/07/2025,Varejo,1,264.9,113.36,151.54,Venda
SKU_1699_CLO,11/07/2025,Varejo,1,329.9,114.42,215.48,Venda
SKU_1683_PAL,11/07/2025,Atacado,2,629.8,281.94,173.93,Venda
SKU_1680_NAV,11/07/2025,Atacado,5,1674.5,791.05,176.69,Venda
SKU_1722_AQU,11/07/2025,Varejo,1,324.9,124.54,200.36,Venda
SKU_1724_PIN,11/07/2025,Atacado,5,5574.5,2807.45,553.41,Venda
SKU_1734_BRI,11/07/2025,Atacado,6,2099.4,1016.4,180.5,Venda
SKU_1426_SEA,11/07/2025,Atacado,4,519.6,237.88,70.43,Venda
SKU_1701_SPA,11/07/2025,Atacado,4,1359.6,610.2,187.35,Venda
SKU_1648_FLA,11/07/2025,Atacado,5,3499.5,1817.8,336.34,Venda
SKU_1796_OLI,11/07/2025,Varejo,4,2019.6,935.56,271.01,Venda
SKU_1717_CRE,11/07/2025,Varejo,2,519.8,258.26,130.77,Venda
SKU_1443_PRI,11/07/2025,Atacado,5,1349.5,617.5,146.4,Venda
SKU_1724_PEA,11/07/2025,E-commerce,1,1114.9,546.92,567.98,Venda
SKU_1730_OFF,11/07/2025,Varejo,1,319.9,153.87,166.03,Venda
SKU_1768_PEA,11/07/2025,Atacado,4,2499.6,1057.0,360.65,Venda
SKU_1730_OFF,11/07/2025,Atacado,6,1919.4,1106.64,135.46,Venda
SKU_1784_EGR,11/07/2025,Atacado,12,3718.8,1838.16,156.72,Venda
SKU_1682_BIR,11/07/2025,E-commerce,2,469.8,198.74,135.53,Venda
SKU_1745_PEA,11/07/2025,Atacado,3,1229.7,676.38,184.44,Venda
SKU_1787_BAB,11/07/2025,Atacado,6,1739.4,959.76,129.94,Venda
SKU_1743_DEE,11/07/2025,Atacado,10,4399.0,2518.5,188.05,Venda
SKU_1727_LIG,11/07/2025,Varejo,1,154.9,69.26,85.64,Venda
SKU_1748_BAB,11/07/2025,Varejo,1,309.9,123.22,186.68,Venda
SKU_1740_FRE,11/07/2025,E-commerce,1,214.9,67.6,147.3,Venda
SKU_1711_ARM,11/07/2025,Varejo,4,3979.6,1394.72,646.22,Venda
SKU_1729_CLE,11/07/2025,Atacado,2,349.8,184.48,82.66,Venda
SKU_1624_PRI,11/07/2025,Varejo,1,209.9,80.25,129.65,Venda
SKU_1721_FRE,11/07/2025,Varejo,1,419.9,208.27,211.63,Venda
SKU_1496_PAS,11/07/2025,Varejo,1,1134.9,346.55,788.35,Venda
SKU_1770_JAD,11/07/2025,Varejo,3,659.7,271.8,129.3,Venda
SKU_1655_SNO,11/07/2025,Atacado,5,3224.5,1570.65,330.77,Venda
SKU_1783_BAB,11/07/2025,E-commerce,1,1199.9,552.79,647.11,Venda
SKU_1757_TUR,11/07/2025,E-commerce,1,264.9,105.61,159.29,Venda
SKU_1692_BLU,11/07/2025,Varejo,1,219.9,102.65,117.25,Venda
SKU_1685_COB,11/07/2025,Atacado,4,2659.6,1457.88,300.43,Venda
SKU_1741_PIN,11/07/2025,Atacado,3,719.7,308.01,137.23,Venda
SKU_1752_SNO,11/07/2025,Atacado,3,1289.7,619.02,223.56,Venda
SKU_1753_WHI,11/07/2025,E-commerce,1,789.9,384.27,405.63,Venda
SKU_1765_PAS,11/07/2025,Varejo,2,519.8,207.78,156.01,Venda
SKU_1646_BLU,11/07/2025,Atacado,4,819.6,362.0,114.4,Venda
SKU_1796_SHO,11/07/2025,Atacado,6,3029.4,1435.14,265.71,Venda
SKU_1699_COB,11/07/2025,Varejo,1,329.9,151.81,178.09,Venda
SKU_1553_HOT,11/07/2025,Varejo,1,254.9,82.9,172.0,Venda
SKU_1739_MOS,11/07/2025,Varejo,1,254.9,115.27,139.63,Venda
SKU_1727_WHI,11/07/2025,Atacado,5,774.5,345.5,85.8,Venda
SKU_1699_CLO,11/07/2025,Atacado,3,989.7,482.46,169.08,Venda
SKU_1763_HOT,11/07/2025,Atacado,3,899.7,452.79,148.97,Venda
SKU_1430_PEA,11/07/2025,Varejo,1,179.9,81.64,98.26,Venda
SKU_1764_MAR,11/07/2025,Varejo,2,469.8,156.1,156.85,Venda
SKU_1739_MOS,11/07/2025,Varejo,2,509.8,253.16,128.32,Venda
SKU_1585_BLA,11/07/2025,Varejo,1,319.9,120.14,199.76,Venda
SKU_1794_FLA,11/07/2025,Varejo,2,419.8,184.5,117.65,Venda
SKU_1769_WHI,11/07/2025,Atacado,5,1624.5,822.75,160.35,Venda
SKU_1742_DEN,11/07/2025,Varejo,4,1039.6,495.32,136.07,Venda
SKU_1731_MIN,11/07/2025,Atacado,5,4549.5,2194.65,470.97,Venda
SKU_1719_WHI,11/07/2025,E-commerce,1,319.9,99.33,220.57,Venda
SKU_1509_HOT,11/07/2025,Varejo,1,319.9,137.95,181.95,Venda
SKU_1791_ARM,11/07/2025,Atacado,2,529.8,273.38,128.21,Venda
SKU_1515_SEA,11/07/2025,Varejo,1,194.9,79.77,115.13,Venda
SKU_1728_MID,11/07/2025,Atacado,3,989.7,472.77,172.31,Venda
SKU_1461_PRI,11/07/2025,Atacado,5,5349.5,2524.7,564.96,Venda
SKU_1768_MIN,11/07/2025,Varejo,2,1249.8,459.96,394.92,Venda
SKU_1713_SAL,11/07/2025,Atacado,2,1009.8,450.18,279.81,Venda
SKU_1560_CRE,11/07/2025,Varejo,1,224.9,76.25,148.65,Venda
SKU_1407_OFF,11/07/2025,Varejo,1,214.9,75.81,139.09,Venda
SKU_1681_OFF,11/07/2025,Varejo,1,234.9,107.23,127.67,Venda
SKU_1747_TEA,11/07/2025,Atacado,5,874.5,413.05,92.29,Venda
SKU_1786_TEA,11/07/2025,Atacado,5,899.5,487.4,82.42,Venda
SKU_1763_MAR,11/07/2025,Varejo,1,299.9,137.5,162.4,Venda
SKU_1714_DEE,11/07/2025,Varejo,1,304.9,129.61,175.29,Venda
SKU_1773_FRE,11/07/2025,Varejo,1,324.9,145.19,179.71,Venda
SKU_1737_DEE,11/07/2025,Varejo,1,769.9,336.98,432.92,Venda
SKU_1787_BAB,11/07/2025,E-commerce,1,289.9,124.64,165.26,Venda
SKU_1801_MOS,11/07/2025,Varejo,1,374.9,123.31,251.59,Venda
SKU_1798_MOS,11/07/2025,E-commerce,1,419.9,147.95,271.95,Venda
SKU_1778_MIN,11/07/2025,Varejo,1,284.9,119.1,165.8,Venda
SKU_1701_SPA,11/07/2025,Varejo,1,339.9,162.9,177.0,Venda
SKU_1708_FRE,11/07/2025,E-commerce,2,339.8,108.36,115.72,Venda
SKU_1795_RAS,11/07/2025,Atacado,2,599.8,329.3,135.25,Venda
SKU_1739_AQU,11/07/2025,Varejo,1,254.9,85.27,169.63,Venda
SKU_1747_TEA,11/07/2025,Atacado,8,1399.2,634.0,95.65,Venda
SKU_1442_OFF,11/07/2025,Varejo,1,289.9,122.33,167.57,Venda
SKU_1744_EME,11/07/2025,Atacado,4,1059.6,556.48,125.78,Venda
SKU_1767_FUC,11/07/2025,Varejo,1,204.9,62.36,142.54,Venda
SKU_1721_FRE,11/07/2025,Varejo,1,419.9,130.05,289.85,Venda
SKU_1774_COB,11/07/2025,Varejo,1,204.9,98.11,106.79,Venda
SKU_1580_WHI,11/07/2025,Varejo,1,189.9,92.12,97.78,Venda
SKU_1702_LIG,11/07/2025,E-commerce,1,619.9,234.99,384.91,Venda
SKU_1708_FLA,11/07/2025,Varejo,2,339.8,131.38,104.21,Venda
SKU_1788_EME,11/07/2025,Varejo,1,249.9,86.81,163.09,Venda
SKU_1724_PIN,11/07/2025,Atacado,3,3344.7,1486.68,619.34,Venda
SKU_1788_MYS,11/07/2025,Atacado,4,999.6,529.6,117.5,Venda
SKU_1581_BIR,11/07/2025,E-commerce,1,854.9,283.31,571.59,Venda
SKU_1688_WHI,11/07/2025,Varejo,1,429.9,156.84,273.06,Venda
SKU_1717_CRE,11/07/2025,E-commerce,1,259.9,105.64,154.26,Venda
SKU_1717_MIN,11/07/2025,Varejo,1,259.9,90.53,169.37,Venda
SKU_1777_FRE,11/07/2025,Atacado,6,1439.4,693.36,124.34,Venda
SKU_1775_PAL,11/07/2025,Atacado,6,1679.4,801.36,146.34,Venda
SKU_1744_LIG,11/07/2025,Atacado,5,1324.5,801.95,104.51,Venda
SKU_1777_TUR,11/07/2025,Atacado,8,1919.2,1009.28,113.74,Venda
SKU_1509_MAG,11/07/2025,Atacado,4,1279.6,610.72,167.22,Venda
SKU_1694_SER,11/07/2025,Varejo,1,279.9,93.58,186.32,Venda
SKU_1799_POW,11/07/2025,Varejo,1,269.9,113.66,156.24,Venda
SKU_1793_MIN,11/07/2025,Atacado,3,569.7,310.5,86.4,Venda
SKU_1687_FOR,11/07/2025,Atacado,2,1799.8,869.04,465.38,Venda
SKU_1768_PEA,11/07/2025,Atacado,2,1249.8,561.58,344.11,Venda
SKU_1680_SEA,11/07/2025,Atacado,5,1674.5,850.2,164.86,Venda
SKU_1738_BLU,11/07/2025,Atacado,10,1949.0,904.3,104.47,Venda
SKU_1683_PAL,11/07/2025,E-commerce,1,314.9,106.35,208.55,Venda
SKU_1681_OFF,11/07/2025,Varejo,1,234.9,89.18,145.72,Venda
SKU_1800_MOS,11/07/2025,Varejo,1,279.9,119.4,160.5,Venda
SKU_1777_FRE,11/07/2025,E-commerce,1,239.9,76.01,163.89,Venda
SKU_1568_PIN,11/07/2025,Varejo,2,469.8,213.34,128.23,Venda
SKU_1656_FUC,11/07/2025,Atacado,12,2818.8,1280.4,128.2,Venda
SKU_1690_MAG,11/07/2025,E-commerce,1,539.9,254.4,285.5,Venda
SKU_1741_PEA,11/07/2025,Varejo,1,239.9,83.37,156.53,Venda
SKU_1700_HUN,11/07/2025,Atacado,4,2799.6,1334.6,366.25,Venda
SKU_1766_MYS,11/07/2025,Varejo,1,394.9,181.47,213.43,Venda
SKU_1566_PEA,11/07/2025,Atacado,4,4139.6,1932.44,551.79,Venda
SKU_1650_EGR,11/07/2025,Varejo,1,1004.9,391.48,613.42,Venda
SKU_1548_HOT,11/07/2025,E-commerce,1,474.9,166.51,308.39,Venda
SKU_1416_AQU,11/07/2025,Varejo,2,559.8,250.82,154.49,Venda
SKU_1694_SER,11/07/2025,E-commerce,1,279.9,96.34,183.56,Venda
SKU_1602_PAS,11/07/2025,Varejo,1,229.9,94.65,135.25,Venda
SKU_1555_RAS,11/07/2025,E-commerce,1,189.9,62.18,127.72,Venda
SKU_1734_BRI,11/07/2025,Atacado,10,3499.0,1670.6,182.84,Venda
SKU_1718_DUS,11/07/2025,Atacado,5,1849.5,827.55,204.39,Venda
SKU_1759_CLE,11/07/2025,Atacado,6,1619.4,775.44,140.66,Venda
SKU_1645_MYS,11/07/2025,E-commerce,1,399.9,158.01,241.89,Venda
SKU_1734_BRI,11/07/2025,E-commerce,1,349.9,133.01,216.89,Venda
SKU_1779_LIG,11/07/2025,Varejo,1,214.9,72.41,142.49,Venda
SKU_1727_LIG,11/07/2025,Varejo,1,154.9,73.69,81.21,Venda
SKU_1557_TUR,11/07/2025,Varejo,1,199.9,61.8,138.1,Venda
SKU_1672_TEA,11/07/2025,Atacado,8,2359.2,1349.52,126.21,Venda
SKU_1755_AQU,11/07/2025,E-commerce,1,334.9,103.28,231.62,Venda
SKU_1613_BIR,11/07/2025,Atacado,6,1139.4,521.76,102.94,Venda
SKU_1673_PEA,11/07/2025,Varejo,1,409.9,176.64,233.26,Venda
SKU_1560_PAL,11/07/2025,E-commerce,3,674.7,277.47,132.41,Venda
SKU_1691_HUN,11/07/2025,Varejo,1,309.9,113.87,196.03,Venda
SKU_1398_SPA,11/07/2025,Atacado,3,2024.7,1112.73,303.99,Venda
SKU_1793_WHI,11/07/2025,Varejo,1,189.9,66.25,123.65,Venda
SKU_1765_PAS,11/07/2025,E-commerce,2,519.8,226.56,146.62,Venda
SKU_1751_MIN,11/07/2025,Varejo,1,329.9,131.81,198.09,Venda
SKU_1708_FRE,11/07/2025,Varejo,1,169.9,63.09,106.81,Venda
SKU_1790_ROY,11/07/2025,Varejo,1,259.9,125.82,134.08,Venda
SKU_1771_PIN,11/07/2025,Atacado,8,2119.2,1118.72,125.06,Venda
SKU_1727_LIG,11/07/2025,Varejo,1,154.9,74.75,80.15,Venda
SKU_1472_EME,11/07/2025,Varejo,2,939.8,398.06,270.87,Venda
SKU_1689_IVO,11/07/2025,E-commerce,1,964.9,477.63,487.27,Venda
SKU_1738_BLU,11/07/2025,Atacado,3,584.7,280.38,101.44,Venda
SKU_1719_OFF,11/07/2025,Atacado,3,959.7,420.87,179.61,Venda
SKU_1730_OFF,11/07/2025,Atacado,12,3838.8,2066.28,147.71,Venda
SKU_1771_PIN,11/07/2025,Atacado,8,2119.2,1182.08,117.14,Venda
SKU_1637_BLU,11/07/2025,E-commerce,1,919.9,380.22,539.68,Venda
SKU_1717_CRE,11/07/2025,E-commerce,1,259.9,80.29,179.61,Venda
SKU_1714_MID,11/07/2025,Varejo,1,304.9,127.13,177.77,Venda
SKU_1801_FLA,11/07/2025,Atacado,3,1124.7,557.85,188.95,Venda
SKU_1738_BLU,11/07/2025,E-commerce,1,194.9,93.78,101.12,Venda
SKU_1787_BAB,11/07/2025,Varejo,1,289.9,117.84,172.06,Venda
SKU_1711_VAN,11/07/2025,Varejo,1,994.9,348.69,646.21,Venda
SKU_1556_SAL,11/07/2025,Varejo,1,204.9,75.64,129.26,Venda
SKU_1644_PEA,11/07/2025,Atacado,4,1279.6,573.56,176.51,Venda
SKU_1800_MOS,11/07/2025,Atacado,5,1399.5,671.3,145.64,Venda
SKU_1780_AQU,11/07/2025,E-commerce,2,669.8,212.56,228.62,Venda
SKU_1773_OLI,11/07/2025,Varejo,1,324.9,143.75,181.15,Venda
SKU_1773_OLI,11/07/2025,Varejo,1,324.9,120.48,204.42,Venda
SKU_1544_OLI,11/07/2025,Varejo,1,199.9,85.1,114.8,Venda
SKU_1740_OLI,11/07/2025,Atacado,10,2149.0,1027.7,112.13,Venda
SKU_1717_CRE,11/07/2025,Atacado,5,1299.5,607.25,138.45,Venda
SKU_1768_MIN,11/07/2025,Varejo,1,624.9,191.56,433.34,Venda
SKU_1734_FRE,11/07/2025,Atacado,3,1049.7,462.09,195.87,Venda
SKU_1756_BUB,11/07/2025,Atacado,6,1079.4,567.54,85.31,Venda
SKU_1610_PRI,11/07/2025,Atacado,10,1849.0,1007.4,84.16,Venda
SKU_1728_MID,11/07/2025,Varejo,1,329.9,143.31,186.59,Venda
SKU_1742_EME,11/07/2025,Atacado,5,1299.5,579.7,143.96,Venda
SKU_1780_AQU,11/07/2025,Atacado,5,1674.5,823.1,170.28,Venda
SKU_1690_MAG,11/07/2025,Atacado,4,2159.6,955.52,301.02,Venda
SKU_1778_MIN,11/07/2025,Varejo,1,284.9,124.91,159.99,Venda
SKU_1555_FUC,11/07/2025,Atacado,2,379.8,161.9,108.95,Venda
SKU_1730_OFF,11/07/2025,Atacado,10,3199.0,1817.6,138.14,Venda
SKU_1647_ARM,11/07/2025,Atacado,4,1359.6,661.84,174.44,Venda
SKU_1761_MOS,11/07/2025,Atacado,12,13258.8,5749.44,625.78,Venda
SKU_1592_SAG,11/07/2025,E-commerce,1,209.9,90.83,119.07,Venda
SKU_1530_PEA,11/07/2025,Atacado,2,259.8,111.12,74.34,Venda
SKU_1766_MYS,11/07/2025,Varejo,2,789.8,249.52,270.14,Venda
SKU_1784_EGR,11/07/2025,Atacado,10,3099.0,1583.3,151.57,Venda
SKU_1687_FOR,11/07/2025,E-commerce,1,899.9,292.24,607.66,Venda
SKU_1559_SKY,11/07/2025,Varejo,1,1199.9,563.72,636.18,Venda
SKU_1725_BAB,11/07/2025,Varejo,2,489.8,218.5,135.65,Venda
SKU_1786_TEA,11/07/2025,Atacado,4,719.6,385.36,83.56,Venda
SKU_1703_BLU,11/07/2025,Varejo,1,269.9,95.08,174.82,Venda
SKU_1788_MYS,11/07/2025,Varejo,1,249.9,106.25,143.65,Venda
SKU_1745_PEA,11/07/2025,Varejo,2,819.8,317.14,251.33,Venda
SKU_1734_BRI,11/07/2025,Varejo,1,349.9,168.57,181.33,Venda
SKU_1681_PIS,11/07/2025,Atacado,4,939.6,449.36,122.56,Venda
SKU_1771_PIN,11/07/2025,Varejo,1,264.9,110.93,153.97,Venda
SKU_1722_AQU,11/07/2025,Atacado,3,974.7,448.98,175.24,Venda
SKU_1787_BAB,11/07/2025,Atacado,3,869.7,388.83,160.29,Venda
SKU_1758_HON,11/07/2025,Varejo,1,179.9,62.28,117.62,Venda
SKU_1748_BAB,11/07/2025,E-commerce,1,309.9,120.49,189.41,Venda
SKU_1734_FRE,11/07/2025,Atacado,6,2099.4,1001.4,183.0,Venda
SKU_1777_TUR,11/07/2025,Atacado,8,1919.2,1016.56,112.83,Venda
SKU_1400_PAL,11/07/2025,Atacado,6,1259.4,542.46,119.49,Venda
SKU_1715_JAD,11/07/2025,Varejo,3,659.7,266.07,131.21,Venda
SKU_1582_WHI,11/07/2025,Varejo,1,229.9,91.33,138.57,Venda
SKU_1786_TEA,11/07/2025,Atacado,2,359.8,186.88,86.46,Venda
SKU_1731_ARM,11/07/2025,Atacado,2,1819.8,963.66,428.07,Venda
SKU_1688_WHI,11/07/2025,Varejo,1,429.9,213.03,216.87,Venda
SKU_1763_HOT,11/07/2025,Atacado,4,1199.6,520.88,169.68,Venda
SKU_1743_DEE,11/07/2025,Varejo,1,439.9,162.13,277.77,Venda
SKU_1622_CLO,11/07/2025,Atacado,10,2699.0,1374.5,132.45,Venda
SKU_1614_IVO,11/07/2025,Atacado,3,1334.7,645.36,229.78,Venda
SKU_1719_OFF,11/07/2025,E-commerce,1,319.9,142.07,177.83,Venda
SKU_1756_FLA,11/07/2025,Atacado,3,539.7,228.51,103.73,Venda
SKU_1801_FLA,11/07/2025,Varejo,1,374.9,153.14,221.76,Venda
SKU_1708_FLA,11/07/2025,Atacado,2,339.8,169.86,84.97,Venda
SKU_1709_CRE,11/07/2025,Atacado,2,419.8,204.86,107.47,Venda
SKU_1746_NAV,11/07/2025,Atacado,10,1799.0,945.6,85.34,Venda
SKU_1584_FLA,11/07/2025,Atacado,10,1849.0,895.7,95.33,Venda
SKU_1719_OFF,11/07/2025,E-commerce,1,319.9,131.16,188.74,Venda
SKU_1776_PAS,11/07/2025,Atacado,4,1319.6,557.96,190.41,Venda
SKU_1703_BLU,11/07/2025,Atacado,5,1349.5,656.9,138.52,Venda
SKU_1787_BAB,11/07/2025,Atacado,2,579.8,332.6,123.6,Venda
SKU_1739_MOS,11/07/2025,Varejo,3,764.7,373.65,130.35,Venda
SKU_1710_MEX,11/07/2025,Varejo,1,809.9,328.97,480.93,Venda
SKU_1703_PAS,11/07/2025,Atacado,6,1619.4,768.9,141.75,Venda
SKU_1691_HUN,11/07/2025,Varejo,1,309.9,106.44,203.46,Venda
SKU_1698_PRI,11/07/2025,Atacado,5,2099.5,1032.0,213.5,Venda
SKU_1765_MYS,11/07/2025,Atacado,8,2079.2,1049.2,128.75,Venda
SKU_1789_EME,11/07/2025,Atacado,3,809.7,378.96,143.58,Venda
SKU_1795_HUN,11/07/2025,Varejo,1,299.9,109.42,190.48,Venda
SKU_1697_MIN,11/07/2025,E-commerce,1,219.9,91.22,128.68,Venda
SKU_1659_MOS,11/07/2025,Varejo,2,2049.8,716.92,666.44,Venda
SKU_1688_LIG,11/07/2025,Atacado,10,4299.0,2263.9,203.51,Venda
SKU_1797_BLU,11/07/2025,Atacado,5,1899.5,903.05,199.29,Venda
SKU_1728_MID,11/07/2025,Atacado,2,659.8,345.5,157.15,Venda
SKU_1728_MID,11/07/2025,Atacado,10,3299.0,1725.3,157.37,Venda
SKU_1713_SAL,11/07/2025,Atacado,5,2524.5,1223.7,260.16,Venda
SKU_1682_OLI,11/07/2025,Varejo,1,234.9,90.77,144.13,Venda
SKU_1536_MOS,11/07/2025,Atacado,3,1034.7,440.31,198.13,Venda
SKU_1681_OFF,11/07/2025,Atacado,2,469.8,221.4,124.2,Venda
SKU_1693_MEX,11/07/2025,Varejo,4,819.6,407.44,103.04,Venda
SKU_1784_EGR,11/07/2025,Atacado,4,1239.6,569.24,167.59,Venda
SKU_1792_AQU,11/07/2025,Atacado,4,1759.6,887.32,218.07,Venda
SKU_1751_BLU,11/07/2025,Atacado,5,1649.5,848.35,160.23,Venda
SKU_1787_BAB,11/07/2025,Varejo,1,289.9,125.9,164.0,Venda
SKU_1710_OLI,11/07/2025,Atacado,3,2429.7,1148.94,426.92,Venda
SKU_1716_SAL,11/07/2025,E-commerce,2,329.8,99.62,115.09,Venda
SKU_1567_POW,11/07/2025,Varejo,1,689.9,222.94,466.96,Venda
SKU_1745_PEA,11/07/2025,Varejo,1,409.9,146.04,263.86,Venda
SKU_1674_PAS,11/07/2025,Atacado,4,919.6,483.4,109.05,Venda
SKU_1750_SNO,11/07/2025,E-commerce,1,369.9,113.15,256.75,Venda
SKU_1791_ARM,11/07/2025,Varejo,1,264.9,125.54,139.36,Venda
SKU_1698_SNO,11/07/2025,Atacado,2,839.8,452.32,193.74,Venda
SKU_1699_COB,11/07/2025,Atacado,4,1319.6,624.88,173.68,Venda
SKU_1519_TEA,11/07/2025,Atacado,6,3779.4,1822.32,326.18,Venda
SKU_1628_PEA,11/07/2025,Varejo,2,1099.8,464.7,317.55,Venda
SKU_1795_RAS,11/07/2025,Atacado,4,1199.6,574.08,156.38,Venda
SKU_1637_BLU,11/07/2025,Atacado,3,2759.7,1450.83,436.29,Venda
SKU_1455_TEA,11/07/2025,Atacado,4,1339.6,676.48,165.78,Venda
SKU_1762_DEN,11/07/2025,Varejo,1,254.9,77.54,177.36,Venda
SKU_1702_LIG,11/07/2025,Varejo,1,619.9,240.43,379.47,Venda
SKU_1764_MAR,11/07/2025,Atacado,3,704.7,396.75,102.65,Venda
SKU_1705_JAD,11/07/2025,E-commerce,1,409.9,201.73,208.17,Venda
SKU_1547_IVO,11/07/2025,Varejo,2,659.8,245.1,207.35,Venda
SKU_1778_TEA,11/07/2025,Atacado,3,854.7,455.76,132.98,Venda
SKU_1751_MIN,11/07/2025,Varejo,2,659.8,282.96,188.42,Venda
SKU_1690_MYS,11/07/2025,Atacado,5,2699.5,1533.8,233.14,Venda
SKU_1702_COR,11/07/2025,Varejo,1,619.9,222.27,397.63,Venda
SKU_1740_FRE,11/07/2025,Varejo,2,429.8,214.3,107.75,Venda
SKU_1740_FRE,11/07/2025,Varejo,4,859.6,294.76,141.21,Venda
SKU_1736_PAS,11/07/2025,Varejo,1,324.9,127.96,196.94,Venda
SKU_1509_MAG,11/07/2025,Atacado,4,1279.6,553.76,181.46,Venda
SKU_1748_BAB,11/07/2025,Atacado,4,1239.6,600.52,159.77,Venda
SKU_1688_WHI,11/07/2025,Atacado,4,1719.6,893.28,206.58,Venda
SKU_1760_OFF,11/07/2025,Varejo,1,249.9,121.84,128.06,Venda
SKU_1630_SNO,11/07/2025,E-commerce,1,334.9,151.45,183.45,Venda
SKU_1793_MIN,11/07/2025,E-commerce,1,189.9,75.98,113.92,Venda
SKU_1797_GAR,11/07/2025,Atacado,8,3039.2,1486.48,194.09,Venda
SKU_1492_SKY,11/07/2025,Varejo,1,374.9,133.42,241.48,Venda
SKU_1691_ROS,11/07/2025,Atacado,10,3099.0,1706.8,139.22,Venda
SKU_1552_CLE,11/07/2025,Atacado,2,1319.8,624.8,347.5,Venda
SKU_1593_LIG,11/07/2025,E-commerce,1,144.9,49.56,95.34,Venda
SKU_1526_POW,11/07/2025,Varejo,1,169.9,67.31,102.59,Venda
SKU_1531_TEA,11/07/2025,E-commerce,1,549.9,165.03,384.87,Venda
SKU_1731_ARM,11/07/2025,Varejo,1,909.9,300.12,609.78,Venda
SKU_1742_EME,11/07/2025,Atacado,4,1039.6,518.84,130.19,Venda
SKU_1435_SKY,11/07/2025,Atacado,5,5049.5,2588.3,492.24,Venda
SKU_1736_JAD,11/07/2025,Varejo,3,974.7,383.49,197.07,Venda
SKU_1745_FOR,11/07/2025,Varejo,1,409.9,191.45,218.45,Venda
SKU_1537_SAP,11/07/2025,Atacado,5,1274.5,538.25,147.25,Venda
SKU_1689_IVO,11/07/2025,Atacado,5,4824.5,2530.75,458.75,Venda
SKU_1621_PAS,11/07/2025,Atacado,6,1409.4,772.08,106.22,Venda
SKU_1710_MEX,11/07/2025,Varejo,1,809.9,311.47,498.43,Venda
SKU_1594_BAL,11/07/2025,Varejo,1,499.9,189.29,310.61,Venda
SKU_1551_ROS,11/07/2025,Varejo,1,219.9,67.51,152.39,Venda
SKU_1745_PEA,11/07/2025,E-commerce,1,409.9,181.64,228.26,Venda
SKU_1557_TUR,11/07/2025,Atacado,2,399.8,195.56,102.12,Venda
SKU_1433_OLI,11/07/2025,Varejo,2,629.8,311.58,159.11,Venda
SKU_1692_OLI,11/07/2025,Varejo,2,439.8,182.92,128.44,Venda
SKU_1496_PAS,11/07/2025,Atacado,3,3404.7,1734.45,556.75,Venda
SKU_1720_PAL,11/07/2025,Atacado,4,899.6,446.2,113.35,Venda
SKU_1750_MIN,11/07/2025,E-commerce,1,369.9,143.2,226.7,Venda
SKU_1477_EME,11/07/2025,Atacado,8,1799.2,853.68,118.19,Venda
SKU_1492_BIR,11/07/2025,Varejo,2,749.8,310.34,219.73,Venda
SKU_1780_LIG,11/07/2025,Varejo,2,669.8,283.64,193.08,Venda
SKU_1743_CLO,11/07/2025,Varejo,1,439.9,160.37,279.53,Venda
SKU_1793_WHI,11/07/2025,Atacado,5,949.5,501.6,89.58,Venda
SKU_1769_WHI,11/07/2025,E-commerce,1,324.9,145.6,179.3,Venda
SKU_1756_BUB,11/07/2025,Atacado,6,1079.4,552.24,87.86,Venda
SKU_1509_MAG,11/07/2025,Varejo,1,319.9,154.93,164.97,Venda
SKU_1688_LIG,11/07/2025,Varejo,2,859.8,289.22,285.29,Venda
SKU_1714_MID,11/07/2025,Varejo,1,304.9,109.62,195.28,Venda
SKU_1801_FLA,11/07/2025,Atacado,5,1874.5,924.55,189.99,Venda
SKU_1464_MOS,11/07/2025,Atacado,6,1379.4,728.58,108.47,Venda
SKU_1588_CRE,11/07/2025,Varejo,1,489.9,205.78,284.12,Venda
SKU_1700_HUN,11/07/2025,Atacado,12,8398.8,3989.28,367.46,Venda
SKU_1754_IVO,11/07/2025,Atacado,6,2039.4,873.0,194.4,Venda
SKU_1717_CRE,11/07/2025,Varejo,1,259.9,125.6,134.3,Venda
SKU_1644_BAB,11/07/2025,Atacado,8,2559.2,1312.32,155.86,Venda
SKU_1757_PIN,11/07/2025,Varejo,1,264.9,81.58,183.32,Venda
SKU_1779_LIG,11/07/2025,Varejo,1,214.9,68.8,146.1,Venda
SKU_1497_VAN,11/07/2025,Varejo,1,134.9,60.97,73.93,Venda
SKU_1765_MYS,11/07/2025,Varejo,1,259.9,79.9,180.0,Venda
SKU_1774_COB,11/07/2025,Varejo,1,204.9,63.65,141.25,Venda
SKU_1767_PRI,11/07/2025,Atacado,4,819.6,407.4,103.05,Venda
SKU_1727_LIG,11/07/2025,Varejo,1,154.9,54.81,100.09,Venda
SKU_1616_COR,11/07/2025,Atacado,6,6149.4,2946.06,533.89,Venda
SKU_1713_SAL,11/07/2025,Atacado,6,3029.4,1652.4,229.5,Venda
SKU_1791_ARM,11/07/2025,Atacado,6,1589.4,673.32,152.68,Venda
SKU_1789_SNO,11/07/2025,Atacado,5,1349.5,664.3,137.04,Venda
SKU_1701_BLU,11/07/2025,Atacado,3,1019.7,437.07,194.21,Venda
SKU_1735_COR,11/07/2025,Varejo,2,539.8,221.92,158.94,Venda
SKU_1697_MIN,11/07/2025,E-commerce,2,439.8,177.84,130.98,Venda
SKU_1795_HUN,11/07/2025,E-commerce,1,299.9,109.06,190.84,Venda
SKU_1757_PIN,11/07/2025,Atacado,3,794.7,440.58,118.04,Venda
SKU_1778_TEA,11/07/2025,Atacado,8,2279.2,1190.56,136.08,Venda
SKU_1778_TEA,11/07/2025,Atacado,12,3418.8,1502.64,159.68,Venda
SKU_1482_MOS,11/07/2025,Varejo,1,444.9,169.12,275.78,Venda
SKU_1729_FUC,11/07/2025,Varejo,1,174.9,78.65,96.25,Venda
SKU_1733_NAV,11/07/2025,Atacado,5,1749.5,789.75,191.95,Venda
SKU_1790_ROY,11/07/2025,E-commerce,3,779.7,317.13,154.19,Venda
SKU_1731_MIN,11/07/2025,E-commerce,1,909.9,406.85,503.05,Venda
SKU_1723_COB,11/07/2025,Varejo,3,1304.7,606.66,232.68,Venda
SKU_1703_PAS,11/07/2025,Varejo,1,269.9,126.6,143.3,Venda
SKU_1529_MIN,11/07/2025,Varejo,1,244.9,90.71,154.19,Venda
SKU_1701_BLU,11/07/2025,Atacado,5,1699.5,822.3,175.44,Venda
SKU_1691_HUN,11/07/2025,Atacado,5,1549.5,766.3,156.64,Venda
SKU_1693_FLA,11/07/2025,Atacado,2,409.8,195.12,107.34,Venda
SKU_1705_JAD,11/07/2025,Varejo,1,409.9,150.99,258.91,Venda
SKU_1583_BLU,11/07/2025,Varejo,1,254.9,77.28,177.62,Venda
SKU_1755_AQU,11/07/2025,Atacado,10,3349.0,1483.1,186.59,Venda
SKU_1774_COB,11/07/2025,Atacado,10,2049.0,1070.5,97.85,Venda
SKU_1394_EME,11/07/2025,Atacado,3,1409.7,615.63,264.69,Venda
SKU_1780_LIG,11/07/2025,Varejo,1,334.9,158.25,176.65,Venda
SKU_1732_WHI,11/07/2025,Varejo,1,1114.9,411.04,703.86,Venda
SKU_1791_ARM,11/07/2025,Atacado,4,1059.6,485.48,143.53,Venda
SKU_1763_HOT,11/07/2025,Varejo,2,599.8,297.74,151.03,Venda
SKU_1738_ROY,11/07/2025,Varejo,1,194.9,58.49,136.41,Venda
SKU_1800_MOS,11/07/2025,Atacado,8,2239.2,1013.36,153.23,Venda
SKU_1750_SNO,11/07/2025,Atacado,5,1849.5,917.45,186.41,Venda
SKU_1508_DEE,11/07/2025,Varejo,2,419.8,197.18,111.31,Venda
SKU_1588_CRE,11/07/2025,Varejo,1,489.9,227.01,262.89,Venda
SKU_1671_MIN,11/07/2025,E-commerce,1,349.9,112.59,237.31,Venda
SKU_1683_PAL,11/07/2025,Varejo,4,1259.6,453.64,201.49,Venda
SKU_1713_SNO,11/07/2025,Varejo,1,504.9,193.69,311.21,Venda
SKU_1705_SER,11/07/2025,Varejo,1,409.9,131.32,278.58,Venda
SKU_1751_BLU,11/07/2025,Atacado,8,2639.2,1367.68,158.94,Venda
SKU_1792_AQU,11/07/2025,Varejo,1,439.9,136.66,303.24,Venda
SKU_1794_FLA,11/07/2025,Atacado,5,1049.5,540.1,101.88,Venda
SKU_1783_BAB,11/07/2025,Varejo,1,1199.9,444.26,755.64,Venda
SKU_1698_SNO,11/07/2025,Varejo,1,419.9,139.34,280.56,Venda
SKU_1678_LIG,11/07/2025,Varejo,1,714.9,297.32,417.58,Venda
SKU_1694_PIS,11/07/2025,Atacado,4,1119.6,640.2,119.85,Venda
SKU_1723_MOS,11/07/2025,Varejo,2,869.8,276.28,296.76,Venda
SKU_1716_SAL,11/07/2025,Atacado,4,659.6,349.04,77.64,Venda
SKU_1640_IVO,11/07/2025,E-commerce,1,219.9,103.27,116.63,Venda
SKU_1715_JAD,11/07/2025,Varejo,2,439.8,185.76,127.02,Venda
SKU_1732_WHI,11/07/2025,Atacado,5,5574.5,2800.55,554.79,Venda
SKU_1711_VAN,11/07/2025,Varejo,2,1989.8,847.46,571.17,Venda
SKU_1537_BLA,11/07/2025,Atacado,5,1274.5,555.3,143.84,Venda
SKU_1787_BAB,11/07/2025,Varejo,1,289.9,138.56,151.34,Venda
SKU_1447_BLU,11/07/2025,Varejo,1,239.9,111.92,127.98,Venda
SKU_1589_TUR,11/07/2025,Varejo,3,2039.7,936.24,367.82,Venda
SKU_1709_MAR,11/07/2025,Atacado,5,1049.5,469.05,116.09,Venda
SKU_1738_BLU,11/07/2025,Varejo,1,194.9,94.13,100.77,Venda
SKU_1782_HUN,11/07/2025,Atacado,8,1999.2,845.04,144.27,Venda
SKU_1707_ARM,11/07/2025,E-commerce,1,279.9,87.96,191.94,Venda
SKU_1801_MOS,11/07/2025,Atacado,4,1499.6,695.72,200.97,Venda
SKU_1737_DEE,11/07/2025,Varejo,3,2309.7,871.29,479.47,Venda
SKU_1710_OLI,11/07/2025,Varejo,1,809.9,348.14,461.76,Venda
SKU_1695_LIM,11/07/2025,Atacado,4,839.6,364.64,118.74,Venda
SKU_1726_BUB,11/07/2025,E-commerce,1,429.9,178.33,251.57,Venda
SKU_1496_PAS,11/07/2025,Atacado,10,11349.0,5315.6,603.34,Venda
SKU_1718_DUS,11/07/2025,Atacado,4,1479.6,717.92,190.42,Venda
SKU_1713_SAL,11/07/2025,Atacado,5,2524.5,1144.35,276.03,Venda
SKU_1715_JAD,11/07/2025,E-commerce,1,219.9,94.78,125.12,Venda
SKU_1738_ROY,11/07/2025,Varejo,2,389.8,167.58,111.11,Venda
SKU_1754_SER,11/07/2025,Atacado,3,1019.7,494.1,175.2,Venda
SKU_1702_LIG,11/07/2025,Varejo,1,619.9,211.91,407.99,Venda
SKU_1714_MID,11/07/2025,E-commerce,1,304.9,135.87,169.03,Venda
SKU_1718_DUS,11/07/2025,Atacado,8,2959.2,1415.28,192.99,Venda
SKU_1752_SNO,11/07/2025,Atacado,8,3439.2,1768.48,208.84,Venda
SKU_1779_MIN,11/07/2025,Atacado,8,1719.2,872.32,105.86,Venda
SKU_1571_BIR,11/07/2025,Atacado,6,1499.4,782.52,119.48,Venda
SKU_1719_OFF,11/07/2025,E-commerce,1,319.9,157.99,161.91,Venda
SKU_1752_SNO,11/07/2025,Atacado,4,1719.6,812.96,226.66,Venda
SKU_1495_FUC,11/07/2025,Varejo,1,329.9,102.6,227.3,Venda
SKU_1797_BLU,11/07/2025,Atacado,2,759.8,376.3,191.75,Venda
SKU_1768_PEA,11/07/2025,Atacado,5,3124.5,1497.75,325.35,Venda
SKU_1718_DUS,11/07/2025,E-commerce,1,369.9,147.34,222.56,Venda
SKU_1611_MID,11/07/2025,Varejo,1,219.9,95.65,124.25,Venda
SKU_1696_SER,11/07/2025,Atacado,6,1679.4,805.02,145.73,Venda
SKU_1587_LIG,11/07/2025,Atacado,4,919.6,488.68,107.73,Venda
SKU_1688_WHI,11/07/2025,Atacado,5,2149.5,1008.55,228.19,Venda
SKU_1783_EGR,11/07/2025,E-commerce,1,1199.9,528.1,671.8,Venda
SKU_1755_BIR,11/07/2025,Varejo,3,1004.7,451.17,184.51,Venda
SKU_1684_SHO,11/07/2025,Varejo,1,184.9,72.88,112.02,Venda
SKU_1535_MOS,11/07/2025,Atacado,10,3049.0,1590.1,145.89,Venda
SKU_1613_BIR,11/07/2025,Varejo,2,379.8,183.36,98.22,Venda
SKU_1744_LIG,11/07/2025,Atacado,6,1589.4,881.16,118.04,Venda
SKU_1738_ROY,11/07/2025,Varejo,1,194.9,96.35,98.55,Venda
SKU_1682_OLI,11/07/2025,Varejo,1,234.9,95.24,139.66,Venda
SKU_1696_SHO,11/07/2025,Atacado,6,1679.4,728.94,158.41,Venda
SKU_1687_FOR,11/07/2025,Varejo,1,899.9,277.72,622.18,Venda
SKU_1754_IVO,11/07/2025,E-commerce,1,339.9,115.44,224.46,Venda
SKU_1628_POW,11/07/2025,Atacado,4,2199.6,1051.32,287.07,Venda
SKU_1494_HOT,11/07/2025,Atacado,5,5424.5,2746.3,535.64,Venda
SKU_1621_PAS,11/07/2025,Atacado,5,1174.5,608.4,113.22,Venda
SKU_1714_MID,11/07/2025,Atacado,2,609.8,317.58,146.11,Venda
SKU_1777_FRE,11/07/2025,Varejo,1,239.9,114.69,125.21,Venda
SKU_1708_FRE,11/07/2025,Atacado,5,849.5,357.55,98.39,Venda
SKU_1556_SAL,11/07/2025,Atacado,8,1639.2,723.2,114.5,Venda
SKU_1774_COB,11/07/2025,Varejo,1,204.9,89.52,115.38,Venda
SKU_1753_PAL,11/07/2025,Varejo,1,789.9,310.92,478.98,Venda
SKU_1724_PEA,11/07/2025,Atacado,6,6689.4,3478.86,535.09,Venda
SKU_1786_POW,11/07/2025,Varejo,2,359.8,113.44,123.18,Venda
SKU_1741_PEA,11/07/2025,Varejo,1,239.9,110.81,129.09,Venda
SKU_1621_PAS,11/07/2025,Atacado,6,1409.4,653.28,126.02,Venda
SKU_1664_MIN,11/07/2025,Atacado,8,2639.2,1162.8,184.55,Venda
SKU_1737_SAG,11/07/2025,Atacado,6,4619.4,2072.28,424.52,Venda
SKU_1736_PAS,11/07/2025,Varejo,4,1299.6,448.12,212.87,Venda
SKU_1791_IVO,11/07/2025,Atacado,4,1059.6,510.28,137.33,Venda
SKU_1725_OFF,11/07/2025,Atacado,6,1469.4,755.1,119.05,Venda
SKU_1498_LIG,11/07/2025,Varejo,1,339.9,121.2,218.7,Venda
SKU_1687_FOR,11/07/2025,Varejo,1,899.9,362.23,537.67,Venda
SKU_1797_BLU,11/07/2025,Atacado,10,3799.0,1784.4,201.46,Venda
SKU_1605_VAN,11/07/2025,Varejo,3,659.7,230.1,143.2,Venda
SKU_1550_PAL,11/07/2025,Atacado,2,329.8,160.64,84.58,Venda
SKU_1733_SAG,11/07/2025,Varejo,4,1399.6,581.24,204.59,Venda
SKU_1708_FLA,11/07/2025,E-commerce,1,169.9,57.69,112.21,Venda
SKU_1757_PIN,11/07/2025,Varejo,1,264.9,87.8,177.1,Venda
SKU_1711_ARM,11/07/2025,Varejo,1,994.9,385.11,609.79,Venda
SKU_1775_PAL,11/07/2025,Varejo,2,559.8,210.66,174.57,Venda
SKU_1800_SKY,11/07/2025,Varejo,1,279.9,84.45,195.45,Venda
SKU_1465_OFF,11/07/2025,Atacado,6,1889.4,979.8,151.6,Venda
SKU_1625_GAR,11/07/2025,Varejo,1,204.9,85.04,119.86,Venda
SKU_1665_RAS,11/07/2025,Atacado,12,2998.8,1462.08,128.06,Venda
SKU_1749_SNO,11/07/2025,Varejo,1,349.9,165.82,184.08,Venda
SKU_1721_COR,11/07/2025,Atacado,5,2099.5,1088.5,202.2,Venda
SKU_1796_SHO,11/07/2025,Atacado,6,3029.4,1273.98,292.57,Venda
SKU_1682_BIR,11/07/2025,Atacado,5,1174.5,579.3,119.04,Venda
SKU_1699_COB,11/07/2025,Atacado,2,659.8,341.96,158.92,Venda
SKU_1733_SAG,11/07/2025,Atacado,5,1749.5,858.4,178.22,Venda
SKU_1765_MYS,11/07/2025,Varejo,3,779.7,386.34,131.12,Venda
SKU_1726_BUB,11/07/2025,Atacado,10,4299.0,2022.6,227.64,Venda
SKU_1739_AQU,11/07/2025,Varejo,1,254.9,90.53,164.37,Venda
SKU_1675_DEN,11/07/2025,Varejo,1,764.9,272.87,492.03,Venda
SKU_1761_MOS,11/07/2025,Atacado,3,3314.7,1441.83,624.29,Venda
SKU_1448_SEA,11/07/2025,Varejo,1,179.9,73.48,106.42,Venda
SKU_1684_HON,11/07/2025,Atacado,10,1849.0,883.4,96.56,Venda
SKU_1758_HON,11/07/2025,E-commerce,1,179.9,78.8,101.1,Venda
SKU_1789_EME,11/07/2025,Varejo,2,539.8,162.0,188.9,Venda
SKU_1766_CLE,11/07/2025,Atacado,4,1579.6,824.96,188.66,Venda
SKU_1395_TUR,11/07/2025,Atacado,5,1449.5,744.05,141.09,Venda
SKU_1739_MOS,11/07/2025,Varejo,1,254.9,114.98,139.92,Venda
SKU_1705_JAD,11/07/2025,Varejo,1,409.9,171.63,238.27,Venda
SKU_1777_TUR,11/07/2025,Atacado,3,719.7,389.07,110.21,Venda
SKU_1720_PAL,11/07/2025,Varejo,1,224.9,98.22,126.68,Venda
SKU_1740_FRE,11/07/2025,Varejo,1,214.9,104.12,110.78,Venda
SKU_1764_MAR,11/07/2025,Varejo,1,234.9,100.91,133.99,Venda
SKU_1785_HUN,11/07/2025,Varejo,1,244.9,113.04,131.86,Venda
SKU_1713_SAL,11/07/2025,Atacado,2,1009.8,512.02,248.89,Venda
SKU_1491_GAR,11/07/2025,Atacado,4,539.6,274.64,66.24,Venda
SKU_1529_MIN,11/07/2025,Varejo,2,489.8,153.92,167.94,Venda
SKU_1708_FRE,11/07/2025,Atacado,2,339.8,168.88,85.46,Venda
SKU_1728_MID,11/07/2025,Varejo,1,329.9,131.47,198.43,Venda
SKU_1703_PAS,11/07/2025,Varejo,2,539.8,255.7,142.05,Venda
SKU_1691_HUN,11/07/2025,Atacado,2,619.8,349.42,135.19,Venda
SKU_1760_OFF,11/07/2025,Varejo,1,249.9,74.97,174.93,Venda
SKU_1697_MIN,11/07/2025,Varejo,3,659.7,276.81,127.63,Venda
SKU_1800_MOS,11/07/2025,Atacado,5,1399.5,669.3,146.04,Venda
SKU_1722_AQU,11/07/2025,Atacado,6,1949.4,971.58,162.97,Venda
SKU_1786_TEA,11/07/2025,Varejo,3,539.7,267.69,90.67,Venda
SKU_1726_PAS,11/07/2025,Atacado,10,4299.0,2230.2,206.88,Venda
SKU_1714_DEE,11/07/2025,Atacado,5,1524.5,957.0,113.5,Venda
SKU_1731_ARM,11/07/2025,Atacado,4,3639.6,1809.4,457.55,Venda
SKU_1721_COR,11/07/2025,Varejo,1,419.9,178.93,240.97,Venda
SKU_1481_TEA,11/07/2025,Atacado,4,3239.6,1704.04,383.89,Venda
SKU_1523_HOT,11/07/2025,Varejo,1,374.9,133.88,241.02,Venda
SKU_1757_PIN,11/07/2025,Atacado,6,1589.4,751.08,139.72,Venda
SKU_1504_NAV,11/07/2025,Atacado,10,3399.0,1739.1,165.99,Venda
SKU_1453_PRI,11/07/2025,Atacado,3,704.7,350.49,118.07,Venda
SKU_1685_COB,11/07/2025,Atacado,6,3989.4,2028.42,326.83,Venda
SKU_1701_SPA,11/07/2025,Varejo,1,339.9,148.65,191.25,Venda
SKU_1770_DEE,11/07/2025,Atacado,6,1319.4,719.4,100.0,Venda
SKU_1726_BUB,11/07/2025,Atacado,4,1719.6,724.16,248.86,Venda
SKU_1730_MIN,11/07/2025,Varejo,2,639.8,301.2,169.3,Venda
SKU_1621_FUC,11/07/2025,Atacado,10,2349.0,1150.2,119.88,Venda
SKU_1475_VAN,11/07/2025,Atacado,2,499.8,230.62,134.59,Venda
SKU_1717_CRE,11/07/2025,E-commerce,1,259.9,82.67,177.23,Venda
SKU_1775_PAL,11/07/2025,Varejo,2,559.8,220.28,169.76,Venda
SKU_1789_SNO,11/07/2025,Atacado,5,1349.5,647.5,140.4,Venda
SKU_1762_DEN,11/07/2025,E-commerce,1,254.9,76.51,178.39,Venda
SKU_1750_SNO,11/07/2025,E-commerce,1,369.9,133.56,236.34,Venda
SKU_1742_EME,11/07/2025,Varejo,3,779.7,360.93,139.59,Venda
SKU_1696_SHO,11/07/2025,Varejo,3,839.7,290.25,183.15,Venda
SKU_1681_OFF,11/07/2025,Atacado,5,1174.5,554.6,123.98,Venda
SKU_1499_HOT,11/07/2025,Atacado,6,1559.4,873.54,114.31,Venda
SKU_1708_FRE,11/07/2025,Varejo,2,339.8,156.08,91.86,Venda
SKU_1530_HON,11/07/2025,Atacado,3,389.7,205.35,61.45,Venda
SKU_1721_FRE,11/07/2025,Atacado,5,2099.5,1105.8,198.74,Venda
SKU_1799_POW,11/07/2025,Varejo,2,539.8,219.06,160.37,Venda
SKU_1532_EME,11/07/2025,Varejo,2,1959.8,908.02,525.89,Venda
SKU_1704_PEA,11/07/2025,Atacado,4,1339.6,590.08,187.38,Venda
SKU_1610_MEX,11/07/2025,Varejo,1,184.9,61.34,123.56,Venda
SKU_1799_POW,11/07/2025,Atacado,2,539.8,266.28,136.76,Venda
SKU_1633_DEN,11/07/2025,Atacado,6,1409.4,651.66,126.29,Venda
SKU_1395_BLA,11/07/2025,Atacado,5,1449.5,736.5,142.6,Venda
SKU_1761_MOS,11/07/2025,Varejo,1,1104.9,377.53,727.37,Venda
SKU_1474_DEN,11/07/2025,Atacado,5,5299.5,2506.45,558.61,Venda
SKU_1764_MAR,11/07/2025,E-commerce,1,234.9,98.93,135.97,Venda
SKU_1670_PEA,11/07/2025,Varejo,2,289.8,100.22,94.79,Venda
SKU_1735_COR,11/07/2025,Atacado,4,1079.6,533.44,136.54,Venda
SKU_1721_COR,11/07/2025,Atacado,5,2099.5,1053.8,209.14,Venda
SKU_1715_JAD,11/07/2025,Atacado,3,659.7,366.78,97.64,Venda
SKU_1767_PRI,11/07/2025,Varejo,1,204.9,69.12,135.78,Venda
SKU_1727_LIG,11/07/2025,Atacado,2,309.8,154.04,77.88,Venda
SKU_1792_MIN,11/07/2025,Varejo,1,439.9,185.16,254.74,Venda
SKU_1682_BIR,11/07/2025,Varejo,1,234.9,109.89,125.01,Venda
SKU_1747_FUC,11/07/2025,Varejo,1,174.9,85.56,89.34,Venda
SKU_1714_DEE,11/07/2025,Varejo,1,304.9,123.76,181.14,Venda
SKU_1724_PIN,11/07/2025,Atacado,4,4459.6,2382.2,519.35,Venda
SKU_1767_PRI,11/07/2025,Atacado,2,409.8,200.22,104.79,Venda
SKU_1742_DEN,11/07/2025,Atacado,8,2079.2,1068.88,126.29,Venda
SKU_1714_MID,11/07/2025,Varejo,2,609.8,302.54,153.63,Venda
SKU_1779_MIN,11/07/2025,Atacado,8,1719.2,771.68,118.44,Venda
SKU_1726_PAS,11/07/2025,Atacado,2,859.8,370.22,244.79,Venda
SKU_1673_FUC,11/07/2025,Atacado,6,2459.4,1210.14,208.21,Venda
SKU_1793_WHI,11/07/2025,Atacado,6,1139.4,503.64,105.96,Venda
SKU_1747_FUC,11/07/2025,Atacado,6,1049.4,486.66,93.79,Venda
SKU_1800_SKY,11/07/2025,Varejo,1,279.9,138.09,141.81,Venda
SKU_1767_PRI,11/07/2025,Varejo,1,204.9,94.63,110.27,Venda
SKU_1699_COB,11/07/2025,E-commerce,1,329.9,150.01,179.89,Venda
SKU_1469_SAL,11/07/2025,Varejo,2,589.8,210.1,189.85,Venda
SKU_1716_AQU,11/07/2025,Varejo,1,164.9,64.72,100.18,Venda
SKU_1694_SER,11/07/2025,Varejo,1,279.9,120.51,159.39,Venda
SKU_1763_MAR,11/07/2025,Atacado,8,2399.2,1188.64,151.32,Venda
SKU_1716_SAL,11/07/2025,Atacado,3,494.7,218.52,92.06,Venda
SKU_1763_HOT,11/07/2025,Varejo,1,299.9,146.66,153.24,Venda
SKU_1733_SAG,11/07/2025,Atacado,5,1749.5,879.9,173.92,Venda
SKU_1739_AQU,11/07/2025,E-commerce,1,254.9,76.71,178.19,Venda
SKU_1692_BLU,11/07/2025,Varejo,1,219.9,70.19,149.71,Venda
SKU_1729_CLE,11/07/2025,Atacado,12,2098.8,1043.04,87.98,Venda
SKU_1692_OLI,11/07/2025,E-commerce,1,219.9,83.83,136.07,Venda
SKU_1801_MOS,11/07/2025,Atacado,8,2999.2,1340.08,207.39,Venda
SKU_1418_CLE,11/07/2025,E-commerce,1,844.9,381.99,462.91,Venda
SKU_1794_FLA,11/07/2025,Atacado,2,419.8,220.2,99.8,Venda
SKU_1660_MAG,11/07/2025,E-commerce,2,629.8,214.48,207.66,Venda
SKU_1774_COB,11/07/2025,Atacado,2,409.8,192.94,108.43,Venda
SKU_1750_MIN,11/07/2025,Varejo,1,369.9,131.34,238.56,Venda
SKU_1788_EME,11/07/2025,E-commerce,1,249.9,104.5,145.4,Venda
SKU_1732_WHI,11/07/2025,Atacado,3,3344.7,1616.73,575.99,Venda
SKU_1725_BAB,11/07/2025,Atacado,8,1959.2,1032.88,115.79,Venda
SKU_1696_SHO,11/07/2025,Atacado,6,1679.4,877.44,133.66,Venda
SKU_1490_VAN,11/07/2025,Varejo,1,314.9,99.85,215.05,Venda
SKU_1727_LIG,11/07/2025,Atacado,6,929.4,411.06,86.39,Venda
SKU_1627_MOS,11/07/2025,Varejo,2,659.8,235.88,211.96,Venda
SKU_1707_SAP,11/07/2025,Atacado,4,1119.6,645.84,118.44,Venda
SKU_1468_MYS,11/07/2025,Varejo,1,529.9,165.64,364.26,Venda
SKU_1419_WHI,11/07/2025,Varejo,1,249.9,92.73,157.17,Venda
SKU_1744_LIG,11/07/2025,Varejo,1,264.9,92.1,172.8,Venda
SKU_1633_DEN,11/07/2025,Varejo,1,234.9,111.49,123.41,Venda
SKU_1683_SHO,11/07/2025,Varejo,1,314.9,100.41,214.49,Venda
SKU_1711_ARM,11/07/2025,Varejo,2,1989.8,981.38,504.21,Venda
SKU_1773_OLI,11/07/2025,E-commerce,1,324.9,137.86,187.04,Venda
SKU_1766_MYS,11/07/2025,Atacado,5,1974.5,1120.75,170.75,Venda
SKU_1709_MAR,11/07/2025,Atacado,10,2099.0,1059.3,103.97,Venda
SKU_1718_SEA,11/07/2025,Varejo,1,369.9,135.73,234.17,Venda
SKU_1762_DEN,11/07/2025,Atacado,5,1274.5,664.05,122.09,Venda
SKU_1624_PRI,11/07/2025,Atacado,3,629.7,326.94,100.92,Venda
SKU_1570_HON,11/07/2025,Atacado,4,2859.6,1228.28,407.83,Venda
SKU_1629_ARM,11/07/2025,Atacado,5,1274.5,535.65,147.77,Venda
SKU_1431_CRE,11/07/2025,Atacado,3,1109.7,563.13,182.19,Venda
SKU_1712_MOS,11/07/2025,Atacado,12,2158.8,1091.64,88.93,Venda
SKU_1563_MEX,11/07/2025,Atacado,8,1199.2,623.6,71.95,Venda
SKU_1753_WHI,11/07/2025,Varejo,1,789.9,393.19,396.71,Venda
SKU_1686_SKY,11/07/2025,Varejo,3,644.7,265.68,126.34,Venda
SKU_1738_ROY,11/07/2025,Varejo,1,194.9,89.53,105.37,Venda
SKU_1678_MAG,11/07/2025,Atacado,10,7149.0,3236.4,391.26,Venda
SKU_1773_FRE,11/07/2025,Atacado,4,1299.6,573.44,181.54,Venda
SKU_1414_CLO,11/07/2025,Varejo,3,1019.7,462.75,185.65,Venda
SKU_1462_MID,11/07/2025,Varejo,2,729.8,344.6,192.6,Venda
SKU_1416_CLE,11/07/2025,Atacado,4,1119.6,502.44,154.29,Venda
SKU_1762_DEN,11/07/2025,Atacado,3,764.7,323.82,146.96,Venda
SKU_1763_MAR,11/07/2025,E-commerce,1,299.9,118.1,181.8,Venda
SKU_1719_WHI,11/07/2025,Atacado,2,639.8,279.26,180.27,Venda
SKU_1549_PAS,11/07/2025,E-commerce,3,554.7,191.67,121.01,Venda
SKU_1800_MOS,11/07/2025,Varejo,1,279.9,94.57,185.33,Venda
SKU_1540_MAG,11/07/2025,Varejo,2,339.8,126.02,106.89,Venda
SKU_1771_EME,11/07/2025,E-commerce,1,264.9,93.05,171.85,Venda
SKU_1706_JAD,11/07/2025,Atacado,4,739.6,379.16,90.11,Venda
SKU_1728_EGR,11/07/2025,E-commerce,1,329.9,99.45,230.45,Venda
SKU_1747_FUC,11/07/2025,Atacado,5,874.5,498.5,75.2,Venda
SKU_1747_FUC,11/07/2025,Atacado,5,874.5,401.55,94.59,Venda
SKU_1765_MYS,11/07/2025,Varejo,1,259.9,120.85,139.05,Venda
SKU_1688_WHI,11/07/2025,Atacado,5,2149.5,1195.15,190.87,Venda
SKU_1699_CLO,11/07/2025,Varejo,1,329.9,120.45,209.45,Venda
SKU_1692_OLI,11/07/2025,E-commerce,1,219.9,106.46,113.44,Venda
SKU_1764_FUC,12/07/2025,Atacado,4,939.6,450.24,122.34,Venda
SKU_1736_JAD,12/07/2025,Varejo,1,324.9,159.96,164.94,Venda
SKU_1764_MAR,12/07/2025,Varejo,1,234.9,116.23,118.67,Venda
SKU_1645_MYS,12/07/2025,Varejo,1,399.9,122.18,277.72,Venda
SKU_1721_COR,12/07/2025,Varejo,1,419.9,169.13,250.77,Venda
SKU_1723_COB,12/07/2025,Atacado,10,4349.0,1995.0,235.4,Venda
SKU_1737_DEE,12/07/2025,E-commerce,1,769.9,370.03,399.87,Venda
SKU_1778_MIN,12/07/2025,Atacado,5,1424.5,677.5,149.4,Venda
SKU_1746_NAV,12/07/2025,E-commerce,1,179.9,61.43,118.47,Venda
SKU_1708_FLA,12/07/2025,Atacado,12,2038.8,1095.84,78.58,Venda
SKU_1704_PEA,12/07/2025,Atacado,4,1339.6,653.04,171.64,Venda
SKU_1775_PAS,12/07/2025,Varejo,1,279.9,105.05,174.85,Venda
SKU_1560_CRE,12/07/2025,Atacado,2,449.8,195.02,127.39,Venda
SKU_1703_BLU,12/07/2025,Atacado,12,3238.8,1701.0,128.15,Venda
SKU_1729_CLE,12/07/2025,Varejo,1,174.9,65.21,109.69,Venda
SKU_1801_FLA,12/07/2025,Atacado,4,1499.6,810.72,172.22,Venda
SKU_1722_PAS,12/07/2025,Atacado,5,1624.5,848.65,155.17,Venda
SKU_1687_FOR,12/07/2025,Varejo,3,2699.7,1198.89,500.27,Venda
SKU_1782_HUN,12/07/2025,E-commerce,1,249.9,93.68,156.22,Venda
SKU_1626_BAB,12/07/2025,E-commerce,1,539.9,196.1,343.8,Venda
SKU_1801_FLA,12/07/2025,Atacado,6,2249.4,986.58,210.47,Venda
SKU_1736_PAS,12/07/2025,Atacado,8,2599.2,1250.4,168.6,Venda
SKU_1464_MOS,12/07/2025,Varejo,4,919.6,334.08,146.38,Venda
SKU_1735_MOS,12/07/2025,Varejo,1,269.9,109.44,160.46,Venda
SKU_1720_PAS,12/07/2025,Atacado,2,449.8,189.08,130.36,Venda
SKU_1629_CLO,12/07/2025,Atacado,12,3058.8,1328.64,144.18,Venda
SKU_1703_BLU,12/07/2025,Varejo,1,269.9,103.0,166.9,Venda
SKU_1743_DEE,12/07/2025,E-commerce,1,439.9,138.36,301.54,Venda
SKU_1724_PIN,12/07/2025,Varejo,2,2229.8,847.38,691.21,Venda
SKU_1758_HON,12/07/2025,Atacado,5,899.5,387.55,102.39,Venda
SKU_1719_WHI,12/07/2025,Atacado,6,1919.4,875.82,173.93,Venda
SKU_1791_IVO,12/07/2025,Varejo,1,264.9,111.11,153.79,Venda
SKU_1708_FLA,12/07/2025,Atacado,3,509.7,269.55,80.05,Venda
SKU_1637_WHI,12/07/2025,Atacado,8,7359.2,3897.2,432.75,Venda
SKU_1601_EME,12/07/2025,Atacado,8,5879.2,2622.96,407.03,Venda
SKU_1708_FLA,12/07/2025,Varejo,1,169.9,53.49,116.41,Venda
SKU_1759_CLE,12/07/2025,Varejo,2,539.8,232.82,153.49,Venda
SKU_1688_LIG,12/07/2025,E-commerce,1,429.9,172.12,257.78,Venda
SKU_1412_SHO,12/07/2025,Atacado,10,8949.0,4874.4,407.46,Venda
SKU_1495_FUC,12/07/2025,Atacado,10,3299.0,1722.7,157.63,Venda
SKU_1777_FRE,12/07/2025,Atacado,5,1199.5,634.95,112.91,Venda
SKU_1738_BLU,12/07/2025,Atacado,6,1169.4,550.86,103.09,Venda
SKU_1717_CRE,12/07/2025,E-commerce,1,259.9,117.38,142.52,Venda
SKU_1795_HUN,12/07/2025,Varejo,1,299.9,110.18,189.72,Venda
SKU_1620_BLU,12/07/2025,Varejo,1,264.9,88.78,176.12,Venda
SKU_1754_IVO,12/07/2025,Atacado,10,3399.0,1962.5,143.65,Venda
SKU_1770_DEE,12/07/2025,Atacado,8,1759.2,930.96,103.53,Venda
SKU_1735_MOS,12/07/2025,Atacado,5,1349.5,710.7,127.76,Venda
SKU_1789_EME,12/07/2025,Atacado,6,1619.4,723.78,149.27,Venda
SKU_1497_VAN,12/07/2025,Varejo,1,134.9,43.85,91.05,Venda
SKU_1744_LIG,12/07/2025,Atacado,10,2649.0,1337.1,131.19,Venda
SKU_1733_SAG,12/07/2025,Atacado,4,1399.6,684.04,178.89,Venda
SKU_1786_POW,12/07/2025,Varejo,1,179.9,57.31,122.59,Venda
SKU_1527_FUC,12/07/2025,Atacado,12,10918.8,5639.88,439.91,Venda
SKU_1618_SAL,12/07/2025,Varejo,1,179.9,80.7,99.2,Venda
SKU_1660_MAG,12/07/2025,Varejo,2,629.8,241.4,194.2,Venda
SKU_1730_MIN,12/07/2025,Atacado,6,1919.4,836.94,180.41,Venda
SKU_1736_JAD,12/07/2025,Atacado,8,2599.2,1283.28,164.49,Venda
SKU_1732_OFF,12/07/2025,Varejo,1,1114.9,345.48,769.42,Venda
SKU_1434_ARM,12/07/2025,Varejo,1,209.9,84.51,125.39,Venda
SKU_1698_PRI,12/07/2025,E-commerce,1,419.9,166.6,253.3,Venda
SKU_1783_BAB,12/07/2025,Atacado,10,11999.0,6255.0,574.4,Venda
SKU_1681_PIS,12/07/2025,Atacado,10,2349.0,1157.6,119.14,Venda
SKU_1753_PAL,12/07/2025,Atacado,5,3949.5,1910.85,407.73,Venda
SKU_1724_PEA,12/07/2025,Atacado,8,8919.2,4273.6,580.7,Venda
SKU_1644_PEA,12/07/2025,Varejo,2,639.8,229.96,204.92,Venda
SKU_1436_PAS,12/07/2025,Atacado,6,1679.4,778.74,150.11,Venda
SKU_1687_FOR,12/07/2025,Varejo,1,899.9,418.46,481.44,Venda
SKU_1691_HUN,12/07/2025,Atacado,6,1859.4,817.44,173.66,Venda
SKU_1494_HOT,12/07/2025,Atacado,5,5424.5,2930.05,498.89,Venda
SKU_1746_NAV,12/07/2025,Atacado,8,1439.2,744.56,86.83,Venda
SKU_1390_SAP,12/07/2025,Atacado,5,1149.5,543.65,121.17,Venda
SKU_1557_TUR,12/07/2025,E-commerce,1,199.9,72.99,126.91,Venda
SKU_1789_SNO,12/07/2025,E-commerce,2,539.8,195.28,172.26,Venda
SKU_1791_IVO,12/07/2025,Varejo,4,1059.6,433.48,156.53,Venda
SKU_1750_SNO,12/07/2025,Atacado,2,739.8,384.46,177.67,Venda
SKU_1656_SNO,12/07/2025,Atacado,4,939.6,415.36,131.06,Venda
SKU_1773_OLI,12/07/2025,Varejo,2,649.8,277.92,185.94,Venda
SKU_1741_PIN,12/07/2025,E-commerce,1,239.9,110.79,129.11,Venda
SKU_1712_MOS,12/07/2025,Atacado,3,539.7,240.63,99.69,Venda
SKU_1776_PAS,12/07/2025,E-commerce,1,329.9,120.6,209.3,Venda
SKU_1593_FUC,12/07/2025,Varejo,1,144.9,45.34,99.56,Venda
SKU_1640_IVO,12/07/2025,Varejo,1,219.9,96.81,123.09,Venda
SKU_1682_OLI,12/07/2025,Atacado,5,1174.5,502.4,134.42,Venda
SKU_1755_AQU,12/07/2025,Atacado,3,1004.7,448.17,185.51,Venda
SKU_1729_CLE,12/07/2025,Atacado,6,1049.4,456.54,98.81,Venda
SKU_1745_PEA,12/07/2025,E-commerce,1,409.9,166.71,243.19,Venda
SKU_1713_SNO,12/07/2025,Varejo,1,504.9,191.0,313.9,Venda
SKU_1607_GAR,12/07/2025,Varejo,1,299.9,121.71,178.19,Venda
SKU_1792_MIN,12/07/2025,Varejo,4,1759.6,604.8,288.7,Venda
SKU_1770_DEE,12/07/2025,Atacado,5,1099.5,521.05,115.69,Venda
SKU_1658_BAB,12/07/2025,Atacado,6,5279.4,2400.0,479.9,Venda
SKU_1737_SAG,12/07/2025,Atacado,4,3079.6,1456.4,405.8,Venda
SKU_1722_AQU,12/07/2025,Atacado,4,1299.6,611.96,171.91,Venda
SKU_1793_MIN,12/07/2025,Varejo,1,189.9,73.21,116.69,Venda
SKU_1497_FUC,12/07/2025,Atacado,2,269.8,122.5,73.65,Venda
SKU_1755_AQU,12/07/2025,Atacado,4,1339.6,648.36,172.81,Venda
SKU_1753_WHI,12/07/2025,E-commerce,1,789.9,365.64,424.26,Venda
SKU_1780_AQU,12/07/2025,E-commerce,1,334.9,156.82,178.08,Venda
SKU_1723_MOS,12/07/2025,Varejo,1,434.9,184.71,250.19,Venda
SKU_1794_FLA,12/07/2025,Atacado,6,1259.4,592.44,111.16,Venda
SKU_1751_BLU,12/07/2025,Atacado,10,3299.0,1403.6,189.54,Venda
SKU_1785_PAS,12/07/2025,Varejo,2,489.8,243.88,122.96,Venda
SKU_1755_AQU,12/07/2025,Atacado,4,1339.6,758.64,145.24,Venda
SKU_1735_MOS,12/07/2025,Varejo,2,539.8,201.16,169.32,Venda
SKU_1765_MYS,12/07/2025,Varejo,1,259.9,126.54,133.36,Venda
SKU_1741_PEA,12/07/2025,Atacado,5,1199.5,591.4,121.62,Venda
SKU_1632_SAP,12/07/2025,Atacado,2,369.8,178.5,95.65,Venda
SKU_1687_WHI,12/07/2025,E-commerce,1,899.9,385.63,514.27,Venda
SKU_1431_TEA,12/07/2025,Atacado,12,4438.8,2057.28,198.46,Venda
SKU_1753_WHI,12/07/2025,Varejo,1,789.9,375.16,414.74,Venda
SKU_1739_AQU,12/07/2025,Varejo,1,254.9,91.97,162.93,Venda
SKU_1759_COB,12/07/2025,E-commerce,1,269.9,95.6,174.3,Venda
SKU_1757_TUR,12/07/2025,Atacado,3,794.7,341.34,151.12,Venda
SKU_1689_MAG,12/07/2025,Atacado,10,9649.0,4860.2,478.88,Venda
SKU_1699_COB,12/07/2025,Atacado,2,659.8,337.56,161.12,Venda
SKU_1748_BAB,12/07/2025,Atacado,3,929.7,444.93,161.59,Venda
SKU_1744_EME,12/07/2025,Varejo,3,794.7,327.42,155.76,Venda
SKU_1797_BLU,12/07/2025,Varejo,1,379.9,184.9,195.0,Venda
SKU_1769_WHI,12/07/2025,E-commerce,1,324.9,101.25,223.65,Venda
SKU_1794_FLA,12/07/2025,Varejo,1,209.9,84.25,125.65,Venda
SKU_1793_WHI,12/07/2025,Varejo,1,189.9,72.03,117.87,Venda
SKU_1790_EGR,12/07/2025,Varejo,2,519.8,226.12,146.84,Venda
SKU_1702_COR,12/07/2025,Varejo,1,619.9,295.74,324.16,Venda
SKU_1537_BLA,12/07/2025,Varejo,1,254.9,96.91,157.99,Venda
SKU_1700_HUN,12/07/2025,Atacado,4,2799.6,1531.12,317.12,Venda
SKU_1548_HOT,12/07/2025,Atacado,4,1899.6,950.92,237.17,Venda
SKU_1525_OLI,12/07/2025,Atacado,6,1739.4,859.92,146.58,Venda
SKU_1698_PRI,12/07/2025,E-commerce,2,839.8,285.76,277.02,Venda
SKU_1789_EME,12/07/2025,Atacado,2,539.8,296.48,121.66,Venda
SKU_1789_SNO,12/07/2025,Atacado,6,1619.4,805.08,135.72,Venda
SKU_1788_EME,12/07/2025,Varejo,1,249.9,80.48,169.42,Venda
SKU_1798_MOS,12/07/2025,Atacado,6,2519.4,1113.66,234.29,Venda
SKU_1788_MYS,12/07/2025,Varejo,3,749.7,281.88,155.94,Venda
SKU_1717_MIN,12/07/2025,Atacado,3,779.7,405.51,124.73,Venda
SKU_1709_CRE,12/07/2025,Varejo,1,209.9,66.51,143.39,Venda
SKU_1732_OFF,12/07/2025,Varejo,1,1114.9,359.41,755.49,Venda
SKU_1680_SEA,12/07/2025,Varejo,1,334.9,164.69,170.21,Venda
SKU_1780_LIG,12/07/2025,Varejo,3,1004.7,340.05,221.55,Venda
SKU_1747_TEA,12/07/2025,Atacado,5,874.5,496.95,75.51,Venda
SKU_1543_FLA,12/07/2025,Atacado,4,2939.6,1532.48,351.78,Venda
SKU_1401_GAR,12/07/2025,E-commerce,1,239.9,87.33,152.57,Venda
SKU_1618_SAL,12/07/2025,Varejo,2,359.8,165.8,97.0,Venda
SKU_1758_HON,12/07/2025,E-commerce,2,359.8,131.58,114.11,Venda
SKU_1681_OFF,12/07/2025,Atacado,4,939.6,464.36,118.81,Venda
SKU_1734_FRE,12/07/2025,E-commerce,2,699.8,338.98,180.41,Venda
SKU_1718_DUS,12/07/2025,Atacado,4,1479.6,635.56,211.01,Venda
SKU_1684_SHO,12/07/2025,Atacado,3,554.7,237.9,105.6,Venda
SKU_1769_WHI,12/07/2025,Varejo,1,324.9,106.01,218.89,Venda
SKU_1502_VAN,12/07/2025,Varejo,1,209.9,95.64,114.26,Venda
SKU_1784_BLA,12/07/2025,E-commerce,1,309.9,110.02,199.88,Venda
SKU_1458_PEA,12/07/2025,Atacado,5,1749.5,858.45,178.21,Venda
SKU_1763_HOT,12/07/2025,Atacado,4,1199.6,590.52,152.27,Venda
SKU_1721_FRE,12/07/2025,Varejo,1,419.9,151.48,268.42,Venda
SKU_1739_AQU,12/07/2025,Atacado,8,2039.2,977.6,132.7,Venda
SKU_1687_WHI,12/07/2025,E-commerce,1,899.9,280.18,619.72,Venda
SKU_1686_SKY,12/07/2025,Atacado,10,2149.0,1029.1,111.99,Venda
SKU_1801_MOS,12/07/2025,Atacado,6,2249.4,1027.5,203.65,Venda
SKU_1500_PAS,12/07/2025,E-commerce,1,259.9,112.46,147.44,Venda
SKU_1568_PIN,12/07/2025,Atacado,4,939.6,527.96,102.91,Venda
SKU_1634_NAV,12/07/2025,E-commerce,1,979.9,315.48,664.42,Venda
SKU_1766_CLE,12/07/2025,Varejo,1,394.9,169.19,225.71,Venda
SKU_1735_COR,12/07/2025,Varejo,1,269.9,119.69,150.21,Venda
SKU_1705_SER,12/07/2025,Varejo,2,819.8,299.6,260.1,Venda
SKU_1735_MOS,12/07/2025,Atacado,3,809.7,397.38,137.44,Venda
SKU_1715_JAD,12/07/2025,Varejo,1,219.9,102.83,117.07,Venda
SKU_1737_DEE,12/07/2025,E-commerce,1,769.9,292.51,477.39,Venda
SKU_1783_BAB,12/07/2025,Atacado,8,9599.2,4383.28,651.99,Venda
SKU_1609_SAP,12/07/2025,Atacado,2,539.8,233.12,153.34,Venda
SKU_1723_COB,12/07/2025,Varejo,1,434.9,188.24,246.66,Venda
SKU_1776_BIR,12/07/2025,E-commerce,1,329.9,114.74,215.16,Venda
SKU_1672_TEA,12/07/2025,Atacado,4,1179.6,566.2,153.35,Venda
SKU_1493_PEA,12/07/2025,Atacado,4,1319.6,822.72,124.22,Venda
SKU_1704_PEA,12/07/2025,Atacado,3,1004.7,498.9,168.6,Venda
SKU_1789_EME,12/07/2025,Atacado,5,1349.5,621.3,145.64,Venda
SKU_1737_SAG,12/07/2025,Atacado,4,3079.6,1384.8,423.7,Venda
SKU_1715_JAD,12/07/2025,Varejo,1,219.9,91.82,128.08,Venda
SKU_1592_SAG,12/07/2025,Atacado,5,1049.5,509.45,108.01,Venda
SKU_1583_WHI,12/07/2025,Atacado,5,1274.5,580.1,138.88,Venda
SKU_1795_HUN,12/07/2025,Atacado,6,1799.4,904.14,149.21,Venda
SKU_1775_PAL,12/07/2025,Varejo,1,279.9,119.89,160.01,Venda
SKU_1393_COB,12/07/2025,Atacado,5,1549.5,785.25,152.85,Venda
SKU_1770_DEE,12/07/2025,Varejo,1,219.9,82.9,137.0,Venda
SKU_1719_WHI,12/07/2025,E-commerce,1,319.9,155.46,164.44,Venda
SKU_1713_SAL,12/07/2025,Varejo,1,504.9,190.52,314.38,Venda
SKU_1713_SNO,12/07/2025,Atacado,5,2524.5,1335.2,237.86,Venda
SKU_1780_AQU,12/07/2025,Atacado,8,2679.2,1352.0,165.9,Venda
SKU_1743_CLO,12/07/2025,Varejo,1,439.9,144.74,295.16,Venda
SKU_1790_EGR,12/07/2025,Atacado,8,2079.2,930.96,143.53,Venda
SKU_1769_EME,12/07/2025,Atacado,6,1949.4,969.72,163.28,Venda
SKU_1430_JAD,12/07/2025,Atacado,12,2158.8,1092.12,88.89,Venda
SKU_1561_VAN,12/07/2025,Atacado,8,2799.2,1384.8,176.8,Venda
SKU_1775_PAS,12/07/2025,E-commerce,1,279.9,120.78,159.12,Venda
SKU_1765_MYS,12/07/2025,E-commerce,1,259.9,123.45,136.45,Venda
SKU_1741_PEA,12/07/2025,Atacado,10,2399.0,1166.8,123.22,Venda
SKU_1739_MOS,12/07/2025,Atacado,4,1019.6,514.76,126.21,Venda
SKU_1747_FUC,12/07/2025,Varejo,2,349.8,151.68,99.06,Venda
SKU_1755_AQU,12/07/2025,Atacado,4,1339.6,607.96,182.91,Venda
SKU_1762_DEN,12/07/2025,Varejo,1,254.9,127.05,127.85,Venda
SKU_1708_FRE,12/07/2025,Varejo,1,169.9,59.01,110.89,Venda
SKU_1685_BIR,12/07/2025,Atacado,6,3989.4,1913.82,345.93,Venda
SKU_1440_PIS,12/07/2025,Varejo,2,2399.8,901.0,749.4,Venda
SKU_1733_NAV,12/07/2025,E-commerce,1,349.9,123.78,226.12,Venda
SKU_1750_MIN,12/07/2025,Atacado,5,1849.5,1104.5,149.0,Venda
SKU_1751_MIN,12/07/2025,Atacado,3,989.7,541.23,149.49,Venda
SKU_1457_SNO,12/07/2025,Varejo,2,319.8,140.98,89.41,Venda
SKU_1761_SAP,12/07/2025,Varejo,2,2209.8,700.64,754.58,Venda
SKU_1682_OLI,12/07/2025,E-commerce,1,234.9,84.19,150.71,Venda
SKU_1625_DUS,12/07/2025,Atacado,5,1024.5,478.95,109.11,Venda
SKU_1695_CRE,12/07/2025,Varejo,1,209.9,78.93,130.97,Venda
SKU_1736_JAD,12/07/2025,Atacado,6,1949.4,1024.98,154.07,Venda
SKU_1800_SKY,12/07/2025,Atacado,8,2239.2,1179.92,132.41,Venda
SKU_1745_PEA,12/07/2025,Varejo,2,819.8,404.22,207.79,Venda
SKU_1583_WHI,12/07/2025,E-commerce,1,254.9,106.62,148.28,Venda
SKU_1743_CLO,12/07/2025,Atacado,2,879.8,392.62,243.59,Venda
SKU_1800_SKY,12/07/2025,Atacado,8,2239.2,1110.72,141.06,Venda
SKU_1787_BAB,12/07/2025,E-commerce,1,289.9,111.08,178.82,Venda
SKU_1684_HON,12/07/2025,Atacado,5,924.5,485.2,87.86,Venda
SKU_1698_SNO,12/07/2025,Atacado,6,2519.4,1094.22,237.53,Venda
SKU_1728_MID,12/07/2025,Atacado,3,989.7,426.21,187.83,Venda
SKU_1732_WHI,12/07/2025,Atacado,3,3344.7,1686.96,552.58,Venda
SKU_1735_COR,12/07/2025,Atacado,6,1619.4,730.08,148.22,Venda
SKU_1577_HUN,12/07/2025,Atacado,3,479.7,269.79,69.97,Venda
SKU_1778_TEA,12/07/2025,Atacado,6,1709.4,949.86,126.59,Venda
SKU_1736_PAS,12/07/2025,Varejo,3,974.7,297.15,225.85,Venda
SKU_1724_PEA,12/07/2025,Atacado,3,3344.7,1591.17,584.51,Venda
SKU_1791_ARM,12/07/2025,E-commerce,2,529.8,213.4,158.2,Venda
SKU_1696_SHO,12/07/2025,E-commerce,1,279.9,92.9,187.0,Venda
SKU_1715_JAD,12/07/2025,Atacado,6,1319.4,667.44,108.66,Venda
SKU_1740_OLI,12/07/2025,Varejo,3,644.7,294.51,116.73,Venda
SKU_1747_TEA,12/07/2025,Atacado,5,874.5,443.8,86.14,Venda
SKU_1797_BLU,12/07/2025,Varejo,2,759.8,328.62,215.59,Venda
SKU_1748_COB,12/07/2025,Atacado,4,1239.6,577.24,165.59,Venda
SKU_1630_LIM,12/07/2025,Atacado,8,2679.2,1335.76,167.93,Venda
SKU_1455_TEA,12/07/2025,Varejo,1,334.9,123.56,211.34,Venda
SKU_1775_PAL,12/07/2025,Atacado,4,1119.6,497.52,155.52,Venda
SKU_1733_SAG,12/07/2025,E-commerce,1,349.9,128.15,221.75,Venda
SKU_1716_SAL,12/07/2025,Varejo,1,164.9,61.66,103.24,Venda
SKU_1719_OFF,12/07/2025,Varejo,1,319.9,133.9,186.0,Venda
SKU_1763_HOT,12/07/2025,E-commerce,1,299.9,117.97,181.93,Venda
SKU_1698_SNO,12/07/2025,Atacado,4,1679.6,762.72,229.22,Venda
SKU_1758_HON,12/07/2025,Varejo,1,179.9,78.53,101.37,Venda
SKU_1428_COB,12/07/2025,Varejo,1,489.9,187.99,301.91,Venda
SKU_1715_JAD,12/07/2025,Varejo,1,219.9,100.87,119.03,Venda
SKU_1423_JAD,12/07/2025,Varejo,1,1199.9,435.32,764.58,Venda
SKU_1728_EGR,12/07/2025,Atacado,3,989.7,471.3,172.8,Venda
SKU_1698_PRI,12/07/2025,Atacado,12,5038.8,2382.84,221.33,Venda
SKU_1780_AQU,12/07/2025,Varejo,1,334.9,162.25,172.65,Venda
SKU_1763_HOT,12/07/2025,Atacado,4,1199.6,609.96,147.41,Venda
SKU_1786_POW,12/07/2025,Varejo,1,179.9,70.63,109.27,Venda
SKU_1757_PIN,12/07/2025,Varejo,1,264.9,83.01,181.89,Venda
SKU_1789_EME,12/07/2025,Atacado,5,1349.5,778.4,114.22,Venda
SKU_1771_EME,12/07/2025,Varejo,2,529.8,178.88,175.46,Venda
SKU_1661_CER,12/07/2025,Atacado,10,9899.0,4671.4,522.76,Venda
SKU_1690_MAG,12/07/2025,Varejo,1,539.9,194.33,345.57,Venda
SKU_1730_MIN,12/07/2025,Varejo,1,319.9,128.98,190.92,Venda
SKU_1715_HON,12/07/2025,Atacado,6,1319.4,700.74,103.11,Venda
SKU_1769_WHI,12/07/2025,Varejo,3,974.7,340.53,211.39,Venda
SKU_1652_TEA,12/07/2025,Atacado,8,1759.2,749.12,126.26,Venda
SKU_1469_SAL,12/07/2025,Varejo,3,884.7,285.93,199.59,Venda
SKU_1706_BLA,12/07/2025,Varejo,1,184.9,69.3,115.6,Venda
SKU_1723_COB,12/07/2025,Atacado,3,1304.7,653.1,217.2,Venda
SKU_1769_EME,12/07/2025,E-commerce,1,324.9,158.6,166.3,Venda
SKU_1754_IVO,12/07/2025,Atacado,5,1699.5,853.85,169.13,Venda
SKU_1717_MIN,12/07/2025,Varejo,1,259.9,113.92,145.98,Venda
SKU_1767_PRI,12/07/2025,Atacado,6,1229.4,588.84,106.76,Venda
SKU_1753_WHI,12/07/2025,Varejo,2,1579.8,684.74,447.53,Venda
SKU_1775_PAS,12/07/2025,Varejo,1,279.9,91.22,188.68,Venda
SKU_1490_EME,12/07/2025,Atacado,4,1259.6,567.56,173.01,Venda
SKU_1614_IVO,12/07/2025,Atacado,5,2224.5,996.2,245.66,Venda
SKU_1777_FRE,12/07/2025,Atacado,5,1199.5,646.15,110.67,Venda
SKU_1719_WHI,12/07/2025,E-commerce,1,319.9,107.23,212.67,Venda
SKU_1705_JAD,12/07/2025,E-commerce,1,409.9,188.9,221.0,Venda
SKU_1771_PIN,12/07/2025,Varejo,1,264.9,104.64,160.26,Venda
SKU_1711_ARM,12/07/2025,Varejo,1,994.9,327.8,667.1,Venda
SKU_1757_PIN,12/07/2025,Varejo,2,529.8,165.58,182.11,Venda
SKU_1620_BLU,12/07/2025,Varejo,1,264.9,115.87,149.03,Venda
SKU_1728_MID,12/07/2025,Atacado,4,1319.6,569.6,187.5,Venda
SKU_1410_ROS,12/07/2025,Atacado,3,3419.7,1689.45,576.75,Venda
SKU_1764_MAR,12/07/2025,Varejo,1,234.9,106.12,128.78,Venda
SKU_1764_FUC,12/07/2025,Atacado,2,469.8,220.12,124.84,Venda
SKU_1738_ROY,12/07/2025,Atacado,8,1559.2,747.76,101.43,Venda
SKU_1798_MOS,12/07/2025,E-commerce,2,839.8,373.38,233.21,Venda
SKU_1691_ROS,12/07/2025,Varejo,1,309.9,108.71,201.19,Venda
SKU_1720_PAL,12/07/2025,Varejo,1,224.9,87.28,137.62,Venda
SKU_1706_JAD,12/07/2025,Varejo,1,184.9,65.77,119.13,Venda
SKU_1758_HON,12/07/2025,Varejo,2,359.8,147.08,106.36,Venda
SKU_1742_EME,12/07/2025,Varejo,1,259.9,116.46,143.44,Venda
SKU_1616_COR,12/07/2025,Atacado,5,5124.5,2937.05,437.49,Venda
SKU_1728_MID,12/07/2025,Varejo,1,329.9,122.33,207.57,Venda
SKU_1737_SAG,12/07/2025,Atacado,3,2309.7,1203.45,368.75,Venda
SKU_1694_SER,12/07/2025,Varejo,3,839.7,304.92,178.26,Venda
SKU_1786_TEA,12/07/2025,Atacado,10,1799.0,1032.8,76.62,Venda
SKU_1698_SNO,12/07/2025,E-commerce,1,419.9,184.81,235.09,Venda
SKU_1724_PEA,12/07/2025,Varejo,1,1114.9,539.61,575.29,Venda
SKU_1775_PAS,12/07/2025,E-commerce,1,279.9,121.09,158.81,Venda
SKU_1455_ROY,12/07/2025,Varejo,3,1004.7,320.91,227.93,Venda
SKU_1624_PRI,12/07/2025,Varejo,1,209.9,92.42,117.48,Venda
SKU_1775_PAL,12/07/2025,E-commerce,1,279.9,131.61,148.29,Venda
SKU_1671_SEA,12/07/2025,Varejo,1,349.9,109.56,240.34,Venda
SKU_1693_MEX,12/07/2025,Varejo,1,204.9,98.57,106.33,Venda
SKU_1738_ROY,12/07/2025,Atacado,6,1169.4,553.32,102.68,Venda
SKU_1637_WHI,12/07/2025,Varejo,4,3679.6,1142.24,634.34,Venda
SKU_1685_BIR,12/07/2025,Varejo,3,1994.7,753.96,413.58,Venda
SKU_1776_PAS,12/07/2025,Atacado,4,1319.6,645.84,168.44,Venda
SKU_1601_EME,12/07/2025,Varejo,1,734.9,251.65,483.25,Venda
SKU_1797_BLU,12/07/2025,E-commerce,3,1139.7,512.73,208.99,Venda
SKU_1742_DEN,12/07/2025,Atacado,4,1039.6,489.76,137.46,Venda
SKU_1777_TUR,12/07/2025,Varejo,1,239.9,74.03,165.87,Venda
SKU_1762_BRI,12/07/2025,Atacado,5,1274.5,652.9,124.32,Venda
SKU_1719_OFF,12/07/2025,Atacado,8,2559.2,1247.44,163.97,Venda
SKU_1743_DEE,12/07/2025,Atacado,4,1759.6,756.08,250.88,Venda
SKU_1743_CLO,12/07/2025,Atacado,8,3519.2,1802.88,214.54,Venda
SKU_1459_OFF,12/07/2025,Varejo,1,209.9,65.7,144.2,Venda
SKU_1535_MOS,12/07/2025,Atacado,3,914.7,515.31,133.13,Venda
SKU_1565_BAB,12/07/2025,Atacado,5,1799.5,972.25,165.45,Venda
SKU_1759_COB,12/07/2025,Atacado,2,539.8,278.58,130.61,Venda
SKU_1725_OFF,12/07/2025,Varejo,1,244.9,84.16,160.74,Venda
SKU_1712_NAV,12/07/2025,E-commerce,1,179.9,57.04,122.86,Venda
SKU_1574_COB,12/07/2025,Atacado,5,3024.5,1440.65,316.77,Venda
SKU_1691_ROS,12/07/2025,Atacado,8,2479.2,1072.72,175.81,Venda
SKU_1751_MIN,12/07/2025,E-commerce,1,329.9,104.67,225.23,Venda
SKU_1646_BLU,12/07/2025,Atacado,8,1639.2,706.96,116.53,Venda
SKU_1791_IVO,12/07/2025,Varejo,1,264.9,127.55,137.35,Venda
SKU_1709_CRE,12/07/2025,E-commerce,1,209.9,104.16,105.74,Venda
SKU_1691_ROS,12/07/2025,Varejo,1,309.9,140.72,169.18,Venda
SKU_1449_NAV,12/07/2025,E-commerce,2,649.8,211.58,219.11,Venda
SKU_1715_HON,12/07/2025,Atacado,2,439.8,272.26,83.77,Venda
SKU_1740_FRE,12/07/2025,Varejo,1,214.9,78.23,136.67,Venda
SKU_1704_BAB,12/07/2025,Varejo,1,334.9,163.77,171.13,Venda
SKU_1761_MOS,12/07/2025,Atacado,8,8839.2,5016.32,477.86,Venda
SKU_1666_PAS,12/07/2025,Atacado,5,3999.5,2272.75,345.35,Venda
SKU_1707_SAP,12/07/2025,E-commerce,1,279.9,107.02,172.88,Venda
SKU_1545_TEA,12/07/2025,Atacado,10,2599.0,1222.6,137.64,Venda
SKU_1425_LIG,12/07/2025,E-commerce,1,209.9,81.49,128.41,Venda
SKU_1389_BAB,12/07/2025,E-commerce,1,139.9,43.32,96.58,Venda
SKU_1728_MID,12/07/2025,Varejo,2,659.8,251.54,204.13,Venda
SKU_1774_COB,12/07/2025,Atacado,2,409.8,213.3,98.25,Venda
SKU_1738_ROY,12/07/2025,Atacado,4,779.6,372.32,101.82,Venda
SKU_1774_MOS,12/07/2025,Varejo,1,204.9,73.99,130.91,Venda
SKU_1459_OFF,12/07/2025,Varejo,1,209.9,95.09,114.81,Venda
SKU_1746_NAV,12/07/2025,Varejo,1,179.9,76.3,103.6,Venda
SKU_1799_POW,12/07/2025,Varejo,1,269.9,90.23,179.67,Venda
SKU_1644_PEA,12/07/2025,Varejo,2,639.8,277.44,181.18,Venda
SKU_1799_DEN,12/07/2025,Varejo,1,269.9,101.3,168.6,Venda
SKU_1433_OLI,12/07/2025,Varejo,1,314.9,121.76,193.14,Venda
SKU_1758_HON,12/07/2025,E-commerce,1,179.9,60.89,119.01,Venda
SKU_1789_EME,12/07/2025,Atacado,4,1079.6,493.8,146.45,Venda
SKU_1573_MIN,12/07/2025,Atacado,2,2049.8,1055.42,497.19,Venda
SKU_1537_SAP,12/07/2025,Varejo,1,254.9,116.38,138.52,Venda
SKU_1780_AQU,12/07/2025,E-commerce,1,334.9,116.85,218.05,Venda
SKU_1745_PEA,12/07/2025,Atacado,6,2459.4,1175.88,213.92,Venda
SKU_1543_BAB,12/07/2025,Varejo,1,734.9,343.75,391.15,Venda
SKU_1511_CLE,12/07/2025,Varejo,1,934.9,416.16,518.74,Venda
SKU_1578_TEA,12/07/2025,E-commerce,1,124.9,38.07,86.83,Venda
SKU_1739_AQU,12/07/2025,Atacado,6,1529.4,783.48,124.32,Venda
SKU_1751_BLU,12/07/2025,E-commerce,2,659.8,199.44,230.18,Venda
SKU_1646_BLU,12/07/2025,E-commerce,1,204.9,86.78,118.12,Venda
SKU_1617_MIN,12/07/2025,Atacado,3,494.7,268.95,75.25,Venda
SKU_1586_JAD,12/07/2025,Atacado,2,609.8,317.96,145.92,Venda
SKU_1596_CER,12/07/2025,Atacado,8,2199.2,1051.12,143.51,Venda
SKU_1611_BRI,12/07/2025,Varejo,3,659.7,297.09,120.87,Venda
SKU_1737_DEE,12/07/2025,Atacado,8,6159.2,3347.36,351.48,Venda
SKU_1743_CLO,12/07/2025,Varejo,1,439.9,205.9,234.0,Venda
SKU_1741_PIN,12/07/2025,Varejo,1,239.9,95.39,144.51,Venda
SKU_1735_COR,12/07/2025,Varejo,1,269.9,97.03,172.87,Venda
SKU_1474_BRI,12/07/2025,Atacado,6,6359.4,3638.34,453.51,Venda
SKU_1767_PRI,12/07/2025,Atacado,2,409.8,175.34,117.23,Venda
SKU_1799_DEN,12/07/2025,Atacado,4,1079.6,559.36,130.06,Venda
SKU_1726_BUB,12/07/2025,Atacado,2,859.8,415.7,222.05,Venda
SKU_1685_COB,12/07/2025,Atacado,6,3989.4,1742.46,374.49,Venda
SKU_1512_MYS,12/07/2025,Varejo,2,449.8,210.0,119.9,Venda
SKU_1796_SHO,12/07/2025,Varejo,1,504.9,208.41,296.49,Venda
SKU_1718_DUS,12/07/2025,Varejo,1,369.9,131.54,238.36,Venda
SKU_1789_SNO,12/07/2025,Varejo,1,269.9,87.64,182.26,Venda
SKU_1427_AQU,12/07/2025,Varejo,1,199.9,99.48,100.42,Venda
SKU_1542_PEA,12/07/2025,Atacado,5,2349.5,997.75,270.35,Venda
SKU_1752_SPA,12/07/2025,Varejo,1,429.9,181.69,248.21,Venda
SKU_1726_PAS,12/07/2025,Varejo,3,1289.7,455.73,277.99,Venda
SKU_1759_CLE,12/07/2025,Atacado,2,539.8,253.58,143.11,Venda
SKU_1786_POW,12/07/2025,Varejo,1,179.9,72.83,107.07,Venda
SKU_1703_BLU,12/07/2025,Varejo,1,269.9,100.05,169.85,Venda
SKU_1400_FOR,12/07/2025,Varejo,1,209.9,80.21,129.69,Venda
SKU_1705_SER,12/07/2025,Varejo,2,819.8,288.62,265.59,Venda
SKU_1689_MAG,12/07/2025,Varejo,1,964.9,373.09,591.81,Venda
SKU_1685_COB,12/07/2025,Atacado,3,1994.7,897.57,365.71,Venda
SKU_1598_NAV,12/07/2025,Varejo,1,489.9,154.1,335.8,Venda
SKU_1791_ARM,12/07/2025,Varejo,1,264.9,110.4,154.5,Venda
SKU_1555_RAS,12/07/2025,Atacado,12,2278.8,1217.16,88.47,Venda
SKU_1685_COB,12/07/2025,Atacado,10,6649.0,3773.8,287.52,Venda
SKU_1748_COB,12/07/2025,Atacado,3,929.7,481.41,149.43,Venda
SKU_1496_PEA,12/07/2025,E-commerce,1,1134.9,468.26,666.64,Venda
SKU_1751_MIN,12/07/2025,Varejo,1,329.9,104.55,225.35,Venda
SKU_1475_VAN,12/07/2025,Atacado,4,999.6,493.04,126.64,Venda
SKU_1781_CLE,12/07/2025,Atacado,8,1039.2,483.04,69.52,Venda
SKU_1791_IVO,12/07/2025,Atacado,5,1324.5,635.8,137.74,Venda
SKU_1785_PAS,12/07/2025,Atacado,4,979.6,469.44,127.54,Venda
SKU_1741_PEA,12/07/2025,Atacado,3,719.7,343.26,125.48,Venda
SKU_1656_FUC,12/07/2025,Atacado,2,469.8,221.58,124.11,Venda
SKU_1442_EME,12/07/2025,Varejo,2,579.8,208.84,185.48,Venda
SKU_1800_MOS,12/07/2025,E-commerce,2,559.8,234.54,162.63,Venda
SKU_1797_BLU,12/07/2025,Atacado,8,3039.2,1412.64,203.32,Venda
SKU_1731_ARM,12/07/2025,Atacado,2,1819.8,860.04,479.88,Venda
SKU_1716_SAL,12/07/2025,Atacado,3,494.7,234.3,86.8,Venda
SKU_1695_LIM,12/07/2025,Varejo,3,629.7,230.61,133.03,Venda
SKU_1716_SAL,12/07/2025,Varejo,1,164.9,81.39,83.51,Venda
SKU_1475_MIN,12/07/2025,Atacado,2,499.8,267.32,116.24,Venda
SKU_1711_ARM,12/07/2025,E-commerce,2,1989.8,832.0,578.9,Venda
SKU_1754_SER,12/07/2025,Varejo,1,339.9,160.75,179.15,Venda
SKU_1538_MAG,12/07/2025,Varejo,2,419.8,145.84,136.98,Venda
SKU_1584_AQU,12/07/2025,Atacado,8,1479.2,650.0,103.65,Venda
SKU_1652_TEA,12/07/2025,Varejo,4,879.6,410.36,117.31,Venda
SKU_1470_WHI,12/07/2025,Varejo,1,919.9,288.29,631.61,Venda
SKU_1427_AQU,12/07/2025,Varejo,1,199.9,90.98,108.92,Venda
SKU_1712_MOS,12/07/2025,Varejo,2,359.8,160.08,99.86,Venda
SKU_1750_SNO,12/07/2025,Atacado,4,1479.6,629.72,212.47,Venda
SKU_1714_MID,12/07/2025,E-commerce,1,304.9,95.66,209.24,Venda
SKU_1581_BIR,12/07/2025,E-commerce,2,1709.8,676.7,516.55,Venda
SKU_1691_ROS,12/07/2025,Atacado,8,2479.2,1049.6,178.7,Venda
SKU_1726_PAS,12/07/2025,Atacado,10,4299.0,1943.7,235.53,Venda
SKU_1697_PIS,12/07/2025,E-commerce,1,219.9,83.72,136.18,Venda
SKU_1747_TEA,12/07/2025,Varejo,3,524.7,196.83,109.29,Venda
SKU_1752_SNO,12/07/2025,Varejo,1,429.9,184.81,245.09,Venda
SKU_1554_SKY,12/07/2025,Atacado,8,8279.2,4180.48,512.34,Venda
SKU_1766_MYS,12/07/2025,Atacado,3,1184.7,609.18,191.84,Venda
SKU_1683_PAL,12/07/2025,E-commerce,1,314.9,119.13,195.77,Venda
SKU_1759_COB,12/07/2025,Atacado,3,809.7,408.18,133.84,Venda
SKU_1714_MID,12/07/2025,E-commerce,1,304.9,119.46,185.44,Venda
SKU_1694_SER,12/07/2025,Atacado,10,2799.0,1195.6,160.34,Venda
SKU_1693_MEX,12/07/2025,Atacado,2,409.8,185.88,111.96,Venda
SKU_1740_FRE,12/07/2025,Varejo,1,214.9,78.66,136.24,Venda
SKU_1760_OFF,12/07/2025,E-commerce,1,249.9,98.76,151.14,Venda
SKU_1501_SAL,12/07/2025,Atacado,3,509.7,284.04,75.22,Venda
SKU_1714_MID,12/07/2025,Atacado,5,1524.5,746.6,155.58,Venda
SKU_1696_SER,12/07/2025,Varejo,2,559.8,261.28,149.26,Venda
SKU_1682_BIR,12/07/2025,Varejo,1,234.9,95.43,139.47,Venda
SKU_1745_PEA,12/07/2025,Atacado,8,3279.2,1633.2,205.75,Venda
SKU_1744_LIG,12/07/2025,E-commerce,1,264.9,112.42,152.48,Venda
SKU_1680_SEA,12/07/2025,Atacado,4,1339.6,650.6,172.25,Venda
SKU_1775_PAL,12/07/2025,Atacado,5,1399.5,737.85,132.33,Venda
SKU_1783_BAB,12/07/2025,Varejo,3,3599.7,1115.07,828.21,Venda
SKU_1744_EME,12/07/2025,Atacado,3,794.7,411.21,127.83,Venda
SKU_1797_BLU,12/07/2025,E-commerce,1,379.9,140.64,239.26,Venda
SKU_1761_MOS,12/07/2025,Atacado,10,11049.0,4911.0,613.8,Venda
SKU_1696_SHO,12/07/2025,Varejo,1,279.9,92.36,187.54,Venda
SKU_1652_TEA,12/07/2025,E-commerce,1,219.9,94.5,125.4,Venda
SKU_1545_HOT,12/07/2025,Atacado,10,2599.0,1195.3,140.37,Venda
SKU_1688_LIG,12/07/2025,Atacado,3,1289.7,677.82,203.96,Venda
SKU_1790_EGR,12/07/2025,E-commerce,1,259.9,95.07,164.83,Venda
SKU_1619_IVO,12/07/2025,Varejo,1,199.9,62.03,137.87,Venda
SKU_1425_LIG,12/07/2025,Varejo,2,419.8,163.38,128.21,Venda
SKU_1648_FLA,12/07/2025,Atacado,5,3499.5,1631.45,373.61,Venda
SKU_1713_SAL,12/07/2025,Atacado,2,1009.8,538.86,235.47,Venda
SKU_1680_NAV,12/07/2025,Varejo,2,669.8,226.06,221.87,Venda
SKU_1748_BAB,12/07/2025,Varejo,1,309.9,126.94,182.96,Venda
SKU_1729_FUC,12/07/2025,Atacado,5,874.5,391.25,96.65,Venda
SKU_1703_PAS,12/07/2025,Atacado,8,2159.2,1037.2,140.25,Venda
SKU_1505_BLU,12/07/2025,Atacado,10,2349.0,1332.3,101.67,Venda
SKU_1526_FOR,12/07/2025,Atacado,4,679.6,311.36,92.06,Venda
SKU_1707_ARM,12/07/2025,E-commerce,2,559.8,270.56,144.62,Venda
SKU_1734_BRI,12/07/2025,Atacado,6,2099.4,1068.84,171.76,Venda
SKU_1718_SEA,12/07/2025,Atacado,2,739.8,367.56,186.12,Venda
SKU_1647_BLA,12/07/2025,E-commerce,1,339.9,162.6,177.3,Venda
SKU_1754_IVO,12/07/2025,Atacado,5,1699.5,786.7,182.56,Venda
SKU_1688_WHI,12/07/2025,Varejo,2,859.8,365.14,247.33,Venda
SKU_1685_BIR,12/07/2025,Atacado,5,3324.5,1923.25,280.25,Venda
SKU_1606_SEA,12/07/2025,Atacado,6,6509.4,3447.6,510.3,Venda
SKU_1732_OFF,12/07/2025,Atacado,3,3344.7,1750.26,531.48,Venda
SKU_1752_SNO,12/07/2025,Atacado,8,3439.2,1463.2,247.0,Venda
SKU_1767_FUC,12/07/2025,Atacado,3,614.7,259.71,118.33,Venda
SKU_1726_PAS,12/07/2025,Varejo,1,429.9,175.55,254.35,Venda
SKU_1556_HUN,12/07/2025,Varejo,1,204.9,63.17,141.73,Venda
SKU_1492_SKY,12/07/2025,Atacado,4,1499.6,832.36,166.81,Venda
SKU_1703_BLU,12/07/2025,Atacado,4,1079.6,548.08,132.88,Venda
SKU_1669_COR,12/07/2025,Atacado,3,599.7,286.71,104.33,Venda
SKU_1505_BLU,12/07/2025,Atacado,8,1879.2,995.28,110.49,Venda
SKU_1701_SPA,12/07/2025,Atacado,6,2039.4,1085.16,159.04,Venda
SKU_1713_SNO,12/07/2025,Atacado,10,5049.0,2431.6,261.74,Venda
SKU_1585_COR,12/07/2025,Atacado,5,1599.5,780.85,163.73,Venda
SKU_1701_SPA,12/07/2025,Varejo,3,1019.7,438.51,193.73,Venda
SKU_1754_IVO,12/07/2025,Atacado,5,1699.5,958.1,148.28,Venda
SKU_1798_OFF,12/07/2025,Varejo,3,1259.7,389.76,289.98,Venda
SKU_1694_SER,12/07/2025,E-commerce,2,559.8,270.48,144.66,Venda
SKU_1401_BLU,12/07/2025,E-commerce,2,479.8,145.24,167.28,Venda
SKU_1791_ARM,12/07/2025,Varejo,1,264.9,105.19,159.71,Venda
SKU_1781_CLE,12/07/2025,Atacado,4,519.6,240.12,69.87,Venda
SKU_1784_EGR,12/07/2025,E-commerce,3,929.7,387.48,180.74,Venda
SKU_1737_SAG,12/07/2025,Varejo,1,769.9,253.83,516.07,Venda
SKU_1648_RAS,12/07/2025,Atacado,10,6999.0,3703.1,329.59,Venda
SKU_1786_POW,12/07/2025,Varejo,1,179.9,81.03,98.87,Venda
SKU_1540_BAL,12/07/2025,Atacado,4,679.6,301.96,94.41,Venda
SKU_1615_MOS,12/07/2025,Varejo,2,929.8,330.14,299.83,Venda
SKU_1551_ROS,12/07/2025,Varejo,1,219.9,82.01,137.89,Venda
SKU_1740_OLI,12/07/2025,Atacado,4,859.6,393.56,116.51,Venda
SKU_1763_MAR,12/07/2025,Atacado,8,2399.2,1176.56,152.83,Venda
SKU_1796_SHO,12/07/2025,Atacado,6,3029.4,1426.02,267.23,Venda
SKU_1690_MAG,12/07/2025,Varejo,1,539.9,214.08,325.82,Venda
SKU_1585_BLA,12/07/2025,Atacado,5,1599.5,737.1,172.48,Venda
SKU_1793_MIN,12/07/2025,Atacado,5,949.5,509.65,87.97,Venda
SKU_1487_CLE,12/07/2025,Atacado,10,3349.0,1591.4,175.76,Venda
SKU_1547_FUC,12/07/2025,Atacado,4,1319.6,643.92,168.92,Venda
SKU_1411_RAS,12/07/2025,Atacado,5,1124.5,580.2,108.86,Venda
SKU_1642_SAL,12/07/2025,Varejo,1,224.9,90.69,134.21,Venda
SKU_1569_PAS,12/07/2025,Atacado,4,879.6,402.32,119.32,Venda
SKU_1394_EME,12/07/2025,Varejo,1,469.9,178.59,291.31,Venda
SKU_1773_OLI,12/07/2025,Atacado,5,1624.5,898.8,145.14,Venda
SKU_1745_FOR,12/07/2025,Atacado,10,4099.0,1831.4,226.76,Venda
SKU_1652_MOS,12/07/2025,Atacado,3,659.7,345.66,104.68,Venda
SKU_1765_PAS,12/07/2025,Varejo,1,259.9,79.1,180.8,Venda
SKU_1742_EME,12/07/2025,Atacado,4,1039.6,576.48,115.78,Venda
SKU_1563_MEX,12/07/2025,Varejo,3,449.7,187.8,87.3,Venda
SKU_1711_VAN,12/07/2025,Atacado,3,2984.7,1403.64,527.02,Venda
SKU_1686_SKY,12/07/2025,Atacado,8,1719.2,986.24,91.62,Venda
SKU_1769_EME,12/07/2025,Varejo,1,324.9,143.49,181.41,Venda
SKU_1694_PIS,12/07/2025,E-commerce,1,279.9,136.49,143.41,Venda
SKU_1749_SNO,12/07/2025,Varejo,1,349.9,170.28,179.62,Venda
SKU_1544_PEA,12/07/2025,Varejo,1,199.9,85.43,114.47,Venda
SKU_1770_JAD,12/07/2025,Atacado,10,2199.0,1121.4,107.76,Venda
SKU_1476_WHI,12/07/2025,Varejo,2,549.8,259.76,145.02,Venda
SKU_1590_MYS,12/07/2025,E-commerce,1,189.9,85.66,104.24,Venda
SKU_1487_BRI,12/07/2025,Atacado,4,1339.6,774.48,141.28,Venda
SKU_1774_COB,12/07/2025,Varejo,1,204.9,67.39,137.51,Venda
SKU_1769_WHI,12/07/2025,Atacado,6,1949.4,995.76,158.94,Venda
SKU_1735_COR,12/07/2025,Atacado,3,809.7,357.24,150.82,Venda
SKU_1704_PEA,12/07/2025,Varejo,1,334.9,110.36,224.54,Venda
SKU_1760_OFF,12/07/2025,Varejo,3,749.7,255.51,164.73,Venda
SKU_1756_BUB,12/07/2025,Varejo,1,179.9,86.93,92.97,Venda
SKU_1699_CLO,12/07/2025,E-commerce,1,329.9,154.91,174.99,Venda
SKU_1724_PEA,12/07/2025,Atacado,6,6689.4,3742.38,491.17,Venda
SKU_1464_MOS,12/07/2025,Varejo,2,459.8,179.84,139.98,Venda
SKU_1741_PIN,12/07/2025,Atacado,5,1199.5,573.85,125.13,Venda
SKU_1763_HOT,12/07/2025,Atacado,10,2999.0,1308.5,169.05,Venda
SKU_1787_BAB,12/07/2025,Varejo,1,289.9,92.16,197.74,Venda
SKU_1741_PIN,12/07/2025,Varejo,2,479.8,225.26,127.27,Venda
SKU_1735_MOS,12/07/2025,Varejo,1,269.9,127.64,142.26,Venda
SKU_1449_BLA,12/07/2025,Atacado,4,1299.6,666.16,158.36,Venda
SKU_1438_DEE,12/07/2025,E-commerce,1,204.9,86.52,118.38,Venda
SKU_1741_PEA,12/07/2025,Atacado,10,2399.0,1290.0,110.9,Venda
SKU_1750_MIN,12/07/2025,E-commerce,1,369.9,169.24,200.66,Venda
SKU_1536_MOS,12/07/2025,Atacado,6,2069.4,1028.88,173.42,Venda
SKU_1754_SER,12/07/2025,Atacado,4,1359.6,645.2,178.6,Venda
SKU_1762_BRI,12/07/2025,Varejo,1,254.9,87.78,167.12,Venda
SKU_1499_RAS,12/07/2025,Atacado,3,779.7,341.4,146.1,Venda
SKU_1702_COR,12/07/2025,Varejo,1,619.9,194.27,425.63,Venda
SKU_1728_MID,12/07/2025,Atacado,5,1649.5,742.8,181.34,Venda
SKU_1730_OFF,12/07/2025,Varejo,1,319.9,143.07,176.83,Venda
SKU_1767_PRI,12/07/2025,Atacado,3,614.7,298.62,105.36,Venda
SKU_1711_VAN,12/07/2025,Varejo,1,994.9,400.64,594.26,Venda
SKU_1739_AQU,12/07/2025,Atacado,8,2039.2,1177.68,107.69,Venda
SKU_1757_TUR,12/07/2025,Atacado,5,1324.5,679.05,129.09,Venda
SKU_1680_NAV,12/07/2025,Varejo,1,334.9,107.53,227.37,Venda
SKU_1641_MEX,12/07/2025,Atacado,2,649.8,311.44,169.18,Venda
SKU_1635_TEA,12/07/2025,Atacado,5,3024.5,1468.85,311.13,Venda
SKU_1409_PEA,12/07/2025,Varejo,1,209.9,89.71,120.19,Venda
SKU_1751_MIN,12/07/2025,Atacado,8,2639.2,1284.32,169.36,Venda
SKU_1676_NAV,12/07/2025,Atacado,5,849.5,450.25,79.85,Venda
SKU_1798_OFF,12/07/2025,E-commerce,3,1259.7,557.37,234.11,Venda
SKU_1711_VAN,12/07/2025,E-commerce,1,994.9,309.36,685.54,Venda
SKU_1609_LIM,12/07/2025,Atacado,2,539.8,232.3,153.75,Venda
SKU_1755_AQU,12/07/2025,Atacado,2,669.8,372.24,148.78,Venda
SKU_1765_MYS,12/07/2025,Varejo,1,259.9,120.18,139.72,Venda
SKU_1712_NAV,12/07/2025,E-commerce,1,179.9,55.59,124.31,Venda
SKU_1778_TEA,12/07/2025,Atacado,4,1139.6,546.12,148.37,Venda
SKU_1702_LIG,12/07/2025,Varejo,1,619.9,256.11,363.79,Venda
SKU_1681_PIS,12/07/2025,Atacado,5,1174.5,588.85,117.13,Venda
SKU_1714_MID,12/07/2025,Atacado,4,1219.6,563.2,164.1,Venda
SKU_1522_MOS,12/07/2025,Varejo,1,149.9,74.21,75.69,Venda
SKU_1684_SHO,12/07/2025,Atacado,4,739.6,427.56,78.01,Venda
SKU_1764_MAR,12/07/2025,Varejo,1,234.9,81.41,153.49,Venda
SKU_1728_MID,12/07/2025,E-commerce,1,329.9,103.04,226.86,Venda
SKU_1795_HUN,12/07/2025,E-commerce,1,299.9,134.88,165.02,Venda
SKU_1688_WHI,12/07/2025,Varejo,1,429.9,163.39,266.51,Venda
SKU_1787_BAB,12/07/2025,Varejo,1,289.9,113.82,176.08,Venda
SKU_1747_TEA,12/07/2025,E-commerce,1,174.9,54.58,120.32,Venda
SKU_1715_HON,12/07/2025,Atacado,6,1319.4,677.82,106.93,Venda
SKU_1426_SEA,12/07/2025,Atacado,4,519.6,241.8,69.45,Venda
SKU_1682_OLI,12/07/2025,Varejo,1,234.9,91.04,143.86,Venda
SKU_1693_FLA,12/07/2025,Atacado,4,819.6,443.88,93.93,Venda
SKU_1395_BLA,12/07/2025,Atacado,3,869.7,426.45,147.75,Venda
SKU_1791_IVO,12/07/2025,E-commerce,1,264.9,86.28,178.62,Venda
SKU_1789_SNO,12/07/2025,Atacado,5,1349.5,566.95,156.51,Venda
SKU_1724_PIN,12/07/2025,Varejo,4,4459.6,1864.8,648.7,Venda
SKU_1782_NAV,12/07/2025,Atacado,8,1999.2,901.6,137.2,Venda
SKU_1794_FLA,12/07/2025,Atacado,2,419.8,202.06,108.87,Venda
SKU_1415_BAB,12/07/2025,E-commerce,3,1064.7,348.21,238.83,Venda
SKU_1463_LIG,12/07/2025,E-commerce,1,259.9,86.85,173.05,Venda
SKU_1706_JAD,12/07/2025,Atacado,6,1109.4,538.8,95.1,Venda
SKU_1399_PAL,12/07/2025,Varejo,1,269.9,131.48,138.42,Venda
SKU_1716_SAL,12/07/2025,Varejo,3,494.7,233.31,87.13,Venda
SKU_1773_OLI,12/07/2025,Varejo,1,324.9,104.36,220.54,Venda
SKU_1750_SNO,12/07/2025,Atacado,5,1849.5,811.4,207.62,Venda
SKU_1460_FUC,12/07/2025,Atacado,8,1399.2,745.92,81.66,Venda
SKU_1764_FUC,12/07/2025,Atacado,8,1879.2,977.68,112.69,Venda
SKU_1695_CRE,12/07/2025,Atacado,6,1259.4,580.2,113.2,Venda
SKU_1795_HUN,12/07/2025,Atacado,5,1499.5,706.15,158.67,Venda
SKU_1697_MIN,12/07/2025,Atacado,4,879.6,503.68,93.98,Venda
SKU_1698_PRI,12/07/2025,Varejo,3,1259.7,496.62,254.36,Venda
SKU_1774_COB,12/07/2025,Atacado,10,2049.0,1155.6,89.34,Venda
SKU_1785_PAS,12/07/2025,Varejo,1,244.9,113.87,131.03,Venda
SKU_1681_OFF,12/07/2025,Atacado,12,2818.8,1227.36,132.62,Venda
SKU_1801_FLA,12/07/2025,Atacado,5,1874.5,796.55,215.59,Venda
SKU_1547_FUC,12/07/2025,Atacado,4,1319.6,668.48,162.78,Venda
SKU_1766_CLE,12/07/2025,Atacado,3,1184.7,524.22,220.16,Venda
SKU_1779_MIN,12/07/2025,Varejo,2,429.8,198.9,115.45,Venda
SKU_1748_COB,12/07/2025,E-commerce,2,619.8,270.52,174.64,Venda
SKU_1588_CRE,12/07/2025,Varejo,1,489.9,150.9,339.0,Venda
SKU_1693_MEX,12/07/2025,Atacado,3,614.7,288.81,108.63,Venda
SKU_1750_MIN,12/07/2025,Varejo,2,739.8,266.88,236.46,Venda
SKU_1689_MAG,12/07/2025,Atacado,6,5789.4,2626.02,527.23,Venda
SKU_1732_OFF,12/07/2025,Atacado,4,4459.6,2559.32,475.07,Venda
SKU_1767_PRI,12/07/2025,Atacado,4,819.6,401.52,104.52,Venda
SKU_1721_COR,12/07/2025,Varejo,1,419.9,140.49,279.41,Venda
SKU_1432_BRI,12/07/2025,Atacado,2,1439.8,790.24,324.78,Venda
SKU_1757_TUR,12/07/2025,Atacado,6,1589.4,764.04,137.56,Venda
SKU_1766_CLE,12/07/2025,Varejo,1,394.9,161.93,232.97,Venda
SKU_1781_CLE,12/07/2025,Atacado,8,1039.2,444.64,74.32,Venda
SKU_1737_DEE,12/07/2025,Varejo,3,2309.7,879.09,476.87,Venda
SKU_1677_POW,12/07/2025,Varejo,3,1709.7,630.75,359.65,Venda
SKU_1695_CRE,12/07/2025,E-commerce,1,209.9,64.43,145.47,Venda
SKU_1776_PAS,12/07/2025,Atacado,6,1979.4,987.3,165.35,Venda
SKU_1721_FRE,12/07/2025,Atacado,5,2099.5,1099.15,200.07,Venda
SKU_1775_PAS,12/07/2025,Atacado,5,1399.5,608.35,158.23,Venda
SKU_1715_JAD,12/07/2025,Varejo,1,219.9,68.44,151.46,Venda
SKU_1637_BLU,12/07/2025,Atacado,2,1839.8,955.24,442.28,Venda
SKU_1606_COB,12/07/2025,Atacado,3,3254.7,1608.87,548.61,Venda
SKU_1707_ARM,12/07/2025,Varejo,1,279.9,90.74,189.16,Venda
SKU_1732_WHI,12/07/2025,Atacado,3,3344.7,1486.47,619.41,Venda
SKU_1557_TUR,12/07/2025,Varejo,2,399.8,138.48,130.66,Venda
SKU_1471_ROS,12/07/2025,E-commerce,1,204.9,96.54,108.36,Venda
SKU_1581_COB,12/07/2025,Atacado,6,5129.4,2682.42,407.83,Venda
SKU_1705_JAD,12/07/2025,Atacado,6,2459.4,1277.1,197.05,Venda
SKU_1604_SNO,12/07/2025,E-commerce,1,604.9,230.32,374.58,Venda
SKU_1713_SAL,12/07/2025,E-commerce,1,504.9,206.09,298.81,Venda
SKU_1635_SAG,12/07/2025,Atacado,5,3024.5,1553.8,294.14,Venda
SKU_1695_CRE,12/07/2025,Atacado,3,629.7,316.74,104.32,Venda
SKU_1514_SPA,12/07/2025,Atacado,4,3319.6,1730.24,397.34,Venda
SKU_1778_MIN,12/07/2025,Varejo,1,284.9,139.2,145.7,Venda
SKU_1785_HUN,12/07/2025,Varejo,2,489.8,216.92,136.44,Venda
SKU_1531_TEA,12/07/2025,Varejo,1,549.9,235.72,314.18,Venda
SKU_1769_WHI,12/07/2025,Varejo,1,324.9,159.34,165.56,Venda
SKU_1409_PEA,12/07/2025,Varejo,4,839.6,331.4,127.05,Venda
SKU_1787_BAB,12/07/2025,Varejo,1,289.9,141.33,148.57,Venda
SKU_1772_SNO,12/07/2025,Varejo,1,414.9,139.45,275.45,Venda
SKU_1412_BAB,12/07/2025,Atacado,5,4474.5,2165.6,461.78,Venda
SKU_1763_MAR,12/07/2025,Atacado,8,2399.2,1238.8,145.05,Venda
SKU_1732_WHI,12/07/2025,Atacado,6,6689.4,3728.76,493.44,Venda
SKU_1726_PAS,12/07/2025,Varejo,1,429.9,147.56,282.34,Venda
SKU_1735_MOS,12/07/2025,Atacado,3,809.7,359.58,150.04,Venda
SKU_1721_COR,12/07/2025,Varejo,1,419.9,183.17,236.73,Venda
SKU_1749_BIR,12/07/2025,E-commerce,1,349.9,146.79,203.11,Venda
SKU_1783_BAB,12/07/2025,Varejo,2,2399.8,943.26,728.27,Venda
SKU_1685_COB,12/07/2025,Varejo,1,664.9,229.26,435.64,Venda
SKU_1682_BIR,12/07/2025,Atacado,12,2818.8,1279.08,128.31,Venda
SKU_1514_SPA,12/07/2025,Atacado,3,2489.7,1083.57,468.71,Venda
SKU_1692_OLI,12/07/2025,Varejo,1,219.9,67.15,152.75,Venda
SKU_1773_FRE,12/07/2025,Atacado,6,1949.4,837.3,185.35,Venda
SKU_1786_TEA,12/07/2025,Varejo,1,179.9,77.87,102.03,Venda
SKU_1516_EME,12/07/2025,Varejo,1,349.9,112.58,237.32,Venda
SKU_1677_POW,12/07/2025,Atacado,4,2279.6,1129.4,287.55,Venda
SKU_1785_PAS,12/07/2025,Varejo,1,244.9,89.65,155.25,Venda
SKU_1776_PAS,12/07/2025,Varejo,2,659.8,292.68,183.56,Venda
SKU_1731_MIN,12/07/2025,Atacado,5,4549.5,2207.15,468.47,Venda
SKU_1691_ROS,12/07/2025,Varejo,4,1239.6,412.88,206.68,Venda
SKU_1791_ARM,12/07/2025,Varejo,1,264.9,89.34,175.56,Venda
SKU_1734_BRI,12/07/2025,Atacado,10,3499.0,1709.6,178.94,Venda
SKU_1774_COB,12/07/2025,Varejo,1,204.9,66.52,138.38,Venda
SKU_1695_CRE,12/07/2025,Atacado,5,1049.5,516.9,106.52,Venda
SKU_1801_FLA,12/07/2025,Varejo,2,749.8,362.62,193.59,Venda
SKU_1693_MEX,12/07/2025,Varejo,1,204.9,82.87,122.03,Venda
SKU_1687_WHI,12/07/2025,Atacado,3,2699.7,1236.06,487.88,Venda
SKU_1419_FLA,12/07/2025,Varejo,1,249.9,81.24,168.66,Venda
SKU_1756_FLA,12/07/2025,E-commerce,1,179.9,81.32,98.58,Venda
SKU_1743_CLO,12/07/2025,Varejo,1,439.9,169.33,270.57,Venda
SKU_1486_OLI,12/07/2025,Varejo,2,579.8,262.12,158.84,Venda
SKU_1495_FUC,12/07/2025,Atacado,2,659.8,316.1,171.85,Venda
SKU_1403_DUS,12/07/2025,E-commerce,1,384.9,171.32,213.58,Venda
SKU_1745_FOR,12/07/2025,E-commerce,1,409.9,142.25,267.65,Venda
SKU_1739_MOS,12/07/2025,Atacado,5,1274.5,553.6,144.18,Venda
SKU_1767_PRI,12/07/2025,Varejo,2,409.8,168.28,120.76,Venda
SKU_1715_HON,12/07/2025,Varejo,1,219.9,91.34,128.56,Venda
SKU_1785_PAS,12/07/2025,Varejo,1,244.9,121.46,123.44,Venda
SKU_1762_DEN,12/07/2025,E-commerce,1,254.9,89.76,165.14,Venda
SKU_1769_WHI,12/07/2025,Atacado,5,1624.5,751.7,174.56,Venda
SKU_1690_MYS,12/07/2025,Atacado,5,2699.5,1375.8,264.74,Venda
SKU_1574_GAR,12/07/2025,Atacado,3,1814.7,790.41,341.43,Venda
SKU_1538_PAS,12/07/2025,Atacado,8,1679.2,915.84,95.42,Venda
SKU_1398_SPA,12/07/2025,Atacado,8,5399.2,2351.12,381.01,Venda
SKU_1766_CLE,12/07/2025,E-commerce,1,394.9,131.62,263.28,Venda
SKU_1762_DEN,12/07/2025,Varejo,1,254.9,92.26,162.64,Venda
SKU_1760_OFF,12/07/2025,Varejo,1,249.9,92.15,157.75,Venda
SKU_1762_DEN,12/07/2025,Atacado,3,764.7,332.94,143.92,Venda
SKU_1774_COB,12/07/2025,Varejo,1,204.9,98.99,105.91,Venda
SKU_1389_BAB,12/07/2025,Varejo,1,139.9,52.08,87.82,Venda
SKU_1683_SHO,12/07/2025,Atacado,4,1259.6,600.32,164.82,Venda
SKU_1734_FRE,12/07/2025,Atacado,5,1749.5,852.45,179.41,Venda
SKU_1721_COR,12/07/2025,Atacado,8,3359.2,1550.4,226.1,Venda
SKU_1777_TUR,12/07/2025,Varejo,1,239.9,109.74,130.16,Venda
SKU_1705_JAD,12/07/2025,E-commerce,1,409.9,143.56,266.34,Venda
SKU_1707_ARM,12/07/2025,Atacado,8,2239.2,1118.24,140.12,Venda
SKU_1744_EME,12/07/2025,Atacado,8,2119.2,985.84,141.67,Venda
SKU_1713_SNO,12/07/2025,E-commerce,2,1009.8,437.7,286.05,Venda
SKU_1768_PEA,12/07/2025,Atacado,3,1874.7,876.21,332.83,Venda
SKU_1698_SNO,12/07/2025,E-commerce,2,839.8,297.38,271.21,Venda
SKU_1531_TEA,12/07/2025,Atacado,6,3299.4,1578.24,286.86,Venda
SKU_1644_PEA,12/07/2025,Varejo,1,319.9,151.43,168.47,Venda
SKU_1782_HUN,12/07/2025,Atacado,12,2998.8,1560.0,119.9,Venda
SKU_1716_AQU,12/07/2025,Atacado,3,494.7,237.81,85.63,Venda
SKU_1699_COB,12/07/2025,Atacado,3,989.7,478.71,170.33,Venda
SKU_1774_MOS,12/07/2025,Varejo,1,204.9,72.27,132.63,Venda
SKU_1395_TUR,12/07/2025,Atacado,2,579.8,244.94,167.43,Venda
SKU_1739_MOS,12/07/2025,Varejo,3,764.7,294.75,156.65,Venda
SKU_1698_PRI,12/07/2025,E-commerce,1,419.9,177.57,242.33,Venda
SKU_1778_TEA,12/07/2025,Atacado,4,1139.6,495.56,161.01,Venda
SKU_1711_ARM,12/07/2025,Atacado,5,4974.5,2209.55,552.99,Venda
SKU_1696_SHO,12/07/2025,Varejo,1,279.9,128.33,151.57,Venda
SKU_1703_BLU,12/07/2025,Varejo,1,269.9,82.83,187.07,Venda
SKU_1435_OLI,12/07/2025,Varejo,1,1009.9,462.42,547.48,Venda
SKU_1448_SKY,12/07/2025,Atacado,5,899.5,412.1,97.48,Venda
SKU_1747_FUC,12/07/2025,Varejo,1,174.9,83.06,91.84,Venda
SKU_1424_VAN,12/07/2025,E-commerce,1,994.9,460.75,534.15,Venda
SKU_1720_PAL,12/07/2025,Varejo,1,224.9,86.06,138.84,Venda
SKU_1444_OLI,12/07/2025,Varejo,1,239.9,101.13,138.77,Venda
SKU_1681_OFF,12/07/2025,Atacado,6,1409.4,711.12,116.38,Venda
SKU_1688_LIG,12/07/2025,Atacado,8,3439.2,1903.36,191.98,Venda
SKU_1431_TEA,12/07/2025,Varejo,1,369.9,163.6,206.3,Venda
SKU_1671_SEA,12/07/2025,Varejo,3,1049.7,405.39,214.77,Venda
SKU_1739_MOS,12/07/2025,Atacado,10,2549.0,1214.4,133.46,Venda
SKU_1727_WHI,12/07/2025,E-commerce,1,154.9,70.83,84.07,Venda
SKU_1698_SNO,12/07/2025,Varejo,1,419.9,136.68,283.22,Venda
SKU_1801_FLA,12/07/2025,Varejo,1,374.9,138.33,236.57,Venda
SKU_1790_EGR,12/07/2025,Varejo,1,259.9,121.09,138.81,Venda
SKU_1738_ROY,12/07/2025,Varejo,1,194.9,87.09,107.81,Venda
SKU_1729_FUC,12/07/2025,Atacado,3,524.7,221.28,101.14,Venda
SKU_1550_IVO,12/07/2025,E-commerce,1,164.9,50.1,114.8,Venda
SKU_1707_SAP,12/07/2025,E-commerce,1,279.9,115.34,164.56,Venda
SKU_1797_BLU,12/07/2025,Varejo,1,379.9,129.53,250.37,Venda
SKU_1734_BRI,12/07/2025,Varejo,4,1399.6,584.56,203.76,Venda
SKU_1753_PAL,12/07/2025,Varejo,1,789.9,263.5,526.4,Venda
SKU_1728_MID,12/07/2025,Atacado,6,1979.4,858.48,186.82,Venda
SKU_1715_HON,12/07/2025,Atacado,4,879.6,428.28,112.83,Venda
SKU_1707_SAP,12/07/2025,Varejo,1,279.9,107.01,172.89,Venda
SKU_1700_PIS,12/07/2025,Varejo,1,699.9,210.76,489.14,Venda
SKU_1692_BLU,12/07/2025,Atacado,4,879.6,405.52,118.52,Venda
SKU_1770_JAD,12/07/2025,Varejo,2,439.8,162.08,138.86,Venda
SKU_1735_COR,12/07/2025,E-commerce,2,539.8,210.14,164.83,Venda
SKU_1712_MOS,12/07/2025,Atacado,12,2158.8,918.72,103.34,Venda
SKU_1795_HUN,12/07/2025,Varejo,1,299.9,133.29,166.61,Venda
SKU_1739_AQU,12/07/2025,Atacado,10,2549.0,1214.3,133.47,Venda
SKU_1556_SAL,12/07/2025,Atacado,4,819.6,357.2,115.6,Venda
SKU_1764_FUC,12/07/2025,Atacado,6,1409.4,712.92,116.08,Venda
SKU_1779_LIG,12/07/2025,Atacado,6,1289.4,672.18,102.87,Venda
SKU_1764_MAR,12/07/2025,Varejo,1,234.9,75.91,158.99,Venda
SKU_1421_SER,12/07/2025,Varejo,1,229.9,86.59,143.31,Venda
SKU_1715_HON,12/07/2025,Atacado,6,1319.4,644.34,112.51,Venda
SKU_1655_SNO,12/07/2025,Atacado,8,5159.2,2481.68,334.69,Venda
SKU_1708_FLA,12/07/2025,Varejo,1,169.9,71.0,98.9,Venda
SKU_1545_HOT,12/07/2025,Atacado,4,1039.6,498.32,135.32,Venda
SKU_1702_LIG,12/07/2025,Varejo,1,619.9,273.58,346.32,Venda
SKU_1615_MOS,12/07/2025,Atacado,10,4649.0,2419.8,222.92,Venda
SKU_1765_MYS,12/07/2025,Varejo,2,519.8,259.84,129.98,Venda
SKU_1608_WHI,12/07/2025,E-commerce,1,304.9,99.01,205.89,Venda
SKU_1797_BLU,12/07/2025,Varejo,2,759.8,342.66,208.57,Venda
SKU_1755_BIR,12/07/2025,Atacado,6,2009.4,849.36,193.34,Venda
SKU_1753_PAL,12/07/2025,E-commerce,1,789.9,393.7,396.2,Venda
SKU_1554_PIS,12/07/2025,Atacado,6,6209.4,2794.98,569.07,Venda
SKU_1799_POW,12/07/2025,Atacado,5,1349.5,667.1,136.48,Venda
SKU_1680_SEA,12/07/2025,Varejo,4,1339.6,632.4,176.8,Venda
SKU_1695_LIM,12/07/2025,Atacado,12,2518.8,1389.72,94.09,Venda
SKU_1709_MAR,12/07/2025,Atacado,12,2518.8,1337.04,98.48,Venda
SKU_1740_OLI,12/07/2025,Varejo,1,214.9,74.13,140.77,Venda
SKU_1776_PAS,12/07/2025,Varejo,1,329.9,163.93,165.97,Venda
SKU_1600_LIG,12/07/2025,Atacado,5,1974.5,1094.4,176.02,Venda
SKU_1727_WHI,12/07/2025,Atacado,5,774.5,404.45,74.01,Venda
SKU_1691_ROS,12/07/2025,E-commerce,2,619.8,293.84,162.98,Venda
SKU_1635_SAG,12/07/2025,E-commerce,1,604.9,269.17,335.73,Venda
SKU_1736_PAS,12/07/2025,Varejo,1,324.9,145.11,179.79,Venda
SKU_1575_AQU,12/07/2025,Varejo,1,864.9,290.62,574.28,Venda
SKU_1741_PEA,12/07/2025,Varejo,3,719.7,289.5,143.4,Venda
SKU_1490_VAN,12/07/2025,Atacado,6,1889.4,956.04,155.56,Venda
SKU_1730_MIN,12/07/2025,Atacado,2,639.8,338.74,150.53,Venda
SKU_1791_ARM,12/07/2025,Atacado,4,1059.6,572.68,121.73,Venda
SKU_1705_JAD,12/07/2025,Atacado,3,1229.7,553.83,225.29,Venda
SKU_1801_FLA,12/07/2025,Varejo,1,374.9,136.57,238.33,Venda
SKU_1685_BIR,12/07/2025,E-commerce,1,664.9,318.43,346.47,Venda
SKU_1716_AQU,12/07/2025,Atacado,2,329.8,158.66,85.57,Venda
SKU_1595_FLA,12/07/2025,Atacado,8,2399.2,1248.96,143.78,Venda
SKU_1389_BAB,12/07/2025,Atacado,3,419.7,190.41,76.43,Venda
SKU_1396_PAS,12/07/2025,E-commerce,1,134.9,43.37,91.53,Venda
SKU_1720_PAL,12/07/2025,Varejo,2,449.8,221.34,114.23,Venda
SKU_1793_MIN,12/07/2025,Varejo,1,189.9,64.54,125.36,Venda
SKU_1789_EME,12/07/2025,Atacado,4,1079.6,568.0,127.9,Venda
SKU_1684_SHO,12/07/2025,Atacado,6,1109.4,527.46,96.99,Venda
SKU_1786_POW,12/07/2025,E-commerce,1,179.9,55.26,124.64,Venda
SKU_1698_SNO,12/07/2025,E-commerce,1,419.9,195.86,224.04,Venda
SKU_1720_PAS,12/07/2025,Atacado,5,1124.5,586.75,107.55,Venda
SKU_1772_BLU,12/07/2025,Atacado,5,2074.5,1030.6,208.78,Venda
SKU_1645_MYS,12/07/2025,Atacado,4,1599.6,679.88,229.93,Venda
SKU_1763_HOT,12/07/2025,Atacado,10,2999.0,1502.5,149.65,Venda
SKU_1450_JAD,12/07/2025,E-commerce,1,409.9,195.78,214.12,Venda
SKU_1703_BLU,12/07/2025,E-commerce,1,269.9,90.11,179.79,Venda
SKU_1635_TEA,12/07/2025,E-commerce,2,1209.8,463.26,373.27,Venda
SKU_1765_MYS,12/07/2025,Atacado,4,1039.6,535.52,126.02,Venda
SKU_1713_SNO,12/07/2025,Atacado,4,2019.6,891.28,282.08,Venda
SKU_1781_CLE,12/07/2025,Atacado,3,389.7,182.28,69.14,Venda
SKU_1701_BLU,12/07/2025,Atacado,4,1359.6,848.96,127.66,Venda
SKU_1769_EME,12/07/2025,E-commerce,1,324.9,137.73,187.17,Venda
SKU_1799_DEN,12/07/2025,Atacado,10,2699.0,1379.2,131.98,Venda
SKU_1684_HON,12/07/2025,Varejo,1,184.9,56.29,128.61,Venda
SKU_1435_SKY,12/07/2025,E-commerce,1,1009.9,487.51,522.39,Venda
SKU_1727_WHI,12/07/2025,Varejo,3,464.7,183.15,93.85,Venda
SKU_1723_MOS,12/07/2025,Varejo,2,869.8,347.38,261.21,Venda
SKU_1739_MOS,12/07/2025,Atacado,10,2549.0,1401.2,114.78,Venda
SKU_1708_FLA,12/07/2025,Varejo,1,169.9,75.38,94.52,Venda
SKU_1702_COR,12/07/2025,Varejo,1,619.9,240.28,379.62,Venda
SKU_1800_MOS,12/07/2025,Varejo,1,279.9,85.1,194.8,Venda
SKU_1762_DEN,12/07/2025,Varejo,1,254.9,121.94,132.96,Venda
SKU_1679_SHO,12/07/2025,Atacado,4,3679.6,1897.0,445.65,Venda
SKU_1766_MYS,12/07/2025,Atacado,8,3159.2,1493.92,208.16,Venda
SKU_1593_LIG,12/07/2025,Atacado,6,869.4,410.94,76.41,Venda
SKU_1577_HUN,12/07/2025,E-commerce,1,159.9,69.45,90.45,Venda
SKU_1709_MAR,12/07/2025,Varejo,1,209.9,92.69,117.21,Venda
SKU_1727_LIG,12/07/2025,Atacado,4,619.6,261.6,89.5,Venda
SKU_1700_PIS,12/07/2025,E-commerce,1,699.9,215.56,484.34,Venda
SKU_1772_BLU,12/07/2025,Atacado,4,1659.6,782.24,219.34,Venda
SKU_1762_BRI,12/07/2025,Varejo,1,254.9,93.69,161.21,Venda
SKU_1774_MOS,12/07/2025,Varejo,1,204.9,96.24,108.66,Venda
SKU_1465_CLE,13/07/2025,Varejo,1,314.9,104.83,210.07,Venda
SKU_1509_HOT,13/07/2025,Atacado,5,1599.5,838.7,152.16,Venda
SKU_1780_LIG,13/07/2025,Varejo,3,1004.7,318.09,228.87,Venda
SKU_1781_CLE,13/07/2025,Varejo,1,129.9,49.28,80.62,Venda
SKU_1743_DEE,13/07/2025,Atacado,4,1759.6,932.48,206.78,Venda
SKU_1422_PIN,13/07/2025,Atacado,6,1889.4,872.7,169.45,Venda
SKU_1743_DEE,13/07/2025,Atacado,6,2639.4,1527.12,185.38,Venda
SKU_1790_EGR,13/07/2025,Atacado,4,1039.6,450.72,147.22,Venda
SKU_1465_OFF,13/07/2025,Atacado,10,3149.0,1579.7,156.93,Venda
SKU_1665_SAG,13/07/2025,Varejo,1,249.9,76.08,173.82,Venda
SKU_1528_PAS,13/07/2025,Atacado,3,644.7,281.4,121.1,Venda
SKU_1757_PIN,13/07/2025,Varejo,1,264.9,113.67,151.23,Venda
SKU_1795_HUN,13/07/2025,Varejo,1,299.9,140.29,159.61,Venda
SKU_1748_COB,13/07/2025,Atacado,8,2479.2,1178.8,162.55,Venda
SKU_1723_MOS,13/07/2025,E-commerce,2,869.8,417.78,226.01,Venda
SKU_1446_SHO,13/07/2025,Atacado,5,1349.5,706.3,128.64,Venda
SKU_1618_SAP,13/07/2025,Atacado,2,359.8,160.1,99.85,Venda
SKU_1735_MOS,13/07/2025,Varejo,1,269.9,104.76,165.14,Venda
SKU_1789_SNO,13/07/2025,Atacado,6,1619.4,847.56,128.64,Venda
SKU_1703_PAS,13/07/2025,Atacado,6,1619.4,797.1,137.05,Venda
SKU_1773_OLI,13/07/2025,Atacado,5,1624.5,711.85,182.53,Venda
SKU_1708_FLA,13/07/2025,Varejo,3,509.7,221.4,96.1,Venda
SKU_1724_PIN,13/07/2025,E-commerce,1,1114.9,537.56,577.34,Venda
SKU_1484_MOS,13/07/2025,Atacado,12,5518.8,2406.24,259.38,Venda
SKU_1487_CLE,13/07/2025,Atacado,10,3349.0,1909.0,144.0,Venda
SKU_1720_PAS,13/07/2025,E-commerce,1,224.9,107.55,117.35,Venda
SKU_1789_SNO,13/07/2025,Varejo,1,269.9,111.96,157.94,Venda
SKU_1797_GAR,13/07/2025,E-commerce,1,379.9,147.28,232.62,Venda
SKU_1697_MIN,13/07/2025,Varejo,1,219.9,91.21,128.69,Venda
SKU_1571_BIR,13/07/2025,Atacado,8,1999.2,1079.2,115.0,Venda
SKU_1776_BIR,13/07/2025,Varejo,1,329.9,116.46,213.44,Venda
SKU_1712_MOS,13/07/2025,Varejo,1,179.9,72.7,107.2,Venda
SKU_1784_EGR,13/07/2025,Atacado,6,1859.4,857.76,166.94,Venda
SKU_1705_JAD,13/07/2025,Varejo,1,409.9,186.89,223.01,Venda
SKU_1795_RAS,13/07/2025,Atacado,5,1499.5,698.3,160.24,Venda
SKU_1758_CLO,13/07/2025,Varejo,1,179.9,67.77,112.13,Venda
SKU_1596_BIR,13/07/2025,Atacado,3,824.7,421.92,134.26,Venda
SKU_1795_HUN,13/07/2025,E-commerce,1,299.9,127.53,172.37,Venda
SKU_1666_FUC,13/07/2025,Varejo,1,799.9,310.97,488.93,Venda
SKU_1717_CRE,13/07/2025,Atacado,10,2599.0,1135.2,146.38,Venda
SKU_1720_PAL,13/07/2025,Varejo,4,899.6,398.8,125.2,Venda
SKU_1732_WHI,13/07/2025,Varejo,4,4459.6,1976.16,620.86,Venda
SKU_1441_COB,13/07/2025,E-commerce,1,1154.9,356.16,798.74,Venda
SKU_1663_SNO,13/07/2025,E-commerce,1,794.9,366.5,428.4,Venda
SKU_1711_ARM,13/07/2025,Varejo,1,994.9,458.53,536.37,Venda
SKU_1567_PRI,13/07/2025,Varejo,1,689.9,276.4,413.5,Venda
SKU_1799_DEN,13/07/2025,Atacado,3,809.7,425.43,128.09,Venda
SKU_1688_LIG,13/07/2025,Varejo,1,429.9,165.8,264.1,Venda
SKU_1790_ROY,13/07/2025,Varejo,1,259.9,82.61,177.29,Venda
SKU_1765_MYS,13/07/2025,Varejo,1,259.9,115.47,144.43,Venda
SKU_1736_JAD,13/07/2025,Atacado,6,1949.4,867.54,180.31,Venda
SKU_1510_ROS,13/07/2025,Atacado,8,6679.2,3562.72,389.56,Venda
SKU_1740_OLI,13/07/2025,Atacado,3,644.7,308.49,112.07,Venda
SKU_1780_AQU,13/07/2025,Varejo,1,334.9,149.28,185.62,Venda
SKU_1684_SHO,13/07/2025,Varejo,1,184.9,61.67,123.23,Venda
SKU_1712_NAV,13/07/2025,Varejo,3,539.7,176.91,120.93,Venda
SKU_1741_PIN,13/07/2025,Varejo,1,239.9,106.19,133.71,Venda
SKU_1759_COB,13/07/2025,Varejo,1,269.9,132.49,137.41,Venda
SKU_1673_FUC,13/07/2025,Varejo,1,409.9,171.45,238.45,Venda
SKU_1695_LIM,13/07/2025,Varejo,1,209.9,101.35,108.55,Venda
SKU_1705_SER,13/07/2025,Varejo,2,819.8,260.36,279.72,Venda
SKU_1453_PRI,13/07/2025,Atacado,5,1174.5,562.1,122.48,Venda
SKU_1761_SAP,13/07/2025,Varejo,3,3314.7,1014.75,766.65,Venda
SKU_1782_HUN,13/07/2025,Varejo,1,249.9,122.63,127.27,Venda
SKU_1512_MYS,13/07/2025,Atacado,8,1799.2,1007.12,99.01,Venda
SKU_1511_SKY,13/07/2025,Varejo,2,1869.8,903.5,483.15,Venda
SKU_1697_MIN,13/07/2025,Atacado,5,1099.5,478.1,124.28,Venda
SKU_1798_MOS,13/07/2025,Varejo,2,839.8,283.48,278.16,Venda
SKU_1752_SNO,13/07/2025,Atacado,5,2149.5,1178.5,194.2,Venda
SKU_1522_BIR,13/07/2025,Atacado,6,899.4,461.1,73.05,Venda
SKU_1756_FLA,13/07/2025,Atacado,5,899.5,469.4,86.02,Venda
SKU_1687_WHI,13/07/2025,Atacado,5,4499.5,2805.55,338.79,Venda
SKU_1732_WHI,13/07/2025,Varejo,1,1114.9,435.33,679.57,Venda
SKU_1761_MOS,13/07/2025,Atacado,6,6629.4,3492.0,522.9,Venda
SKU_1790_ROY,13/07/2025,Varejo,1,259.9,103.0,156.9,Venda
SKU_1628_POW,13/07/2025,Varejo,1,549.9,231.13,318.77,Venda
SKU_1798_OFF,13/07/2025,Varejo,1,419.9,138.3,281.6,Venda
SKU_1406_PRI,13/07/2025,Atacado,4,1399.6,637.96,190.41,Venda
SKU_1710_OLI,13/07/2025,E-commerce,1,809.9,265.77,544.13,Venda
SKU_1683_SHO,13/07/2025,Atacado,6,1889.4,889.98,166.57,Venda
SKU_1791_ARM,13/07/2025,Atacado,4,1059.6,501.44,139.54,Venda
SKU_1562_BLU,13/07/2025,Atacado,4,1239.6,585.96,163.41,Venda
SKU_1692_OLI,13/07/2025,E-commerce,1,219.9,66.48,153.42,Venda
SKU_1583_WHI,13/07/2025,E-commerce,1,254.9,82.21,172.69,Venda
SKU_1435_SKY,13/07/2025,Varejo,1,1009.9,387.4,622.5,Venda
SKU_1739_AQU,13/07/2025,Varejo,1,254.9,113.21,141.69,Venda
SKU_1732_OFF,13/07/2025,Varejo,1,1114.9,341.61,773.29,Venda
SKU_1799_POW,13/07/2025,Atacado,10,2699.0,1179.8,151.92,Venda
SKU_1788_EME,13/07/2025,Atacado,5,1249.5,621.6,125.58,Venda
SKU_1737_SAG,13/07/2025,Varejo,2,1539.8,675.92,431.94,Venda
SKU_1635_TEA,13/07/2025,Varejo,1,604.9,219.65,385.25,Venda
SKU_1726_PAS,13/07/2025,Varejo,1,429.9,164.92,264.98,Venda
SKU_1707_ARM,13/07/2025,Atacado,6,1679.4,839.16,140.04,Venda
SKU_1725_BAB,13/07/2025,Atacado,10,2449.0,1256.3,119.27,Venda
SKU_1777_TUR,13/07/2025,Varejo,1,239.9,99.8,140.1,Venda
SKU_1546_PAS,13/07/2025,Atacado,8,1399.2,750.48,81.09,Venda
SKU_1742_DEN,13/07/2025,Atacado,4,1039.6,462.24,144.34,Venda
SKU_1753_WHI,13/07/2025,Varejo,1,789.9,257.71,532.19,Venda
SKU_1769_WHI,13/07/2025,Atacado,6,1949.4,974.88,162.42,Venda
SKU_1569_PAS,13/07/2025,Varejo,2,439.8,192.04,123.88,Venda
SKU_1531_SNO,13/07/2025,Varejo,1,549.9,261.07,288.83,Venda
SKU_1771_EME,13/07/2025,Varejo,2,529.8,192.04,168.88,Venda
SKU_1694_PIS,13/07/2025,Atacado,10,2799.0,1440.0,135.9,Venda
SKU_1771_EME,13/07/2025,Atacado,6,1589.4,748.5,140.15,Venda
SKU_1798_MOS,13/07/2025,Varejo,1,419.9,146.96,272.94,Venda
SKU_1748_BAB,13/07/2025,Atacado,8,2479.2,1203.04,159.52,Venda
SKU_1753_PAL,13/07/2025,Varejo,1,789.9,327.57,462.33,Venda
SKU_1771_PIN,13/07/2025,Atacado,8,2119.2,1074.48,130.59,Venda
SKU_1723_COB,13/07/2025,Varejo,1,434.9,173.71,261.19,Venda
SKU_1763_MAR,13/07/2025,Varejo,1,299.9,113.53,186.37,Venda
SKU_1762_DEN,13/07/2025,E-commerce,1,254.9,110.18,144.72,Venda
SKU_1692_OLI,13/07/2025,Atacado,8,1759.2,966.48,99.09,Venda
SKU_1768_MIN,13/07/2025,E-commerce,1,624.9,279.48,345.42,Venda
SKU_1779_MIN,13/07/2025,Varejo,2,429.8,187.12,121.34,Venda
SKU_1539_BLA,13/07/2025,E-commerce,1,349.9,148.93,200.97,Venda
SKU_1777_FRE,13/07/2025,Atacado,4,959.6,452.16,126.86,Venda
SKU_1433_SAP,13/07/2025,Varejo,1,314.9,150.19,164.71,Venda
SKU_1473_BLU,13/07/2025,Atacado,5,899.5,472.1,85.48,Venda
SKU_1446_SHO,13/07/2025,Atacado,3,809.7,406.92,134.26,Venda
SKU_1746_NAV,13/07/2025,Varejo,1,179.9,56.38,123.52,Venda
SKU_1711_ARM,13/07/2025,Varejo,1,994.9,336.02,658.88,Venda
SKU_1640_TEA,13/07/2025,E-commerce,1,219.9,92.18,127.72,Venda
SKU_1748_BAB,13/07/2025,Atacado,4,1239.6,646.48,148.28,Venda
SKU_1695_CRE,13/07/2025,Atacado,4,839.6,385.72,113.47,Venda
SKU_1782_HUN,13/07/2025,Atacado,4,999.6,425.24,143.59,Venda
SKU_1781_CLE,13/07/2025,Atacado,3,389.7,199.29,63.47,Venda
SKU_1461_NAV,13/07/2025,Varejo,1,1069.9,519.71,550.19,Venda
SKU_1701_BLU,13/07/2025,Varejo,1,339.9,149.79,190.11,Venda
SKU_1767_FUC,13/07/2025,Atacado,8,1639.2,734.56,113.08,Venda
SKU_1710_MEX,13/07/2025,Atacado,4,3239.6,1685.28,388.58,Venda
SKU_1686_SKY,13/07/2025,E-commerce,1,214.9,82.97,131.93,Venda
SKU_1427_BLA,13/07/2025,Varejo,1,199.9,81.31,118.59,Venda
SKU_1710_MEX,13/07/2025,E-commerce,1,809.9,269.53,540.37,Venda
SKU_1717_MIN,13/07/2025,Atacado,8,2079.2,1029.84,131.17,Venda
SKU_1709_MAR,13/07/2025,Varejo,1,209.9,92.11,117.79,Venda
SKU_1753_WHI,13/07/2025,Atacado,6,4739.4,2137.92,433.58,Venda
SKU_1557_TUR,13/07/2025,Atacado,3,599.7,317.28,94.14,Venda
SKU_1478_COB,13/07/2025,Atacado,10,1949.0,919.6,102.94,Venda
SKU_1741_PEA,13/07/2025,Atacado,4,959.6,549.4,102.55,Venda
SKU_1797_GAR,13/07/2025,E-commerce,1,379.9,171.41,208.49,Venda
SKU_1700_PIS,13/07/2025,Varejo,1,699.9,276.48,423.42,Venda
SKU_1724_PIN,13/07/2025,Varejo,2,2229.8,940.3,644.75,Venda
SKU_1516_CRE,13/07/2025,Atacado,10,3499.0,1772.7,172.63,Venda
SKU_1763_MAR,13/07/2025,Varejo,1,299.9,91.2,208.7,Venda
SKU_1577_FLA,13/07/2025,Atacado,6,959.4,414.36,90.84,Venda
SKU_1398_SPA,13/07/2025,Atacado,8,5399.2,2857.52,317.71,Venda
SKU_1685_BIR,13/07/2025,Varejo,1,664.9,233.55,431.35,Venda
SKU_1618_SAL,13/07/2025,Atacado,6,1079.4,610.98,78.07,Venda
SKU_1747_FUC,13/07/2025,Atacado,6,1049.4,512.1,89.55,Venda
SKU_1755_BIR,13/07/2025,E-commerce,1,334.9,133.98,200.92,Venda
SKU_1783_EGR,13/07/2025,Varejo,1,1199.9,531.62,668.28,Venda
SKU_1688_WHI,13/07/2025,E-commerce,2,859.8,376.7,241.55,Venda
SKU_1609_LIM,13/07/2025,Atacado,10,2699.0,1382.4,131.66,Venda
SKU_1483_POW,13/07/2025,Varejo,1,324.9,102.2,222.7,Venda
SKU_1729_CLE,13/07/2025,Varejo,1,174.9,53.5,121.4,Venda
SKU_1785_PAS,13/07/2025,Atacado,4,979.6,470.44,127.29,Venda
SKU_1795_RAS,13/07/2025,Atacado,5,1499.5,863.2,127.26,Venda
SKU_1732_WHI,13/07/2025,Varejo,1,1114.9,359.86,755.04,Venda
SKU_1699_CLO,13/07/2025,Atacado,10,3299.0,1667.3,163.17,Venda
SKU_1777_TUR,13/07/2025,Atacado,8,1919.2,960.88,119.79,Venda
SKU_1718_DUS,13/07/2025,Varejo,1,369.9,147.62,222.28,Venda
SKU_1755_AQU,13/07/2025,Atacado,3,1004.7,523.65,160.35,Venda
SKU_1796_OLI,13/07/2025,Atacado,5,2524.5,1359.55,232.99,Venda
SKU_1438_MOS,13/07/2025,Atacado,12,2458.8,1421.88,86.41,Venda
SKU_1772_BLU,13/07/2025,Varejo,2,829.8,381.92,223.94,Venda
SKU_1513_PAS,13/07/2025,Varejo,1,214.9,67.49,147.41,Venda
SKU_1728_MID,13/07/2025,Atacado,10,3299.0,1575.8,172.32,Venda
SKU_1706_JAD,13/07/2025,Atacado,6,1109.4,607.98,83.57,Venda
SKU_1427_AQU,13/07/2025,Varejo,1,199.9,73.03,126.87,Venda
SKU_1718_SEA,13/07/2025,Varejo,1,369.9,125.84,244.06,Venda
SKU_1740_OLI,13/07/2025,Atacado,3,644.7,295.32,116.46,Venda
SKU_1756_BUB,13/07/2025,Varejo,2,359.8,152.16,103.82,Venda
SKU_1682_BIR,13/07/2025,Varejo,1,234.9,80.37,154.53,Venda
SKU_1786_TEA,13/07/2025,E-commerce,2,359.8,148.66,105.57,Venda
SKU_1764_FUC,13/07/2025,Atacado,5,1174.5,643.8,106.14,Venda
SKU_1694_PIS,13/07/2025,E-commerce,1,279.9,133.57,146.33,Venda
SKU_1775_PAS,13/07/2025,Atacado,10,2799.0,1325.7,147.33,Venda
SKU_1732_WHI,13/07/2025,Varejo,2,2229.8,735.2,747.3,Venda
SKU_1710_OLI,13/07/2025,Atacado,8,6479.2,3126.4,419.1,Venda
SKU_1733_NAV,13/07/2025,Varejo,2,699.8,295.7,202.05,Venda
SKU_1702_COR,13/07/2025,E-commerce,1,619.9,303.17,316.73,Venda
SKU_1734_FRE,13/07/2025,E-commerce,1,349.9,174.25,175.65,Venda
SKU_1486_OLI,13/07/2025,Varejo,1,289.9,95.04,194.86,Venda
SKU_1766_CLE,13/07/2025,E-commerce,1,394.9,154.21,240.69,Venda
SKU_1687_WHI,13/07/2025,Atacado,6,5399.4,2855.94,423.91,Venda
SKU_1764_FUC,13/07/2025,Varejo,1,234.9,79.87,155.03,Venda
SKU_1668_VAN,13/07/2025,Atacado,8,2159.2,1129.68,128.69,Venda
SKU_1757_PIN,13/07/2025,Varejo,3,794.7,378.18,138.84,Venda
SKU_1786_TEA,13/07/2025,Atacado,2,359.8,176.42,91.69,Venda
SKU_1782_NAV,13/07/2025,Atacado,3,749.7,355.86,131.28,Venda
SKU_1740_FRE,13/07/2025,Atacado,2,429.8,223.54,103.13,Venda
SKU_1674_PAS,13/07/2025,Atacado,4,919.6,451.56,117.01,Venda
SKU_1699_COB,13/07/2025,Varejo,2,659.8,311.68,174.06,Venda
SKU_1684_HON,13/07/2025,Varejo,3,554.7,253.56,100.38,Venda
SKU_1758_CLO,13/07/2025,E-commerce,1,179.9,76.85,103.05,Venda
SKU_1687_WHI,13/07/2025,Varejo,1,899.9,385.65,514.25,Venda
SKU_1438_MOS,13/07/2025,Atacado,8,1639.2,858.4,97.6,Venda
SKU_1739_AQU,13/07/2025,Varejo,1,254.9,121.97,132.93,Venda
SKU_1680_SEA,13/07/2025,Atacado,4,1339.6,776.08,140.88,Venda
SKU_1799_POW,13/07/2025,Atacado,12,3238.8,1656.24,131.88,Venda
SKU_1738_ROY,13/07/2025,Varejo,1,194.9,86.79,108.11,Venda
SKU_1713_SAL,13/07/2025,Atacado,10,5049.0,2417.2,263.18,Venda
SKU_1772_SNO,13/07/2025,Varejo,1,414.9,174.04,240.86,Venda
SKU_1719_WHI,13/07/2025,Atacado,3,959.7,506.76,150.98,Venda
SKU_1706_BLA,13/07/2025,Atacado,5,924.5,576.15,69.67,Venda
SKU_1703_PAS,13/07/2025,Atacado,5,1349.5,673.45,135.21,Venda
SKU_1733_SAG,13/07/2025,Atacado,5,1749.5,748.6,200.18,Venda
SKU_1701_BLU,13/07/2025,Varejo,3,1019.7,438.81,193.63,Venda
SKU_1772_SNO,13/07/2025,Atacado,3,1244.7,675.48,189.74,Venda
SKU_1778_MIN,13/07/2025,Atacado,2,569.8,247.18,161.31,Venda
SKU_1735_COR,13/07/2025,Atacado,6,1619.4,861.48,126.32,Venda
SKU_1724_PEA,13/07/2025,Varejo,2,2229.8,979.02,625.39,Venda
SKU_1733_SAG,13/07/2025,Varejo,4,1399.6,548.96,212.66,Venda
SKU_1622_CLO,13/07/2025,Atacado,2,539.8,281.74,129.03,Venda
SKU_1748_BAB,13/07/2025,E-commerce,1,309.9,100.17,209.73,Venda
SKU_1746_NAV,13/07/2025,E-commerce,2,359.8,136.6,111.6,Venda
SKU_1701_SPA,13/07/2025,Varejo,1,339.9,146.61,193.29,Venda
SKU_1790_ROY,13/07/2025,Atacado,12,3118.8,1660.2,121.55,Venda
SKU_1791_ARM,13/07/2025,Atacado,5,1324.5,632.25,138.45,Venda
SKU_1697_MIN,13/07/2025,Atacado,2,439.8,210.8,114.5,Venda
SKU_1728_EGR,13/07/2025,Atacado,4,1319.6,596.2,180.85,Venda
SKU_1766_CLE,13/07/2025,Varejo,2,789.8,334.38,227.71,Venda
SKU_1748_COB,13/07/2025,Atacado,3,929.7,538.08,130.54,Venda
SKU_1683_PAL,13/07/2025,Varejo,1,314.9,154.43,160.47,Venda
SKU_1715_HON,13/07/2025,Atacado,12,2638.8,1273.08,113.81,Venda
SKU_1733_NAV,13/07/2025,E-commerce,1,349.9,161.03,188.87,Venda
SKU_1705_SER,13/07/2025,Atacado,2,819.8,459.64,180.08,Venda
SKU_1595_FLA,13/07/2025,Atacado,6,1799.4,821.16,163.04,Venda
SKU_1696_SER,13/07/2025,E-commerce,1,279.9,119.03,160.87,Venda
SKU_1703_BLU,13/07/2025,Atacado,6,1619.4,810.9,134.75,Venda
SKU_1690_MYS,13/07/2025,Varejo,2,1079.8,480.26,299.77,Venda
SKU_1775_PAS,13/07/2025,Atacado,4,1119.6,491.24,157.09,Venda
SKU_1781_CLE,13/07/2025,Varejo,1,129.9,45.24,84.66,Venda
SKU_1771_EME,13/07/2025,Atacado,3,794.7,377.4,139.1,Venda
SKU_1729_FUC,13/07/2025,Atacado,4,699.6,329.88,92.43,Venda
SKU_1707_ARM,13/07/2025,Varejo,1,279.9,126.53,153.37,Venda
SKU_1723_MOS,13/07/2025,E-commerce,1,434.9,170.64,264.26,Venda
SKU_1748_BAB,13/07/2025,Atacado,3,929.7,431.64,166.02,Venda
SKU_1699_COB,13/07/2025,E-commerce,2,659.8,317.48,171.16,Venda
SKU_1721_COR,13/07/2025,E-commerce,1,419.9,169.54,250.36,Venda
SKU_1743_DEE,13/07/2025,Atacado,5,2199.5,939.7,251.96,Venda
SKU_1755_AQU,13/07/2025,Atacado,12,4018.8,2163.0,154.65,Venda
SKU_1738_BLU,13/07/2025,Atacado,3,584.7,307.83,92.29,Venda
SKU_1690_MAG,13/07/2025,Atacado,6,3239.4,1474.74,294.11,Venda
SKU_1722_PAS,13/07/2025,Varejo,3,974.7,300.42,224.76,Venda
SKU_1650_OLI,13/07/2025,Atacado,4,4019.6,1739.36,570.06,Venda
SKU_1749_SNO,13/07/2025,Varejo,1,349.9,105.7,244.2,Venda
SKU_1754_IVO,13/07/2025,E-commerce,1,339.9,136.21,203.69,Venda
SKU_1703_BLU,13/07/2025,Atacado,2,539.8,250.08,144.86,Venda
SKU_1765_PAS,13/07/2025,Atacado,5,1299.5,616.9,136.52,Venda
SKU_1727_WHI,13/07/2025,Atacado,4,619.6,314.16,76.36,Venda
SKU_1720_PAS,13/07/2025,Atacado,10,2249.0,1006.4,124.26,Venda
SKU_1766_MYS,13/07/2025,Varejo,2,789.8,330.08,229.86,Venda
SKU_1751_BLU,13/07/2025,E-commerce,1,329.9,129.27,200.63,Venda
SKU_1680_SEA,13/07/2025,Atacado,8,2679.2,1327.76,168.93,Venda
SKU_1563_WHI,13/07/2025,Atacado,8,1199.2,517.2,85.25,Venda
SKU_1749_BIR,13/07/2025,E-commerce,1,349.9,114.46,235.44,Venda
SKU_1730_MIN,13/07/2025,Atacado,4,1279.6,731.16,137.11,Venda
SKU_1744_EME,13/07/2025,Varejo,1,264.9,92.03,172.87,Venda
SKU_1630_SNO,13/07/2025,Atacado,10,3349.0,1603.1,174.59,Venda
SKU_1433_OLI,13/07/2025,Atacado,3,944.7,432.24,170.82,Venda
SKU_1689_MAG,13/07/2025,Atacado,6,5789.4,2731.32,509.68,Venda
SKU_1770_DEE,13/07/2025,Varejo,3,659.7,270.0,129.9,Venda
SKU_1742_EME,13/07/2025,Atacado,3,779.7,338.16,147.18,Venda
SKU_1685_BIR,13/07/2025,Varejo,2,1329.8,460.94,434.43,Venda
SKU_1771_EME,13/07/2025,Atacado,4,1059.6,498.56,140.26,Venda
SKU_1728_MID,13/07/2025,Atacado,6,1979.4,1111.44,144.66,Venda
SKU_1734_FRE,13/07/2025,E-commerce,1,349.9,172.95,176.95,Venda
SKU_1755_BIR,13/07/2025,Atacado,5,1674.5,785.05,177.89,Venda
SKU_1795_RAS,13/07/2025,Atacado,6,1799.4,854.04,157.56,Venda
SKU_1694_SER,13/07/2025,Varejo,1,279.9,131.21,148.69,Venda
SKU_1498_LIG,13/07/2025,Varejo,1,339.9,160.05,179.85,Venda
SKU_1717_CRE,13/07/2025,Varejo,1,259.9,106.76,153.14,Venda
SKU_1747_FUC,13/07/2025,Varejo,1,174.9,54.6,120.3,Venda
SKU_1744_EME,13/07/2025,E-commerce,1,264.9,101.52,163.38,Venda
SKU_1744_EME,13/07/2025,Varejo,4,1059.6,376.12,170.87,Venda
SKU_1787_BAB,13/07/2025,Varejo,1,289.9,87.14,202.76,Venda
SKU_1699_COB,13/07/2025,E-commerce,1,329.9,140.87,189.03,Venda
SKU_1775_PAS,13/07/2025,E-commerce,1,279.9,123.25,156.65,Venda
SKU_1736_JAD,13/07/2025,Varejo,1,324.9,113.28,211.62,Venda
SKU_1625_GAR,13/07/2025,Varejo,3,614.7,274.08,113.54,Venda
SKU_1634_SAP,13/07/2025,Atacado,2,1959.8,923.24,518.28,Venda
SKU_1695_CRE,13/07/2025,Varejo,1,209.9,96.02,113.88,Venda
SKU_1691_ROS,13/07/2025,Varejo,2,619.8,209.52,205.14,Venda
SKU_1689_MAG,13/07/2025,Varejo,1,964.9,367.48,597.42,Venda
SKU_1784_BLA,13/07/2025,Atacado,8,2479.2,1250.4,153.6,Venda
SKU_1745_FOR,13/07/2025,Varejo,3,1229.7,567.27,220.81,Venda
SKU_1789_EME,13/07/2025,E-commerce,1,269.9,114.02,155.88,Venda
SKU_1762_BRI,13/07/2025,Varejo,1,254.9,78.46,176.44,Venda
SKU_1765_PAS,13/07/2025,Atacado,6,1559.4,792.42,127.83,Venda
SKU_1602_AQU,13/07/2025,Varejo,1,229.9,84.51,145.39,Venda
SKU_1697_PIS,13/07/2025,E-commerce,1,219.9,71.54,148.36,Venda
SKU_1700_HUN,13/07/2025,Atacado,3,2099.7,1000.83,366.29,Venda
SKU_1424_BAB,13/07/2025,Varejo,1,994.9,374.14,620.76,Venda
SKU_1682_BIR,13/07/2025,Atacado,5,1174.5,613.15,112.27,Venda
SKU_1707_SAP,13/07/2025,Atacado,5,1399.5,606.6,158.58,Venda
SKU_1744_EME,13/07/2025,Atacado,5,1324.5,679.55,128.99,Venda
SKU_1789_EME,13/07/2025,Varejo,1,269.9,83.94,185.96,Venda
SKU_1524_BLU,13/07/2025,Atacado,5,1849.5,1096.75,150.55,Venda
SKU_1552_CLE,13/07/2025,E-commerce,1,659.9,213.42,446.48,Venda
SKU_1505_SNO,13/07/2025,Atacado,12,2818.8,1351.92,122.24,Venda
SKU_1760_PAS,13/07/2025,E-commerce,1,249.9,91.14,158.76,Venda
SKU_1769_EME,13/07/2025,Atacado,3,974.7,423.24,183.82,Venda
SKU_1787_BAB,13/07/2025,Atacado,2,579.8,319.96,129.92,Venda
SKU_1681_PIS,13/07/2025,Atacado,5,1174.5,657.95,103.31,Venda
SKU_1496_PAS,13/07/2025,Atacado,3,3404.7,1880.85,507.95,Venda
SKU_1690_MAG,13/07/2025,Atacado,2,1079.8,563.18,258.31,Venda
SKU_1683_SHO,13/07/2025,E-commerce,1,314.9,139.84,175.06,Venda
SKU_1801_FLA,13/07/2025,Varejo,1,374.9,153.39,221.51,Venda
SKU_1751_MIN,13/07/2025,Varejo,1,329.9,146.45,183.45,Venda
SKU_1690_MYS,13/07/2025,Atacado,6,3239.4,1525.92,285.58,Venda
SKU_1479_MIN,13/07/2025,E-commerce,2,1109.8,346.26,381.77,Venda
SKU_1550_IVO,13/07/2025,Varejo,2,329.8,122.3,103.75,Venda
SKU_1707_ARM,13/07/2025,Atacado,4,1119.6,641.36,119.56,Venda
SKU_1722_AQU,13/07/2025,Atacado,5,1624.5,765.3,171.84,Venda
SKU_1767_FUC,13/07/2025,Atacado,5,1024.5,485.8,107.74,Venda
SKU_1757_PIN,13/07/2025,E-commerce,1,264.9,105.72,159.18,Venda
SKU_1790_EGR,13/07/2025,Varejo,1,259.9,118.56,141.34,Venda
SKU_1753_PAL,13/07/2025,E-commerce,2,1579.8,550.68,514.56,Venda
SKU_1631_SNO,13/07/2025,Atacado,8,1439.2,683.68,94.44,Venda
SKU_1734_FRE,13/07/2025,Varejo,1,349.9,136.97,212.93,Venda
SKU_1732_WHI,13/07/2025,E-commerce,1,1114.9,470.17,644.73,Venda
SKU_1564_NAV,13/07/2025,E-commerce,3,1769.7,768.9,333.6,Venda
SKU_1626_BAB,13/07/2025,E-commerce,1,539.9,211.57,328.33,Venda
SKU_1725_BAB,13/07/2025,Atacado,6,1469.4,698.16,128.54,Venda
SKU_1703_BLU,13/07/2025,E-commerce,1,269.9,111.87,158.03,Venda
SKU_1594_WHI,13/07/2025,Varejo,2,999.8,448.68,275.56,Venda
SKU_1749_SNO,13/07/2025,Varejo,2,699.8,264.84,217.48,Venda
SKU_1716_SAL,13/07/2025,Varejo,2,329.8,160.64,84.58,Venda
SKU_1758_CLO,13/07/2025,Atacado,5,899.5,431.8,93.54,Venda
SKU_1769_WHI,13/07/2025,Varejo,1,324.9,108.83,216.07,Venda
SKU_1757_PIN,13/07/2025,Varejo,2,529.8,247.44,141.18,Venda
SKU_1690_MYS,13/07/2025,E-commerce,1,539.9,267.7,272.2,Venda
SKU_1788_MYS,13/07/2025,Varejo,1,249.9,82.92,166.98,Venda
SKU_1569_WHI,13/07/2025,Varejo,2,439.8,142.92,148.44,Venda
SKU_1691_ROS,13/07/2025,Varejo,1,309.9,149.49,160.41,Venda
SKU_1696_SHO,13/07/2025,Varejo,4,1119.6,529.8,147.45,Venda
SKU_1391_SEA,13/07/2025,Varejo,1,284.9,109.63,175.27,Venda
SKU_1424_VAN,13/07/2025,Varejo,1,994.9,319.09,675.81,Venda
SKU_1424_VAN,13/07/2025,Varejo,1,994.9,312.91,681.99,Venda
SKU_1531_TEA,13/07/2025,Varejo,1,549.9,192.93,356.97,Venda
SKU_1680_SEA,13/07/2025,Atacado,6,2009.4,969.54,173.31,Venda
SKU_1779_MIN,13/07/2025,Atacado,8,1719.2,891.6,103.45,Venda
SKU_1796_OLI,13/07/2025,Atacado,4,2019.6,1048.4,242.8,Venda
SKU_1745_PEA,13/07/2025,E-commerce,1,409.9,152.76,257.14,Venda
SKU_1788_EME,13/07/2025,Atacado,2,499.8,235.68,132.06,Venda
SKU_1394_EME,13/07/2025,E-commerce,1,469.9,171.57,298.33,Venda
SKU_1769_EME,13/07/2025,Varejo,3,974.7,390.51,194.73,Venda
SKU_1760_OFF,13/07/2025,Atacado,8,1999.2,1098.72,112.56,Venda
SKU_1736_JAD,13/07/2025,Atacado,12,3898.8,1870.08,169.06,Venda
SKU_1719_OFF,13/07/2025,Varejo,1,319.9,107.53,212.37,Venda
SKU_1504_NAV,13/07/2025,Varejo,1,339.9,136.73,203.17,Venda
SKU_1670_SAP,13/07/2025,Varejo,1,144.9,60.79,84.11,Venda
SKU_1767_PRI,13/07/2025,Atacado,10,2049.0,889.6,115.94,Venda
SKU_1622_VAN,13/07/2025,Atacado,3,809.7,427.89,127.27,Venda
SKU_1748_COB,13/07/2025,Atacado,4,1239.6,620.52,154.77,Venda
SKU_1710_OLI,13/07/2025,E-commerce,1,809.9,351.51,458.39,Venda
SKU_1777_TUR,13/07/2025,Atacado,6,1439.4,656.64,130.46,Venda
SKU_1705_JAD,13/07/2025,Varejo,1,409.9,165.47,244.43,Venda
SKU_1754_IVO,13/07/2025,Varejo,1,339.9,168.19,171.71,Venda
SKU_1585_COR,13/07/2025,Atacado,3,959.7,452.04,169.22,Venda
SKU_1791_ARM,13/07/2025,E-commerce,1,264.9,84.76,180.14,Venda
SKU_1800_MOS,13/07/2025,Atacado,5,1399.5,769.15,126.07,Venda
SKU_1798_MOS,13/07/2025,Varejo,2,839.8,374.28,232.76,Venda
SKU_1748_BAB,13/07/2025,E-commerce,1,309.9,112.55,197.35,Venda
SKU_1799_POW,13/07/2025,Varejo,2,539.8,178.9,180.45,Venda
SKU_1748_BAB,13/07/2025,Varejo,2,619.8,245.26,187.27,Venda
SKU_1721_FRE,13/07/2025,Atacado,6,2519.4,1222.02,216.23,Venda
SKU_1686_MOS,13/07/2025,Atacado,5,1074.5,550.55,104.79,Venda
SKU_1729_FUC,13/07/2025,Varejo,1,174.9,84.09,90.81,Venda
SKU_1795_HUN,13/07/2025,Atacado,3,899.7,464.76,144.98,Venda
SKU_1558_MEX,13/07/2025,Atacado,5,1649.5,815.15,166.87,Venda
SKU_1718_SEA,13/07/2025,Atacado,4,1479.6,786.72,173.22,Venda
SKU_1437_AQU,13/07/2025,Varejo,1,164.9,79.27,85.63,Venda
SKU_1702_COR,13/07/2025,Varejo,3,1859.7,725.49,378.07,Venda
SKU_1800_MOS,13/07/2025,Varejo,2,559.8,254.76,152.52,Venda
SKU_1489_IVO,13/07/2025,E-commerce,1,369.9,136.93,232.97,Venda
SKU_1793_WHI,13/07/2025,Varejo,2,379.8,130.12,124.84,Venda
SKU_1749_BIR,13/07/2025,Atacado,3,1049.7,497.04,184.22,Venda
SKU_1729_CLE,13/07/2025,Varejo,1,174.9,60.01,114.89,Venda
SKU_1701_BLU,13/07/2025,Atacado,10,3399.0,1610.4,178.86,Venda
SKU_1683_PAL,13/07/2025,Atacado,8,2519.2,1271.36,155.98,Venda
SKU_1732_OFF,13/07/2025,Atacado,3,3344.7,1589.82,584.96,Venda
SKU_1772_SNO,13/07/2025,Varejo,1,414.9,145.51,269.39,Venda
SKU_1438_DEE,13/07/2025,Atacado,3,614.7,291.21,107.83,Venda
SKU_1762_BRI,13/07/2025,Atacado,4,1019.6,522.48,124.28,Venda
SKU_1654_NAV,13/07/2025,Varejo,1,309.9,113.93,195.97,Venda
SKU_1796_OLI,13/07/2025,Atacado,4,2019.6,981.72,259.47,Venda
SKU_1530_HON,13/07/2025,Varejo,1,129.9,43.87,86.03,Venda
SKU_1721_COR,13/07/2025,Varejo,1,419.9,149.63,270.27,Venda
SKU_1778_TEA,13/07/2025,E-commerce,1,284.9,90.4,194.5,Venda
SKU_1637_BLU,13/07/2025,Atacado,12,11038.8,6323.88,392.91,Venda
SKU_1772_BLU,13/07/2025,Atacado,6,2489.4,1054.08,239.22,Venda
SKU_1458_MIN,13/07/2025,Atacado,4,1399.6,683.92,178.92,Venda
SKU_1633_DEN,13/07/2025,E-commerce,1,234.9,92.95,141.95,Venda
SKU_1683_SHO,13/07/2025,Atacado,6,1889.4,886.68,167.12,Venda
SKU_1718_DUS,13/07/2025,Varejo,1,369.9,127.99,241.91,Venda
SKU_1526_POW,13/07/2025,Varejo,1,169.9,84.74,85.16,Venda
SKU_1434_ARM,13/07/2025,E-commerce,2,419.8,150.32,134.74,Venda
SKU_1778_MIN,13/07/2025,Varejo,4,1139.6,533.16,151.61,Venda
SKU_1469_ARM,13/07/2025,Atacado,3,884.7,405.99,159.57,Venda
SKU_1688_LIG,13/07/2025,Atacado,2,859.8,405.1,227.35,Venda
SKU_1743_CLO,13/07/2025,Atacado,4,1759.6,884.4,218.8,Venda
SKU_1800_SKY,13/07/2025,Varejo,2,559.8,193.68,183.06,Venda
SKU_1733_SAG,13/07/2025,Varejo,1,349.9,117.36,232.54,Venda
SKU_1696_SHO,13/07/2025,Atacado,5,1399.5,773.65,125.17,Venda
SKU_1432_WHI,13/07/2025,Varejo,1,719.9,306.48,413.42,Venda
SKU_1728_MID,13/07/2025,Varejo,2,659.8,240.84,209.48,Venda
SKU_1425_LIG,13/07/2025,E-commerce,1,209.9,65.42,144.48,Venda
SKU_1720_PAS,13/07/2025,Atacado,6,1349.4,594.18,125.87,Venda
SKU_1536_MOS,13/07/2025,Varejo,1,344.9,117.34,227.56,Venda
SKU_1801_FLA,13/07/2025,Atacado,6,2249.4,1061.46,197.99,Venda
SKU_1799_POW,13/07/2025,Atacado,3,809.7,381.15,142.85,Venda
SKU_1784_EGR,13/07/2025,Varejo,2,619.8,203.54,208.13,Venda
SKU_1704_PEA,13/07/2025,E-commerce,1,334.9,142.42,192.48,Venda
SKU_1766_CLE,13/07/2025,Atacado,6,2369.4,1081.74,214.61,Venda
SKU_1697_MIN,13/07/2025,Atacado,10,2199.0,987.7,121.13,Venda
SKU_1719_OFF,13/07/2025,Varejo,1,319.9,159.58,160.32,Venda
SKU_1740_FRE,13/07/2025,Atacado,4,859.6,396.88,115.68,Venda
SKU_1707_SAP,13/07/2025,Varejo,1,279.9,128.56,151.34,Venda
SKU_1701_SPA,13/07/2025,Atacado,3,1019.7,537.24,160.82,Venda
SKU_1655_SNO,13/07/2025,Varejo,1,644.9,268.03,376.87,Venda
SKU_1522_MOS,13/07/2025,Varejo,2,299.8,120.74,89.53,Venda
SKU_1728_MID,13/07/2025,Varejo,3,989.7,426.63,187.69,Venda
SKU_1694_PIS,13/07/2025,Varejo,3,839.7,336.45,167.75,Venda
SKU_1704_BAB,13/07/2025,Atacado,4,1339.6,635.92,175.92,Venda
SKU_1721_COR,13/07/2025,Atacado,2,839.8,478.94,180.43,Venda
SKU_1750_SNO,13/07/2025,Atacado,4,1479.6,636.44,210.79,Venda
SKU_1691_ROS,13/07/2025,Varejo,2,619.8,279.8,170.0,Venda
SKU_1692_OLI,13/07/2025,Atacado,4,879.6,457.0,105.65,Venda
SKU_1685_BIR,13/07/2025,Varejo,2,1329.8,443.16,443.32,Venda
SKU_1766_MYS,13/07/2025,Atacado,6,2369.4,1375.08,165.72,Venda
SKU_1754_SER,13/07/2025,Atacado,5,1699.5,765.3,186.84,Venda
SKU_1533_CER,13/07/2025,Varejo,1,164.9,70.1,94.8,Venda
SKU_1732_WHI,13/07/2025,Atacado,4,4459.6,2133.48,581.53,Venda
SKU_1763_MAR,13/07/2025,Varejo,2,599.8,183.42,208.19,Venda
SKU_1756_BUB,13/07/2025,Varejo,2,359.8,112.96,123.42,Venda
SKU_1749_SNO,13/07/2025,E-commerce,1,349.9,153.25,196.65,Venda
SKU_1602_AQU,13/07/2025,Atacado,8,1839.2,812.72,128.31,Venda
SKU_1753_WHI,13/07/2025,E-commerce,1,789.9,332.88,457.02,Venda
SKU_1760_PAS,13/07/2025,Atacado,3,749.7,393.15,118.85,Venda
SKU_1699_CLO,13/07/2025,Varejo,1,329.9,116.86,213.04,Venda
SKU_1800_SKY,13/07/2025,Varejo,1,279.9,98.34,181.56,Venda
SKU_1731_MIN,13/07/2025,Atacado,4,3639.6,1885.08,438.63,Venda
SKU_1760_OFF,13/07/2025,E-commerce,1,249.9,87.87,162.03,Venda
SKU_1698_PRI,13/07/2025,Atacado,2,839.8,482.94,178.43,Venda
SKU_1742_EME,13/07/2025,Varejo,1,259.9,120.48,139.42,Venda
SKU_1437_ROY,13/07/2025,Atacado,5,824.5,407.75,83.35,Venda
SKU_1727_LIG,13/07/2025,Varejo,2,309.8,138.82,85.49,Venda
SKU_1709_CRE,13/07/2025,Atacado,4,839.6,415.32,106.07,Venda
SKU_1737_DEE,13/07/2025,Varejo,1,769.9,342.68,427.22,Venda
SKU_1783_EGR,13/07/2025,Varejo,2,2399.8,1193.88,602.96,Venda
SKU_1738_BLU,13/07/2025,Atacado,4,779.6,350.04,107.39,Venda
SKU_1750_SNO,13/07/2025,Atacado,5,1849.5,896.4,190.62,Venda
SKU_1710_OLI,13/07/2025,E-commerce,3,2429.7,745.35,561.45,Venda
SKU_1720_PAS,13/07/2025,E-commerce,1,224.9,67.79,157.11,Venda
SKU_1617_DEN,13/07/2025,Atacado,6,989.4,571.68,69.62,Venda
SKU_1792_MIN,13/07/2025,Varejo,1,439.9,169.25,270.65,Venda
SKU_1797_BLU,13/07/2025,Varejo,3,1139.7,416.52,241.06,Venda
SKU_1540_MAG,13/07/2025,E-commerce,1,169.9,73.17,96.73,Venda
SKU_1744_EME,13/07/2025,Atacado,4,1059.6,483.88,143.93,Venda
SKU_1715_JAD,13/07/2025,Atacado,8,1759.2,910.08,106.14,Venda
SKU_1574_GAR,13/07/2025,Varejo,1,604.9,206.89,398.01,Venda
SKU_1415_BAB,13/07/2025,E-commerce,1,354.9,150.46,204.44,Venda
SKU_1688_LIG,13/07/2025,Atacado,5,2149.5,1066.0,216.7,Venda
SKU_1780_LIG,13/07/2025,Atacado,5,1674.5,787.4,177.42,Venda
SKU_1683_PAL,13/07/2025,E-commerce,1,314.9,116.99,197.91,Venda
SKU_1761_SAP,13/07/2025,Atacado,2,2209.8,1058.48,575.66,Venda
SKU_1733_NAV,13/07/2025,E-commerce,1,349.9,159.1,190.8,Venda
SKU_1507_PAS,13/07/2025,E-commerce,1,179.9,77.52,102.38,Venda
SKU_1504_NAV,13/07/2025,Atacado,10,3399.0,1642.5,175.65,Venda
SKU_1688_WHI,13/07/2025,Varejo,1,429.9,129.51,300.39,Venda
SKU_1761_SAP,13/07/2025,Atacado,8,8839.2,4999.04,480.02,Venda
SKU_1692_BLU,13/07/2025,E-commerce,2,439.8,172.62,133.59,Venda
SKU_1755_AQU,13/07/2025,Varejo,1,334.9,146.98,187.92,Venda
SKU_1756_BUB,13/07/2025,Atacado,4,719.6,415.6,76.0,Venda
SKU_1710_OLI,13/07/2025,Varejo,1,809.9,311.54,498.36,Venda
SKU_1614_VAN,13/07/2025,Atacado,6,2669.4,1226.76,240.44,Venda
SKU_1688_WHI,13/07/2025,Varejo,1,429.9,154.85,275.05,Venda
SKU_1699_COB,13/07/2025,Atacado,5,1649.5,778.25,174.25,Venda
SKU_1732_WHI,13/07/2025,Atacado,5,5574.5,2489.1,617.08,Venda
SKU_1693_MEX,13/07/2025,E-commerce,1,204.9,63.12,141.78,Venda
SKU_1778_MIN,13/07/2025,E-commerce,1,284.9,112.82,172.08,Venda
SKU_1724_PEA,13/07/2025,Varejo,1,1114.9,381.33,733.57,Venda
SKU_1434_MIN,13/07/2025,Varejo,3,629.7,205.98,141.24,Venda
SKU_1746_NAV,13/07/2025,Atacado,8,1439.2,681.36,94.73,Venda
SKU_1782_HUN,13/07/2025,Varejo,1,249.9,106.87,143.03,Venda
SKU_1750_MIN,13/07/2025,Atacado,8,2959.2,1567.52,173.96,Venda
SKU_1432_BRI,13/07/2025,Varejo,1,719.9,254.86,465.04,Venda
SKU_1749_SNO,13/07/2025,Atacado,6,2099.4,1093.08,167.72,Venda
SKU_1730_OFF,13/07/2025,Varejo,4,1279.6,557.2,180.6,Venda
SKU_1662_PIS,13/07/2025,Varejo,1,199.9,97.75,102.15,Venda
SKU_1683_SHO,13/07/2025,Atacado,5,1574.5,757.9,163.32,Venda
SKU_1794_LIG,13/07/2025,Atacado,3,629.7,343.29,95.47,Venda
SKU_1725_OFF,13/07/2025,Varejo,1,244.9,99.07,145.83,Venda
SKU_1512_TEA,13/07/2025,E-commerce,1,224.9,81.64,143.26,Venda
SKU_1793_MIN,13/07/2025,Varejo,1,189.9,87.4,102.5,Venda
SKU_1704_BAB,13/07/2025,Atacado,5,1674.5,754.7,183.96,Venda
SKU_1747_FUC,13/07/2025,Atacado,4,699.6,354.32,86.32,Venda
SKU_1779_LIG,13/07/2025,Varejo,1,214.9,100.06,114.84,Venda
SKU_1714_DEE,13/07/2025,E-commerce,2,609.8,304.8,152.5,Venda
SKU_1766_MYS,13/07/2025,Atacado,5,1974.5,977.05,199.49,Venda
SKU_1719_OFF,13/07/2025,Atacado,4,1279.6,620.12,164.87,Venda
SKU_1763_MAR,13/07/2025,E-commerce,1,299.9,102.19,197.71,Venda
SKU_1695_CRE,13/07/2025,Varejo,1,209.9,75.74,134.16,Venda
SKU_1800_MOS,13/07/2025,Varejo,1,279.9,98.42,181.48,Venda
SKU_1531_TEA,13/07/2025,Varejo,1,549.9,238.65,311.25,Venda
SKU_1718_SEA,13/07/2025,Atacado,5,1849.5,1058.4,158.22,Venda
SKU_1738_ROY,13/07/2025,Varejo,1,194.9,92.38,102.52,Venda
SKU_1733_NAV,13/07/2025,Varejo,3,1049.7,333.12,238.86,Venda
SKU_1715_JAD,13/07/2025,Varejo,1,219.9,94.77,125.13,Venda
SKU_1739_MOS,13/07/2025,E-commerce,2,509.8,245.26,132.27,Venda
SKU_1710_OLI,13/07/2025,Varejo,2,1619.8,562.54,528.63,Venda
SKU_1774_COB,13/07/2025,E-commerce,2,409.8,198.56,105.62,Venda
SKU_1424_VAN,13/07/2025,Atacado,5,4974.5,2523.1,490.28,Venda
SKU_1771_PIN,13/07/2025,Atacado,5,1324.5,625.0,139.9,Venda
SKU_1727_WHI,13/07/2025,E-commerce,1,154.9,74.71,80.19,Venda
SKU_1691_HUN,13/07/2025,Varejo,1,309.9,140.71,169.19,Venda
SKU_1739_AQU,13/07/2025,Varejo,1,254.9,105.57,149.33,Venda
SKU_1686_SKY,13/07/2025,Varejo,1,214.9,91.14,123.76,Venda
SKU_1744_LIG,13/07/2025,Atacado,5,1324.5,668.4,131.22,Venda
SKU_1715_JAD,13/07/2025,Varejo,1,219.9,77.0,142.9,Venda
SKU_1676_NAV,13/07/2025,Atacado,3,509.7,253.8,85.3,Venda
SKU_1695_LIM,13/07/2025,Varejo,1,209.9,94.7,115.2,Venda
SKU_1773_FRE,13/07/2025,Atacado,4,1299.6,714.6,146.25,Venda
SKU_1511_SKY,13/07/2025,Atacado,3,2804.7,1404.84,466.62,Venda
SKU_1722_PAS,13/07/2025,Atacado,5,1624.5,774.2,170.06,Venda
SKU_1707_SAP,13/07/2025,Atacado,2,559.8,296.88,131.46,Venda
SKU_1684_SHO,13/07/2025,E-commerce,1,184.9,77.36,107.54,Venda
SKU_1747_FUC,13/07/2025,E-commerce,1,174.9,54.88,120.02,Venda
SKU_1712_MOS,13/07/2025,Varejo,1,179.9,60.53,119.37,Venda
SKU_1746_NAV,13/07/2025,Varejo,1,179.9,55.17,124.73,Venda
SKU_1736_JAD,13/07/2025,E-commerce,1,324.9,131.47,193.43,Venda
SKU_1709_MAR,13/07/2025,Atacado,8,1679.2,705.36,121.73,Venda
SKU_1546_PAS,13/07/2025,Atacado,5,874.5,479.8,78.94,Venda
SKU_1765_MYS,13/07/2025,Varejo,2,519.8,187.4,166.2,Venda
SKU_1748_BAB,13/07/2025,Atacado,3,929.7,472.26,152.48,Venda
SKU_1796_OLI,13/07/2025,Atacado,2,1009.8,470.24,269.78,Venda
SKU_1717_MIN,13/07/2025,E-commerce,1,259.9,123.78,136.12,Venda
SKU_1746_NAV,13/07/2025,E-commerce,1,179.9,60.88,119.02,Venda
SKU_1793_WHI,13/07/2025,Atacado,2,379.8,199.46,90.17,Venda
SKU_1717_CRE,13/07/2025,Atacado,5,1299.5,669.5,126.0,Venda
SKU_1782_HUN,13/07/2025,Atacado,4,999.6,599.76,99.96,Venda
SKU_1692_BLU,13/07/2025,Atacado,2,439.8,212.62,113.59,Venda
SKU_1477_CLE,13/07/2025,Atacado,4,899.6,379.56,130.01,Venda
SKU_1696_SER,13/07/2025,Varejo,1,279.9,86.8,193.1,Venda
SKU_1769_WHI,13/07/2025,Varejo,1,324.9,114.42,210.48,Venda
SKU_1766_CLE,13/07/2025,E-commerce,1,394.9,193.84,201.06,Venda
SKU_1692_OLI,13/07/2025,Varejo,1,219.9,89.4,130.5,Venda
SKU_1776_PAS,13/07/2025,Varejo,2,659.8,235.02,212.39,Venda
SKU_1789_EME,13/07/2025,Atacado,10,2699.0,1526.0,117.3,Venda
SKU_1769_WHI,13/07/2025,Varejo,1,324.9,161.82,163.08,Venda
SKU_1779_LIG,13/07/2025,Varejo,1,214.9,81.64,133.26,Venda
SKU_1759_COB,13/07/2025,E-commerce,2,539.8,232.18,153.81,Venda
SKU_1585_COR,13/07/2025,Atacado,5,1599.5,755.85,168.73,Venda
SKU_1568_FRE,13/07/2025,Atacado,5,1174.5,538.1,127.28,Venda
SKU_1694_PIS,13/07/2025,Atacado,3,839.7,437.16,134.18,Venda
SKU_1729_FUC,13/07/2025,Atacado,5,874.5,420.0,90.9,Venda
SKU_1786_TEA,13/07/2025,Atacado,3,539.7,266.07,91.21,Venda
SKU_1724_PIN,13/07/2025,Atacado,5,5574.5,2699.95,574.91,Venda
SKU_1768_MIN,13/07/2025,Atacado,6,3749.4,1873.38,312.67,Venda
SKU_1798_OFF,13/07/2025,Atacado,2,839.8,394.8,222.5,Venda
SKU_1788_MYS,13/07/2025,Varejo,1,249.9,76.27,173.63,Venda
SKU_1761_SAP,13/07/2025,Varejo,2,2209.8,812.06,698.87,Venda
SKU_1735_COR,13/07/2025,Varejo,1,269.9,111.07,158.83,Venda
SKU_1774_COB,13/07/2025,Varejo,1,204.9,93.25,111.65,Venda
SKU_1719_WHI,13/07/2025,Atacado,4,1279.6,717.84,140.44,Venda
SKU_1731_MIN,13/07/2025,Atacado,3,2729.7,1363.68,455.34,Venda
SKU_1783_EGR,13/07/2025,Varejo,1,1199.9,409.91,789.99,Venda
SKU_1459_CRE,13/07/2025,Varejo,1,209.9,84.7,125.2,Venda
SKU_1631_BAL,13/07/2025,Varejo,1,179.9,77.23,102.67,Venda
SKU_1723_MOS,13/07/2025,Atacado,3,1304.7,553.74,250.32,Venda
SKU_1536_MOS,13/07/2025,Varejo,1,344.9,140.89,204.01,Venda
SKU_1694_PIS,13/07/2025,Atacado,3,839.7,392.01,149.23,Venda
SKU_1710_MEX,13/07/2025,Varejo,1,809.9,312.8,497.1,Venda
SKU_1557_TUR,13/07/2025,Varejo,3,599.7,185.4,138.1,Venda
SKU_1682_BIR,13/07/2025,E-commerce,1,234.9,78.95,155.95,Venda
SKU_1705_SER,13/07/2025,E-commerce,1,409.9,147.38,262.52,Venda
SKU_1786_POW,13/07/2025,Atacado,8,1439.2,675.76,95.43,Venda
SKU_1734_FRE,13/07/2025,Atacado,3,1049.7,501.57,182.71,Venda
SKU_1425_LIG,13/07/2025,Atacado,5,1049.5,579.95,93.91,Venda
SKU_1700_HUN,13/07/2025,Varejo,1,699.9,254.08,445.82,Venda
SKU_1709_MAR,13/07/2025,Varejo,1,209.9,103.51,106.39,Venda
SKU_1731_MIN,13/07/2025,Varejo,1,909.9,381.42,528.48,Venda
SKU_1401_BLU,13/07/2025,Atacado,2,479.8,238.18,120.81,Venda
SKU_1535_MOS,13/07/2025,Atacado,5,1524.5,744.55,155.99,Venda
SKU_1797_GAR,13/07/2025,E-commerce,1,379.9,173.16,206.74,Venda
SKU_1757_TUR,13/07/2025,Atacado,12,3178.8,1973.28,100.46,Venda
SKU_1630_SNO,13/07/2025,Atacado,12,4018.8,1908.6,175.85,Venda
SKU_1761_SAP,13/07/2025,Atacado,6,6629.4,3042.9,597.75,Venda
SKU_1458_MIN,13/07/2025,Varejo,1,349.9,109.14,240.76,Venda
SKU_1737_DEE,13/07/2025,E-commerce,1,769.9,362.0,407.9,Venda
SKU_1718_DUS,13/07/2025,Atacado,5,1849.5,849.3,200.04,Venda
SKU_1637_WHI,13/07/2025,E-commerce,1,919.9,452.12,467.78,Venda
SKU_1680_NAV,13/07/2025,Varejo,1,334.9,135.15,199.75,Venda
SKU_1739_MOS,13/07/2025,Atacado,6,1529.4,661.74,144.61,Venda
SKU_1792_MIN,13/07/2025,Varejo,1,439.9,156.26,283.64,Venda
SKU_1728_MID,13/07/2025,Varejo,2,659.8,325.54,167.13,Venda
SKU_1758_CLO,13/07/2025,Varejo,1,179.9,77.66,102.24,Venda
SKU_1697_MIN,13/07/2025,Varejo,1,219.9,88.07,131.83,Venda
SKU_1777_FRE,13/07/2025,Varejo,1,239.9,79.54,160.36,Venda
SKU_1465_OFF,13/07/2025,Varejo,2,629.8,209.56,210.12,Venda
SKU_1736_PAS,13/07/2025,Atacado,12,3898.8,2234.88,138.66,Venda
SKU_1789_EME,13/07/2025,E-commerce,1,269.9,109.51,160.39,Venda
SKU_1722_PAS,13/07/2025,Atacado,8,2599.2,1171.6,178.45,Venda
SKU_1793_WHI,13/07/2025,Atacado,8,1519.2,719.04,100.02,Venda
SKU_1788_EME,13/07/2025,Varejo,1,249.9,93.04,156.86,Venda
SKU_1796_SHO,13/07/2025,E-commerce,1,504.9,171.93,332.97,Venda
SKU_1696_SHO,13/07/2025,Varejo,1,279.9,127.51,152.39,Venda
SKU_1791_ARM,13/07/2025,Atacado,2,529.8,300.66,114.57,Venda
SKU_1680_SEA,13/07/2025,Varejo,1,334.9,147.67,187.23,Venda
SKU_1783_EGR,13/07/2025,Atacado,10,11999.0,6161.0,583.8,Venda
SKU_1682_BIR,13/07/2025,Varejo,1,234.9,103.15,131.75,Venda
SKU_1531_TEA,13/07/2025,Atacado,4,2199.6,1138.08,265.38,Venda
SKU_1737_DEE,13/07/2025,Atacado,2,1539.8,725.12,407.34,Venda
SKU_1707_ARM,13/07/2025,Varejo,1,279.9,92.4,187.5,Venda
SKU_1768_PEA,13/07/2025,Atacado,8,4999.2,2408.72,323.81,Venda
SKU_1689_MAG,13/07/2025,Varejo,1,964.9,464.16,500.74,Venda
SKU_1797_BLU,13/07/2025,Varejo,2,759.8,319.98,219.91,Venda
SKU_1733_SAG,13/07/2025,Atacado,3,1049.7,554.4,165.1,Venda
SKU_1709_MAR,13/07/2025,Atacado,5,1049.5,546.75,100.55,Venda
SKU_1773_FRE,13/07/2025,Atacado,10,3249.0,1667.8,158.12,Venda
SKU_1641_SER,13/07/2025,Varejo,1,324.9,148.68,176.22,Venda
SKU_1714_MID,13/07/2025,Varejo,1,304.9,117.72,187.18,Venda
SKU_1481_TEA,13/07/2025,Atacado,2,1619.8,814.72,402.54,Venda
SKU_1707_SAP,13/07/2025,Varejo,1,279.9,112.16,167.74,Venda
SKU_1668_DEN,13/07/2025,Atacado,10,2699.0,1166.7,153.23,Venda
SKU_1796_OLI,13/07/2025,E-commerce,1,504.9,222.85,282.05,Venda
SKU_1771_PIN,13/07/2025,Atacado,6,1589.4,843.18,124.37,Venda
SKU_1647_ARM,13/07/2025,Atacado,2,679.8,294.4,192.7,Venda
SKU_1673_PEA,13/07/2025,Varejo,1,409.9,168.82,241.08,Venda
SKU_1731_ARM,13/07/2025,Varejo,3,2729.7,861.15,622.85,Venda
SKU_1784_EGR,13/07/2025,Varejo,1,309.9,144.5,165.4,Venda
SKU_1686_MOS,13/07/2025,Varejo,1,214.9,83.38,131.52,Venda
SKU_1728_MID,13/07/2025,E-commerce,1,329.9,150.62,179.28,Venda
SKU_1444_HUN,13/07/2025,Varejo,1,239.9,76.49,163.41,Venda
SKU_1482_MOS,13/07/2025,Varejo,1,444.9,218.64,226.26,Venda
SKU_1552_SAP,13/07/2025,Atacado,6,3959.4,1844.1,352.55,Venda
SKU_1710_MEX,13/07/2025,Varejo,1,809.9,298.49,511.41,Venda
SKU_1410_ROS,13/07/2025,Atacado,5,5699.5,2430.35,653.83,Venda
SKU_1681_PIS,13/07/2025,Varejo,1,234.9,92.9,142.0,Venda
SKU_1728_EGR,13/07/2025,Atacado,4,1319.6,591.2,182.1,Venda
SKU_1417_BIR,13/07/2025,E-commerce,1,279.9,97.62,182.28,Venda
SKU_1689_MAG,13/07/2025,Atacado,5,4824.5,2056.35,553.63,Venda
SKU_1800_MOS,13/07/2025,Atacado,4,1119.6,576.56,135.76,Venda
SKU_1639_FRE,13/07/2025,Varejo,2,379.8,176.06,101.87,Venda
SKU_1769_WHI,13/07/2025,Atacado,2,649.8,321.7,164.05,Venda
SKU_1790_ROY,13/07/2025,Atacado,5,1299.5,731.85,113.53,Venda
SKU_1703_BLU,13/07/2025,Atacado,5,1349.5,606.25,148.65,Venda
SKU_1785_HUN,13/07/2025,Varejo,2,489.8,210.74,139.53,Venda
SKU_1693_MEX,13/07/2025,Atacado,4,819.6,350.8,117.2,Venda
SKU_1788_EME,13/07/2025,Varejo,1,249.9,88.07,161.83,Venda
SKU_1731_ARM,13/07/2025,Atacado,3,2729.7,1188.96,513.58,Venda
SKU_1704_BAB,13/07/2025,Atacado,6,2009.4,849.72,193.28,Venda
SKU_1653_BAB,13/07/2025,Varejo,1,359.9,178.06,181.84,Venda
SKU_1769_WHI,13/07/2025,Atacado,5,1624.5,688.6,187.18,Venda
SKU_1748_COB,13/07/2025,Atacado,5,1549.5,883.55,133.19,Venda
SKU_1801_MOS,13/07/2025,Atacado,12,4498.8,2478.84,168.33,Venda
SKU_1687_FOR,13/07/2025,Atacado,4,3599.6,1920.76,419.71,Venda
SKU_1428_COB,13/07/2025,Varejo,1,489.9,191.56,298.34,Venda
SKU_1794_FLA,13/07/2025,Varejo,1,209.9,104.84,105.06,Venda
SKU_1800_MOS,13/07/2025,Atacado,12,3358.8,1422.96,161.32,Venda
SKU_1772_BLU,13/07/2025,Atacado,12,4978.8,2506.32,206.04,Venda
SKU_1754_IVO,13/07/2025,Varejo,3,1019.7,506.19,171.17,Venda
SKU_1555_RAS,13/07/2025,Atacado,4,759.6,379.44,95.04,Venda
SKU_1477_CLE,13/07/2025,Atacado,5,1124.5,531.9,118.52,Venda
SKU_1571_BIR,13/07/2025,Varejo,1,249.9,121.23,128.67,Venda
SKU_1750_SNO,13/07/2025,Atacado,4,1479.6,638.16,210.36,Venda
SKU_1724_PIN,13/07/2025,Varejo,3,3344.7,1110.75,744.65,Venda
SKU_1729_CLE,13/07/2025,Varejo,1,174.9,75.88,99.02,Venda
SKU_1754_IVO,13/07/2025,Atacado,6,2039.4,881.64,192.96,Venda
SKU_1666_PAS,13/07/2025,E-commerce,1,799.9,359.65,440.25,Venda
SKU_1748_COB,13/07/2025,E-commerce,1,309.9,138.54,171.36,Venda
SKU_1437_AQU,13/07/2025,Varejo,1,164.9,56.32,108.58,Venda
SKU_1798_MOS,13/07/2025,Atacado,5,2099.5,1053.75,209.15,Venda
SKU_1761_SAP,13/07/2025,Varejo,1,1104.9,488.15,616.75,Venda
SKU_1694_SER,13/07/2025,Varejo,1,279.9,133.5,146.4,Venda
SKU_1801_MOS,13/07/2025,Atacado,3,1124.7,552.78,190.64,Venda
SKU_1695_CRE,13/07/2025,Atacado,2,419.8,204.08,107.86,Venda
SKU_1691_HUN,13/07/2025,Atacado,6,1859.4,938.82,153.43,Venda
SKU_1505_BLU,13/07/2025,Varejo,2,469.8,151.44,159.18,Venda
SKU_1787_BAB,13/07/2025,Varejo,1,289.9,101.16,188.74,Venda
SKU_1565_BAB,13/07/2025,Atacado,2,719.8,430.14,144.83,Venda
SKU_1688_LIG,13/07/2025,Atacado,5,2149.5,1086.1,212.68,Venda
SKU_1800_SKY,13/07/2025,Varejo,2,559.8,191.52,184.14,Venda
SKU_1709_MAR,13/07/2025,Varejo,2,419.8,155.02,132.39,Venda
SKU_1755_AQU,13/07/2025,Atacado,12,4018.8,1928.04,174.23,Venda
SKU_1683_SHO,13/07/2025,Varejo,1,314.9,98.16,216.74,Venda
SKU_1718_DUS,13/07/2025,Atacado,6,2219.4,1052.04,194.56,Venda
SKU_1742_DEN,13/07/2025,E-commerce,1,259.9,100.02,159.88,Venda
SKU_1780_LIG,13/07/2025,Atacado,5,1674.5,752.05,184.49,Venda
SKU_1686_SKY,13/07/2025,Atacado,10,2149.0,1097.1,105.19,Venda
SKU_1708_FRE,13/07/2025,Atacado,4,679.6,335.04,86.14,Venda
SKU_1753_WHI,13/07/2025,E-commerce,1,789.9,394.49,395.41,Venda
SKU_1745_FOR,13/07/2025,Varejo,3,1229.7,585.24,214.82,Venda
SKU_1703_PAS,13/07/2025,Atacado,2,539.8,268.0,135.9,Venda
SKU_1801_MOS,13/07/2025,Atacado,5,1874.5,991.65,176.57,Venda
SKU_1599_WHI,13/07/2025,Varejo,3,1409.7,512.76,298.98,Venda
SKU_1563_WHI,13/07/2025,Varejo,1,149.9,66.82,83.08,Venda
SKU_1715_JAD,13/07/2025,Varejo,1,219.9,96.9,123.0,Venda
SKU_1774_COB,13/07/2025,Varejo,2,409.8,140.1,134.85,Venda
SKU_1648_FLA,13/07/2025,Atacado,5,3499.5,1642.75,371.35,Venda
SKU_1760_OFF,13/07/2025,Varejo,1,249.9,75.06,174.84,Venda
SKU_1768_MIN,13/07/2025,Varejo,1,624.9,279.24,345.66,Venda
SKU_1794_LIG,13/07/2025,Atacado,8,1679.2,743.52,116.96,Venda
SKU_1511_CLE,13/07/2025,Varejo,3,2804.7,1050.99,584.57,Venda
SKU_1691_ROS,13/07/2025,Atacado,4,1239.6,657.0,145.65,Venda
SKU_1710_MEX,13/07/2025,Atacado,2,1619.8,790.12,414.84,Venda
SKU_1597_SHO,13/07/2025,Atacado,3,1589.7,670.44,306.42,Venda
SKU_1770_DEE,13/07/2025,E-commerce,1,219.9,86.97,132.93,Venda
SKU_1778_MIN,13/07/2025,Atacado,5,1424.5,614.45,162.01,Venda
SKU_1750_SNO,13/07/2025,Atacado,3,1109.7,547.98,187.24,Venda
SKU_1696_SHO,13/07/2025,Atacado,4,1119.6,482.6,159.25,Venda
SKU_1412_BAB,13/07/2025,E-commerce,1,894.9,281.64,613.26,Venda
SKU_1682_BIR,13/07/2025,E-commerce,1,234.9,114.97,119.93,Venda
SKU_1600_SHO,13/07/2025,Atacado,3,1184.7,573.6,203.7,Venda
SKU_1729_FUC,13/07/2025,Atacado,8,1399.2,738.48,82.59,Venda
SKU_1758_HON,13/07/2025,Varejo,1,179.9,55.32,124.58,Venda
SKU_1423_SAG,13/07/2025,E-commerce,1,1199.9,443.15,756.75,Venda
SKU_1657_EME,13/07/2025,Varejo,2,429.8,183.02,123.39,Venda
SKU_1736_JAD,13/07/2025,Atacado,2,649.8,388.2,130.8,Venda
SKU_1746_NAV,13/07/2025,Atacado,4,719.6,379.56,85.01,Venda
SKU_1740_FRE,13/07/2025,Varejo,1,214.9,71.94,142.96,Venda
SKU_1602_AQU,13/07/2025,Atacado,10,2299.0,1129.1,116.99,Venda
SKU_1733_SAG,13/07/2025,Varejo,1,349.9,165.15,184.75,Venda
SKU_1695_CRE,13/07/2025,Varejo,3,629.7,212.58,139.04,Venda
SKU_1687_WHI,13/07/2025,Atacado,3,2699.7,1522.32,392.46,Venda
SKU_1776_PAS,13/07/2025,Varejo,1,329.9,138.66,191.24,Venda
SKU_1774_COB,13/07/2025,Varejo,1,204.9,76.01,128.89,Venda
SKU_1722_PAS,13/07/2025,Varejo,1,324.9,116.08,208.82,Venda
SKU_1487_BRI,13/07/2025,Varejo,2,669.8,223.44,223.18,Venda
SKU_1639_FRE,13/07/2025,Varejo,1,189.9,62.95,126.95,Venda
SKU_1584_AQU,13/07/2025,Varejo,1,184.9,90.49,94.41,Venda
SKU_1800_SKY,13/07/2025,Atacado,6,1679.4,872.1,134.55,Venda
SKU_1659_MOS,13/07/2025,E-commerce,1,1024.9,443.44,581.46,Venda
SKU_1782_HUN,13/07/2025,Varejo,2,499.8,191.54,154.13,Venda
SKU_1747_TEA,13/07/2025,Atacado,6,1049.4,536.88,85.42,Venda
SKU_1799_DEN,13/07/2025,Varejo,1,269.9,129.45,140.45,Venda
SKU_1715_JAD,13/07/2025,Atacado,4,879.6,484.04,98.89,Venda
SKU_1746_EME,13/07/2025,Atacado,6,1079.4,499.14,96.71,Venda
SKU_1741_PEA,13/07/2025,Varejo,1,239.9,103.32,136.58,Venda
SKU_1738_BLU,13/07/2025,Atacado,5,974.5,488.4,97.22,Venda
SKU_1695_CRE,13/07/2025,Varejo,1,209.9,89.77,120.13,Venda
SKU_1728_MID,13/07/2025,Atacado,8,2639.2,1143.76,186.93,Venda
SKU_1756_BUB,13/07/2025,Atacado,2,359.8,200.42,79.69,Venda
SKU_1471_LIG,13/07/2025,Varejo,1,204.9,68.97,135.93,Venda
SKU_1745_PEA,13/07/2025,Atacado,5,2049.5,1000.8,209.74,Venda
SKU_1777_TUR,13/07/2025,E-commerce,1,239.9,111.6,128.3,Venda
SKU_1713_SAL,13/07/2025,Varejo,3,1514.7,587.58,309.04,Venda
SKU_1699_COB,13/07/2025,E-commerce,1,329.9,101.72,228.18,Venda
SKU_1733_SAG,13/07/2025,Varejo,2,699.8,214.72,242.54,Venda
SKU_1712_NAV,13/07/2025,Atacado,6,1079.4,520.02,93.23,Venda
SKU_1624_ARM,13/07/2025,Varejo,1,209.9,67.51,142.39,Venda
SKU_1458_PEA,13/07/2025,Varejo,2,699.8,345.48,177.16,Venda
SKU_1613_BIR,13/07/2025,Atacado,3,569.7,273.93,98.59,Venda
SKU_1427_AQU,13/07/2025,Atacado,10,1999.0,928.6,107.04,Venda
SKU_1777_FRE,13/07/2025,Varejo,1,239.9,104.0,135.9,Venda
SKU_1769_WHI,13/07/2025,E-commerce,1,324.9,101.06,223.84,Venda
SKU_1745_FOR,13/07/2025,Atacado,8,3279.2,1713.12,195.76,Venda
SKU_1428_COB,13/07/2025,E-commerce,2,979.8,330.8,324.5,Venda
SKU_1798_MOS,13/07/2025,E-commerce,1,419.9,161.51,258.39,Venda
SKU_1701_BLU,13/07/2025,Atacado,4,1359.6,607.36,188.06,Venda
SKU_1760_PAS,13/07/2025,Varejo,1,249.9,77.54,172.36,Venda
SKU_1724_PIN,13/07/2025,Varejo,1,1114.9,378.8,736.1,Venda
SKU_1717_CRE,13/07/2025,E-commerce,1,259.9,99.62,160.28,Venda
SKU_1518_LIM,13/07/2025,Varejo,2,469.8,149.78,160.01,Venda
SKU_1744_EME,13/07/2025,Atacado,4,1059.6,602.52,114.27,Venda
SKU_1775_PAS,13/07/2025,Varejo,1,279.9,87.26,192.64,Venda
SKU_1743_CLO,13/07/2025,Varejo,1,439.9,158.87,281.03,Venda
SKU_1743_CLO,13/07/2025,E-commerce,1,439.9,213.73,226.17,Venda
SKU_1498_OLI,13/07/2025,Atacado,8,2719.2,1290.08,178.64,Venda
SKU_1770_JAD,13/07/2025,E-commerce,1,219.9,69.1,150.8,Venda
SKU_1795_HUN,13/07/2025,E-commerce,1,299.9,112.76,187.14,Venda
SKU_1691_HUN,13/07/2025,Atacado,8,2479.2,1202.64,159.57,Venda
SKU_1417_SNO,13/07/2025,Atacado,4,1119.6,475.88,160.93,Venda
SKU_1400_FOR,13/07/2025,E-commerce,1,209.9,100.22,109.68,Venda
SKU_1776_PAS,13/07/2025,Atacado,8,2639.2,1306.72,166.56,Venda
SKU_1785_HUN,13/07/2025,Varejo,1,244.9,107.56,137.34,Venda
SKU_1792_AQU,13/07/2025,Atacado,8,3519.2,1842.32,209.61,Venda
SKU_1449_NAV,13/07/2025,Varejo,1,324.9,143.05,181.85,Venda
SKU_1411_RAS,13/07/2025,E-commerce,1,224.9,80.25,144.65,Venda
SKU_1472_EME,13/07/2025,Varejo,1,469.9,181.17,288.73,Venda
SKU_1509_HOT,13/07/2025,E-commerce,1,319.9,113.85,206.05,Venda
SKU_1743_DEE,13/07/2025,Varejo,1,439.9,192.72,247.18,Venda
SKU_1760_PAS,13/07/2025,Varejo,1,249.9,94.48,155.42,Venda
SKU_1800_MOS,13/07/2025,Varejo,1,279.9,134.0,145.9,Venda
SKU_1792_AQU,13/07/2025,Varejo,1,439.9,165.7,274.2,Venda
SKU_1707_ARM,13/07/2025,Atacado,2,559.8,288.24,135.78,Venda
SKU_1774_COB,13/07/2025,Atacado,6,1229.4,766.74,77.11,Venda
SKU_1785_HUN,13/07/2025,E-commerce,1,244.9,107.28,137.62,Venda
SKU_1719_OFF,13/07/2025,Varejo,3,959.7,290.58,223.04,Venda
SKU_1791_IVO,13/07/2025,Atacado,4,1059.6,505.76,138.46,Venda
SKU_1765_PAS,13/07/2025,Atacado,3,779.7,351.9,142.6,Venda
SKU_1721_COR,13/07/2025,Varejo,1,419.9,156.18,263.72,Venda
SKU_1743_DEE,13/07/2025,Atacado,5,2199.5,924.05,255.09,Venda
SKU_1690_MYS,13/07/2025,Varejo,3,1619.7,709.08,303.54,Venda
SKU_1700_HUN,13/07/2025,Varejo,1,699.9,298.3,401.6,Venda
SKU_1781_AQU,13/07/2025,Atacado,5,649.5,358.3,58.24,Venda
SKU_1408_PAS,13/07/2025,Atacado,3,2759.7,1200.3,519.8,Venda
SKU_1706_BLA,13/07/2025,Atacado,6,1109.4,519.72,98.28,Venda
SKU_1776_BIR,13/07/2025,Varejo,1,329.9,109.81,220.09,Venda
SKU_1531_TEA,13/07/2025,Atacado,6,3299.4,1703.88,265.92,Venda
SKU_1792_AQU,13/07/2025,Varejo,1,439.9,135.36,304.54,Venda
SKU_1721_FRE,13/07/2025,Varejo,2,839.8,259.0,290.4,Venda
SKU_1633_DEN,13/07/2025,E-commerce,1,234.9,98.21,136.69,Venda
SKU_1639_WHI,13/07/2025,Atacado,3,569.7,252.57,105.71,Venda
SKU_1686_MOS,13/07/2025,Varejo,4,859.6,357.0,125.65,Venda
SKU_1689_MAG,13/07/2025,Varejo,1,964.9,429.54,535.36,Venda
SKU_1685_BIR,13/07/2025,Varejo,1,664.9,228.79,436.11,Venda
SKU_1498_OLI,13/07/2025,Varejo,2,679.8,229.92,224.94,Venda
SKU_1762_BRI,13/07/2025,Varejo,3,764.7,300.66,154.68,Venda
SKU_1670_SAP,13/07/2025,Varejo,1,144.9,61.45,83.45,Venda
SKU_1782_HUN,13/07/2025,Atacado,3,749.7,357.15,130.85,Venda
SKU_1793_WHI,13/07/2025,E-commerce,2,379.8,125.3,127.25,Venda
SKU_1682_OLI,13/07/2025,Varejo,1,234.9,102.93,131.97,Venda
SKU_1566_POW,13/07/2025,E-commerce,1,1034.9,348.04,686.86,Venda
SKU_1576_AQU,13/07/2025,Atacado,4,979.6,442.72,134.22,Venda
SKU_1713_SNO,13/07/2025,Atacado,3,1514.7,735.24,259.82,Venda
SKU_1489_IVO,13/07/2025,Varejo,1,369.9,157.28,212.62,Venda
SKU_1719_WHI,13/07/2025,Varejo,1,319.9,128.8,191.1,Venda
SKU_1580_MOS,13/07/2025,Atacado,5,949.5,449.6,99.98,Venda
SKU_1599_WHI,13/07/2025,Varejo,1,469.9,198.97,270.93,Venda
SKU_1733_SAG,13/07/2025,Atacado,3,1049.7,467.73,193.99,Venda
SKU_1683_SHO,13/07/2025,Varejo,2,629.8,244.8,192.5,Venda
SKU_1517_ROS,13/07/2025,Atacado,10,11999.0,5175.3,682.37,Venda
SKU_1559_BLU,13/07/2025,Atacado,12,14398.8,6865.92,627.74,Venda
SKU_1752_SNO,13/07/2025,E-commerce,1,429.9,130.02,299.88,Venda
SKU_1723_MOS,13/07/2025,Varejo,1,434.9,136.09,298.81,Venda
SKU_1785_PAS,13/07/2025,Atacado,5,1224.5,546.15,135.67,Venda
SKU_1727_WHI,13/07/2025,Varejo,4,619.6,280.76,84.71,Venda
SKU_1790_ROY,13/07/2025,Varejo,1,259.9,93.27,166.63,Venda
SKU_1666_FUC,13/07/2025,Varejo,3,2399.7,1116.42,427.76,Venda
SKU_1754_SER,13/07/2025,Varejo,1,339.9,159.28,180.62,Venda
SKU_1655_TEA,13/07/2025,Varejo,2,1289.8,517.96,385.92,Venda
SKU_1706_JAD,13/07/2025,Atacado,5,924.5,494.55,85.99,Venda
SKU_1456_EME,13/07/2025,Atacado,8,2519.2,1191.6,165.95,Venda
SKU_1724_PIN,13/07/2025,Atacado,5,5574.5,2509.75,612.95,Venda
SKU_1779_LIG,13/07/2025,Varejo,2,429.8,152.16,138.82,Venda
SKU_1751_BLU,13/07/2025,Atacado,6,1979.4,948.06,171.89,Venda
SKU_1713_SAL,13/07/2025,Varejo,1,504.9,197.9,307.0,Venda
SKU_1768_MIN,13/07/2025,Atacado,2,1249.8,658.38,295.71,Venda
SKU_1639_WHI,13/07/2025,Atacado,10,1899.0,899.7,99.93,Venda
SKU_1718_DUS,13/07/2025,Varejo,1,369.9,113.69,256.21,Venda
SKU_1465_OFF,13/07/2025,Atacado,10,3149.0,1532.1,161.69,Venda
SKU_1793_WHI,13/07/2025,Atacado,2,379.8,202.94,88.43,Venda
SKU_1713_SNO,13/07/2025,E-commerce,1,504.9,173.9,331.0,Venda
SKU_1750_MIN,13/07/2025,Atacado,2,739.8,374.0,182.9,Venda
SKU_1759_CLE,13/07/2025,Atacado,8,2159.2,1201.52,119.71,Venda
SKU_1744_EME,13/07/2025,Varejo,1,264.9,92.15,172.75,Venda
SKU_1593_FUC,13/07/2025,Varejo,1,144.9,50.93,93.97,Venda
SKU_1395_BLA,13/07/2025,Atacado,4,1159.6,584.64,143.74,Venda
SKU_1440_PIS,13/07/2025,Atacado,6,7199.4,3386.04,635.56,Venda
SKU_1752_SNO,13/07/2025,Atacado,4,1719.6,737.92,245.42,Venda
SKU_1718_DUS,13/07/2025,Atacado,6,2219.4,993.42,204.33,Venda
SKU_1629_ARM,13/07/2025,Varejo,1,254.9,76.93,177.97,Venda
SKU_1703_PAS,13/07/2025,E-commerce,1,269.9,128.57,141.33,Venda
SKU_1694_SER,13/07/2025,Atacado,5,1399.5,658.0,148.3,Venda
SKU_1686_SKY,13/07/2025,Atacado,10,2149.0,919.2,122.98,Venda
SKU_1777_FRE,13/07/2025,Varejo,1,239.9,98.45,141.45,Venda
SKU_1720_PAL,13/07/2025,Atacado,5,1124.5,488.25,127.25,Venda
SKU_1626_DEN,13/07/2025,E-commerce,2,1079.8,481.52,299.14,Venda
SKU_1779_LIG,13/07/2025,Varejo,3,644.7,271.95,124.25,Venda
SKU_1457_MAG,13/07/2025,Atacado,3,479.7,258.24,73.82,Venda
SKU_1722_AQU,13/07/2025,Atacado,5,1624.5,887.5,147.4,Venda
SKU_1681_OFF,13/07/2025,Varejo,2,469.8,199.24,135.28,Venda
SKU_1699_CLO,13/07/2025,E-commerce,1,329.9,158.77,171.13,Venda
SKU_1682_OLI,13/07/2025,Atacado,6,1409.4,615.18,132.37,Venda
SKU_1797_BLU,13/07/2025,Varejo,1,379.9,119.92,259.98,Venda
SKU_1763_MAR,13/07/2025,Atacado,4,1199.6,572.16,156.86,Venda
SKU_1465_CLE,13/07/2025,Varejo,1,314.9,124.12,190.78,Venda
SKU_1450_MAG,13/07/2025,Varejo,1,409.9,166.59,243.31,Venda
SKU_1693_MEX,13/07/2025,Atacado,6,1229.4,598.74,105.11,Venda
SKU_1758_HON,13/07/2025,Atacado,6,1079.4,492.12,97.88,Venda
SKU_1692_BLU,13/07/2025,Varejo,1,219.9,109.82,110.08,Venda
SKU_1751_BLU,13/07/2025,Varejo,1,329.9,120.47,209.43,Venda
SKU_1775_PAS,13/07/2025,Atacado,6,1679.4,862.74,136.11,Venda
SKU_1698_SNO,13/07/2025,Varejo,1,419.9,148.84,271.06,Venda
SKU_1611_MID,13/07/2025,Varejo,1,219.9,90.83,129.07,Venda
SKU_1734_FRE,13/07/2025,Atacado,2,699.8,316.8,191.5,Venda
SKU_1747_TEA,13/07/2025,E-commerce,3,524.7,227.28,99.14,Venda
SKU_1735_MOS,13/07/2025,Varejo,3,809.7,400.98,136.24,Venda
SKU_1801_MOS,13/07/2025,Varejo,1,374.9,185.84,189.06,Venda
SKU_1548_CLO,13/07/2025,Varejo,3,1424.7,620.46,268.08,Venda
SKU_1763_MAR,13/07/2025,E-commerce,1,299.9,96.42,203.48,Venda
SKU_1723_MOS,13/07/2025,E-commerce,1,434.9,197.42,237.48,Venda
SKU_1686_SKY,13/07/2025,Varejo,1,214.9,101.71,113.19,Venda
SKU_1792_AQU,13/07/2025,Atacado,6,2639.4,1516.8,187.1,Venda
SKU_1686_MOS,13/07/2025,Atacado,6,1289.4,672.24,102.86,Venda
SKU_1728_EGR,13/07/2025,Atacado,2,659.8,293.24,183.28,Venda
SKU_1704_PEA,13/07/2025,Varejo,1,334.9,136.15,198.75,Venda
SKU_1749_SNO,13/07/2025,E-commerce,1,349.9,122.89,227.01,Venda
SKU_1543_BAB,13/07/2025,Atacado,4,2939.6,1582.64,339.24,Venda
SKU_1739_AQU,13/07/2025,Atacado,12,3058.8,1514.04,128.73,Venda
SKU_1639_WHI,13/07/2025,Atacado,3,569.7,270.81,99.63,Venda
SKU_1783_BAB,13/07/2025,Varejo,1,1199.9,492.73,707.17,Venda
SKU_1794_LIG,13/07/2025,Atacado,5,1049.5,447.15,120.47,Venda
SKU_1754_SER,13/07/2025,Atacado,6,2039.4,1060.98,163.07,Venda
SKU_1715_HON,13/07/2025,Atacado,3,659.7,342.09,105.87,Venda
SKU_1729_FUC,13/07/2025,Atacado,4,699.6,303.0,99.15,Venda
SKU_1714_MID,13/07/2025,Varejo,1,304.9,106.93,197.97,Venda
SKU_1566_POW,13/07/2025,Atacado,3,3104.7,1364.94,579.92,Venda
SKU_1407_EME,13/07/2025,Varejo,3,644.7,306.69,112.67,Venda
SKU_1790_ROY,13/07/2025,Atacado,6,1559.4,774.24,130.86,Venda
SKU_1768_MIN,13/07/2025,Varejo,1,624.9,224.31,400.59,Venda
SKU_1732_WHI,13/07/2025,Varejo,1,1114.9,460.05,654.85,Venda
SKU_1720_PAL,13/07/2025,Atacado,5,1124.5,607.85,103.33,Venda
SKU_1749_BIR,13/07/2025,Atacado,5,1749.5,866.8,176.54,Venda
SKU_1798_MOS,13/07/2025,Varejo,1,419.9,148.77,271.13,Venda
SKU_1706_BLA,13/07/2025,Atacado,4,739.6,323.08,104.13,Venda
SKU_1793_WHI,13/07/2025,Atacado,4,759.6,335.0,106.15,Venda
SKU_1779_MIN,13/07/2025,E-commerce,2,429.8,185.02,122.39,Venda
SKU_1724_PEA,13/07/2025,Varejo,1,1114.9,494.18,620.72,Venda
SKU_1766_CLE,13/07/2025,Varejo,4,1579.6,649.36,232.56,Venda
SKU_1746_NAV,13/07/2025,Atacado,3,539.7,246.51,97.73,Venda
SKU_1683_PAL,13/07/2025,Atacado,5,1574.5,904.8,133.94,Venda
SKU_1415_BAB,13/07/2025,Atacado,2,709.8,346.22,181.79,Venda
SKU_1734_BRI,13/07/2025,Varejo,1,349.9,157.03,192.87,Venda
SKU_1758_CLO,13/07/2025,Varejo,1,179.9,59.67,120.23,Venda
SKU_1394_EME,13/07/2025,Atacado,8,3759.2,1928.16,228.88,Venda
SKU_1635_TEA,13/07/2025,Varejo,1,604.9,280.65,324.25,Venda
SKU_1719_WHI,13/07/2025,Atacado,4,1279.6,658.8,155.2,Venda
SKU_1699_CLO,13/07/2025,E-commerce,1,329.9,145.47,184.43,Venda
SKU_1708_FLA,13/07/2025,Varejo,1,169.9,83.57,86.33,Venda
SKU_1794_LIG,13/07/2025,Varejo,1,209.9,104.66,105.24,Venda
SKU_1722_AQU,13/07/2025,Atacado,4,1299.6,687.08,153.13,Venda
SKU_1734_BRI,13/07/2025,Varejo,2,699.8,240.42,229.69,Venda
SKU_1704_BAB,13/07/2025,Varejo,2,669.8,292.44,188.68,Venda
SKU_1788_EME,13/07/2025,Varejo,1,249.9,86.89,163.01,Venda
SKU_1776_BIR,13/07/2025,Varejo,1,329.9,108.67,221.23,Venda
SKU_1755_AQU,13/07/2025,Atacado,5,1674.5,891.75,156.55,Venda
SKU_1767_FUC,13/07/2025,Atacado,10,2049.0,915.5,113.35,Venda
SKU_1688_LIG,13/07/2025,Atacado,8,3439.2,1751.28,210.99,Venda
SKU_1487_CLE,13/07/2025,Atacado,6,2009.4,966.6,173.8,Venda
SKU_1694_PIS,13/07/2025,E-commerce,2,559.8,278.0,140.9,Venda
SKU_1594_BAL,13/07/2025,Varejo,2,999.8,461.32,269.24,Venda
SKU_1789_SNO,13/07/2025,Varejo,1,269.9,114.29,155.61,Venda
SKU_1752_SPA,13/07/2025,Varejo,2,859.8,426.54,216.63,Venda
SKU_1774_MOS,13/07/2025,Varejo,1,204.9,75.2,129.7,Venda
SKU_1771_PIN,13/07/2025,Varejo,1,264.9,90.67,174.23,Venda
SKU_1519_TEA,13/07/2025,Atacado,8,5039.2,2784.64,281.82,Venda
SKU_1774_MOS,13/07/2025,E-commerce,1,204.9,98.62,106.28,Venda
SKU_1733_NAV,13/07/2025,Atacado,4,1399.6,707.64,172.99,Venda
SKU_1753_WHI,13/07/2025,Atacado,2,1579.8,671.58,454.11,Venda
SKU_1587_LIG,13/07/2025,Varejo,1,229.9,82.9,147.0,Venda
SKU_1785_PAS,13/07/2025,Atacado,3,734.7,350.52,128.06,Venda
SKU_1686_MOS,13/07/2025,Varejo,1,214.9,88.31,126.59,Venda
SKU_1419_FLA,13/07/2025,E-commerce,1,249.9,82.12,167.78,Venda
SKU_1765_PAS,13/07/2025,E-commerce,1,259.9,113.9,146.0,Venda
SKU_1481_TEA,13/07/2025,Varejo,1,809.9,289.92,519.98,Venda
SKU_1788_EME,13/07/2025,Varejo,2,499.8,164.82,167.49,Venda
SKU_1794_LIG,13/07/2025,Atacado,4,839.6,406.72,108.22,Venda
SKU_1687_WHI,13/07/2025,Atacado,8,7199.2,4133.2,383.25,Venda
SKU_1423_SAG,13/07/2025,Atacado,5,5999.5,3176.5,564.6,Venda
SKU_1741_PEA,13/07/2025,Varejo,1,239.9,114.48,125.42,Venda
SKU_1791_IVO,13/07/2025,Varejo,1,264.9,105.55,159.35,Venda
SKU_1655_TEA,13/07/2025,Varejo,1,644.9,257.44,387.46,Venda
SKU_1731_ARM,13/07/2025,E-commerce,1,909.9,361.05,548.85,Venda
SKU_1798_MOS,13/07/2025,Varejo,1,419.9,166.55,253.35,Venda
SKU_1747_TEA,13/07/2025,Atacado,4,699.6,387.16,78.11,Venda
SKU_1746_NAV,13/07/2025,Atacado,8,1439.2,662.48,97.09,Venda
SKU_1788_EME,13/07/2025,Atacado,6,1499.4,738.54,126.81,Venda
SKU_1403_AQU,13/07/2025,E-commerce,1,384.9,140.53,244.37,Venda
SKU_1731_MIN,13/07/2025,Varejo,1,909.9,278.54,631.36,Venda
SKU_1746_NAV,13/07/2025,Atacado,8,1439.2,760.72,84.81,Venda
SKU_1574_GAR,13/07/2025,Varejo,1,604.9,201.01,403.89,Venda
SKU_1727_LIG,13/07/2025,Varejo,1,154.9,65.53,89.37,Venda
SKU_1714_DEE,13/07/2025,E-commerce,1,304.9,96.02,208.88,Venda
SKU_1801_MOS,13/07/2025,Varejo,1,374.9,120.48,254.42,Venda
SKU_1705_JAD,13/07/2025,Varejo,1,409.9,152.57,257.33,Venda
SKU_1524_DEN,13/07/2025,Atacado,2,739.8,340.1,199.85,Venda
SKU_1708_FLA,13/07/2025,Varejo,2,339.8,167.9,85.95,Venda
SKU_1398_SPA,13/07/2025,Varejo,1,674.9,331.78,343.12,Venda
SKU_1754_IVO,13/07/2025,Varejo,1,339.9,103.92,235.98,Venda
SKU_1715_HON,13/07/2025,Atacado,2,439.8,253.12,93.34,Venda
SKU_1721_FRE,13/07/2025,Varejo,1,419.9,126.4,293.5,Venda
SKU_1761_MOS,13/07/2025,Varejo,1,1104.9,352.0,752.9,Venda
SKU_1569_WHI,13/07/2025,Atacado,4,879.6,401.32,119.57,Venda
SKU_1794_LIG,13/07/2025,Varejo,1,209.9,95.82,114.08,Venda
SKU_1461_NAV,13/07/2025,E-commerce,1,1069.9,457.29,612.61,Venda
SKU_1564_NAV,13/07/2025,Atacado,4,2359.6,1308.4,262.8,Venda
SKU_1704_PEA,13/07/2025,Atacado,3,1004.7,442.83,187.29,Venda
SKU_1787_BAB,13/07/2025,E-commerce,1,289.9,97.93,191.97,Venda
SKU_1731_ARM,13/07/2025,Varejo,1,909.9,365.85,544.05,Venda
SKU_1719_OFF,13/07/2025,Varejo,1,319.9,142.99,176.91,Venda
SKU_1795_HUN,13/07/2025,Atacado,5,1499.5,677.45,164.41,Venda
SKU_1728_MID,13/07/2025,Varejo,1,329.9,138.15,191.75,Venda
SKU_1704_PEA,13/07/2025,Atacado,2,669.8,344.7,162.55,Venda
SKU_1743_CLO,13/07/2025,Atacado,10,4399.0,2355.8,204.32,Venda
SKU_1797_BLU,13/07/2025,Atacado,8,3039.2,1416.56,202.83,Venda
SKU_1739_AQU,13/07/2025,E-commerce,1,254.9,101.12,153.78,Venda
SKU_1709_CRE,13/07/2025,Atacado,3,629.7,293.85,111.95,Venda
SKU_1713_SNO,13/07/2025,Atacado,6,3029.4,1365.3,277.35,Venda
SKU_1743_DEE,14/07/2025,Varejo,2,879.8,385.36,247.22,Venda
SKU_1570_MEX,14/07/2025,Varejo,1,714.9,330.34,384.56,Venda
SKU_1778_TEA,14/07/2025,Atacado,8,2279.2,1012.72,158.31,Venda
SKU_1524_BLU,14/07/2025,Atacado,6,2219.4,1070.94,191.41,Venda
SKU_1692_OLI,14/07/2025,Varejo,1,219.9,88.28,131.62,Venda
SKU_1697_MIN,14/07/2025,Varejo,1,219.9,102.95,116.95,Venda
SKU_1698_PRI,14/07/2025,Atacado,5,2099.5,1055.7,208.76,Venda
SKU_1754_IVO,14/07/2025,Atacado,5,1699.5,743.85,191.13,Venda
SKU_1713_SAL,14/07/2025,Varejo,1,504.9,238.85,266.05,Venda
SKU_1756_FLA,14/07/2025,Atacado,2,359.8,204.02,77.89,Venda
SKU_1700_HUN,14/07/2025,Atacado,2,1399.8,639.44,380.18,Venda
SKU_1734_BRI,14/07/2025,Atacado,5,1749.5,846.9,180.52,Venda
SKU_1717_MIN,14/07/2025,E-commerce,1,259.9,123.48,136.42,Venda
SKU_1761_SAP,14/07/2025,Varejo,4,4419.6,1960.68,614.73,Venda
SKU_1775_PAL,14/07/2025,Varejo,2,559.8,200.16,179.82,Venda
SKU_1573_SAG,14/07/2025,Atacado,5,5124.5,2874.35,450.03,Venda
SKU_1765_MYS,14/07/2025,Atacado,5,1299.5,555.9,148.72,Venda
SKU_1791_ARM,14/07/2025,Varejo,3,794.7,393.54,133.72,Venda
SKU_1755_BIR,14/07/2025,E-commerce,1,334.9,140.72,194.18,Venda
SKU_1697_PIS,14/07/2025,Varejo,1,219.9,67.55,152.35,Venda
SKU_1399_PAL,14/07/2025,E-commerce,1,269.9,134.44,135.46,Venda
SKU_1769_EME,14/07/2025,Atacado,6,1949.4,1016.7,155.45,Venda
SKU_1797_BLU,14/07/2025,E-commerce,1,379.9,126.3,253.6,Venda
SKU_1764_FUC,14/07/2025,E-commerce,1,234.9,105.97,128.93,Venda
SKU_1717_MIN,14/07/2025,Atacado,3,779.7,375.9,134.6,Venda
SKU_1687_WHI,14/07/2025,Varejo,2,1799.8,809.28,495.26,Venda
SKU_1753_PAL,14/07/2025,Atacado,10,7899.0,4076.4,382.26,Venda
SKU_1571_BIR,14/07/2025,E-commerce,2,499.8,194.06,152.87,Venda
SKU_1783_EGR,14/07/2025,Varejo,1,1199.9,588.71,611.19,Venda
SKU_1454_BUB,14/07/2025,Atacado,8,1199.2,581.68,77.19,Venda
SKU_1692_OLI,14/07/2025,Atacado,10,2199.0,973.8,122.52,Venda
SKU_1774_MOS,14/07/2025,Atacado,5,1024.5,526.2,99.66,Venda
SKU_1704_PEA,14/07/2025,Atacado,6,2009.4,875.22,189.03,Venda
SKU_1786_POW,14/07/2025,Atacado,3,539.7,258.0,93.9,Venda
SKU_1736_JAD,14/07/2025,Atacado,3,974.7,467.64,169.02,Venda
SKU_1787_BAB,14/07/2025,Varejo,1,289.9,115.91,173.99,Venda
SKU_1683_SHO,14/07/2025,E-commerce,1,314.9,97.89,217.01,Venda
SKU_1698_PRI,14/07/2025,E-commerce,1,419.9,187.07,232.83,Venda
SKU_1434_MIN,14/07/2025,Varejo,1,209.9,73.89,136.01,Venda
SKU_1780_AQU,14/07/2025,Atacado,4,1339.6,650.8,172.2,Venda
SKU_1749_BIR,14/07/2025,Atacado,8,2799.2,1316.0,185.4,Venda
SKU_1777_TUR,14/07/2025,Varejo,1,239.9,115.22,124.68,Venda
SKU_1702_COR,14/07/2025,Atacado,12,7438.8,4212.24,268.88,Venda
SKU_1753_PAL,14/07/2025,Varejo,1,789.9,308.43,481.47,Venda
SKU_1727_LIG,14/07/2025,Atacado,8,1239.2,597.76,80.18,Venda
SKU_1765_MYS,14/07/2025,E-commerce,1,259.9,124.51,135.39,Venda
SKU_1421_LIG,14/07/2025,Atacado,5,1149.5,584.55,112.99,Venda
SKU_1759_CLE,14/07/2025,Varejo,1,269.9,101.53,168.37,Venda
SKU_1450_JAD,14/07/2025,Atacado,4,1639.6,769.44,217.54,Venda
SKU_1756_BUB,14/07/2025,Atacado,2,359.8,166.4,96.7,Venda
SKU_1679_SHO,14/07/2025,Varejo,1,919.9,308.96,610.94,Venda
SKU_1585_COR,14/07/2025,E-commerce,1,319.9,131.36,188.54,Venda
SKU_1801_MOS,14/07/2025,E-commerce,1,374.9,172.81,202.09,Venda
SKU_1479_FUC,14/07/2025,E-commerce,1,554.9,201.9,353.0,Venda
SKU_1703_PAS,14/07/2025,Varejo,1,269.9,82.07,187.83,Venda
SKU_1709_MAR,14/07/2025,Varejo,1,209.9,91.41,118.49,Venda
SKU_1680_SEA,14/07/2025,Varejo,1,334.9,141.15,193.75,Venda
SKU_1742_DEN,14/07/2025,E-commerce,1,259.9,96.31,163.59,Venda
SKU_1595_MYS,14/07/2025,E-commerce,1,299.9,122.16,177.74,Venda
SKU_1751_MIN,14/07/2025,Varejo,1,329.9,161.91,167.99,Venda
SKU_1719_WHI,14/07/2025,E-commerce,3,959.7,370.98,196.24,Venda
SKU_1764_FUC,14/07/2025,Varejo,1,234.9,103.46,131.44,Venda
SKU_1728_EGR,14/07/2025,Varejo,1,329.9,125.44,204.46,Venda
SKU_1758_CLO,14/07/2025,Atacado,5,899.5,423.8,95.14,Venda
SKU_1782_NAV,14/07/2025,Varejo,1,249.9,112.9,137.0,Venda
SKU_1617_DEN,14/07/2025,E-commerce,1,164.9,73.71,91.19,Venda
SKU_1753_WHI,14/07/2025,Varejo,1,789.9,391.74,398.16,Venda
SKU_1523_HOT,14/07/2025,Atacado,12,4498.8,2141.52,196.44,Venda
SKU_1753_WHI,14/07/2025,Varejo,1,789.9,246.76,543.14,Venda
SKU_1726_PAS,14/07/2025,E-commerce,1,429.9,213.97,215.93,Venda
SKU_1692_BLU,14/07/2025,Varejo,1,219.9,104.57,115.33,Venda
SKU_1688_LIG,14/07/2025,Varejo,1,429.9,130.8,299.1,Venda
SKU_1613_AQU,14/07/2025,Atacado,6,1139.4,480.54,109.81,Venda
SKU_1755_AQU,14/07/2025,E-commerce,1,334.9,156.77,178.13,Venda
SKU_1749_BIR,14/07/2025,Atacado,4,1399.6,608.36,197.81,Venda
SKU_1682_OLI,14/07/2025,Atacado,10,2349.0,1130.7,121.83,Venda
SKU_1713_SNO,14/07/2025,Varejo,1,504.9,152.96,351.94,Venda
SKU_1697_MIN,14/07/2025,Atacado,10,2199.0,945.0,125.4,Venda
SKU_1684_SHO,14/07/2025,Atacado,3,554.7,244.8,103.3,Venda
SKU_1786_POW,14/07/2025,Atacado,5,899.5,403.25,99.25,Venda
SKU_1590_MYS,14/07/2025,Atacado,3,569.7,271.5,99.4,Venda
SKU_1752_SNO,14/07/2025,Varejo,1,429.9,209.73,220.17,Venda
SKU_1720_PAS,14/07/2025,Atacado,3,674.7,377.22,99.16,Venda
SKU_1762_DEN,14/07/2025,Varejo,1,254.9,101.79,153.11,Venda
SKU_1800_MOS,14/07/2025,Varejo,1,279.9,98.36,181.54,Venda
SKU_1746_NAV,14/07/2025,Varejo,1,179.9,78.87,101.03,Venda
SKU_1774_COB,14/07/2025,Varejo,2,409.8,167.72,121.04,Venda
SKU_1496_PEA,14/07/2025,Atacado,3,3404.7,1654.83,583.29,Venda
SKU_1709_CRE,14/07/2025,E-commerce,1,209.9,71.81,138.09,Venda
SKU_1763_MAR,14/07/2025,E-commerce,1,299.9,91.8,208.1,Venda
SKU_1750_SNO,14/07/2025,Varejo,1,369.9,177.89,192.01,Venda
SKU_1592_CER,14/07/2025,Varejo,1,209.9,100.23,109.67,Venda
SKU_1756_BUB,14/07/2025,Varejo,2,359.8,152.06,103.87,Venda
SKU_1688_LIG,14/07/2025,Atacado,3,1289.7,551.4,246.1,Venda
SKU_1786_POW,14/07/2025,Atacado,2,359.8,167.86,95.97,Venda
SKU_1791_IVO,14/07/2025,Varejo,2,529.8,178.24,175.78,Venda
SKU_1772_SNO,14/07/2025,Varejo,1,414.9,143.81,271.09,Venda
SKU_1475_VAN,14/07/2025,Atacado,2,499.8,262.62,118.59,Venda
SKU_1728_EGR,14/07/2025,Atacado,2,659.8,309.82,174.99,Venda
SKU_1761_MOS,14/07/2025,Atacado,5,5524.5,3019.65,500.97,Venda
SKU_1752_SPA,14/07/2025,Varejo,2,859.8,403.68,228.06,Venda
SKU_1681_OFF,14/07/2025,E-commerce,1,234.9,112.66,122.24,Venda
SKU_1754_SER,14/07/2025,Atacado,2,679.8,368.54,155.63,Venda
SKU_1674_PAS,14/07/2025,Atacado,10,2299.0,1072.6,122.64,Venda
SKU_1786_TEA,14/07/2025,Varejo,1,179.9,71.51,108.39,Venda
SKU_1595_FLA,14/07/2025,Varejo,1,299.9,137.83,162.07,Venda
SKU_1791_IVO,14/07/2025,Varejo,1,264.9,122.04,142.86,Venda
SKU_1716_SAL,14/07/2025,Atacado,8,1319.2,628.0,86.4,Venda
SKU_1777_FRE,14/07/2025,Varejo,1,239.9,111.31,128.59,Venda
SKU_1723_COB,14/07/2025,Varejo,2,869.8,295.08,287.36,Venda
SKU_1710_MEX,14/07/2025,Varejo,3,2429.7,782.31,549.13,Venda
SKU_1716_SAL,14/07/2025,Varejo,1,164.9,59.57,105.33,Venda
SKU_1737_DEE,14/07/2025,Varejo,1,769.9,276.1,493.8,Venda
SKU_1476_WHI,14/07/2025,Varejo,1,274.9,118.75,156.15,Venda
SKU_1418_MOS,14/07/2025,Atacado,2,1689.8,801.52,444.14,Venda
SKU_1720_PAL,14/07/2025,E-commerce,1,224.9,71.64,153.26,Venda
SKU_1737_SAG,14/07/2025,Varejo,1,769.9,370.93,398.97,Venda
SKU_1553_DEN,14/07/2025,Varejo,1,254.9,88.46,166.44,Venda
SKU_1784_EGR,14/07/2025,Atacado,5,1549.5,810.2,147.86,Venda
SKU_1799_DEN,14/07/2025,Atacado,3,809.7,435.69,124.67,Venda
SKU_1714_DEE,14/07/2025,Varejo,3,914.7,307.17,202.51,Venda
SKU_1766_CLE,14/07/2025,Atacado,5,1974.5,1008.8,193.14,Venda
SKU_1736_JAD,14/07/2025,Atacado,6,1949.4,878.7,178.45,Venda
SKU_1750_SNO,14/07/2025,Atacado,3,1109.7,578.61,177.03,Venda
SKU_1746_EME,14/07/2025,E-commerce,1,179.9,56.94,122.96,Venda
SKU_1797_GAR,14/07/2025,Varejo,1,379.9,149.81,230.09,Venda
SKU_1708_FRE,14/07/2025,Varejo,1,169.9,62.31,107.59,Venda
SKU_1760_PAS,14/07/2025,Atacado,10,2499.0,1123.1,137.59,Venda
SKU_1731_MIN,14/07/2025,E-commerce,1,909.9,331.17,578.73,Venda
SKU_1716_AQU,14/07/2025,Atacado,5,824.5,395.95,85.71,Venda
SKU_1689_IVO,14/07/2025,Varejo,2,1929.8,609.12,660.34,Venda
SKU_1671_MIN,14/07/2025,Varejo,1,349.9,108.76,241.14,Venda
SKU_1801_FLA,14/07/2025,E-commerce,1,374.9,133.79,241.11,Venda
SKU_1689_MAG,14/07/2025,Atacado,4,3859.6,2174.12,421.37,Venda
SKU_1636_SHO,14/07/2025,Varejo,1,439.9,180.32,259.58,Venda
SKU_1643_PAS,14/07/2025,Atacado,6,1349.4,602.22,124.53,Venda
SKU_1703_BLU,14/07/2025,Atacado,5,1349.5,754.5,119.0,Venda
SKU_1683_PAL,14/07/2025,Varejo,3,944.7,443.52,167.06,Venda
SKU_1478_COB,14/07/2025,Varejo,2,389.8,117.3,136.25,Venda
SKU_1767_PRI,14/07/2025,Atacado,6,1229.4,578.04,108.56,Venda
SKU_1624_PRI,14/07/2025,Atacado,3,629.7,287.61,114.03,Venda
SKU_1726_PAS,14/07/2025,Atacado,5,2149.5,927.8,244.34,Venda
SKU_1783_BAB,14/07/2025,Atacado,3,3599.7,1834.35,588.45,Venda
SKU_1728_MID,14/07/2025,Atacado,10,3299.0,1510.4,178.86,Venda
SKU_1709_MAR,14/07/2025,Atacado,10,2099.0,890.8,120.82,Venda
SKU_1694_PIS,14/07/2025,E-commerce,1,279.9,132.15,147.75,Venda
SKU_1709_CRE,14/07/2025,Atacado,2,419.8,203.8,108.0,Venda
SKU_1651_PAS,14/07/2025,Varejo,1,264.9,86.78,178.12,Venda
SKU_1749_SNO,14/07/2025,Atacado,3,1049.7,473.91,191.93,Venda
SKU_1780_AQU,14/07/2025,Varejo,4,1339.6,456.12,220.87,Venda
SKU_1764_MAR,14/07/2025,E-commerce,1,234.9,94.02,140.88,Venda
SKU_1793_MIN,14/07/2025,Atacado,8,1519.2,946.4,71.6,Venda
SKU_1787_BAB,14/07/2025,Varejo,2,579.8,237.0,171.4,Venda
SKU_1771_EME,14/07/2025,Varejo,2,529.8,242.52,143.64,Venda
SKU_1710_OLI,14/07/2025,Varejo,2,1619.8,529.08,545.36,Venda
SKU_1608_WHI,14/07/2025,Atacado,3,914.7,522.48,130.74,Venda
SKU_1706_JAD,14/07/2025,Varejo,1,184.9,85.4,99.5,Venda
SKU_1731_MIN,14/07/2025,E-commerce,1,909.9,317.71,592.19,Venda
SKU_1723_MOS,14/07/2025,Varejo,1,434.9,200.17,234.73,Venda
SKU_1725_OFF,14/07/2025,Varejo,1,244.9,85.18,159.72,Venda
SKU_1491_GAR,14/07/2025,Atacado,5,674.5,317.25,71.45,Venda
SKU_1745_PEA,14/07/2025,Varejo,2,819.8,295.08,262.36,Venda
SKU_1732_WHI,14/07/2025,Varejo,1,1114.9,344.28,770.62,Venda
SKU_1681_PIS,14/07/2025,Atacado,8,1879.2,961.12,114.76,Venda
SKU_1745_PEA,14/07/2025,Atacado,5,2049.5,864.55,236.99,Venda
SKU_1581_BIR,14/07/2025,E-commerce,1,854.9,332.59,522.31,Venda
SKU_1781_CLE,14/07/2025,Varejo,1,129.9,63.06,66.84,Venda
SKU_1645_MYS,14/07/2025,E-commerce,1,399.9,138.98,260.92,Venda
SKU_1753_PAL,14/07/2025,Atacado,4,3159.6,1591.68,391.98,Venda
SKU_1546_PAS,14/07/2025,Atacado,3,524.7,261.81,87.63,Venda
SKU_1683_SHO,14/07/2025,E-commerce,1,314.9,146.93,167.97,Venda
SKU_1692_OLI,14/07/2025,Atacado,6,1319.4,628.92,115.08,Venda
SKU_1719_WHI,14/07/2025,Atacado,6,1919.4,954.42,160.83,Venda
SKU_1719_WHI,14/07/2025,Varejo,3,959.7,418.59,180.37,Venda
SKU_1698_PRI,14/07/2025,Atacado,6,2519.4,1120.8,233.1,Venda
SKU_1758_CLO,14/07/2025,Atacado,4,719.6,340.32,94.82,Venda
SKU_1696_SHO,14/07/2025,Atacado,6,1679.4,1004.4,112.5,Venda
SKU_1786_POW,14/07/2025,Varejo,1,179.9,81.97,97.93,Venda
SKU_1478_TEA,14/07/2025,Varejo,2,389.8,133.14,128.33,Venda
SKU_1793_MIN,14/07/2025,Atacado,2,379.8,215.34,82.23,Venda
SKU_1753_PAL,14/07/2025,Varejo,1,789.9,359.18,430.72,Venda
SKU_1603_BUB,14/07/2025,Varejo,1,744.9,328.78,416.12,Venda
SKU_1785_HUN,14/07/2025,Atacado,4,979.6,568.04,102.89,Venda
SKU_1702_COR,14/07/2025,Atacado,5,3099.5,1731.15,273.67,Venda
SKU_1771_PIN,14/07/2025,Varejo,2,529.8,234.76,147.52,Venda
SKU_1484_MOS,14/07/2025,Varejo,1,459.9,229.07,230.83,Venda
SKU_1701_BLU,14/07/2025,Atacado,4,1359.6,631.8,181.95,Venda
SKU_1711_VAN,14/07/2025,Atacado,5,4974.5,2532.45,488.41,Venda
SKU_1713_SAL,14/07/2025,Atacado,5,2524.5,1250.9,254.72,Venda
SKU_1687_WHI,14/07/2025,Varejo,1,899.9,414.16,485.74,Venda
SKU_1640_IVO,14/07/2025,Atacado,3,659.7,318.9,113.6,Venda
SKU_1734_FRE,14/07/2025,Varejo,1,349.9,123.32,226.58,Venda
SKU_1436_BLU,14/07/2025,Varejo,1,279.9,117.14,162.76,Venda
SKU_1698_SNO,14/07/2025,E-commerce,1,419.9,193.26,226.64,Venda
SKU_1411_RAS,14/07/2025,Varejo,2,449.8,205.68,122.06,Venda
SKU_1666_FUC,14/07/2025,E-commerce,1,799.9,390.73,409.17,Venda
SKU_1466_PRI,14/07/2025,Atacado,10,2699.0,1286.0,141.3,Venda
SKU_1789_EME,14/07/2025,Varejo,1,269.9,94.8,175.1,Venda
SKU_1789_SNO,14/07/2025,Atacado,6,1619.4,771.54,141.31,Venda
SKU_1683_SHO,14/07/2025,E-commerce,2,629.8,282.96,173.42,Venda
SKU_1789_SNO,14/07/2025,Varejo,1,269.9,127.64,142.26,Venda
SKU_1763_MAR,14/07/2025,Atacado,8,2399.2,1071.68,165.94,Venda
SKU_1785_PAS,14/07/2025,Atacado,2,489.8,248.5,120.65,Venda
SKU_1722_AQU,14/07/2025,Atacado,6,1949.4,966.0,163.9,Venda
SKU_1631_SNO,14/07/2025,Varejo,1,179.9,80.21,99.69,Venda
SKU_1706_BLA,14/07/2025,Varejo,1,184.9,71.13,113.77,Venda
SKU_1681_PIS,14/07/2025,Varejo,2,469.8,173.1,148.35,Venda
SKU_1697_MIN,14/07/2025,Varejo,1,219.9,82.35,137.55,Venda
SKU_1573_MIN,14/07/2025,Varejo,1,1024.9,398.48,626.42,Venda
SKU_1723_MOS,14/07/2025,Varejo,2,869.8,294.74,287.53,Venda
SKU_1735_MOS,14/07/2025,Atacado,5,1349.5,702.25,129.45,Venda
SKU_1770_DEE,14/07/2025,Atacado,3,659.7,337.65,107.35,Venda
SKU_1642_OFF,14/07/2025,E-commerce,1,224.9,82.28,142.62,Venda
SKU_1490_EME,14/07/2025,Atacado,6,1889.4,869.16,170.04,Venda
SKU_1600_SHO,14/07/2025,Atacado,5,1974.5,1000.35,194.83,Venda
SKU_1495_BLA,14/07/2025,Atacado,2,659.8,317.46,171.17,Venda
SKU_1781_CLE,14/07/2025,Atacado,10,1299.0,625.8,67.32,Venda
SKU_1707_SAP,14/07/2025,E-commerce,1,279.9,117.89,162.01,Venda
SKU_1702_LIG,14/07/2025,Atacado,10,6199.0,3016.5,318.25,Venda
SKU_1707_ARM,14/07/2025,Varejo,1,279.9,135.96,143.94,Venda
SKU_1485_PAS,14/07/2025,Atacado,4,2659.6,1452.36,301.81,Venda
SKU_1801_FLA,14/07/2025,Atacado,8,2999.2,1266.88,216.54,Venda
SKU_1680_NAV,14/07/2025,Atacado,8,2679.2,1432.24,155.87,Venda
SKU_1768_MIN,14/07/2025,E-commerce,1,624.9,310.3,314.6,Venda
SKU_1685_COB,14/07/2025,Atacado,3,1994.7,1039.74,318.32,Venda
SKU_1751_BLU,14/07/2025,E-commerce,1,329.9,127.61,202.29,Venda
SKU_1774_MOS,14/07/2025,Atacado,4,819.6,400.24,104.84,Venda
SKU_1583_BLU,14/07/2025,Varejo,1,254.9,112.35,142.55,Venda
SKU_1640_TEA,14/07/2025,Atacado,8,1759.2,908.08,106.39,Venda
SKU_1735_MOS,14/07/2025,E-commerce,1,269.9,133.64,136.26,Venda
SKU_1490_EME,14/07/2025,Varejo,1,314.9,100.7,214.2,Venda
SKU_1748_COB,14/07/2025,Varejo,1,309.9,103.17,206.73,Venda
SKU_1554_SKY,14/07/2025,Atacado,5,5174.5,2470.2,540.86,Venda
SKU_1756_BUB,14/07/2025,Varejo,1,179.9,76.05,103.85,Venda
SKU_1710_MEX,14/07/2025,Atacado,2,1619.8,848.34,385.73,Venda
SKU_1748_BAB,14/07/2025,Atacado,8,2479.2,1273.36,150.73,Venda
SKU_1698_SNO,14/07/2025,E-commerce,3,1259.7,625.41,211.43,Venda
SKU_1537_BLA,14/07/2025,Atacado,4,1019.6,444.88,143.68,Venda
SKU_1392_LIM,14/07/2025,E-commerce,1,294.9,136.02,158.88,Venda
SKU_1597_FLA,14/07/2025,Varejo,1,529.9,186.74,343.16,Venda
SKU_1734_FRE,14/07/2025,Varejo,2,699.8,247.66,226.07,Venda
SKU_1702_COR,14/07/2025,Atacado,6,3719.4,1917.9,300.25,Venda
SKU_1705_SER,14/07/2025,Atacado,5,2049.5,1007.55,208.39,Venda
SKU_1448_SEA,14/07/2025,Atacado,10,1799.0,781.9,101.71,Venda
SKU_1793_MIN,14/07/2025,Varejo,1,189.9,61.02,128.88,Venda
SKU_1774_MOS,14/07/2025,Atacado,3,614.7,348.51,88.73,Venda
SKU_1408_PAS,14/07/2025,Varejo,1,919.9,412.9,507.0,Venda
SKU_1703_PAS,14/07/2025,Atacado,5,1349.5,574.65,154.97,Venda
SKU_1784_EGR,14/07/2025,Varejo,1,309.9,96.96,212.94,Venda
SKU_1659_MOS,14/07/2025,Atacado,3,3074.7,1456.65,539.35,Venda
SKU_1618_SAL,14/07/2025,Varejo,4,719.6,236.24,120.84,Venda
SKU_1408_FUC,14/07/2025,Varejo,2,1839.8,784.0,527.9,Venda
SKU_1763_MAR,14/07/2025,Atacado,10,2999.0,1307.1,169.19,Venda
SKU_1731_ARM,14/07/2025,E-commerce,2,1819.8,706.82,556.49,Venda
SKU_1772_BLU,14/07/2025,Varejo,1,414.9,183.59,231.31,Venda
SKU_1685_BIR,14/07/2025,Varejo,2,1329.8,661.84,333.98,Venda
SKU_1786_POW,14/07/2025,Atacado,3,539.7,255.33,94.79,Venda
SKU_1715_HON,14/07/2025,Varejo,1,219.9,95.51,124.39,Venda
SKU_1784_BLA,14/07/2025,Varejo,1,309.9,127.69,182.21,Venda
SKU_1759_CLE,14/07/2025,Varejo,2,539.8,260.18,139.81,Venda
SKU_1766_CLE,14/07/2025,Varejo,1,394.9,178.22,216.68,Venda
SKU_1697_PIS,14/07/2025,Varejo,1,219.9,99.91,119.99,Venda
SKU_1784_BLA,14/07/2025,Atacado,2,619.8,282.48,168.66,Venda
SKU_1681_OFF,14/07/2025,Varejo,1,234.9,101.73,133.17,Venda
SKU_1645_MYS,14/07/2025,E-commerce,1,399.9,194.02,205.88,Venda
SKU_1771_EME,14/07/2025,Atacado,4,1059.6,554.24,126.34,Venda
SKU_1681_OFF,14/07/2025,Atacado,3,704.7,373.35,110.45,Venda
SKU_1801_FLA,14/07/2025,Varejo,2,749.8,328.54,210.63,Venda
SKU_1775_PAS,14/07/2025,Atacado,10,2799.0,1457.2,134.18,Venda
SKU_1775_PAS,14/07/2025,Varejo,1,279.9,125.26,154.64,Venda
SKU_1784_EGR,14/07/2025,Atacado,8,2479.2,1078.08,175.14,Venda
SKU_1652_TEA,14/07/2025,Atacado,4,879.6,505.36,93.56,Venda
SKU_1768_PEA,14/07/2025,Atacado,6,3749.4,1739.64,334.96,Venda
SKU_1737_SAG,14/07/2025,Varejo,1,769.9,335.9,434.0,Venda
SKU_1793_WHI,14/07/2025,Atacado,2,379.8,196.22,91.79,Venda
SKU_1514_SPA,14/07/2025,E-commerce,1,829.9,403.2,426.7,Venda
SKU_1782_HUN,14/07/2025,E-commerce,1,249.9,80.67,169.23,Venda
SKU_1793_WHI,14/07/2025,Varejo,2,379.8,140.26,119.77,Venda
SKU_1598_NAV,14/07/2025,E-commerce,1,489.9,152.55,337.35,Venda
SKU_1756_BUB,14/07/2025,Atacado,4,719.6,344.28,93.83,Venda
SKU_1721_FRE,14/07/2025,Atacado,10,4199.0,2294.4,190.46,Venda
SKU_1481_TEA,14/07/2025,Varejo,1,809.9,363.87,446.03,Venda
SKU_1703_PAS,14/07/2025,Varejo,2,539.8,186.24,176.78,Venda
SKU_1688_LIG,14/07/2025,Varejo,2,859.8,401.52,229.14,Venda
SKU_1690_MYS,14/07/2025,Atacado,5,2699.5,1249.25,290.05,Venda
SKU_1738_ROY,14/07/2025,E-commerce,1,194.9,94.15,100.75,Venda
SKU_1446_GAR,14/07/2025,E-commerce,1,269.9,102.25,167.65,Venda
SKU_1680_SEA,14/07/2025,Atacado,3,1004.7,454.11,183.53,Venda
SKU_1709_CRE,14/07/2025,Atacado,4,839.6,396.6,110.75,Venda
SKU_1707_ARM,14/07/2025,Varejo,3,839.7,334.62,168.36,Venda
SKU_1747_TEA,14/07/2025,Atacado,8,1399.2,637.92,95.16,Venda
SKU_1776_PAS,14/07/2025,Atacado,6,1979.4,1082.4,149.5,Venda
SKU_1495_BLA,14/07/2025,Atacado,4,1319.6,606.16,178.36,Venda
SKU_1559_BLU,14/07/2025,Atacado,6,7199.4,3327.96,645.24,Venda
SKU_1702_LIG,14/07/2025,Atacado,3,1859.7,954.72,301.66,Venda
SKU_1786_TEA,14/07/2025,Atacado,6,1079.4,518.16,93.54,Venda
SKU_1423_SAG,14/07/2025,Varejo,1,1199.9,369.09,830.81,Venda
SKU_1770_JAD,14/07/2025,Atacado,5,1099.5,555.45,108.81,Venda
SKU_1707_ARM,14/07/2025,Atacado,3,839.7,386.43,151.09,Venda
SKU_1787_BAB,14/07/2025,E-commerce,1,289.9,126.54,163.36,Venda
SKU_1761_SAP,14/07/2025,Varejo,1,1104.9,488.98,615.92,Venda
SKU_1700_PIS,14/07/2025,Atacado,3,2099.7,1004.85,364.95,Venda
SKU_1752_SNO,14/07/2025,E-commerce,1,429.9,201.82,228.08,Venda
SKU_1715_JAD,14/07/2025,Varejo,2,439.8,196.26,121.77,Venda
SKU_1589_CER,14/07/2025,Varejo,1,679.9,305.27,374.63,Venda
SKU_1783_BAB,14/07/2025,Varejo,2,2399.8,872.96,763.42,Venda
SKU_1536_FRE,14/07/2025,Atacado,4,1379.6,637.68,185.48,Venda
SKU_1695_CRE,14/07/2025,Varejo,1,209.9,99.01,110.89,Venda
SKU_1581_BIR,14/07/2025,Atacado,6,5129.4,2232.24,482.86,Venda
SKU_1459_OFF,14/07/2025,Varejo,2,419.8,174.98,122.41,Venda
SKU_1748_COB,14/07/2025,Varejo,1,309.9,151.54,158.36,Venda
SKU_1510_ROS,14/07/2025,Atacado,8,6679.2,3387.44,411.47,Venda
SKU_1729_FUC,14/07/2025,Varejo,1,174.9,73.83,101.07,Venda
SKU_1695_CRE,14/07/2025,Varejo,1,209.9,103.01,106.89,Venda
SKU_1727_WHI,14/07/2025,Atacado,4,619.6,285.04,83.64,Venda
SKU_1797_BLU,14/07/2025,Varejo,1,379.9,128.93,250.97,Venda
SKU_1731_ARM,14/07/2025,Atacado,5,4549.5,2215.6,466.78,Venda
SKU_1742_DEN,14/07/2025,Atacado,4,1039.6,466.2,143.35,Venda
SKU_1712_NAV,14/07/2025,Atacado,5,899.5,408.25,98.25,Venda
SKU_1493_CLO,14/07/2025,Varejo,1,329.9,125.98,203.92,Venda
SKU_1535_MOS,14/07/2025,E-commerce,1,304.9,120.42,184.48,Venda
SKU_1762_DEN,14/07/2025,Atacado,2,509.8,268.96,120.42,Venda
SKU_1511_CLE,14/07/2025,Varejo,1,934.9,333.83,601.07,Venda
SKU_1798_OFF,14/07/2025,Varejo,1,419.9,176.64,243.26,Venda
SKU_1741_PEA,14/07/2025,Varejo,1,239.9,104.05,135.85,Venda
SKU_1798_OFF,14/07/2025,Atacado,8,3359.2,1471.68,235.94,Venda
SKU_1793_WHI,14/07/2025,Varejo,2,379.8,173.06,103.37,Venda
SKU_1499_RAS,14/07/2025,Varejo,1,259.9,90.38,169.52,Venda
SKU_1783_BAB,14/07/2025,Varejo,1,1199.9,442.6,757.3,Venda
SKU_1709_MAR,14/07/2025,Atacado,2,419.8,198.48,110.66,Venda
SKU_1710_OLI,14/07/2025,Atacado,12,9718.8,4323.24,449.63,Venda
SKU_1708_FRE,14/07/2025,Atacado,2,339.8,160.2,89.8,Venda
SKU_1794_FLA,14/07/2025,Atacado,4,839.6,407.44,108.04,Venda
SKU_1763_MAR,14/07/2025,Varejo,2,599.8,225.94,186.93,Venda
SKU_1719_OFF,14/07/2025,Atacado,6,1919.4,902.34,169.51,Venda
SKU_1771_EME,14/07/2025,Atacado,8,2119.2,1193.28,115.74,Venda
SKU_1392_LIM,14/07/2025,Atacado,8,2359.2,1063.36,161.98,Venda
SKU_1678_LIG,14/07/2025,Atacado,2,1429.8,683.24,373.28,Venda
SKU_1582_PAS,14/07/2025,Varejo,1,229.9,93.99,135.91,Venda
SKU_1744_LIG,14/07/2025,E-commerce,1,264.9,119.74,145.16,Venda
SKU_1788_MYS,14/07/2025,Atacado,5,1249.5,618.75,126.15,Venda
SKU_1699_COB,14/07/2025,Varejo,1,329.9,138.74,191.16,Venda
SKU_1755_AQU,14/07/2025,Varejo,3,1004.7,420.75,194.65,Venda
SKU_1574_COB,14/07/2025,E-commerce,1,604.9,269.8,335.1,Venda
SKU_1644_PEA,14/07/2025,Atacado,12,3838.8,1860.96,164.82,Venda
SKU_1546_IVO,14/07/2025,Varejo,1,174.9,56.44,118.46,Venda
SKU_1764_FUC,14/07/2025,Varejo,1,234.9,107.88,127.02,Venda
SKU_1684_HON,14/07/2025,Varejo,1,184.9,69.39,115.51,Venda
SKU_1770_DEE,14/07/2025,Varejo,1,219.9,88.77,131.13,Venda
SKU_1699_COB,14/07/2025,Varejo,1,329.9,119.95,209.95,Venda
SKU_1426_SEA,14/07/2025,Atacado,4,519.6,287.72,57.97,Venda
SKU_1666_FUC,14/07/2025,Atacado,3,2399.7,1143.96,418.58,Venda
SKU_1787_BAB,14/07/2025,Atacado,3,869.7,387.45,160.75,Venda
SKU_1703_PAS,14/07/2025,Varejo,1,269.9,96.12,173.78,Venda
SKU_1791_IVO,14/07/2025,E-commerce,1,264.9,110.67,154.23,Venda
SKU_1440_PIS,14/07/2025,Varejo,3,3599.7,1154.13,815.19,Venda
SKU_1756_FLA,14/07/2025,Atacado,5,899.5,471.95,85.51,Venda
SKU_1630_LIM,14/07/2025,Atacado,10,3349.0,1618.7,173.03,Venda
SKU_1640_IVO,14/07/2025,Varejo,1,219.9,109.75,110.15,Venda
SKU_1758_CLO,14/07/2025,Varejo,1,179.9,54.64,125.26,Venda
SKU_1436_PAS,14/07/2025,Varejo,1,279.9,120.39,159.51,Venda
SKU_1721_FRE,14/07/2025,Atacado,5,2099.5,1156.4,188.62,Venda
SKU_1787_BAB,14/07/2025,Varejo,2,579.8,225.68,177.06,Venda
SKU_1797_BLU,14/07/2025,Atacado,12,4558.8,2435.64,176.93,Venda
SKU_1705_JAD,14/07/2025,Varejo,1,409.9,155.23,254.67,Venda
SKU_1692_OLI,14/07/2025,Varejo,1,219.9,76.62,143.28,Venda
SKU_1709_CRE,14/07/2025,Varejo,3,629.7,192.12,145.86,Venda
SKU_1759_CLE,14/07/2025,Varejo,2,539.8,171.24,184.28,Venda
SKU_1600_LIG,14/07/2025,Atacado,3,1184.7,536.91,215.93,Venda
SKU_1557_SAG,14/07/2025,Varejo,1,199.9,79.51,120.39,Venda
SKU_1732_OFF,14/07/2025,Varejo,1,1114.9,454.32,660.58,Venda
SKU_1738_BLU,14/07/2025,Atacado,5,974.5,492.05,96.49,Venda
SKU_1558_MEX,14/07/2025,Varejo,2,659.8,298.2,180.8,Venda
SKU_1727_LIG,14/07/2025,Varejo,1,154.9,48.35,106.55,Venda
SKU_1736_JAD,14/07/2025,Atacado,5,1624.5,760.95,172.71,Venda
SKU_1492_BIR,14/07/2025,Atacado,3,1124.7,604.5,173.4,Venda
SKU_1739_MOS,14/07/2025,Atacado,8,2039.2,981.36,132.23,Venda
SKU_1769_EME,14/07/2025,E-commerce,1,324.9,129.29,195.61,Venda
SKU_1652_MOS,14/07/2025,Atacado,4,879.6,420.32,114.82,Venda
SKU_1781_CLE,14/07/2025,Varejo,2,259.8,94.72,82.54,Venda
SKU_1799_POW,14/07/2025,Atacado,3,809.7,404.04,135.22,Venda
SKU_1672_TEA,14/07/2025,Varejo,2,589.8,207.36,191.22,Venda
SKU_1399_CRE,14/07/2025,Varejo,2,539.8,163.1,188.35,Venda
SKU_1780_AQU,14/07/2025,E-commerce,1,334.9,112.87,222.03,Venda
SKU_1487_CLE,14/07/2025,E-commerce,3,1004.7,429.63,191.69,Venda
SKU_1770_DEE,14/07/2025,Varejo,1,219.9,78.23,141.67,Venda
SKU_1687_WHI,14/07/2025,Varejo,3,2699.7,1182.27,505.81,Venda
SKU_1629_ARM,14/07/2025,Atacado,4,1019.6,455.12,141.12,Venda
SKU_1736_JAD,14/07/2025,Varejo,1,324.9,158.33,166.57,Venda
SKU_1700_HUN,14/07/2025,E-commerce,1,699.9,283.81,416.09,Venda
SKU_1478_COB,14/07/2025,Varejo,1,194.9,74.08,120.82,Venda
SKU_1455_TEA,14/07/2025,Atacado,2,669.8,316.54,176.63,Venda
SKU_1771_EME,14/07/2025,Atacado,6,1589.4,748.62,140.13,Venda
SKU_1794_FLA,14/07/2025,E-commerce,1,209.9,73.94,135.96,Venda
SKU_1705_JAD,14/07/2025,Atacado,6,2459.4,1112.4,224.5,Venda
SKU_1637_BLU,14/07/2025,Atacado,8,7359.2,3240.24,514.87,Venda
SKU_1706_JAD,14/07/2025,Atacado,5,924.5,452.75,94.35,Venda
SKU_1736_PAS,14/07/2025,Atacado,6,1949.4,998.94,158.41,Venda
SKU_1726_BUB,14/07/2025,E-commerce,1,429.9,171.65,258.25,Venda
SKU_1441_COB,14/07/2025,Varejo,2,2309.8,1135.54,587.13,Venda
SKU_1741_PIN,14/07/2025,Atacado,6,1439.4,611.28,138.02,Venda
SKU_1787_BAB,14/07/2025,Atacado,5,1449.5,657.25,158.45,Venda
SKU_1788_MYS,14/07/2025,Atacado,4,999.6,469.92,132.42,Venda
SKU_1391_LIG,14/07/2025,Atacado,6,1709.4,767.04,157.06,Venda
SKU_1705_SER,14/07/2025,Atacado,3,1229.7,644.76,194.98,Venda
SKU_1734_BRI,14/07/2025,Atacado,8,2799.2,1513.36,160.73,Venda
SKU_1637_BLU,14/07/2025,E-commerce,1,919.9,334.73,585.17,Venda
SKU_1735_MOS,14/07/2025,Atacado,12,3238.8,1526.76,142.67,Venda
SKU_1683_SHO,14/07/2025,Atacado,4,1259.6,602.32,164.32,Venda
SKU_1692_BLU,14/07/2025,Atacado,6,1319.4,712.26,101.19,Venda
SKU_1783_BAB,14/07/2025,Atacado,3,3599.7,1725.48,624.74,Venda
SKU_1800_MOS,14/07/2025,E-commerce,1,279.9,93.02,186.88,Venda
SKU_1709_CRE,14/07/2025,Varejo,1,209.9,83.4,126.5,Venda
SKU_1711_ARM,14/07/2025,Varejo,2,1989.8,942.14,523.83,Venda
SKU_1774_COB,14/07/2025,Varejo,1,204.9,97.99,106.91,Venda
SKU_1783_EGR,14/07/2025,Varejo,1,1199.9,561.52,638.38,Venda
SKU_1659_MOS,14/07/2025,Varejo,2,2049.8,1012.36,518.72,Venda
SKU_1777_TUR,14/07/2025,Atacado,3,719.7,355.29,121.47,Venda
SKU_1602_PAS,14/07/2025,Varejo,1,229.9,103.67,126.23,Venda
SKU_1717_MIN,14/07/2025,Varejo,1,259.9,121.55,138.35,Venda
SKU_1784_BLA,14/07/2025,Atacado,5,1549.5,786.95,152.51,Venda
SKU_1713_SNO,14/07/2025,Varejo,2,1009.8,504.58,252.61,Venda
SKU_1710_OLI,14/07/2025,Atacado,12,9718.8,5622.12,341.39,Venda
SKU_1782_HUN,14/07/2025,Atacado,2,499.8,214.34,142.73,Venda
SKU_1621_FUC,14/07/2025,Varejo,1,234.9,81.14,153.76,Venda
SKU_1735_MOS,14/07/2025,Atacado,6,1619.4,903.12,119.38,Venda
SKU_1513_PAS,14/07/2025,Atacado,3,644.7,359.55,95.05,Venda
SKU_1761_MOS,14/07/2025,Varejo,1,1104.9,419.81,685.09,Venda
SKU_1715_HON,14/07/2025,Varejo,2,439.8,219.3,110.25,Venda
SKU_1761_SAP,14/07/2025,E-commerce,1,1104.9,534.86,570.04,Venda
SKU_1757_TUR,14/07/2025,Varejo,1,264.9,127.95,136.95,Venda
SKU_1529_MIN,14/07/2025,Atacado,6,1469.4,631.26,139.69,Venda
SKU_1711_VAN,14/07/2025,Atacado,4,3979.6,2122.84,464.19,Venda
SKU_1692_BLU,14/07/2025,Varejo,1,219.9,104.48,115.42,Venda
SKU_1747_TEA,14/07/2025,E-commerce,1,174.9,76.8,98.1,Venda
SKU_1420_EGR,14/07/2025,Varejo,1,989.9,439.7,550.2,Venda
SKU_1785_PAS,14/07/2025,E-commerce,1,244.9,119.58,125.32,Venda
SKU_1705_SER,14/07/2025,E-commerce,1,409.9,161.72,248.18,Venda
SKU_1801_MOS,14/07/2025,E-commerce,1,374.9,121.74,253.16,Venda
SKU_1720_PAS,14/07/2025,Varejo,1,224.9,94.61,130.29,Venda
SKU_1590_MYS,14/07/2025,Atacado,3,569.7,270.36,99.78,Venda
SKU_1725_OFF,14/07/2025,Varejo,2,489.8,180.06,154.87,Venda
SKU_1793_WHI,14/07/2025,Atacado,2,379.8,159.8,110.0,Venda
SKU_1702_COR,14/07/2025,Varejo,1,619.9,290.61,329.29,Venda
SKU_1777_TUR,14/07/2025,Varejo,1,239.9,84.53,155.37,Venda
SKU_1701_SPA,14/07/2025,Atacado,6,2039.4,1006.5,172.15,Venda
SKU_1575_AQU,14/07/2025,Atacado,8,6919.2,3222.0,462.15,Venda
SKU_1776_BIR,14/07/2025,Varejo,3,989.7,366.18,207.84,Venda
SKU_1698_PRI,14/07/2025,Varejo,1,419.9,205.36,214.54,Venda
SKU_1739_AQU,14/07/2025,Atacado,3,764.7,378.72,128.66,Venda
SKU_1702_COR,14/07/2025,E-commerce,2,1239.8,570.7,334.55,Venda
SKU_1695_LIM,14/07/2025,Varejo,4,839.6,273.64,141.49,Venda
SKU_1521_FRE,14/07/2025,Atacado,6,1139.4,541.38,99.67,Venda
SKU_1795_RAS,14/07/2025,Atacado,5,1499.5,687.05,162.49,Venda
SKU_1761_SAP,14/07/2025,Atacado,5,5524.5,2912.1,522.48,Venda
SKU_1391_SEA,14/07/2025,Atacado,8,2279.2,1134.64,143.07,Venda
SKU_1709_MAR,14/07/2025,Atacado,4,839.6,371.36,117.06,Venda
SKU_1710_OLI,14/07/2025,E-commerce,1,809.9,274.16,535.74,Venda
SKU_1723_COB,14/07/2025,Atacado,6,2609.4,1327.8,213.6,Venda
SKU_1684_SHO,14/07/2025,Varejo,1,184.9,63.85,121.05,Venda
SKU_1768_MIN,14/07/2025,Varejo,1,624.9,190.53,434.37,Venda
SKU_1783_EGR,14/07/2025,Atacado,8,9599.2,4551.84,630.92,Venda
SKU_1722_PAS,14/07/2025,Atacado,6,1949.4,931.86,169.59,Venda
SKU_1710_MEX,14/07/2025,Varejo,1,809.9,352.27,457.63,Venda
SKU_1779_LIG,14/07/2025,Varejo,2,429.8,134.06,147.87,Venda
SKU_1761_SAP,14/07/2025,Varejo,1,1104.9,485.62,619.28,Venda
SKU_1793_WHI,14/07/2025,Atacado,8,1519.2,672.24,105.87,Venda
SKU_1404_ARM,14/07/2025,Atacado,5,5099.5,2471.25,525.65,Venda
SKU_1712_NAV,14/07/2025,Varejo,1,179.9,74.92,104.98,Venda
SKU_1681_PIS,14/07/2025,Atacado,4,939.6,536.28,100.83,Venda
SKU_1781_AQU,14/07/2025,Atacado,2,259.8,110.34,74.73,Venda
SKU_1767_FUC,14/07/2025,E-commerce,1,204.9,65.75,139.15,Venda
SKU_1703_BLU,14/07/2025,Varejo,3,809.7,316.41,164.43,Venda
SKU_1737_DEE,14/07/2025,Varejo,1,769.9,246.07,523.83,Venda
SKU_1770_DEE,14/07/2025,Varejo,1,219.9,92.87,127.03,Venda
SKU_1614_IVO,14/07/2025,Atacado,6,2669.4,1172.58,249.47,Venda
SKU_1478_TEA,14/07/2025,Varejo,1,194.9,62.81,132.09,Venda
SKU_1730_OFF,14/07/2025,Varejo,2,639.8,319.76,160.02,Venda
SKU_1398_SPA,14/07/2025,Varejo,1,674.9,209.18,465.72,Venda
SKU_1698_SNO,14/07/2025,E-commerce,1,419.9,131.62,288.28,Venda
SKU_1727_LIG,14/07/2025,Atacado,5,774.5,384.1,78.08,Venda
SKU_1691_HUN,14/07/2025,Varejo,1,309.9,107.33,202.57,Venda
SKU_1506_BRI,14/07/2025,Varejo,1,229.9,101.68,128.22,Venda
SKU_1723_MOS,14/07/2025,Atacado,3,1304.7,625.38,226.44,Venda
SKU_1778_TEA,14/07/2025,Atacado,3,854.7,448.74,135.32,Venda
SKU_1681_OFF,14/07/2025,Varejo,1,234.9,111.58,123.32,Venda
SKU_1761_SAP,14/07/2025,Varejo,1,1104.9,465.34,639.56,Venda
SKU_1799_DEN,14/07/2025,Varejo,4,1079.6,445.16,158.61,Venda
SKU_1444_OLI,14/07/2025,Varejo,1,239.9,77.59,162.31,Venda
SKU_1700_PIS,14/07/2025,E-commerce,1,699.9,334.51,365.39,Venda
SKU_1794_FLA,14/07/2025,Atacado,8,1679.2,821.2,107.25,Venda
SKU_1707_ARM,14/07/2025,Varejo,1,279.9,102.98,176.92,Venda
SKU_1664_MIN,14/07/2025,E-commerce,2,659.8,237.54,211.13,Venda
SKU_1690_MYS,14/07/2025,E-commerce,3,1619.7,619.41,333.43,Venda
SKU_1700_HUN,14/07/2025,Varejo,1,699.9,318.58,381.32,Venda
SKU_1704_PEA,14/07/2025,Varejo,3,1004.7,450.96,184.58,Venda
SKU_1452_DEE,14/07/2025,Varejo,1,144.9,45.91,98.99,Venda
SKU_1784_BLA,14/07/2025,Atacado,5,1549.5,731.0,163.7,Venda
SKU_1399_PAL,14/07/2025,E-commerce,1,269.9,126.04,143.86,Venda
SKU_1697_MIN,14/07/2025,Atacado,8,1759.2,806.8,119.05,Venda
SKU_1685_BIR,14/07/2025,E-commerce,1,664.9,270.98,393.92,Venda
SKU_1681_OFF,14/07/2025,Varejo,1,234.9,72.37,162.53,Venda
SKU_1775_PAL,14/07/2025,Atacado,3,839.7,399.63,146.69,Venda
SKU_1471_LIG,14/07/2025,E-commerce,1,204.9,67.89,137.01,Venda
SKU_1747_FUC,14/07/2025,E-commerce,1,174.9,73.63,101.27,Venda
SKU_1481_BLA,14/07/2025,Atacado,5,4049.5,2259.4,358.02,Venda
SKU_1775_PAL,14/07/2025,Varejo,1,279.9,123.17,156.73,Venda
SKU_1419_FLA,14/07/2025,Varejo,1,249.9,109.08,140.82,Venda
SKU_1735_COR,14/07/2025,Varejo,2,539.8,199.2,170.3,Venda
SKU_1719_OFF,14/07/2025,Atacado,2,639.8,281.98,178.91,Venda
SKU_1744_EME,14/07/2025,Varejo,1,264.9,128.17,136.73,Venda
SKU_1776_PAS,14/07/2025,Varejo,1,329.9,104.06,225.84,Venda
SKU_1777_TUR,14/07/2025,Atacado,2,479.8,213.86,132.97,Venda
SKU_1684_SHO,14/07/2025,Varejo,1,184.9,89.54,95.36,Venda
SKU_1765_MYS,14/07/2025,Atacado,4,1039.6,481.52,139.52,Venda
SKU_1781_AQU,14/07/2025,Atacado,3,389.7,171.81,72.63,Venda
SKU_1700_HUN,14/07/2025,Varejo,1,699.9,233.65,466.25,Venda
SKU_1770_JAD,14/07/2025,Varejo,1,219.9,109.71,110.19,Venda
SKU_1513_RAS,14/07/2025,Varejo,1,214.9,69.05,145.85,Venda
SKU_1681_PIS,14/07/2025,Varejo,2,469.8,226.24,121.78,Venda
SKU_1606_COB,14/07/2025,Atacado,5,5424.5,2337.65,617.37,Venda
SKU_1752_SPA,14/07/2025,Atacado,10,4299.0,2481.5,181.75,Venda
SKU_1684_SHO,14/07/2025,Atacado,8,1479.2,846.32,79.11,Venda
SKU_1699_COB,14/07/2025,Atacado,3,989.7,501.45,162.75,Venda
SKU_1683_PAL,14/07/2025,Atacado,12,3778.8,1902.84,156.33,Venda
SKU_1714_MID,14/07/2025,Varejo,4,1219.6,468.28,187.83,Venda
SKU_1519_TEA,14/07/2025,Varejo,1,629.9,231.27,398.63,Venda
SKU_1503_CER,14/07/2025,Varejo,2,459.8,176.8,141.5,Venda
SKU_1709_CRE,14/07/2025,Atacado,5,1049.5,566.5,96.6,Venda
SKU_1393_SKY,14/07/2025,Atacado,3,929.7,437.52,164.06,Venda
SKU_1739_MOS,14/07/2025,Varejo,1,254.9,91.83,163.07,Venda
SKU_1676_NAV,14/07/2025,Atacado,5,849.5,383.1,93.28,Venda
SKU_1586_EGR,14/07/2025,Atacado,3,914.7,475.02,146.56,Venda
SKU_1750_MIN,14/07/2025,Varejo,1,369.9,148.15,221.75,Venda
SKU_1480_SNO,14/07/2025,Atacado,5,1849.5,919.4,186.02,Venda
SKU_1531_SNO,14/07/2025,Varejo,1,549.9,199.86,350.04,Venda
SKU_1797_GAR,14/07/2025,Varejo,1,379.9,117.39,262.51,Venda
SKU_1761_SAP,14/07/2025,Varejo,1,1104.9,333.59,771.31,Venda
SKU_1709_MAR,14/07/2025,Atacado,5,1049.5,566.55,96.59,Venda
SKU_1763_MAR,14/07/2025,Varejo,1,299.9,148.14,151.76,Venda
SKU_1684_HON,14/07/2025,E-commerce,1,184.9,83.13,101.77,Venda
SKU_1744_LIG,14/07/2025,Varejo,1,264.9,121.66,143.24,Venda
SKU_1449_BLA,14/07/2025,Atacado,10,3249.0,1599.3,164.97,Venda
SKU_1792_MIN,14/07/2025,Atacado,8,3519.2,1626.08,236.64,Venda
SKU_1685_COB,14/07/2025,Varejo,1,664.9,299.5,365.4,Venda
SKU_1751_MIN,14/07/2025,Varejo,1,329.9,135.41,194.49,Venda
SKU_1765_PAS,14/07/2025,Varejo,1,259.9,126.98,132.92,Venda
SKU_1623_SER,14/07/2025,Atacado,5,4574.5,2450.55,424.79,Venda
SKU_1706_JAD,14/07/2025,Varejo,1,184.9,62.51,122.39,Venda
SKU_1695_LIM,14/07/2025,Atacado,6,1259.4,604.8,109.1,Venda
SKU_1453_PRI,14/07/2025,Atacado,6,1409.4,626.28,130.52,Venda
SKU_1791_IVO,14/07/2025,Atacado,5,1324.5,665.3,131.84,Venda
SKU_1767_FUC,14/07/2025,Varejo,2,409.8,191.08,109.36,Venda
SKU_1495_FUC,14/07/2025,E-commerce,1,329.9,148.18,181.72,Venda
SKU_1507_FLA,14/07/2025,Varejo,1,179.9,86.16,93.74,Venda
SKU_1736_PAS,14/07/2025,Varejo,1,324.9,157.96,166.94,Venda
SKU_1787_BAB,14/07/2025,Atacado,4,1159.6,556.28,150.83,Venda
SKU_1752_SPA,14/07/2025,Atacado,4,1719.6,772.68,236.73,Venda
SKU_1782_HUN,14/07/2025,Atacado,8,1999.2,1028.8,121.3,Venda
SKU_1638_PEA,14/07/2025,Varejo,1,1139.9,348.31,791.59,Venda
SKU_1740_FRE,14/07/2025,Varejo,1,214.9,83.57,131.33,Venda
SKU_1699_COB,14/07/2025,Varejo,2,659.8,216.0,221.9,Venda
SKU_1402_VAN,14/07/2025,Atacado,5,1174.5,495.8,135.74,Venda
SKU_1737_DEE,14/07/2025,Varejo,1,769.9,241.23,528.67,Venda
SKU_1458_MIN,14/07/2025,E-commerce,1,349.9,152.0,197.9,Venda
SKU_1421_SER,14/07/2025,Varejo,1,229.9,81.22,148.68,Venda
SKU_1582_WHI,14/07/2025,Atacado,6,1379.4,681.12,116.38,Venda
SKU_1441_IVO,14/07/2025,E-commerce,1,1154.9,420.11,734.79,Venda
SKU_1692_OLI,14/07/2025,Varejo,2,439.8,158.5,140.65,Venda
SKU_1718_SEA,14/07/2025,Varejo,1,369.9,162.59,207.31,Venda
SKU_1648_RAS,14/07/2025,Atacado,10,6999.0,3315.6,368.34,Venda
SKU_1658_MYS,14/07/2025,Varejo,1,879.9,380.62,499.28,Venda
SKU_1787_BAB,14/07/2025,Varejo,1,289.9,102.35,187.55,Venda
SKU_1772_BLU,14/07/2025,Varejo,2,829.8,332.06,248.87,Venda
SKU_1760_OFF,14/07/2025,Varejo,3,749.7,234.78,171.64,Venda
SKU_1702_COR,14/07/2025,Atacado,5,3099.5,1429.7,333.96,Venda
SKU_1675_CRE,14/07/2025,Atacado,3,2294.7,1244.46,350.08,Venda
SKU_1713_SAL,14/07/2025,Varejo,1,504.9,217.8,287.1,Venda
SKU_1714_MID,14/07/2025,Varejo,1,304.9,92.73,212.17,Venda
SKU_1791_ARM,14/07/2025,Atacado,6,1589.4,755.88,138.92,Venda
SKU_1800_SKY,14/07/2025,E-commerce,1,279.9,136.37,143.53,Venda
SKU_1793_WHI,14/07/2025,Varejo,1,189.9,86.42,103.48,Venda
SKU_1699_CLO,14/07/2025,Atacado,2,659.8,290.32,184.74,Venda
SKU_1772_BLU,14/07/2025,Atacado,8,3319.2,1719.68,199.94,Venda
SKU_1770_DEE,14/07/2025,Atacado,5,1099.5,561.45,107.61,Venda
SKU_1618_SAP,14/07/2025,Varejo,2,359.8,136.82,111.49,Venda
SKU_1730_OFF,14/07/2025,Varejo,1,319.9,155.92,163.98,Venda
SKU_1404_ARM,14/07/2025,Atacado,12,12238.8,5488.8,562.5,Venda
SKU_1564_BLA,14/07/2025,Atacado,3,1769.7,865.53,301.39,Venda
SKU_1407_OFF,14/07/2025,Atacado,6,1289.4,566.4,120.5,Venda
SKU_1716_AQU,14/07/2025,Atacado,6,989.4,499.32,81.68,Venda
SKU_1783_EGR,14/07/2025,Atacado,6,7199.4,3876.36,553.84,Venda
SKU_1735_COR,14/07/2025,Atacado,12,3238.8,1426.2,151.05,Venda
SKU_1792_AQU,14/07/2025,Atacado,5,2199.5,956.7,248.56,Venda
SKU_1775_PAL,14/07/2025,Atacado,4,1119.6,486.8,158.2,Venda
SKU_1791_ARM,14/07/2025,Atacado,3,794.7,373.68,140.34,Venda
SKU_1692_OLI,14/07/2025,Varejo,1,219.9,105.05,114.85,Venda
SKU_1700_HUN,14/07/2025,Atacado,3,2099.7,971.61,376.03,Venda
SKU_1704_BAB,14/07/2025,Varejo,1,334.9,100.73,234.17,Venda
SKU_1728_EGR,14/07/2025,Varejo,1,329.9,136.37,193.53,Venda
SKU_1706_BLA,14/07/2025,Varejo,1,184.9,70.92,113.98,Venda
SKU_1797_GAR,14/07/2025,Atacado,4,1519.6,682.6,209.25,Venda
SKU_1714_MID,14/07/2025,Varejo,2,609.8,273.88,167.96,Venda
SKU_1755_AQU,14/07/2025,Varejo,1,334.9,159.04,175.86,Venda
SKU_1564_NAV,14/07/2025,Atacado,4,2359.6,1066.48,323.28,Venda
SKU_1705_JAD,14/07/2025,Atacado,5,2049.5,1063.8,197.14,Venda
SKU_1801_FLA,14/07/2025,Atacado,4,1499.6,712.4,196.8,Venda
SKU_1787_BAB,14/07/2025,Varejo,2,579.8,266.16,156.82,Venda
SKU_1414_CLO,14/07/2025,Atacado,5,1699.5,914.25,157.05,Venda
SKU_1691_ROS,14/07/2025,E-commerce,1,309.9,145.07,164.83,Venda
SKU_1739_MOS,14/07/2025,Atacado,12,3058.8,1487.4,130.95,Venda
SKU_1765_MYS,14/07/2025,Atacado,4,1039.6,516.36,130.81,Venda
SKU_1801_MOS,14/07/2025,Atacado,2,749.8,360.84,194.48,Venda
SKU_1648_FLA,14/07/2025,E-commerce,1,699.9,310.24,389.66,Venda
SKU_1389_BAB,14/07/2025,Atacado,10,1399.0,739.8,65.92,Venda
SKU_1796_OLI,14/07/2025,Varejo,1,504.9,168.87,336.03,Venda
SKU_1773_OLI,14/07/2025,Atacado,4,1299.6,731.4,142.05,Venda
SKU_1680_SEA,14/07/2025,Varejo,1,334.9,147.44,187.46,Venda
SKU_1552_CLE,14/07/2025,Varejo,2,1319.8,647.14,336.33,Venda
SKU_1734_BRI,14/07/2025,Atacado,5,1749.5,832.65,183.37,Venda
SKU_1759_COB,14/07/2025,Varejo,1,269.9,86.58,183.32,Venda
SKU_1487_CLE,14/07/2025,Atacado,8,2679.2,1357.68,165.19,Venda
SKU_1724_PIN,14/07/2025,Atacado,4,4459.6,2555.2,476.1,Venda
SKU_1749_SNO,14/07/2025,E-commerce,1,349.9,118.75,231.15,Venda
SKU_1748_BAB,14/07/2025,Atacado,2,619.8,291.68,164.06,Venda
SKU_1787_BAB,14/07/2025,E-commerce,1,289.9,98.76,191.14,Venda
SKU_1715_HON,14/07/2025,Atacado,3,659.7,295.68,121.34,Venda
SKU_1783_EGR,14/07/2025,E-commerce,1,1199.9,419.74,780.16,Venda
SKU_1543_BAB,14/07/2025,Atacado,8,5879.2,2759.44,389.97,Venda
SKU_1699_CLO,14/07/2025,Atacado,10,3299.0,1595.6,170.34,Venda
SKU_1792_MIN,14/07/2025,Atacado,5,2199.5,1045.3,230.84,Venda
SKU_1732_OFF,14/07/2025,Atacado,10,11149.0,5004.2,614.48,Venda
SKU_1771_EME,14/07/2025,Varejo,2,529.8,263.32,133.24,Venda
SKU_1793_MIN,14/07/2025,Varejo,1,189.9,74.03,115.87,Venda
SKU_1594_BAL,14/07/2025,Varejo,2,999.8,465.96,266.92,Venda
SKU_1555_RAS,14/07/2025,Varejo,1,189.9,81.53,108.37,Venda
SKU_1799_DEN,14/07/2025,Atacado,5,1349.5,681.05,133.69,Venda
SKU_1568_PIN,14/07/2025,Varejo,1,234.9,77.79,157.11,Venda
SKU_1689_IVO,14/07/2025,Atacado,4,3859.6,1972.64,471.74,Venda
SKU_1708_FLA,14/07/2025,Varejo,1,169.9,67.61,102.29,Venda
SKU_1684_SHO,14/07/2025,Varejo,1,184.9,63.91,120.99,Venda
SKU_1738_BLU,14/07/2025,E-commerce,2,389.8,126.08,131.86,Venda
SKU_1742_EME,14/07/2025,Varejo,1,259.9,81.87,178.03,Venda
SKU_1706_JAD,14/07/2025,Atacado,12,2218.8,1061.52,96.44,Venda
SKU_1769_EME,14/07/2025,Atacado,8,2599.2,1125.76,184.18,Venda
SKU_1791_IVO,14/07/2025,Atacado,5,1324.5,633.15,138.27,Venda
SKU_1733_SAG,14/07/2025,E-commerce,1,349.9,165.58,184.32,Venda
SKU_1776_BIR,14/07/2025,Varejo,4,1319.6,524.96,198.66,Venda
SKU_1742_DEN,14/07/2025,E-commerce,1,259.9,122.88,137.02,Venda
SKU_1685_COB,14/07/2025,Atacado,2,1329.8,703.8,313.0,Venda
SKU_1501_SAL,14/07/2025,Atacado,12,2038.8,1059.12,81.64,Venda
SKU_1774_MOS,14/07/2025,Atacado,4,819.6,445.6,93.5,Venda
SKU_1781_AQU,14/07/2025,Atacado,10,1299.0,618.0,68.1,Venda
SKU_1569_WHI,14/07/2025,Atacado,3,659.7,300.24,119.82,Venda
SKU_1724_PEA,14/07/2025,Varejo,2,2229.8,809.38,710.21,Venda
SKU_1708_FRE,14/07/2025,Varejo,1,169.9,63.36,106.54,Venda
SKU_1567_POW,14/07/2025,Varejo,2,1379.8,456.9,461.45,Venda
SKU_1540_MAG,14/07/2025,Varejo,1,169.9,72.48,97.42,Venda
SKU_1712_NAV,14/07/2025,Atacado,3,539.7,229.98,103.24,Venda
SKU_1758_HON,14/07/2025,E-commerce,1,179.9,67.51,112.39,Venda
SKU_1482_SHO,14/07/2025,Atacado,10,4449.0,2094.9,235.41,Venda
SKU_1764_MAR,14/07/2025,Atacado,6,1409.4,620.88,131.42,Venda
SKU_1508_LIM,14/07/2025,Varejo,1,209.9,81.97,127.93,Venda
SKU_1727_LIG,14/07/2025,Varejo,1,154.9,65.59,89.31,Venda
SKU_1756_FLA,14/07/2025,Atacado,3,539.7,232.38,102.44,Venda
SKU_1789_SNO,14/07/2025,Varejo,1,269.9,105.69,164.21,Venda
SKU_1687_WHI,14/07/2025,Atacado,4,3599.6,1745.08,463.63,Venda
SKU_1712_NAV,14/07/2025,Atacado,5,899.5,500.2,79.86,Venda
SKU_1680_SEA,14/07/2025,Atacado,3,1004.7,484.65,173.35,Venda
SKU_1800_MOS,14/07/2025,Atacado,8,2239.2,966.56,159.08,Venda
SKU_1786_TEA,14/07/2025,Atacado,5,899.5,454.6,88.98,Venda
SKU_1440_PIS,14/07/2025,Atacado,4,4799.6,2290.76,627.21,Venda
SKU_1749_BIR,14/07/2025,Atacado,12,4198.8,2068.92,177.49,Venda
SKU_1799_DEN,14/07/2025,Varejo,1,269.9,113.34,156.56,Venda
SKU_1775_PAL,14/07/2025,Atacado,4,1119.6,593.2,131.6,Venda
SKU_1456_DEN,14/07/2025,Varejo,1,314.9,115.32,199.58,Venda
SKU_1708_FLA,14/07/2025,Atacado,2,339.8,158.02,90.89,Venda
SKU_1498_OLI,14/07/2025,Atacado,5,1699.5,726.1,194.68,Venda
SKU_1691_HUN,14/07/2025,Atacado,3,929.7,424.32,168.46,Venda
SKU_1775_PAL,14/07/2025,Varejo,1,279.9,124.91,154.99,Venda
SKU_1434_MIN,14/07/2025,Varejo,2,419.8,169.34,125.23,Venda
SKU_1768_PEA,14/07/2025,Varejo,1,624.9,278.59,346.31,Venda
SKU_1779_LIG,14/07/2025,Varejo,1,214.9,64.69,150.21,Venda
SKU_1510_ROS,14/07/2025,Atacado,4,3339.6,1697.56,410.51,Venda
SKU_1767_PRI,14/07/2025,Varejo,3,614.7,252.51,120.73,Venda
SKU_1780_AQU,14/07/2025,Varejo,1,334.9,136.76,198.14,Venda
SKU_1754_SER,14/07/2025,Varejo,1,339.9,138.42,201.48,Venda
SKU_1671_MIN,14/07/2025,Varejo,1,349.9,107.74,242.16,Venda
SKU_1507_FLA,14/07/2025,Atacado,4,719.6,377.84,85.44,Venda
SKU_1798_OFF,14/07/2025,Atacado,4,1679.6,749.0,232.65,Venda
SKU_1688_WHI,14/07/2025,Atacado,5,2149.5,1081.05,213.69,Venda
SKU_1728_MID,14/07/2025,Varejo,1,329.9,110.53,219.37,Venda
SKU_1436_BLU,14/07/2025,E-commerce,1,279.9,111.48,168.42,Venda
SKU_1750_MIN,14/07/2025,Atacado,6,2219.4,1149.84,178.26,Venda
SKU_1692_BLU,14/07/2025,Atacado,10,2199.0,1111.2,108.78,Venda
SKU_1719_WHI,14/07/2025,Varejo,1,319.9,139.61,180.29,Venda
SKU_1482_MOS,14/07/2025,E-commerce,1,444.9,141.43,303.47,Venda
SKU_1721_COR,14/07/2025,Atacado,8,3359.2,1553.6,225.7,Venda
SKU_1457_SNO,14/07/2025,Varejo,1,159.9,73.0,86.9,Venda
SKU_1659_MOS,14/07/2025,Varejo,1,1024.9,479.8,545.1,Venda
SKU_1762_BRI,14/07/2025,Varejo,1,254.9,121.78,133.12,Venda
SKU_1408_PAS,14/07/2025,Varejo,2,1839.8,562.34,638.73,Venda
SKU_1756_BUB,14/07/2025,Atacado,4,719.6,369.44,87.54,Venda
SKU_1582_WHI,14/07/2025,Varejo,1,229.9,113.3,116.6,Venda
SKU_1712_MOS,14/07/2025,Atacado,8,1439.2,643.84,99.42,Venda
SKU_1757_TUR,14/07/2025,E-commerce,3,794.7,256.53,179.39,Venda
SKU_1774_MOS,14/07/2025,Atacado,5,1024.5,462.1,112.48,Venda
SKU_1762_BRI,14/07/2025,Varejo,1,254.9,91.2,163.7,Venda
SKU_1414_CLO,14/07/2025,Varejo,1,339.9,148.11,191.79,Venda
SKU_1715_JAD,14/07/2025,Atacado,5,1099.5,467.1,126.48,Venda
SKU_1736_PAS,14/07/2025,E-commerce,1,324.9,104.78,220.12,Venda
SKU_1716_AQU,14/07/2025,Varejo,1,164.9,56.04,108.86,Venda
SKU_1736_JAD,14/07/2025,Varejo,1,324.9,159.38,165.52,Venda
SKU_1718_SEA,14/07/2025,E-commerce,1,369.9,168.48,201.42,Venda
SKU_1724_PIN,14/07/2025,Atacado,6,6689.4,3180.66,584.79,Venda
SKU_1754_SER,14/07/2025,E-commerce,1,339.9,124.99,214.91,Venda
SKU_1709_MAR,14/07/2025,Varejo,1,209.9,101.5,108.4,Venda
SKU_1446_GAR,14/07/2025,Varejo,1,269.9,126.2,143.7,Venda
SKU_1709_CRE,14/07/2025,Varejo,1,209.9,73.26,136.64,Venda
SKU_1752_SPA,14/07/2025,Atacado,5,2149.5,1095.4,210.82,Venda
SKU_1680_SEA,14/07/2025,Varejo,1,334.9,149.56,185.34,Venda
SKU_1656_SNO,14/07/2025,Atacado,8,1879.2,976.8,112.8,Venda
SKU_1571_BIR,14/07/2025,Atacado,5,1249.5,666.75,116.55,Venda
SKU_1728_MID,14/07/2025,Atacado,4,1319.6,660.44,164.79,Venda
SKU_1636_LIG,14/07/2025,E-commerce,1,439.9,175.32,264.58,Venda
SKU_1788_MYS,14/07/2025,Varejo,1,249.9,80.72,169.18,Venda
SKU_1757_PIN,14/07/2025,Varejo,1,264.9,99.12,165.78,Venda
SKU_1755_BIR,14/07/2025,Atacado,8,2679.2,1326.4,169.1,Venda
SKU_1677_POW,14/07/2025,Atacado,4,2279.6,1203.0,269.15,Venda
SKU_1724_PEA,14/07/2025,Atacado,5,5574.5,2673.8,580.14,Venda
SKU_1597_SHO,14/07/2025,Atacado,4,2119.6,945.2,293.6,Venda
SKU_1801_FLA,14/07/2025,Atacado,5,1874.5,1040.35,166.83,Venda
SKU_1701_BLU,14/07/2025,E-commerce,1,339.9,140.5,199.4,Venda
SKU_1771_PIN,14/07/2025,Varejo,1,264.9,119.36,145.54,Venda
SKU_1695_CRE,14/07/2025,Atacado,5,1049.5,590.0,91.9,Venda
SKU_1712_NAV,14/07/2025,Varejo,1,179.9,87.42,92.48,Venda
SKU_1734_FRE,14/07/2025,Varejo,1,349.9,145.18,204.72,Venda
SKU_1680_NAV,14/07/2025,Varejo,1,334.9,141.35,193.55,Venda
SKU_1785_PAS,14/07/2025,Atacado,3,734.7,344.19,130.17,Venda
SKU_1703_BLU,14/07/2025,Atacado,4,1079.6,570.84,127.19,Venda
SKU_1681_PIS,14/07/2025,Atacado,6,1409.4,704.7,117.45,Venda
SKU_1737_DEE,14/07/2025,Varejo,1,769.9,351.72,418.18,Venda
SKU_1725_OFF,14/07/2025,Varejo,1,244.9,119.03,125.87,Venda
SKU_1556_HUN,14/07/2025,Atacado,6,1229.4,584.28,107.52,Venda
SKU_1781_AQU,14/07/2025,Atacado,2,259.8,137.38,61.21,Venda
SKU_1506_PAL,14/07/2025,Atacado,4,919.6,471.72,111.97,Venda
SKU_1696_SER,14/07/2025,Atacado,6,1679.4,855.48,137.32,Venda
SKU_1639_WHI,14/07/2025,Atacado,5,949.5,501.05,89.69,Venda
SKU_1768_MIN,14/07/2025,E-commerce,1,624.9,248.45,376.45,Venda
SKU_1728_EGR,14/07/2025,Atacado,6,1979.4,880.56,183.14,Venda
SKU_1789_SNO,14/07/2025,Atacado,6,1619.4,695.1,154.05,Venda
SKU_1488_IVO,14/07/2025,Atacado,4,1359.6,748.12,152.87,Venda
SKU_1735_MOS,14/07/2025,Atacado,6,1619.4,795.06,137.39,Venda
SKU_1591_MYS,14/07/2025,Atacado,6,5339.4,2470.86,478.09,Venda
SKU_1691_ROS,14/07/2025,Atacado,3,929.7,435.81,164.63,Venda
SKU_1735_COR,14/07/2025,E-commerce,2,539.8,182.56,178.62,Venda
SKU_1494_HOT,14/07/2025,Varejo,1,1084.9,367.08,717.82,Venda
SKU_1711_VAN,14/07/2025,Varejo,1,994.9,462.39,532.51,Venda
SKU_1792_AQU,14/07/2025,Atacado,6,2639.4,1529.1,185.05,Venda
SKU_1771_PIN,14/07/2025,Varejo,1,264.9,91.07,173.83,Venda
SKU_1576_BLU,14/07/2025,E-commerce,2,489.8,181.82,153.99,Venda
SKU_1444_HUN,14/07/2025,Atacado,3,719.7,304.08,138.54,Venda
SKU_1455_TEA,14/07/2025,E-commerce,3,1004.7,332.91,223.93,Venda
SKU_1691_HUN,14/07/2025,Varejo,1,309.9,100.03,209.87,Venda
SKU_1786_POW,14/07/2025,Atacado,3,539.7,304.2,78.5,Venda
SKU_1731_ARM,14/07/2025,Atacado,12,10918.8,4712.88,517.16,Venda
SKU_1781_CLE,14/07/2025,Atacado,4,519.6,246.4,68.3,Venda
SKU_1784_EGR,14/07/2025,Atacado,3,929.7,446.13,161.19,Venda
SKU_1794_LIG,14/07/2025,E-commerce,1,209.9,96.51,113.39,Venda
SKU_1705_SER,14/07/2025,E-commerce,1,409.9,195.32,214.58,Venda
SKU_1616_SER,14/07/2025,Varejo,1,1024.9,339.51,685.39,Venda
SKU_1706_JAD,14/07/2025,Varejo,1,184.9,68.17,116.73,Venda
SKU_1495_FUC,14/07/2025,Varejo,2,659.8,232.56,213.62,Venda
SKU_1705_SER,14/07/2025,E-commerce,1,409.9,158.47,251.43,Venda
SKU_1749_BIR,14/07/2025,Atacado,5,1749.5,924.65,164.97,Venda
SKU_1765_MYS,14/07/2025,Varejo,2,519.8,241.24,139.28,Venda
SKU_1707_ARM,14/07/2025,Atacado,3,839.7,421.74,139.32,Venda
SKU_1407_OFF,14/07/2025,Atacado,6,1289.4,682.02,101.23,Venda
SKU_1420_EGR,14/07/2025,Atacado,5,4949.5,2584.35,473.03,Venda
SKU_1784_BLA,14/07/2025,E-commerce,1,309.9,105.37,204.53,Venda
SKU_1485_CER,14/07/2025,Atacado,3,1994.7,1115.4,293.1,Venda
SKU_1615_SHO,14/07/2025,E-commerce,1,464.9,140.23,324.67,Venda
SKU_1775_PAS,14/07/2025,Atacado,4,1119.6,565.52,138.52,Venda
SKU_1614_IVO,14/07/2025,Varejo,1,444.9,135.73,309.17,Venda
SKU_1585_COR,14/07/2025,E-commerce,1,319.9,132.94,186.96,Venda
SKU_1719_OFF,14/07/2025,Varejo,1,319.9,141.8,178.1,Venda
SKU_1723_COB,14/07/2025,Varejo,1,434.9,163.79,271.11,Venda
SKU_1434_MIN,14/07/2025,Atacado,3,629.7,279.39,116.77,Venda
SKU_1774_MOS,14/07/2025,Varejo,1,204.9,64.96,139.94,Venda
SKU_1739_AQU,14/07/2025,Atacado,10,2549.0,1283.6,126.54,Venda
SKU_1403_AQU,14/07/2025,E-commerce,1,384.9,117.73,267.17,Venda
SKU_1746_NAV,14/07/2025,Atacado,8,1439.2,671.84,95.92,Venda
SKU_1733_NAV,14/07/2025,Varejo,1,349.9,123.89,226.01,Venda
SKU_1714_DEE,14/07/2025,Varejo,1,304.9,103.21,201.69,Venda
SKU_1709_CRE,14/07/2025,Varejo,1,209.9,73.77,136.13,Venda
SKU_1441_COB,14/07/2025,Varejo,1,1154.9,474.67,680.23,Venda
SKU_1801_FLA,14/07/2025,Varejo,2,749.8,326.18,211.81,Venda
SKU_1418_MOS,14/07/2025,Atacado,3,2534.7,1264.95,423.25,Venda
SKU_1624_ARM,14/07/2025,Varejo,1,209.9,85.2,124.7,Venda
SKU_1716_SAL,14/07/2025,Atacado,4,659.6,380.04,69.89,Venda
SKU_1771_EME,14/07/2025,Atacado,3,794.7,395.85,132.95,Venda
SKU_1556_HUN,14/07/2025,Atacado,8,1639.2,890.4,93.6,Venda
SKU_1736_PAS,14/07/2025,E-commerce,1,324.9,126.97,197.93,Venda
SKU_1682_BIR,14/07/2025,Atacado,4,939.6,410.84,132.19,Venda
SKU_1703_BLU,14/07/2025,Varejo,1,269.9,81.06,188.84,Venda
SKU_1697_PIS,14/07/2025,Atacado,5,1099.5,558.35,108.23,Venda
SKU_1693_FLA,14/07/2025,Atacado,3,614.7,300.63,104.69,Venda
SKU_1720_PAL,14/07/2025,Varejo,1,224.9,91.16,133.74,Venda
SKU_1759_COB,14/07/2025,E-commerce,1,269.9,90.36,179.54,Venda
SKU_1424_BAB,14/07/2025,Atacado,6,5969.4,2902.32,511.18,Venda
SKU_1640_IVO,14/07/2025,Atacado,6,1319.4,682.44,106.16,Venda
SKU_1788_EME,14/07/2025,Atacado,3,749.7,414.96,111.58,Venda
SKU_1752_SNO,14/07/2025,Atacado,4,1719.6,834.68,221.23,Venda
SKU_1567_POW,14/07/2025,Varejo,1,689.9,284.4,405.5,Venda
SKU_1693_FLA,14/07/2025,Atacado,3,614.7,265.74,116.32,Venda
SKU_1672_FOR,14/07/2025,Atacado,8,2359.2,1157.92,150.16,Venda
SKU_1727_WHI,14/07/2025,Atacado,6,929.4,520.26,68.19,Venda
SKU_1773_FRE,14/07/2025,E-commerce,1,324.9,137.79,187.11,Venda
SKU_1692_OLI,14/07/2025,Varejo,2,439.8,133.46,153.17,Venda
SKU_1685_COB,14/07/2025,Varejo,1,664.9,221.32,443.58,Venda
SKU_1731_ARM,14/07/2025,Varejo,1,909.9,279.97,629.93,Venda
SKU_1706_BLA,14/07/2025,Varejo,2,369.8,120.14,124.83,Venda
SKU_1463_LIG,14/07/2025,Varejo,2,519.8,190.08,164.86,Venda
SKU_1451_BIR,14/07/2025,Varejo,3,734.7,272.67,154.01,Venda
SKU_1557_SAG,14/07/2025,Atacado,4,799.6,410.44,97.29,Venda
SKU_1683_SHO,14/07/2025,Atacado,5,1574.5,780.45,158.81,Venda
SKU_1788_EME,14/07/2025,Atacado,6,1499.4,736.38,127.17,Venda
SKU_1774_COB,14/07/2025,Varejo,2,409.8,174.26,117.77,Venda
SKU_1675_DEN,14/07/2025,Varejo,1,764.9,312.96,451.94,Venda
SKU_1777_FRE,14/07/2025,Varejo,2,479.8,152.0,163.9,Venda
SKU_1681_OFF,14/07/2025,E-commerce,1,234.9,114.91,119.99,Venda
SKU_1784_BLA,14/07/2025,Atacado,4,1239.6,634.6,151.25,Venda
SKU_1638_PEA,14/07/2025,Varejo,1,1139.9,422.55,717.35,Venda
SKU_1777_TUR,14/07/2025,Atacado,6,1439.4,695.58,123.97,Venda
SKU_1680_SEA,14/07/2025,Atacado,3,1004.7,438.06,188.88,Venda
SKU_1680_SEA,14/07/2025,E-commerce,1,334.9,138.0,196.9,Venda
SKU_1762_DEN,14/07/2025,Atacado,5,1274.5,673.85,120.13,Venda
SKU_1797_BLU,14/07/2025,E-commerce,1,379.9,151.07,228.83,Venda
SKU_1795_RAS,14/07/2025,Varejo,1,299.9,146.47,153.43,Venda
SKU_1775_PAL,14/07/2025,Atacado,8,2239.2,1155.44,135.47,Venda
SKU_1607_GAR,14/07/2025,Atacado,3,899.7,464.13,145.19,Venda
SKU_1794_LIG,14/07/2025,Atacado,3,629.7,288.6,113.7,Venda
SKU_1689_IVO,14/07/2025,Varejo,1,964.9,449.23,515.67,Venda
SKU_1672_TEA,14/07/2025,Atacado,3,884.7,385.5,166.4,Venda
SKU_1728_EGR,14/07/2025,Varejo,1,329.9,149.15,180.75,Venda
SKU_1659_SNO,14/07/2025,Atacado,8,8199.2,3697.68,562.69,Venda
SKU_1543_BAB,14/07/2025,Atacado,2,1469.8,675.48,397.16,Venda
SKU_1713_SNO,14/07/2025,Atacado,5,2524.5,1279.1,249.08,Venda
SKU_1716_AQU,14/07/2025,Atacado,6,989.4,500.94,81.41,Venda
SKU_1451_BIR,14/07/2025,Atacado,4,979.6,413.0,141.65,Venda
SKU_1721_FRE,14/07/2025,E-commerce,1,419.9,186.41,233.49,Venda
SKU_1780_AQU,14/07/2025,E-commerce,1,334.9,140.38,194.52,Venda
SKU_1600_LIG,14/07/2025,Varejo,1,394.9,142.21,252.69,Venda
SKU_1778_MIN,14/07/2025,E-commerce,1,284.9,121.74,163.16,Venda
SKU_1744_EME,14/07/2025,Varejo,3,794.7,339.12,151.86,Venda
SKU_1762_DEN,14/07/2025,E-commerce,1,254.9,95.99,158.91,Venda
SKU_1695_CRE,14/07/2025,Varejo,1,209.9,82.12,127.78,Venda
SKU_1692_BLU,14/07/2025,E-commerce,1,219.9,101.8,118.1,Venda
SKU_1793_WHI,14/07/2025,Varejo,1,189.9,59.13,130.77,Venda
SKU_1708_FRE,14/07/2025,Atacado,10,1699.0,793.1,90.59,Venda
SKU_1783_BAB,14/07/2025,Atacado,6,7199.4,4103.76,515.94,Venda
SKU_1781_CLE,14/07/2025,E-commerce,1,129.9,46.79,83.11,Venda
SKU_1481_BLA,14/07/2025,E-commerce,2,1619.8,679.48,470.16,Venda
SKU_1645_MYS,14/07/2025,Atacado,4,1599.6,678.04,230.39,Venda
SKU_1739_AQU,14/07/2025,Varejo,1,254.9,81.39,173.51,Venda
SKU_1516_EME,14/07/2025,Varejo,3,1049.7,408.27,213.81,Venda
SKU_1783_EGR,14/07/2025,Varejo,1,1199.9,454.44,745.46,Venda
SKU_1796_OLI,14/07/2025,Atacado,5,2524.5,1205.3,263.84,Venda
SKU_1693_FLA,14/07/2025,Varejo,1,204.9,70.98,133.92,Venda
SKU_1723_MOS,14/07/2025,Varejo,1,434.9,196.79,238.11,Venda
SKU_1751_MIN,14/07/2025,Varejo,1,329.9,101.9,228.0,Venda
SKU_1684_HON,14/07/2025,Atacado,4,739.6,336.28,100.83,Venda
SKU_1687_WHI,14/07/2025,Atacado,12,10798.8,5607.72,432.59,Venda
SKU_1702_COR,14/07/2025,Varejo,3,1859.7,813.09,348.87,Venda
SKU_1721_FRE,14/07/2025,Atacado,2,839.8,431.26,204.27,Venda
SKU_1621_PAS,14/07/2025,Varejo,1,234.9,106.44,128.46,Venda
SKU_1780_LIG,14/07/2025,Atacado,4,1339.6,583.72,188.97,Venda
SKU_1767_PRI,14/07/2025,E-commerce,1,204.9,70.28,134.62,Venda
SKU_1710_OLI,14/07/2025,Atacado,4,3239.6,1534.28,426.33,Venda
SKU_1523_HOT,14/07/2025,Varejo,1,374.9,134.4,240.5,Venda
SKU_1753_WHI,14/07/2025,Atacado,5,3949.5,2149.7,359.96,Venda
SKU_1714_DEE,14/07/2025,Atacado,4,1219.6,547.08,168.13,Venda
SKU_1790_ROY,14/07/2025,Varejo,1,259.9,92.47,167.43,Venda
SKU_1690_MYS,14/07/2025,Atacado,6,3239.4,1656.84,263.76,Venda
SKU_1713_SNO,14/07/2025,E-commerce,2,1009.8,441.54,284.13,Venda
SKU_1774_COB,14/07/2025,Atacado,3,614.7,292.65,107.35,Venda
SKU_1470_WHI,14/07/2025,Atacado,6,5519.4,2510.4,501.5,Venda
SKU_1791_IVO,14/07/2025,Atacado,2,529.8,245.26,142.27,Venda
SKU_1770_DEE,14/07/2025,Atacado,8,1759.2,1003.12,94.51,Venda
SKU_1703_BLU,14/07/2025,Atacado,3,809.7,405.57,134.71,Venda
SKU_1768_MIN,14/07/2025,Varejo,2,1249.8,586.3,331.75,Venda
SKU_1555_RAS,14/07/2025,Varejo,1,189.9,66.87,123.03,Venda
SKU_1749_SNO,14/07/2025,Atacado,2,699.8,379.32,160.24,Venda
SKU_1722_PAS,14/07/2025,Varejo,2,649.8,248.88,200.46,Venda
SKU_1761_MOS,14/07/2025,Varejo,2,2209.8,880.3,664.75,Venda
SKU_1597_SHO,14/07/2025,Atacado,6,3179.4,1884.9,215.75,Venda
SKU_1770_JAD,14/07/2025,Atacado,2,439.8,204.86,117.47,Venda
SKU_1720_PAL,14/07/2025,Atacado,2,449.8,214.7,117.55,Venda
SKU_1429_SPA,14/07/2025,Varejo,1,189.9,65.47,124.43,Venda
SKU_1537_SAP,14/07/2025,Varejo,1,254.9,105.82,149.08,Venda
SKU_1750_SNO,14/07/2025,Atacado,3,1109.7,625.5,161.4,Venda
SKU_1722_PAS,14/07/2025,Atacado,6,1949.4,1033.74,152.61,Venda
SKU_1438_MOS,14/07/2025,Atacado,3,614.7,345.75,89.65,Venda
SKU_1518_CLE,14/07/2025,E-commerce,1,234.9,85.19,149.71,Venda
SKU_1601_EME,14/07/2025,Varejo,1,734.9,279.29,455.61,Venda
SKU_1694_SER,14/07/2025,Atacado,2,559.8,273.12,143.34,Venda
SKU_1683_SHO,14/07/2025,Atacado,3,944.7,574.8,123.3,Venda
SKU_1758_HON,14/07/2025,Varejo,1,179.9,80.77,99.13,Venda
SKU_1451_BIR,14/07/2025,Varejo,2,489.8,184.3,152.75,Venda
SKU_1678_LIG,14/07/2025,Atacado,3,2144.7,1097.34,349.12,Venda
SKU_1671_MIN,14/07/2025,Varejo,1,349.9,145.42,204.48,Venda
SKU_1641_MEX,14/07/2025,Atacado,3,974.7,418.71,185.33,Venda
SKU_1763_MAR,14/07/2025,Varejo,1,299.9,104.87,195.03,Venda
SKU_1693_FLA,14/07/2025,Atacado,8,1639.2,772.0,108.4,Venda
SKU_1684_HON,14/07/2025,Varejo,1,184.9,87.57,97.33,Venda
SKU_1774_COB,14/07/2025,Atacado,8,1639.2,837.44,100.22,Venda
SKU_1727_WHI,14/07/2025,Atacado,4,619.6,284.96,83.66,Venda
SKU_1445_TEA,14/07/2025,Atacado,8,3279.2,1618.8,207.55,Venda
SKU_1716_AQU,14/07/2025,Atacado,5,824.5,363.65,92.17,Venda
SKU_1718_SEA,14/07/2025,E-commerce,1,369.9,142.82,227.08,Venda
SKU_1691_ROS,14/07/2025,Varejo,1,309.9,149.99,159.91,Venda
SKU_1800_SKY,14/07/2025,Varejo,2,559.8,260.08,149.86,Venda
SKU_1695_CRE,14/07/2025,Varejo,1,209.9,67.53,142.37,Venda
SKU_1741_PIN,14/07/2025,Atacado,8,1919.2,973.36,118.23,Venda
SKU_1449_BLA,14/07/2025,E-commerce,1,324.9,130.02,194.88,Venda
SKU_1703_BLU,14/07/2025,Varejo,1,269.9,107.18,162.72,Venda
SKU_1719_OFF,14/07/2025,E-commerce,1,319.9,146.09,173.81,Venda
SKU_1609_LIM,14/07/2025,Varejo,1,269.9,87.13,182.77,Venda
SKU_1620_SAG,14/07/2025,Varejo,1,264.9,121.86,143.04,Venda
SKU_1419_FLA,14/07/2025,Varejo,2,499.8,161.82,168.99,Venda
SKU_1751_MIN,14/07/2025,Varejo,1,329.9,153.65,176.25,Venda
SKU_1750_SNO,14/07/2025,Atacado,12,4438.8,1982.4,204.7,Venda
SKU_1481_BLA,14/07/2025,Atacado,6,4859.4,2329.8,421.6,Venda
SKU_1563_MEX,14/07/2025,E-commerce,1,149.9,66.31,83.59,Venda
SKU_1800_MOS,14/07/2025,E-commerce,1,279.9,112.13,167.77,Venda
SKU_1748_BAB,14/07/2025,Varejo,2,619.8,296.58,161.61,Venda
SKU_1551_DUS,14/07/2025,E-commerce,2,439.8,177.96,130.92,Venda
SKU_1728_EGR,14/07/2025,E-commerce,1,329.9,119.56,210.34,Venda
SKU_1726_BUB,14/07/2025,Varejo,3,1289.7,620.13,223.19,Venda
SKU_1743_DEE,14/07/2025,Varejo,2,879.8,416.5,231.65,Venda
SKU_1709_MAR,14/07/2025,E-commerce,1,209.9,91.66,118.24,Venda
SKU_1729_CLE,14/07/2025,Varejo,1,174.9,82.76,92.14,Venda
SKU_1464_BIR,14/07/2025,Atacado,4,919.6,465.12,113.62,Venda
SKU_1724_PIN,14/07/2025,E-commerce,1,1114.9,464.99,649.91,Venda
SKU_1751_MIN,14/07/2025,Varejo,1,329.9,162.22,167.68,Venda
SKU_1698_PRI,14/07/2025,Atacado,6,2519.4,1195.56,220.64,Venda
SKU_1765_PAS,14/07/2025,Varejo,1,259.9,92.72,167.18,Venda
SKU_1734_FRE,14/07/2025,E-commerce,1,349.9,128.37,221.53,Venda
SKU_1425_LIG,14/07/2025,E-commerce,1,209.9,89.98,119.92,Venda
SKU_1792_AQU,14/07/2025,Atacado,6,2639.4,1328.1,218.55,Venda
SKU_1683_SHO,14/07/2025,Atacado,4,1259.6,660.12,149.87,Venda
SKU_1796_OLI,14/07/2025,Atacado,2,1009.8,430.2,289.8,Venda
SKU_1790_EGR,14/07/2025,Atacado,4,1039.6,548.76,122.71,Venda
SKU_1697_PIS,14/07/2025,Atacado,4,879.6,396.96,120.66,Venda
SKU_1732_OFF,14/07/2025,Varejo,1,1114.9,473.13,641.77,Venda
SKU_1684_HON,14/07/2025,Varejo,1,184.9,91.46,93.44,Venda
SKU_1679_SHO,14/07/2025,Atacado,10,9199.0,4748.9,445.01,Venda
SKU_1797_GAR,14/07/2025,Atacado,6,2279.4,1005.6,212.3,Venda
SKU_1704_BAB,14/07/2025,Atacado,4,1339.6,747.2,148.1,Venda
SKU_1713_SAL,14/07/2025,Varejo,1,504.9,215.74,289.16,Venda
SKU_1722_PAS,14/07/2025,Varejo,1,324.9,97.81,227.09,Venda
SKU_1767_PRI,14/07/2025,Atacado,4,819.6,376.72,110.72,Venda
SKU_1695_CRE,14/07/2025,Atacado,12,2518.8,1063.8,121.25,Venda
SKU_1781_AQU,14/07/2025,Atacado,8,1039.2,550.64,61.07,Venda
SKU_1798_MOS,14/07/2025,Atacado,8,3359.2,1642.0,214.65,Venda
SKU_1713_SAL,14/07/2025,Varejo,4,2019.6,882.2,284.35,Venda
SKU_1683_PAL,14/07/2025,Atacado,2,629.8,282.66,173.57,Venda
SKU_1678_LIG,14/07/2025,Atacado,3,2144.7,945.42,399.76,Venda
SKU_1692_BLU,14/07/2025,Varejo,1,219.9,106.33,113.57,Venda
SKU_1684_SHO,14/07/2025,Atacado,5,924.5,432.05,98.49,Venda
SKU_1755_AQU,14/07/2025,Atacado,8,2679.2,1268.8,176.3,Venda
SKU_1712_NAV,15/07/2025,E-commerce,1,179.9,86.51,93.39,Venda
SKU_1394_EME,15/07/2025,Atacado,8,3759.2,2075.36,210.48,Venda
SKU_1797_BLU,15/07/2025,Atacado,5,1899.5,816.45,216.61,Venda
SKU_1765_PAS,15/07/2025,Varejo,1,259.9,103.67,156.23,Venda
SKU_1773_OLI,15/07/2025,Varejo,1,324.9,135.28,189.62,Venda
SKU_1751_BLU,15/07/2025,E-commerce,1,329.9,100.33,229.57,Venda
SKU_1690_MYS,15/07/2025,Atacado,5,2699.5,1269.15,286.07,Venda
SKU_1748_BAB,15/07/2025,Varejo,2,619.8,196.26,211.77,Venda
SKU_1725_BAB,15/07/2025,Varejo,3,734.7,254.7,160.0,Venda
SKU_1701_BLU,15/07/2025,Atacado,6,2039.4,1075.26,160.69,Venda
SKU_1667_LIG,15/07/2025,Varejo,1,209.9,80.99,128.91,Venda
SKU_1531_TEA,15/07/2025,Varejo,1,549.9,254.38,295.52,Venda
SKU_1450_MAG,15/07/2025,Varejo,3,1229.7,470.43,253.09,Venda
SKU_1687_FOR,15/07/2025,Atacado,3,2699.7,1351.17,449.51,Venda
SKU_1765_MYS,15/07/2025,Atacado,5,1299.5,643.2,131.26,Venda
SKU_1789_EME,15/07/2025,Varejo,3,809.7,333.54,158.72,Venda
SKU_1768_MIN,15/07/2025,Atacado,4,2499.6,1307.88,297.93,Venda
SKU_1432_WHI,15/07/2025,Varejo,2,1439.8,619.22,410.29,Venda
SKU_1700_HUN,15/07/2025,Varejo,1,699.9,225.16,474.74,Venda
SKU_1751_BLU,15/07/2025,Atacado,2,659.8,316.12,171.84,Venda
SKU_1752_SPA,15/07/2025,E-commerce,1,429.9,184.24,245.66,Venda
SKU_1451_BIR,15/07/2025,Atacado,5,1224.5,603.7,124.16,Venda
SKU_1502_VAN,15/07/2025,Varejo,1,209.9,70.2,139.7,Venda
SKU_1446_SHO,15/07/2025,Varejo,1,269.9,113.97,155.93,Venda
SKU_1731_ARM,15/07/2025,E-commerce,1,909.9,362.58,547.32,Venda
SKU_1592_CER,15/07/2025,Atacado,4,839.6,409.68,107.48,Venda
SKU_1782_NAV,15/07/2025,Varejo,3,749.7,303.24,148.82,Venda
SKU_1794_LIG,15/07/2025,Atacado,3,629.7,275.1,118.2,Venda
SKU_1586_JAD,15/07/2025,Varejo,1,304.9,120.23,184.67,Venda
SKU_1719_OFF,15/07/2025,Varejo,2,639.8,204.54,217.63,Venda
SKU_1778_MIN,15/07/2025,Atacado,6,1709.4,740.16,161.54,Venda
SKU_1438_DEE,15/07/2025,Atacado,10,2049.0,1080.3,96.87,Venda
SKU_1752_SPA,15/07/2025,Varejo,4,1719.6,608.12,277.87,Venda
SKU_1744_LIG,15/07/2025,Atacado,3,794.7,402.0,130.9,Venda
SKU_1660_NAV,15/07/2025,Atacado,3,944.7,409.65,178.35,Venda
SKU_1410_ROS,15/07/2025,Atacado,8,9119.2,4288.0,603.9,Venda
SKU_1725_OFF,15/07/2025,Varejo,2,489.8,163.98,162.91,Venda
SKU_1708_FLA,15/07/2025,Varejo,3,509.7,238.86,90.28,Venda
SKU_1687_FOR,15/07/2025,Varejo,1,899.9,433.28,466.62,Venda
SKU_1767_FUC,15/07/2025,Atacado,5,1024.5,447.1,115.48,Venda
SKU_1444_OLI,15/07/2025,Atacado,8,1919.2,856.48,132.84,Venda
SKU_1692_OLI,15/07/2025,Varejo,1,219.9,76.39,143.51,Venda
SKU_1430_PEA,15/07/2025,E-commerce,1,179.9,84.25,95.65,Venda
SKU_1744_LIG,15/07/2025,E-commerce,1,264.9,89.06,175.84,Venda
SKU_1638_PEA,15/07/2025,Varejo,2,2279.8,942.3,668.75,Venda
SKU_1730_MIN,15/07/2025,E-commerce,1,319.9,153.79,166.11,Venda
SKU_1622_VAN,15/07/2025,Atacado,3,809.7,426.93,127.59,Venda
SKU_1719_WHI,15/07/2025,Atacado,6,1919.4,909.84,168.26,Venda
SKU_1716_SAL,15/07/2025,Varejo,3,494.7,166.11,109.53,Venda
SKU_1777_FRE,15/07/2025,Atacado,3,719.7,333.78,128.64,Venda
SKU_1737_SAG,15/07/2025,Atacado,5,3849.5,1896.15,390.67,Venda
SKU_1540_MAG,15/07/2025,Varejo,1,169.9,78.08,91.82,Venda
SKU_1705_JAD,15/07/2025,Atacado,3,1229.7,573.33,218.79,Venda
SKU_1634_NAV,15/07/2025,Varejo,2,1959.8,692.76,633.52,Venda
SKU_1792_MIN,15/07/2025,Varejo,1,439.9,216.46,223.44,Venda
SKU_1776_PAS,15/07/2025,Atacado,5,1649.5,737.7,182.36,Venda
SKU_1544_PEA,15/07/2025,Varejo,3,599.7,223.89,125.27,Venda
SKU_1710_OLI,15/07/2025,Atacado,5,4049.5,2008.95,408.11,Venda
SKU_1720_PAS,15/07/2025,Atacado,8,1799.2,850.88,118.54,Venda
SKU_1721_COR,15/07/2025,Atacado,4,1679.6,728.76,237.71,Venda
SKU_1734_BRI,15/07/2025,E-commerce,1,349.9,136.11,213.79,Venda
SKU_1735_COR,15/07/2025,Varejo,1,269.9,94.73,175.17,Venda
SKU_1715_HON,15/07/2025,Varejo,1,219.9,87.58,132.32,Venda
SKU_1727_LIG,15/07/2025,Atacado,5,774.5,354.15,84.07,Venda
SKU_1527_TEA,15/07/2025,Varejo,1,909.9,339.95,569.95,Venda
SKU_1698_PRI,15/07/2025,E-commerce,1,419.9,191.56,228.34,Venda
SKU_1407_EME,15/07/2025,Atacado,3,644.7,277.41,122.43,Venda
SKU_1701_BLU,15/07/2025,Varejo,1,339.9,123.67,216.23,Venda
SKU_1622_CLO,15/07/2025,Atacado,3,809.7,428.28,127.14,Venda
SKU_1800_MOS,15/07/2025,Atacado,2,559.8,317.14,121.33,Venda
SKU_1589_CER,15/07/2025,Varejo,1,679.9,211.99,467.91,Venda
SKU_1592_SAG,15/07/2025,Atacado,3,629.7,303.15,108.85,Venda
SKU_1787_BAB,15/07/2025,Atacado,5,1449.5,757.1,138.48,Venda
SKU_1750_MIN,15/07/2025,Varejo,1,369.9,163.96,205.94,Venda
SKU_1781_CLE,15/07/2025,Atacado,8,1039.2,473.6,70.7,Venda
SKU_1755_AQU,15/07/2025,Varejo,1,334.9,146.23,188.67,Venda
SKU_1727_LIG,15/07/2025,Atacado,5,774.5,384.05,78.09,Venda
SKU_1703_PAS,15/07/2025,Atacado,10,2699.0,1337.3,136.17,Venda
SKU_1781_CLE,15/07/2025,Varejo,4,519.6,250.4,67.3,Venda
SKU_1753_WHI,15/07/2025,E-commerce,1,789.9,302.19,487.71,Venda
SKU_1464_BIR,15/07/2025,Atacado,8,1839.2,812.24,128.37,Venda
SKU_1646_CLE,15/07/2025,E-commerce,2,409.8,153.02,128.39,Venda
SKU_1710_MEX,15/07/2025,E-commerce,1,809.9,381.93,427.97,Venda
SKU_1798_OFF,15/07/2025,Varejo,1,419.9,202.04,217.86,Venda
SKU_1393_COB,15/07/2025,Atacado,4,1239.6,685.88,138.43,Venda
SKU_1641_SER,15/07/2025,Varejo,1,324.9,136.83,188.07,Venda
SKU_1720_PAL,15/07/2025,Varejo,2,449.8,154.48,147.66,Venda
SKU_1701_BLU,15/07/2025,Atacado,8,2719.2,1364.88,169.29,Venda
SKU_1779_MIN,15/07/2025,Varejo,1,214.9,103.82,111.08,Venda
SKU_1699_COB,15/07/2025,Atacado,5,1649.5,772.15,175.47,Venda
SKU_1714_DEE,15/07/2025,Atacado,8,2439.2,1248.56,148.83,Venda
SKU_1718_SEA,15/07/2025,Varejo,1,369.9,173.56,196.34,Venda
SKU_1550_PAL,15/07/2025,Atacado,2,329.8,173.98,77.91,Venda
SKU_1785_PAS,15/07/2025,Atacado,5,1224.5,621.95,120.51,Venda
SKU_1723_COB,15/07/2025,E-commerce,1,434.9,194.9,240.0,Venda
SKU_1604_SNO,15/07/2025,Atacado,3,1814.7,878.97,311.91,Venda
SKU_1702_LIG,15/07/2025,Atacado,6,3719.4,2057.4,277.0,Venda
SKU_1462_MID,15/07/2025,E-commerce,1,364.9,115.65,249.25,Venda
SKU_1773_FRE,15/07/2025,Varejo,3,974.7,397.8,192.3,Venda
SKU_1769_WHI,15/07/2025,Atacado,4,1299.6,612.48,171.78,Venda
SKU_1756_BUB,15/07/2025,Varejo,1,179.9,57.71,122.19,Venda
SKU_1618_SAP,15/07/2025,Varejo,1,179.9,64.82,115.08,Venda
SKU_1422_MIN,15/07/2025,Atacado,10,3149.0,1325.2,182.38,Venda
SKU_1738_BLU,15/07/2025,E-commerce,1,194.9,73.69,121.21,Venda
SKU_1719_OFF,15/07/2025,Varejo,2,639.8,260.14,189.83,Venda
SKU_1635_TEA,15/07/2025,E-commerce,2,1209.8,553.9,327.95,Venda
SKU_1679_SHO,15/07/2025,Atacado,4,3679.6,1914.32,441.32,Venda
SKU_1696_SER,15/07/2025,Atacado,6,1679.4,875.76,133.94,Venda
SKU_1686_MOS,15/07/2025,Varejo,1,214.9,71.38,143.52,Venda
SKU_1680_SEA,15/07/2025,Atacado,2,669.8,376.62,146.59,Venda
SKU_1786_TEA,15/07/2025,Atacado,10,1799.0,1131.0,66.8,Venda
SKU_1796_SHO,15/07/2025,Varejo,1,504.9,245.08,259.82,Venda
SKU_1696_SHO,15/07/2025,Atacado,4,1119.6,485.72,158.47,Venda
SKU_1411_RAS,15/07/2025,Atacado,3,674.7,423.27,83.81,Venda
SKU_1418_MOS,15/07/2025,Atacado,6,5069.4,2550.06,419.89,Venda
SKU_1741_PIN,15/07/2025,Varejo,2,479.8,189.1,145.35,Venda
SKU_1682_OLI,15/07/2025,Varejo,3,704.7,324.48,126.74,Venda
SKU_1655_TEA,15/07/2025,Varejo,1,644.9,213.16,431.74,Venda
SKU_1761_MOS,15/07/2025,Atacado,4,4419.6,2049.44,592.54,Venda
SKU_1423_JAD,15/07/2025,Varejo,2,2399.8,1168.38,615.71,Venda
SKU_1539_PEA,15/07/2025,Varejo,1,349.9,118.23,231.67,Venda
SKU_1548_CLO,15/07/2025,Atacado,12,5698.8,2805.96,241.07,Venda
SKU_1792_AQU,15/07/2025,E-commerce,1,439.9,197.29,242.61,Venda
SKU_1756_BUB,15/07/2025,Varejo,1,179.9,62.05,117.85,Venda
SKU_1723_COB,15/07/2025,Atacado,10,4349.0,2148.9,220.01,Venda
SKU_1787_BAB,15/07/2025,Atacado,4,1159.6,617.68,135.48,Venda
SKU_1746_NAV,15/07/2025,Varejo,1,179.9,67.52,112.38,Venda
SKU_1631_BAL,15/07/2025,Varejo,1,179.9,54.49,125.41,Venda
SKU_1725_BAB,15/07/2025,Atacado,8,1959.2,964.8,124.3,Venda
SKU_1759_COB,15/07/2025,E-commerce,1,269.9,82.51,187.39,Venda
SKU_1782_NAV,15/07/2025,Atacado,3,749.7,390.24,119.82,Venda
SKU_1683_PAL,15/07/2025,Atacado,4,1259.6,710.0,137.4,Venda
SKU_1752_SNO,15/07/2025,Varejo,1,429.9,210.34,219.56,Venda
SKU_1444_OLI,15/07/2025,Atacado,4,959.6,497.84,115.44,Venda
SKU_1746_NAV,15/07/2025,Varejo,2,359.8,164.32,97.74,Venda
SKU_1712_MOS,15/07/2025,Atacado,3,539.7,258.57,93.71,Venda
SKU_1779_LIG,15/07/2025,Varejo,1,214.9,64.77,150.13,Venda
SKU_1796_SHO,15/07/2025,Atacado,8,4039.2,1918.32,265.11,Venda
SKU_1609_SAP,15/07/2025,Atacado,4,1079.6,478.6,150.25,Venda
SKU_1742_DEN,15/07/2025,Atacado,4,1039.6,469.92,142.42,Venda
SKU_1748_BAB,15/07/2025,E-commerce,1,309.9,104.72,205.18,Venda
SKU_1424_VAN,15/07/2025,Varejo,2,1989.8,719.26,635.27,Venda
SKU_1741_PEA,15/07/2025,E-commerce,1,239.9,91.41,148.49,Venda
SKU_1595_MYS,15/07/2025,Atacado,6,1799.4,915.6,147.3,Venda
SKU_1762_DEN,15/07/2025,Atacado,5,1274.5,730.3,108.84,Venda
SKU_1705_JAD,15/07/2025,Atacado,6,2459.4,1252.14,201.21,Venda
SKU_1726_BUB,15/07/2025,Varejo,1,429.9,155.11,274.79,Venda
SKU_1693_FLA,15/07/2025,Atacado,6,1229.4,712.2,86.2,Venda
SKU_1688_WHI,15/07/2025,Atacado,5,2149.5,1253.1,179.28,Venda
SKU_1726_BUB,15/07/2025,Varejo,2,859.8,327.3,266.25,Venda
SKU_1705_SER,15/07/2025,Atacado,10,4099.0,2167.9,193.11,Venda
SKU_1746_EME,15/07/2025,Atacado,4,719.6,355.24,91.09,Venda
SKU_1557_SAG,15/07/2025,Varejo,2,399.8,143.46,128.17,Venda
SKU_1498_LIG,15/07/2025,Atacado,12,4078.8,1714.92,196.99,Venda
SKU_1703_PAS,15/07/2025,E-commerce,1,269.9,102.37,167.53,Venda
SKU_1718_SEA,15/07/2025,Atacado,6,2219.4,1249.86,161.59,Venda
SKU_1606_SEA,15/07/2025,Atacado,2,2169.8,1078.7,545.55,Venda
SKU_1601_AQU,15/07/2025,E-commerce,1,734.9,334.66,400.24,Venda
SKU_1786_TEA,15/07/2025,E-commerce,1,179.9,71.48,108.42,Venda
SKU_1766_CLE,15/07/2025,Atacado,6,2369.4,1116.66,208.79,Venda
SKU_1418_MOS,15/07/2025,E-commerce,1,844.9,388.09,456.81,Venda
SKU_1731_ARM,15/07/2025,Varejo,3,2729.7,1075.44,551.42,Venda
SKU_1553_DEN,15/07/2025,Varejo,1,254.9,100.21,154.69,Venda
SKU_1485_PAS,15/07/2025,E-commerce,1,664.9,279.98,384.92,Venda
SKU_1681_OFF,15/07/2025,Varejo,1,234.9,72.31,162.59,Venda
SKU_1758_CLO,15/07/2025,Atacado,5,899.5,460.0,87.9,Venda
SKU_1713_SNO,15/07/2025,Atacado,6,3029.4,1495.68,255.62,Venda
SKU_1503_CER,15/07/2025,Varejo,1,229.9,99.82,130.08,Venda
SKU_1750_SNO,15/07/2025,Varejo,1,369.9,113.07,256.83,Venda
SKU_1686_SKY,15/07/2025,Varejo,1,214.9,67.74,147.16,Venda
SKU_1680_SEA,15/07/2025,E-commerce,2,669.8,243.9,212.95,Venda
SKU_1772_SNO,15/07/2025,Atacado,8,3319.2,1632.56,210.83,Venda
SKU_1748_BAB,15/07/2025,Varejo,1,309.9,143.73,166.17,Venda
SKU_1733_SAG,15/07/2025,Varejo,2,699.8,319.26,190.27,Venda
SKU_1691_HUN,15/07/2025,Atacado,3,929.7,419.67,170.01,Venda
SKU_1423_JAD,15/07/2025,Varejo,1,1199.9,556.63,643.27,Venda
SKU_1533_DUS,15/07/2025,E-commerce,1,164.9,59.97,104.93,Venda
SKU_1671_SEA,15/07/2025,Varejo,2,699.8,225.44,237.18,Venda
SKU_1778_TEA,15/07/2025,Atacado,2,569.8,248.96,160.42,Venda
SKU_1421_LIG,15/07/2025,Atacado,6,1379.4,612.84,127.76,Venda
SKU_1700_HUN,15/07/2025,Atacado,3,2099.7,1081.41,339.43,Venda
SKU_1782_NAV,15/07/2025,Varejo,2,499.8,201.86,148.97,Venda
SKU_1723_MOS,15/07/2025,Varejo,1,434.9,215.85,219.05,Venda
SKU_1716_SAL,15/07/2025,Atacado,5,824.5,399.45,85.01,Venda
SKU_1402_VAN,15/07/2025,Varejo,1,234.9,117.01,117.89,Venda
SKU_1535_MOS,15/07/2025,Atacado,4,1219.6,624.64,148.74,Venda
SKU_1466_SAP,15/07/2025,Varejo,1,269.9,85.76,184.14,Venda
SKU_1435_SKY,15/07/2025,Atacado,5,5049.5,2729.6,463.98,Venda
SKU_1790_EGR,15/07/2025,E-commerce,1,259.9,118.79,141.11,Venda
SKU_1777_TUR,15/07/2025,Varejo,1,239.9,91.23,148.67,Venda
SKU_1773_FRE,15/07/2025,Atacado,10,3249.0,1628.4,162.06,Venda
SKU_1692_OLI,15/07/2025,Varejo,2,439.8,160.78,139.51,Venda
SKU_1766_CLE,15/07/2025,Varejo,1,394.9,157.25,237.65,Venda
SKU_1765_PAS,15/07/2025,Atacado,2,519.8,259.98,129.91,Venda
SKU_1799_POW,15/07/2025,Atacado,10,2699.0,1178.5,152.05,Venda
SKU_1787_BAB,15/07/2025,Atacado,6,1739.4,834.24,150.86,Venda
SKU_1716_AQU,15/07/2025,Atacado,5,824.5,386.15,87.67,Venda
SKU_1420_LIM,15/07/2025,Varejo,1,989.9,491.68,498.22,Venda
SKU_1592_CER,15/07/2025,Atacado,10,2099.0,1133.7,96.53,Venda
SKU_1701_BLU,15/07/2025,Varejo,1,339.9,169.61,170.29,Venda
SKU_1619_PAS,15/07/2025,E-commerce,1,199.9,92.76,107.14,Venda
SKU_1456_EME,15/07/2025,E-commerce,1,314.9,100.45,214.45,Venda
SKU_1763_HOT,15/07/2025,Atacado,6,1799.4,785.7,168.95,Venda
SKU_1710_MEX,15/07/2025,Varejo,1,809.9,359.66,450.24,Venda
SKU_1600_LIG,15/07/2025,Varejo,2,789.8,293.12,248.34,Venda
SKU_1795_HUN,15/07/2025,Atacado,5,1499.5,828.35,134.23,Venda
SKU_1797_BLU,15/07/2025,Atacado,4,1519.6,716.12,200.87,Venda
SKU_1744_LIG,15/07/2025,Varejo,1,264.9,89.66,175.24,Venda
SKU_1649_GAR,15/07/2025,Atacado,8,1879.2,925.52,119.21,Venda
SKU_1763_MAR,15/07/2025,Atacado,4,1199.6,571.96,156.91,Venda
SKU_1754_SER,15/07/2025,Atacado,5,1699.5,923.55,155.19,Venda
SKU_1523_HOT,15/07/2025,Atacado,4,1499.6,719.0,195.15,Venda
SKU_1789_EME,15/07/2025,Atacado,6,1619.4,927.42,115.33,Venda
SKU_1711_ARM,15/07/2025,Atacado,3,2984.7,1373.97,536.91,Venda
SKU_1719_OFF,15/07/2025,Atacado,4,1279.6,601.72,169.47,Venda
SKU_1793_WHI,15/07/2025,Varejo,1,189.9,92.89,97.01,Venda
SKU_1751_BLU,15/07/2025,Varejo,1,329.9,110.42,219.48,Venda
SKU_1732_WHI,15/07/2025,Atacado,6,6689.4,3772.98,486.07,Venda
SKU_1715_HON,15/07/2025,Varejo,1,219.9,69.39,150.51,Venda
SKU_1691_HUN,15/07/2025,E-commerce,1,309.9,152.06,157.84,Venda
SKU_1756_FLA,15/07/2025,Varejo,4,719.6,285.48,108.53,Venda
SKU_1457_SNO,15/07/2025,Atacado,3,479.7,230.58,83.04,Venda
SKU_1780_AQU,15/07/2025,Varejo,1,334.9,109.75,225.15,Venda
SKU_1695_LIM,15/07/2025,Atacado,6,1259.4,636.18,103.87,Venda
SKU_1788_EME,15/07/2025,Atacado,8,1999.2,974.16,128.13,Venda
SKU_1748_BAB,15/07/2025,Atacado,10,3099.0,1805.1,129.39,Venda
SKU_1749_BIR,15/07/2025,Atacado,6,2099.4,918.36,196.84,Venda
SKU_1736_JAD,15/07/2025,Atacado,3,974.7,475.26,166.48,Venda
SKU_1774_COB,15/07/2025,Atacado,12,2458.8,1150.68,109.01,Venda
SKU_1583_WHI,15/07/2025,Varejo,1,254.9,81.6,173.3,Venda
SKU_1793_MIN,15/07/2025,Atacado,6,1139.4,649.14,81.71,Venda
SKU_1760_OFF,15/07/2025,Atacado,6,1499.4,772.2,121.2,Venda
SKU_1571_WHI,15/07/2025,Varejo,1,249.9,90.85,159.05,Venda
SKU_1685_COB,15/07/2025,Atacado,4,2659.6,1158.88,375.18,Venda
SKU_1709_MAR,15/07/2025,Varejo,1,209.9,90.47,119.43,Venda
SKU_1672_TEA,15/07/2025,Varejo,1,294.9,126.04,168.86,Venda
SKU_1746_NAV,15/07/2025,Varejo,3,539.7,186.21,117.83,Venda
SKU_1571_BIR,15/07/2025,Atacado,4,999.6,485.72,128.47,Venda
SKU_1727_LIG,15/07/2025,Atacado,4,619.6,288.2,82.85,Venda
SKU_1402_VAN,15/07/2025,E-commerce,1,234.9,77.37,157.53,Venda
SKU_1730_OFF,15/07/2025,Varejo,4,1279.6,622.48,164.28,Venda
SKU_1753_PAL,15/07/2025,Varejo,1,789.9,394.16,395.74,Venda
SKU_1506_PAL,15/07/2025,Atacado,6,1379.4,747.84,105.26,Venda
SKU_1693_MEX,15/07/2025,E-commerce,2,409.8,144.94,132.43,Venda
SKU_1733_NAV,15/07/2025,Varejo,1,349.9,106.55,243.35,Venda
SKU_1523_CRE,15/07/2025,Atacado,12,4498.8,1957.68,211.76,Venda
SKU_1437_AQU,15/07/2025,Atacado,10,1649.0,822.2,82.68,Venda
SKU_1776_BIR,15/07/2025,Varejo,1,329.9,160.31,169.59,Venda
SKU_1738_ROY,15/07/2025,Varejo,1,194.9,94.09,100.81,Venda
SKU_1688_WHI,15/07/2025,Varejo,1,429.9,169.83,260.07,Venda
SKU_1789_SNO,15/07/2025,Varejo,2,539.8,177.14,181.33,Venda
SKU_1644_BAB,15/07/2025,Atacado,5,1599.5,730.85,173.73,Venda
SKU_1702_LIG,15/07/2025,Varejo,2,1239.8,418.84,410.48,Venda
SKU_1726_BUB,15/07/2025,Varejo,1,429.9,146.29,283.61,Venda
SKU_1734_FRE,15/07/2025,Atacado,3,1049.7,503.22,182.16,Venda
SKU_1688_WHI,15/07/2025,Varejo,1,429.9,183.63,246.27,Venda
SKU_1716_SAL,15/07/2025,Varejo,4,659.6,294.24,91.34,Venda
SKU_1798_OFF,15/07/2025,Varejo,1,419.9,195.1,224.8,Venda
SKU_1785_PAS,15/07/2025,Atacado,6,1469.4,770.82,116.43,Venda
SKU_1579_SAG,15/07/2025,Varejo,1,229.9,72.61,157.29,Venda
SKU_1775_PAS,15/07/2025,Atacado,6,1679.4,802.02,146.23,Venda
SKU_1796_SHO,15/07/2025,Varejo,2,1009.8,407.38,301.21,Venda
SKU_1446_GAR,15/07/2025,Atacado,10,2699.0,1449.9,124.91,Venda
SKU_1741_PIN,15/07/2025,Atacado,4,959.6,494.0,116.4,Venda
SKU_1694_SER,15/07/2025,E-commerce,1,279.9,137.11,142.79,Venda
SKU_1695_LIM,15/07/2025,Atacado,2,419.8,213.36,103.22,Venda
SKU_1756_FLA,15/07/2025,Varejo,2,359.8,115.16,122.32,Venda
SKU_1746_NAV,15/07/2025,Atacado,4,719.6,333.68,96.48,Venda
SKU_1788_EME,15/07/2025,Atacado,2,499.8,243.52,128.14,Venda
SKU_1769_EME,15/07/2025,Varejo,3,974.7,419.22,185.16,Venda
SKU_1405_CLO,15/07/2025,Atacado,5,1074.5,534.75,107.95,Venda
SKU_1466_PRI,15/07/2025,Varejo,1,269.9,84.05,185.85,Venda
SKU_1578_PAS,15/07/2025,E-commerce,1,124.9,55.04,69.86,Venda
SKU_1801_MOS,15/07/2025,Atacado,4,1499.6,676.0,205.9,Venda
SKU_1731_ARM,15/07/2025,Atacado,5,4549.5,1994.9,510.92,Venda
SKU_1517_FOR,15/07/2025,Varejo,3,3599.7,1720.44,626.42,Venda
SKU_1728_MID,15/07/2025,Atacado,4,1319.6,606.76,178.21,Venda
SKU_1675_DEN,15/07/2025,Varejo,1,764.9,381.25,383.65,Venda
SKU_1672_FOR,15/07/2025,Atacado,8,2359.2,1360.72,124.81,Venda
SKU_1766_CLE,15/07/2025,E-commerce,1,394.9,194.76,200.14,Venda
SKU_1774_MOS,15/07/2025,Varejo,1,204.9,76.27,128.63,Venda
SKU_1757_TUR,15/07/2025,E-commerce,3,794.7,386.52,136.06,Venda
SKU_1785_PAS,15/07/2025,E-commerce,1,244.9,80.7,164.2,Venda
SKU_1707_SAP,15/07/2025,Atacado,5,1399.5,734.6,132.98,Venda
SKU_1485_PAS,15/07/2025,Varejo,1,664.9,267.36,397.54,Venda
SKU_1733_SAG,15/07/2025,Varejo,1,349.9,120.88,229.02,Venda
SKU_1773_OLI,15/07/2025,E-commerce,1,324.9,158.75,166.15,Venda
SKU_1700_HUN,15/07/2025,E-commerce,1,699.9,291.93,407.97,Venda
SKU_1790_ROY,15/07/2025,Atacado,8,2079.2,1037.76,130.18,Venda
SKU_1615_MOS,15/07/2025,Varejo,1,464.9,140.21,324.69,Venda
SKU_1775_PAL,15/07/2025,Atacado,3,839.7,402.45,145.75,Venda
SKU_1798_MOS,15/07/2025,Atacado,6,2519.4,1307.52,201.98,Venda
SKU_1775_PAL,15/07/2025,E-commerce,2,559.8,234.64,162.58,Venda
SKU_1632_SAP,15/07/2025,Atacado,5,924.5,513.2,82.26,Venda
SKU_1725_BAB,15/07/2025,E-commerce,1,244.9,102.62,142.28,Venda
SKU_1798_OFF,15/07/2025,Varejo,2,839.8,374.0,232.9,Venda
SKU_1576_AQU,15/07/2025,Atacado,5,1224.5,582.5,128.4,Venda
SKU_1792_MIN,15/07/2025,Atacado,8,3519.2,2020.32,187.36,Venda
SKU_1735_MOS,15/07/2025,Varejo,1,269.9,120.78,149.12,Venda
SKU_1736_PAS,15/07/2025,Varejo,1,324.9,106.91,217.99,Venda
SKU_1779_LIG,15/07/2025,Varejo,1,214.9,87.07,127.83,Venda
SKU_1791_IVO,15/07/2025,Varejo,1,264.9,125.66,139.24,Venda
SKU_1755_BIR,15/07/2025,Atacado,2,669.8,305.48,182.16,Venda
SKU_1683_PAL,15/07/2025,Varejo,1,314.9,154.33,160.57,Venda
SKU_1550_PAL,15/07/2025,Atacado,3,494.7,216.24,92.82,Venda
SKU_1699_CLO,15/07/2025,Varejo,1,329.9,140.11,189.79,Venda
SKU_1790_ROY,15/07/2025,Varejo,1,259.9,102.11,157.79,Venda
SKU_1689_MAG,15/07/2025,Atacado,8,7719.2,4221.92,437.16,Venda
SKU_1762_BRI,15/07/2025,Varejo,1,254.9,103.41,151.49,Venda
SKU_1786_TEA,15/07/2025,Varejo,1,179.9,88.67,91.23,Venda
SKU_1754_SER,15/07/2025,E-commerce,1,339.9,125.42,214.48,Venda
SKU_1800_MOS,15/07/2025,Atacado,6,1679.4,846.48,138.82,Venda
SKU_1631_SNO,15/07/2025,Varejo,1,179.9,83.15,96.75,Venda
SKU_1681_PIS,15/07/2025,Atacado,6,1409.4,607.38,133.67,Venda
SKU_1782_NAV,15/07/2025,Atacado,2,499.8,226.12,136.84,Venda
SKU_1797_BLU,15/07/2025,E-commerce,1,379.9,172.09,207.81,Venda
SKU_1799_POW,15/07/2025,Atacado,2,539.8,245.6,147.1,Venda
SKU_1684_HON,15/07/2025,Varejo,1,184.9,69.45,115.45,Venda
SKU_1779_MIN,15/07/2025,Atacado,4,859.6,382.64,119.24,Venda
SKU_1798_OFF,15/07/2025,Atacado,4,1679.6,899.68,194.98,Venda
SKU_1404_ARM,15/07/2025,Varejo,1,1019.9,334.5,685.4,Venda
SKU_1778_MIN,15/07/2025,Varejo,1,284.9,134.39,150.51,Venda
SKU_1518_LIM,15/07/2025,Atacado,2,469.8,254.42,107.69,Venda
SKU_1699_COB,15/07/2025,Atacado,6,1979.4,931.8,174.6,Venda
SKU_1731_MIN,15/07/2025,Varejo,1,909.9,274.31,635.59,Venda
SKU_1719_WHI,15/07/2025,Atacado,6,1919.4,1090.62,138.13,Venda
SKU_1392_BLU,15/07/2025,E-commerce,1,294.9,111.72,183.18,Venda
SKU_1762_DEN,15/07/2025,Varejo,4,1019.6,413.72,151.47,Venda
SKU_1587_LIG,15/07/2025,Atacado,10,2299.0,1070.1,122.89,Venda
SKU_1717_CRE,15/07/2025,Atacado,5,1299.5,790.05,101.89,Venda
SKU_1703_BLU,15/07/2025,Atacado,4,1079.6,679.16,100.11,Venda
SKU_1747_TEA,15/07/2025,E-commerce,1,174.9,81.93,92.97,Venda
SKU_1749_SNO,15/07/2025,Atacado,8,2799.2,1283.2,189.5,Venda
SKU_1647_ARM,15/07/2025,Atacado,4,1359.6,649.48,177.53,Venda
SKU_1705_JAD,15/07/2025,E-commerce,1,409.9,148.59,261.31,Venda
SKU_1708_FRE,15/07/2025,Varejo,1,169.9,76.2,93.7,Venda
SKU_1695_CRE,15/07/2025,Varejo,1,209.9,75.81,134.09,Venda
SKU_1741_PEA,15/07/2025,Varejo,1,239.9,118.33,121.57,Venda
SKU_1758_CLO,15/07/2025,Varejo,1,179.9,62.49,117.41,Venda
SKU_1765_MYS,15/07/2025,Atacado,2,519.8,244.6,137.6,Venda
SKU_1786_TEA,15/07/2025,Varejo,2,359.8,110.54,124.63,Venda
SKU_1436_PAS,15/07/2025,Varejo,1,279.9,87.26,192.64,Venda
SKU_1721_COR,15/07/2025,Atacado,3,1259.7,684.15,191.85,Venda
SKU_1393_SKY,15/07/2025,Varejo,1,309.9,114.13,195.77,Venda
SKU_1795_RAS,15/07/2025,Varejo,1,299.9,119.76,180.14,Venda
SKU_1727_LIG,15/07/2025,E-commerce,1,154.9,77.23,77.67,Venda
SKU_1632_SPA,15/07/2025,Atacado,5,924.5,395.5,105.8,Venda
SKU_1456_EME,15/07/2025,Atacado,5,1574.5,773.5,160.2,Venda
SKU_1682_OLI,15/07/2025,Varejo,1,234.9,101.54,133.36,Venda
SKU_1728_EGR,15/07/2025,Atacado,4,1319.6,676.4,160.8,Venda
SKU_1659_SNO,15/07/2025,Atacado,4,4099.6,2206.08,473.38,Venda
SKU_1402_VAN,15/07/2025,Varejo,3,704.7,290.61,138.03,Venda
SKU_1721_FRE,15/07/2025,Varejo,1,419.9,150.68,269.22,Venda
SKU_1790_EGR,15/07/2025,E-commerce,1,259.9,111.05,148.85,Venda
SKU_1716_SAL,15/07/2025,E-commerce,1,164.9,52.62,112.28,Venda
SKU_1721_FRE,15/07/2025,Atacado,4,1679.6,813.24,216.59,Venda
SKU_1655_TEA,15/07/2025,Varejo,1,644.9,291.87,353.03,Venda
SKU_1785_HUN,15/07/2025,Atacado,2,489.8,257.32,116.24,Venda
SKU_1788_MYS,15/07/2025,Atacado,4,999.6,521.72,119.47,Venda
SKU_1752_SNO,15/07/2025,Atacado,4,1719.6,808.48,227.78,Venda
SKU_1602_PAS,15/07/2025,E-commerce,1,229.9,95.37,134.53,Venda
SKU_1748_BAB,15/07/2025,Varejo,1,309.9,154.47,155.43,Venda
SKU_1417_SNO,15/07/2025,Atacado,10,2799.0,1202.5,159.65,Venda
SKU_1553_DEN,15/07/2025,Varejo,3,764.7,250.11,171.53,Venda
SKU_1752_SPA,15/07/2025,Varejo,1,429.9,160.01,269.89,Venda
SKU_1696_SER,15/07/2025,Varejo,2,559.8,213.0,173.4,Venda
SKU_1589_CER,15/07/2025,Atacado,12,8158.8,4254.72,325.34,Venda
SKU_1772_BLU,15/07/2025,Varejo,1,414.9,143.06,271.84,Venda
SKU_1774_COB,15/07/2025,Atacado,4,819.6,431.48,97.03,Venda
SKU_1768_PEA,15/07/2025,E-commerce,1,624.9,199.58,425.32,Venda
SKU_1750_MIN,15/07/2025,E-commerce,1,369.9,175.69,194.21,Venda
SKU_1789_EME,15/07/2025,Varejo,2,539.8,249.48,145.16,Venda
SKU_1738_BLU,15/07/2025,E-commerce,1,194.9,82.73,112.17,Venda
SKU_1777_TUR,15/07/2025,Atacado,2,479.8,216.98,131.41,Venda
SKU_1667_MID,15/07/2025,Atacado,6,1259.4,585.42,112.33,Venda
SKU_1789_EME,15/07/2025,E-commerce,1,269.9,98.41,171.49,Venda
SKU_1749_BIR,15/07/2025,Varejo,1,349.9,153.54,196.36,Venda
SKU_1796_OLI,15/07/2025,Atacado,6,3029.4,1578.0,241.9,Venda
SKU_1729_FUC,15/07/2025,E-commerce,1,174.9,70.64,104.26,Venda
SKU_1686_MOS,15/07/2025,Varejo,1,214.9,64.59,150.31,Venda
SKU_1703_PAS,15/07/2025,Varejo,1,269.9,95.47,174.43,Venda
SKU_1735_COR,15/07/2025,Atacado,5,1349.5,585.55,152.79,Venda
SKU_1578_PAS,15/07/2025,Varejo,2,249.8,111.22,69.29,Venda
SKU_1691_HUN,15/07/2025,Varejo,2,619.8,290.54,164.63,Venda
SKU_1704_PEA,15/07/2025,Varejo,1,334.9,150.84,184.06,Venda
SKU_1690_MAG,15/07/2025,E-commerce,1,539.9,225.36,314.54,Venda
SKU_1727_LIG,15/07/2025,Varejo,2,309.8,149.76,80.02,Venda
SKU_1755_BIR,15/07/2025,Varejo,1,334.9,134.74,200.16,Venda
SKU_1784_EGR,15/07/2025,Varejo,3,929.7,361.95,189.25,Venda
SKU_1577_HUN,15/07/2025,Varejo,1,159.9,68.17,91.73,Venda
SKU_1446_GAR,15/07/2025,Varejo,1,269.9,127.26,142.64,Venda
SKU_1766_MYS,15/07/2025,E-commerce,1,394.9,138.92,255.98,Venda
SKU_1793_WHI,15/07/2025,Atacado,10,1899.0,995.4,90.36,Venda
SKU_1703_BLU,15/07/2025,Atacado,3,809.7,398.19,137.17,Venda
SKU_1735_COR,15/07/2025,Varejo,1,269.9,131.21,138.69,Venda
SKU_1780_LIG,15/07/2025,Atacado,6,2009.4,1106.28,150.52,Venda
SKU_1477_EME,15/07/2025,Atacado,5,1124.5,562.95,112.31,Venda
SKU_1713_SNO,15/07/2025,Atacado,8,4039.2,1859.04,272.52,Venda
SKU_1693_FLA,15/07/2025,Atacado,3,614.7,333.12,93.86,Venda
SKU_1552_CLE,15/07/2025,Atacado,4,2639.6,1139.56,375.01,Venda
SKU_1797_GAR,15/07/2025,Atacado,3,1139.7,627.18,170.84,Venda
SKU_1435_OLI,15/07/2025,Varejo,2,2019.8,653.16,683.32,Venda
SKU_1728_EGR,15/07/2025,Atacado,6,1979.4,1009.86,161.59,Venda
SKU_1793_WHI,15/07/2025,Atacado,10,1899.0,839.6,105.94,Venda
SKU_1686_SKY,15/07/2025,Atacado,5,1074.5,572.35,100.43,Venda
SKU_1732_WHI,15/07/2025,Atacado,8,8919.2,4286.64,579.07,Venda
SKU_1761_SAP,15/07/2025,Varejo,1,1104.9,526.43,578.47,Venda
SKU_1769_EME,15/07/2025,E-commerce,1,324.9,137.33,187.57,Venda
SKU_1784_BLA,15/07/2025,Varejo,1,309.9,99.77,210.13,Venda
SKU_1682_BIR,15/07/2025,Varejo,1,234.9,90.87,144.03,Venda
SKU_1455_TEA,15/07/2025,Varejo,1,334.9,152.41,182.49,Venda
SKU_1705_JAD,15/07/2025,Varejo,1,409.9,181.94,227.96,Venda
SKU_1694_PIS,15/07/2025,Atacado,3,839.7,414.57,141.71,Venda
SKU_1626_BAB,15/07/2025,Varejo,2,1079.8,349.86,364.97,Venda
SKU_1688_WHI,15/07/2025,E-commerce,1,429.9,190.14,239.76,Venda
SKU_1718_DUS,15/07/2025,Atacado,8,2959.2,1263.52,211.96,Venda
SKU_1775_PAL,15/07/2025,Varejo,1,279.9,135.91,143.99,Venda
SKU_1729_FUC,15/07/2025,Varejo,3,524.7,187.08,112.54,Venda
SKU_1797_BLU,15/07/2025,E-commerce,1,379.9,172.57,207.33,Venda
SKU_1710_OLI,15/07/2025,Atacado,2,1619.8,777.38,421.21,Venda
SKU_1784_BLA,15/07/2025,E-commerce,1,309.9,131.84,178.06,Venda
SKU_1703_BLU,15/07/2025,Varejo,2,539.8,261.4,139.2,Venda
SKU_1617_MIN,15/07/2025,Atacado,4,659.6,312.16,86.86,Venda
SKU_1410_ROS,15/07/2025,Varejo,1,1139.9,508.55,631.35,Venda
SKU_1725_OFF,15/07/2025,Varejo,1,244.9,119.66,125.24,Venda
SKU_1694_PIS,15/07/2025,Atacado,3,839.7,402.21,145.83,Venda
SKU_1784_BLA,15/07/2025,E-commerce,1,309.9,94.53,215.37,Venda
SKU_1754_SER,15/07/2025,Varejo,1,339.9,107.73,232.17,Venda
SKU_1759_COB,15/07/2025,Atacado,3,809.7,375.66,144.68,Venda
SKU_1783_BAB,15/07/2025,Atacado,6,7199.4,3415.68,630.62,Venda
SKU_1696_SER,15/07/2025,E-commerce,1,279.9,114.7,165.2,Venda
SKU_1773_OLI,15/07/2025,Atacado,8,2599.2,1439.12,145.01,Venda
SKU_1733_NAV,15/07/2025,Varejo,2,699.8,222.82,238.49,Venda
SKU_1748_COB,15/07/2025,Varejo,1,309.9,128.87,181.03,Venda
SKU_1399_PAL,15/07/2025,Varejo,1,269.9,123.85,146.05,Venda
SKU_1728_MID,15/07/2025,Atacado,4,1319.6,727.0,148.15,Venda
SKU_1708_FRE,15/07/2025,Varejo,2,339.8,140.5,99.65,Venda
SKU_1791_IVO,15/07/2025,E-commerce,2,529.8,201.66,164.07,Venda
SKU_1777_TUR,15/07/2025,Varejo,1,239.9,97.35,142.55,Venda
SKU_1687_FOR,15/07/2025,Atacado,5,4499.5,1928.85,514.13,Venda
SKU_1799_POW,15/07/2025,Atacado,4,1079.6,505.12,143.62,Venda
SKU_1680_SEA,15/07/2025,Atacado,5,1674.5,854.1,164.08,Venda
SKU_1580_MOS,15/07/2025,Varejo,1,189.9,75.46,114.44,Venda
SKU_1725_OFF,15/07/2025,Varejo,1,244.9,90.48,154.42,Venda
SKU_1750_SNO,15/07/2025,Atacado,4,1479.6,771.48,177.03,Venda
SKU_1746_EME,15/07/2025,Atacado,10,1799.0,851.4,94.76,Venda
SKU_1772_SNO,15/07/2025,E-commerce,1,414.9,165.72,249.18,Venda
SKU_1752_SPA,15/07/2025,E-commerce,1,429.9,204.36,225.54,Venda
SKU_1728_MID,15/07/2025,Atacado,3,989.7,437.25,184.15,Venda
SKU_1684_SHO,15/07/2025,Atacado,4,739.6,386.2,88.35,Venda
SKU_1722_PAS,15/07/2025,Atacado,6,1949.4,944.64,167.46,Venda
SKU_1685_BIR,15/07/2025,Varejo,1,664.9,257.32,407.58,Venda
SKU_1689_MAG,15/07/2025,Atacado,3,2894.7,1506.12,462.86,Venda
SKU_1681_OFF,15/07/2025,Varejo,3,704.7,311.55,131.05,Venda
SKU_1748_COB,15/07/2025,Varejo,1,309.9,107.89,202.01,Venda
SKU_1763_MAR,15/07/2025,Varejo,1,299.9,139.89,160.01,Venda
SKU_1774_MOS,15/07/2025,Varejo,1,204.9,74.37,130.53,Venda
SKU_1684_SHO,15/07/2025,Varejo,2,369.8,177.3,96.25,Venda
SKU_1787_BAB,15/07/2025,Atacado,5,1449.5,665.1,156.88,Venda
SKU_1656_FUC,15/07/2025,Atacado,3,704.7,303.78,133.64,Venda
SKU_1732_OFF,15/07/2025,Varejo,1,1114.9,336.72,778.18,Venda
SKU_1763_MAR,15/07/2025,Varejo,2,599.8,203.42,198.19,Venda
SKU_1801_FLA,15/07/2025,E-commerce,1,374.9,180.89,194.01,Venda
SKU_1800_SKY,15/07/2025,Varejo,2,559.8,214.26,172.77,Venda
SKU_1718_SEA,15/07/2025,Varejo,1,369.9,163.71,206.19,Venda
SKU_1778_TEA,15/07/2025,E-commerce,1,284.9,117.26,167.64,Venda
SKU_1725_BAB,15/07/2025,Varejo,2,489.8,192.06,148.87,Venda
SKU_1693_MEX,15/07/2025,Atacado,6,1229.4,596.64,105.46,Venda
SKU_1522_BIR,15/07/2025,Atacado,5,749.5,329.15,84.07,Venda
SKU_1732_OFF,15/07/2025,Varejo,2,2229.8,962.1,633.85,Venda
SKU_1766_CLE,15/07/2025,E-commerce,1,394.9,184.68,210.22,Venda
SKU_1688_WHI,15/07/2025,Varejo,3,1289.7,499.17,263.51,Venda
SKU_1745_FOR,15/07/2025,Varejo,1,409.9,145.06,264.84,Venda
SKU_1745_FOR,15/07/2025,Atacado,3,1229.7,578.46,217.08,Venda
SKU_1425_WHI,15/07/2025,Atacado,6,1259.4,600.24,109.86,Venda
SKU_1801_FLA,15/07/2025,Atacado,8,2999.2,1737.68,157.69,Venda
SKU_1744_EME,15/07/2025,E-commerce,1,264.9,96.47,168.43,Venda
SKU_1700_PIS,15/07/2025,Atacado,4,2799.6,1304.4,373.8,Venda
SKU_1790_EGR,15/07/2025,Varejo,1,259.9,100.99,158.91,Venda
SKU_1734_FRE,15/07/2025,Atacado,3,1049.7,504.27,181.81,Venda
SKU_1681_PIS,15/07/2025,E-commerce,1,234.9,99.9,135.0,Venda
SKU_1713_SNO,15/07/2025,Atacado,8,4039.2,2161.6,234.7,Venda
SKU_1562_CLO,15/07/2025,Atacado,6,1859.4,1003.5,142.65,Venda
SKU_1750_SNO,15/07/2025,Varejo,1,369.9,160.29,209.61,Venda
SKU_1426_SEA,15/07/2025,Atacado,4,519.6,243.84,68.94,Venda
SKU_1728_EGR,15/07/2025,Atacado,5,1649.5,781.9,173.52,Venda
SKU_1695_LIM,15/07/2025,Atacado,4,839.6,363.44,119.04,Venda
SKU_1716_AQU,15/07/2025,Atacado,3,494.7,235.83,86.29,Venda
SKU_1749_SNO,15/07/2025,Atacado,5,1749.5,836.2,182.66,Venda
SKU_1731_ARM,15/07/2025,Atacado,2,1819.8,856.82,481.49,Venda
SKU_1681_PIS,15/07/2025,Varejo,1,234.9,114.98,119.92,Venda
SKU_1519_TEA,15/07/2025,Varejo,2,1259.8,475.64,392.08,Venda
SKU_1795_HUN,15/07/2025,Varejo,1,299.9,98.35,201.55,Venda
SKU_1572_BAL,15/07/2025,Varejo,1,139.9,53.12,86.78,Venda
SKU_1607_MAR,15/07/2025,Atacado,4,1199.6,575.4,156.05,Venda
SKU_1780_AQU,15/07/2025,Atacado,6,2009.4,929.58,179.97,Venda
SKU_1694_SER,15/07/2025,Atacado,3,839.7,426.48,137.74,Venda
SKU_1554_SKY,15/07/2025,Atacado,2,2069.8,971.24,549.28,Venda
SKU_1765_PAS,15/07/2025,Atacado,12,3118.8,1539.36,131.62,Venda
SKU_1767_PRI,15/07/2025,Varejo,1,204.9,92.57,112.33,Venda
SKU_1698_PRI,15/07/2025,Atacado,6,2519.4,1309.14,201.71,Venda
SKU_1780_LIG,15/07/2025,Atacado,8,2679.2,1406.0,159.15,Venda
SKU_1665_RAS,15/07/2025,Atacado,3,749.7,389.79,119.97,Venda
SKU_1605_COR,15/07/2025,Varejo,1,219.9,105.21,114.69,Venda
SKU_1716_AQU,15/07/2025,Atacado,10,1649.0,852.7,79.63,Venda
SKU_1748_BAB,15/07/2025,E-commerce,2,619.8,199.1,210.35,Venda
SKU_1780_LIG,15/07/2025,Atacado,5,1674.5,883.65,158.17,Venda
SKU_1748_COB,15/07/2025,Atacado,4,1239.6,635.28,151.08,Venda
SKU_1657_SPA,15/07/2025,Varejo,2,429.8,182.36,123.72,Venda
SKU_1488_IVO,15/07/2025,E-commerce,1,339.9,127.28,212.62,Venda
SKU_1591_MYS,15/07/2025,Varejo,1,889.9,345.09,544.81,Venda
SKU_1572_MAR,15/07/2025,Varejo,3,419.7,142.74,92.32,Venda
SKU_1458_MIN,15/07/2025,Varejo,1,349.9,161.07,188.83,Venda
SKU_1610_PRI,15/07/2025,Atacado,4,739.6,352.12,96.87,Venda
SKU_1705_JAD,15/07/2025,Atacado,5,2049.5,1054.0,199.1,Venda
SKU_1594_BAL,15/07/2025,Atacado,6,2999.4,1521.48,246.32,Venda
SKU_1713_SNO,15/07/2025,E-commerce,1,504.9,177.29,327.61,Venda
SKU_1681_PIS,15/07/2025,Atacado,4,939.6,403.8,133.95,Venda
SKU_1769_EME,15/07/2025,Varejo,1,324.9,142.15,182.75,Venda
SKU_1718_DUS,15/07/2025,Varejo,2,739.8,358.98,190.41,Venda
SKU_1789_SNO,15/07/2025,Varejo,1,269.9,122.28,147.62,Venda
SKU_1695_CRE,15/07/2025,Atacado,3,629.7,277.02,117.56,Venda
SKU_1778_TEA,15/07/2025,Varejo,1,284.9,134.86,150.04,Venda
SKU_1721_FRE,15/07/2025,Atacado,12,5038.8,2434.56,217.02,Venda
SKU_1705_JAD,15/07/2025,Atacado,4,1639.6,838.6,200.25,Venda
SKU_1650_OLI,15/07/2025,Varejo,1,1004.9,394.95,609.95,Venda
SKU_1724_PIN,15/07/2025,E-commerce,1,1114.9,462.5,652.4,Venda
SKU_1767_FUC,15/07/2025,Atacado,5,1024.5,465.5,111.8,Venda
SKU_1747_FUC,15/07/2025,Atacado,3,524.7,232.2,97.5,Venda
SKU_1717_MIN,15/07/2025,Varejo,1,259.9,83.26,176.64,Venda
SKU_1701_SPA,15/07/2025,E-commerce,1,339.9,125.02,214.88,Venda
SKU_1788_MYS,15/07/2025,Varejo,1,249.9,81.76,168.14,Venda
SKU_1663_FLA,15/07/2025,Atacado,4,3179.6,1831.04,337.14,Venda
SKU_1737_SAG,15/07/2025,Varejo,2,1539.8,580.14,479.83,Venda
SKU_1680_NAV,15/07/2025,Varejo,1,334.9,163.02,171.88,Venda
SKU_1725_OFF,15/07/2025,Atacado,12,2938.8,1532.76,117.17,Venda
SKU_1466_SAP,15/07/2025,Varejo,1,269.9,130.52,139.38,Venda
SKU_1752_SNO,15/07/2025,Atacado,5,2149.5,1096.45,210.61,Venda
SKU_1631_BAL,15/07/2025,E-commerce,1,179.9,55.61,124.29,Venda
SKU_1671_SEA,15/07/2025,Varejo,1,349.9,155.51,194.39,Venda
SKU_1787_BAB,15/07/2025,Varejo,1,289.9,101.82,188.08,Venda
SKU_1701_SPA,15/07/2025,Varejo,1,339.9,145.99,193.91,Venda
SKU_1704_BAB,15/07/2025,Varejo,1,334.9,166.11,168.79,Venda
SKU_1511_SKY,15/07/2025,Atacado,6,5609.4,2534.52,512.48,Venda
SKU_1799_POW,15/07/2025,E-commerce,1,269.9,117.35,152.55,Venda
SKU_1720_PAS,15/07/2025,Atacado,10,2249.0,1205.6,104.34,Venda
SKU_1730_OFF,15/07/2025,Varejo,1,319.9,158.74,161.16,Venda
SKU_1676_PIN,15/07/2025,Varejo,2,339.8,134.48,102.66,Venda
SKU_1740_FRE,15/07/2025,Varejo,1,214.9,99.53,115.37,Venda
SKU_1781_CLE,15/07/2025,Varejo,1,129.9,41.25,88.65,Venda
SKU_1549_PAS,15/07/2025,Atacado,5,924.5,395.75,105.75,Venda
SKU_1695_CRE,15/07/2025,Atacado,5,1049.5,498.15,110.27,Venda
SKU_1766_CLE,15/07/2025,Atacado,12,4738.8,2383.8,196.25,Venda
SKU_1768_MIN,15/07/2025,Varejo,1,624.9,301.69,323.21,Venda
SKU_1742_DEN,15/07/2025,Atacado,8,2079.2,1101.36,122.23,Venda
SKU_1741_PIN,15/07/2025,Varejo,2,479.8,150.14,164.83,Venda
SKU_1775_PAL,15/07/2025,Atacado,5,1399.5,794.75,120.95,Venda
SKU_1692_OLI,15/07/2025,Varejo,3,659.7,230.13,143.19,Venda
SKU_1794_LIG,15/07/2025,Atacado,3,629.7,309.78,106.64,Venda
SKU_1763_MAR,15/07/2025,Atacado,10,2999.0,1270.7,172.83,Venda
SKU_1413_SAG,15/07/2025,Atacado,4,739.6,378.32,90.32,Venda
SKU_1573_SAG,15/07/2025,Atacado,6,6149.4,3554.16,432.54,Venda
SKU_1796_OLI,15/07/2025,Atacado,2,1009.8,577.88,215.96,Venda
SKU_1767_FUC,15/07/2025,Varejo,1,204.9,63.28,141.62,Venda
SKU_1491_CER,15/07/2025,E-commerce,1,134.9,61.15,73.75,Venda
SKU_1690_MYS,15/07/2025,Varejo,1,539.9,203.27,336.63,Venda
SKU_1707_SAP,15/07/2025,Varejo,1,279.9,127.36,152.54,Venda
SKU_1775_PAL,15/07/2025,Varejo,2,559.8,271.02,144.39,Venda
SKU_1706_JAD,15/07/2025,Atacado,8,1479.2,649.36,103.73,Venda
SKU_1751_MIN,15/07/2025,Varejo,1,329.9,144.05,185.85,Venda
SKU_1773_OLI,15/07/2025,Atacado,8,2599.2,1256.24,167.87,Venda
SKU_1746_EME,15/07/2025,Atacado,4,719.6,320.56,99.76,Venda
SKU_1730_OFF,15/07/2025,Atacado,8,2559.2,1230.32,166.11,Venda
SKU_1718_SEA,15/07/2025,E-commerce,1,369.9,119.59,250.31,Venda
SKU_1770_DEE,15/07/2025,Varejo,1,219.9,83.43,136.47,Venda
SKU_1712_MOS,15/07/2025,E-commerce,1,179.9,77.37,102.53,Venda
SKU_1398_AQU,15/07/2025,Atacado,8,5399.2,2739.04,332.52,Venda
SKU_1677_VAN,15/07/2025,Varejo,1,569.9,253.06,316.84,Venda
SKU_1693_FLA,15/07/2025,Varejo,2,409.8,152.02,128.89,Venda
SKU_1704_BAB,15/07/2025,E-commerce,1,334.9,113.37,221.53,Venda
SKU_1630_LIM,15/07/2025,Atacado,3,1004.7,522.93,160.59,Venda
SKU_1798_OFF,15/07/2025,Varejo,1,419.9,154.68,265.22,Venda
SKU_1652_TEA,15/07/2025,Atacado,3,659.7,312.45,115.75,Venda
SKU_1791_IVO,15/07/2025,Atacado,4,1059.6,490.68,142.23,Venda
SKU_1743_DEE,15/07/2025,Varejo,1,439.9,199.69,240.21,Venda
SKU_1721_FRE,15/07/2025,Varejo,1,419.9,132.43,287.47,Venda
SKU_1766_CLE,15/07/2025,E-commerce,1,394.9,121.72,273.18,Venda
SKU_1512_TEA,15/07/2025,Atacado,6,1349.4,749.76,99.94,Venda
SKU_1726_BUB,15/07/2025,Varejo,1,429.9,193.53,236.37,Venda
SKU_1750_SNO,15/07/2025,Atacado,4,1479.6,646.32,208.32,Venda
SKU_1713_SNO,15/07/2025,Varejo,1,504.9,187.68,317.22,Venda
SKU_1775_PAL,15/07/2025,Atacado,4,1119.6,485.04,158.64,Venda
SKU_1407_OFF,15/07/2025,Varejo,2,429.8,196.4,116.7,Venda
SKU_1390_SAP,15/07/2025,Varejo,2,459.8,186.02,136.89,Venda
SKU_1773_OLI,15/07/2025,Atacado,2,649.8,336.06,156.87,Venda
SKU_1573_MIN,15/07/2025,Varejo,1,1024.9,436.13,588.77,Venda
SKU_1748_BAB,15/07/2025,Atacado,4,1239.6,647.4,148.05,Venda
SKU_1544_PEA,15/07/2025,Atacado,5,999.5,494.05,101.09,Venda
SKU_1694_SER,15/07/2025,Varejo,3,839.7,370.2,156.5,Venda
SKU_1786_TEA,15/07/2025,Varejo,2,359.8,178.82,90.49,Venda
SKU_1687_WHI,15/07/2025,Atacado,8,7199.2,3882.4,414.6,Venda
SKU_1687_WHI,15/07/2025,Varejo,1,899.9,387.82,512.08,Venda
SKU_1713_SAL,15/07/2025,E-commerce,1,504.9,209.53,295.37,Venda
SKU_1757_TUR,15/07/2025,Atacado,6,1589.4,876.48,118.82,Venda
SKU_1545_HOT,15/07/2025,Atacado,3,779.7,389.04,130.22,Venda
SKU_1491_CER,15/07/2025,Atacado,6,809.4,391.08,69.72,Venda
SKU_1681_OFF,15/07/2025,Varejo,1,234.9,92.99,141.91,Venda
SKU_1692_BLU,15/07/2025,Atacado,3,659.7,343.98,105.24,Venda
SKU_1747_TEA,15/07/2025,Atacado,6,1049.4,455.76,98.94,Venda
SKU_1782_NAV,15/07/2025,E-commerce,1,249.9,122.77,127.13,Venda
SKU_1756_FLA,15/07/2025,E-commerce,1,179.9,88.63,91.27,Venda
SKU_1713_SAL,15/07/2025,Atacado,5,2524.5,1191.95,266.51,Venda
SKU_1779_MIN,15/07/2025,Varejo,2,429.8,171.86,128.97,Venda
SKU_1792_AQU,15/07/2025,Atacado,4,1759.6,876.76,220.71,Venda
SKU_1705_JAD,15/07/2025,Varejo,1,409.9,172.89,237.01,Venda
SKU_1682_BIR,15/07/2025,Varejo,1,234.9,71.79,163.11,Venda
SKU_1790_ROY,15/07/2025,Atacado,2,519.8,236.5,141.65,Venda
SKU_1726_PAS,15/07/2025,Atacado,4,1719.6,821.64,224.49,Venda
SKU_1472_MYS,15/07/2025,Atacado,4,1879.6,1022.92,214.17,Venda
SKU_1799_POW,15/07/2025,Varejo,1,269.9,97.29,172.61,Venda
SKU_1671_SEA,15/07/2025,Varejo,2,699.8,325.04,187.38,Venda
SKU_1680_NAV,15/07/2025,E-commerce,1,334.9,141.09,193.81,Venda
SKU_1774_COB,15/07/2025,E-commerce,2,409.8,156.98,126.41,Venda
SKU_1738_ROY,15/07/2025,Varejo,1,194.9,62.41,132.49,Venda
SKU_1712_NAV,15/07/2025,Atacado,5,899.5,512.95,77.31,Venda
SKU_1729_FUC,15/07/2025,E-commerce,3,524.7,233.67,97.01,Venda
SKU_1682_OLI,15/07/2025,Varejo,1,234.9,91.57,143.33,Venda
SKU_1743_DEE,15/07/2025,Atacado,4,1759.6,836.04,230.89,Venda
SKU_1718_SEA,15/07/2025,Atacado,2,739.8,331.46,204.17,Venda
SKU_1779_MIN,15/07/2025,Varejo,1,214.9,100.97,113.93,Venda
SKU_1542_PEA,15/07/2025,E-commerce,2,939.8,372.56,283.62,Venda
SKU_1720_PAS,15/07/2025,Atacado,5,1124.5,661.85,92.53,Venda
SKU_1708_FRE,15/07/2025,Atacado,8,1359.2,714.24,80.62,Venda
SKU_1769_WHI,15/07/2025,Atacado,8,2599.2,1133.28,183.24,Venda
SKU_1728_MID,15/07/2025,Varejo,4,1319.6,636.36,170.81,Venda
SKU_1702_COR,15/07/2025,Varejo,1,619.9,223.04,396.86,Venda
SKU_1402_VAN,15/07/2025,Atacado,5,1174.5,721.7,90.56,Venda
SKU_1777_FRE,15/07/2025,Varejo,2,479.8,200.74,139.53,Venda
SKU_1749_SNO,15/07/2025,Varejo,1,349.9,171.12,178.78,Venda
SKU_1692_BLU,15/07/2025,Varejo,1,219.9,77.15,142.75,Venda
SKU_1438_DEE,15/07/2025,Varejo,2,409.8,136.46,136.67,Venda
SKU_1692_OLI,15/07/2025,Atacado,2,439.8,242.08,98.86,Venda
SKU_1690_MYS,15/07/2025,Varejo,1,539.9,198.66,341.24,Venda
SKU_1509_HOT,15/07/2025,Atacado,8,2559.2,1273.2,160.75,Venda
SKU_1776_BIR,15/07/2025,Varejo,1,329.9,112.17,217.73,Venda
SKU_1721_FRE,15/07/2025,Atacado,6,2519.4,1100.22,236.53,Venda
SKU_1685_COB,15/07/2025,Atacado,4,2659.6,1405.76,313.46,Venda
SKU_1685_BIR,15/07/2025,Atacado,4,2659.6,1221.04,359.64,Venda
SKU_1597_SHO,15/07/2025,E-commerce,1,529.9,168.02,361.88,Venda
SKU_1731_ARM,15/07/2025,Atacado,8,7279.2,3953.36,415.73,Venda
SKU_1738_ROY,15/07/2025,Atacado,12,2338.8,1020.0,109.9,Venda
SKU_1559_SKY,15/07/2025,E-commerce,1,1199.9,466.17,733.73,Venda
SKU_1743_DEE,15/07/2025,Varejo,1,439.9,149.06,290.84,Venda
SKU_1680_SEA,15/07/2025,Varejo,1,334.9,114.61,220.29,Venda
SKU_1721_COR,15/07/2025,E-commerce,1,419.9,186.13,233.77,Venda
SKU_1686_MOS,15/07/2025,Atacado,3,644.7,361.14,94.52,Venda
SKU_1568_FRE,15/07/2025,Atacado,5,1174.5,558.35,123.23,Venda
SKU_1792_AQU,15/07/2025,Varejo,1,439.9,139.82,300.08,Venda
SKU_1785_HUN,15/07/2025,Varejo,1,244.9,80.72,164.18,Venda
SKU_1568_PIN,15/07/2025,Varejo,1,234.9,91.66,143.24,Venda
SKU_1735_MOS,15/07/2025,E-commerce,1,269.9,96.32,173.58,Venda
SKU_1778_MIN,15/07/2025,Varejo,1,284.9,123.33,161.57,Venda
SKU_1456_EME,15/07/2025,Varejo,2,629.8,232.42,198.69,Venda
SKU_1785_HUN,15/07/2025,E-commerce,1,244.9,80.73,164.17,Venda
SKU_1735_COR,15/07/2025,Atacado,10,2699.0,1503.1,119.59,Venda
SKU_1749_BIR,15/07/2025,Varejo,1,349.9,111.96,237.94,Venda
SKU_1761_SAP,15/07/2025,Atacado,3,3314.7,1531.71,594.33,Venda
SKU_1633_SER,15/07/2025,Atacado,10,2349.0,1026.2,132.28,Venda
SKU_1705_SER,15/07/2025,Varejo,1,409.9,152.13,257.77,Venda
SKU_1510_ROS,15/07/2025,Atacado,4,3339.6,1921.68,354.48,Venda
SKU_1742_EME,15/07/2025,Varejo,2,519.8,223.1,148.35,Venda
SKU_1794_LIG,15/07/2025,Atacado,8,1679.2,757.52,115.21,Venda
SKU_1710_MEX,15/07/2025,Atacado,5,4049.5,1940.1,421.88,Venda
SKU_1795_HUN,15/07/2025,Varejo,2,599.8,282.72,158.54,Venda
SKU_1712_MOS,15/07/2025,Atacado,3,539.7,298.65,80.35,Venda
SKU_1680_SEA,15/07/2025,Atacado,2,669.8,283.48,193.16,Venda
SKU_1677_POW,15/07/2025,E-commerce,1,569.9,174.42,395.48,Venda
SKU_1750_MIN,15/07/2025,E-commerce,1,369.9,154.15,215.75,Venda
SKU_1758_CLO,15/07/2025,Varejo,1,179.9,59.63,120.27,Venda
SKU_1733_NAV,15/07/2025,E-commerce,2,699.8,312.78,193.51,Venda
SKU_1766_CLE,15/07/2025,Varejo,2,789.8,337.04,226.38,Venda
SKU_1475_VAN,15/07/2025,Varejo,2,499.8,194.98,152.41,Venda
SKU_1736_JAD,15/07/2025,E-commerce,1,324.9,132.99,191.91,Venda
SKU_1771_PIN,15/07/2025,Atacado,4,1059.6,595.44,116.04,Venda
SKU_1724_PIN,15/07/2025,Atacado,2,2229.8,987.88,620.96,Venda
SKU_1714_MID,15/07/2025,Atacado,10,3049.0,1540.4,150.86,Venda
SKU_1682_OLI,15/07/2025,Atacado,3,704.7,386.97,105.91,Venda
SKU_1596_BIR,15/07/2025,Varejo,1,274.9,111.83,163.07,Venda
SKU_1446_GAR,15/07/2025,Atacado,10,2699.0,1535.0,116.4,Venda
SKU_1767_PRI,15/07/2025,Varejo,1,204.9,62.7,142.2,Venda
SKU_1673_PEA,15/07/2025,Atacado,4,1639.6,729.48,227.53,Venda
SKU_1714_DEE,15/07/2025,Varejo,2,609.8,304.1,152.85,Venda
SKU_1800_MOS,15/07/2025,E-commerce,1,279.9,119.43,160.47,Venda
SKU_1744_EME,15/07/2025,Varejo,3,794.7,258.84,178.62,Venda
SKU_1768_MIN,15/07/2025,Atacado,4,2499.6,1264.0,308.9,Venda
SKU_1762_DEN,15/07/2025,Varejo,1,254.9,103.12,151.78,Venda
SKU_1791_ARM,15/07/2025,Atacado,10,2649.0,1416.9,123.21,Venda
SKU_1492_SKY,15/07/2025,Atacado,5,1874.5,913.7,192.16,Venda
SKU_1689_IVO,15/07/2025,E-commerce,1,964.9,340.18,624.72,Venda
SKU_1743_CLO,15/07/2025,Varejo,2,879.8,287.36,296.22,Venda
SKU_1716_AQU,15/07/2025,Varejo,1,164.9,67.7,97.2,Venda
SKU_1773_FRE,15/07/2025,Varejo,4,1299.6,510.44,197.29,Venda
SKU_1753_WHI,15/07/2025,Atacado,2,1579.8,790.16,394.82,Venda
SKU_1475_MIN,15/07/2025,Varejo,1,249.9,95.4,154.5,Venda
SKU_1767_PRI,15/07/2025,Atacado,5,1024.5,563.0,92.3,Venda
SKU_1600_SHO,15/07/2025,E-commerce,2,789.8,313.5,238.15,Venda
SKU_1793_MIN,15/07/2025,E-commerce,1,189.9,60.25,129.65,Venda
SKU_1801_MOS,15/07/2025,Atacado,3,1124.7,579.45,181.75,Venda
SKU_1507_PAS,15/07/2025,Atacado,10,1799.0,931.9,86.71,Venda
SKU_1589_TUR,15/07/2025,Atacado,5,3399.5,1536.65,372.57,Venda
SKU_1572_BAL,15/07/2025,Atacado,4,559.6,293.08,66.63,Venda
SKU_1762_BRI,15/07/2025,Varejo,1,254.9,119.58,135.32,Venda
SKU_1758_CLO,15/07/2025,Atacado,8,1439.2,714.72,90.56,Venda
SKU_1762_DEN,15/07/2025,Varejo,3,764.7,252.48,170.74,Venda
SKU_1721_FRE,15/07/2025,Atacado,6,2519.4,1242.36,212.84,Venda
SKU_1768_PEA,15/07/2025,Varejo,1,624.9,272.96,351.94,Venda
SKU_1770_DEE,15/07/2025,Varejo,1,219.9,77.96,141.94,Venda
SKU_1643_EGR,15/07/2025,Atacado,6,1349.4,660.9,114.75,Venda
SKU_1794_FLA,15/07/2025,Varejo,1,209.9,67.01,142.89,Venda
SKU_1731_ARM,15/07/2025,Varejo,2,1819.8,557.02,631.39,Venda
SKU_1627_BAB,15/07/2025,Atacado,3,989.7,470.16,173.18,Venda
SKU_1654_CRE,15/07/2025,Atacado,5,1549.5,834.45,143.01,Venda
SKU_1714_MID,15/07/2025,Varejo,1,304.9,108.71,196.19,Venda
SKU_1687_WHI,15/07/2025,Varejo,4,3599.6,1770.88,457.18,Venda
SKU_1684_HON,15/07/2025,Varejo,1,184.9,90.39,94.51,Venda
SKU_1777_TUR,15/07/2025,E-commerce,1,239.9,76.87,163.03,Venda
SKU_1760_PAS,15/07/2025,Atacado,3,749.7,397.86,117.28,Venda
SKU_1480_MEX,15/07/2025,Atacado,3,1109.7,538.41,190.43,Venda
SKU_1704_PEA,15/07/2025,Atacado,8,2679.2,1136.48,192.84,Venda
SKU_1762_DEN,15/07/2025,E-commerce,1,254.9,94.5,160.4,Venda
SKU_1751_BLU,15/07/2025,Varejo,1,329.9,133.97,195.93,Venda
SKU_1688_LIG,15/07/2025,Atacado,10,4299.0,2191.5,210.75,Venda
SKU_1682_OLI,15/07/2025,Atacado,5,1174.5,649.1,105.08,Venda
SKU_1799_POW,15/07/2025,Varejo,3,809.7,301.74,169.32,Venda
SKU_1608_MID,15/07/2025,E-commerce,1,304.9,119.3,185.6,Venda
SKU_1549_PAS,15/07/2025,Varejo,2,369.8,167.18,101.31,Venda
SKU_1772_SNO,15/07/2025,Varejo,1,414.9,129.55,285.35,Venda
SKU_1741_PIN,15/07/2025,Varejo,1,239.9,106.45,133.45,Venda
SKU_1728_EGR,15/07/2025,Atacado,8,2639.2,1248.32,173.86,Venda
SKU_1788_EME,15/07/2025,Atacado,6,1499.4,722.58,129.47,Venda
SKU_1744_EME,15/07/2025,Varejo,1,264.9,110.37,154.53,Venda
SKU_1755_BIR,15/07/2025,E-commerce,1,334.9,153.09,181.81,Venda
SKU_1751_BLU,15/07/2025,E-commerce,1,329.9,132.04,197.86,Venda
SKU_1759_COB,15/07/2025,Varejo,2,539.8,193.94,172.93,Venda
SKU_1706_BLA,15/07/2025,E-commerce,1,184.9,67.26,117.64,Venda
SKU_1717_CRE,15/07/2025,Varejo,1,259.9,121.0,138.9,Venda
SKU_1653_BAB,15/07/2025,Varejo,1,359.9,147.91,211.99,Venda
SKU_1749_BIR,15/07/2025,Atacado,6,2099.4,906.66,198.79,Venda
SKU_1419_FLA,15/07/2025,Atacado,4,999.6,425.96,143.41,Venda
SKU_1726_BUB,15/07/2025,Varejo,2,859.8,331.7,264.05,Venda
SKU_1782_HUN,15/07/2025,Varejo,1,249.9,78.51,171.39,Venda
SKU_1771_PIN,15/07/2025,Atacado,5,1324.5,720.9,120.72,Venda
SKU_1794_LIG,15/07/2025,Atacado,6,1259.4,604.14,109.21,Venda
SKU_1669_COR,15/07/2025,Varejo,3,599.7,208.59,130.37,Venda
SKU_1658_BAB,15/07/2025,E-commerce,1,879.9,434.05,445.85,Venda
SKU_1736_PAS,15/07/2025,Varejo,2,649.8,286.82,181.49,Venda
SKU_1705_JAD,15/07/2025,Atacado,3,1229.7,769.98,153.24,Venda
SKU_1421_LIG,15/07/2025,Varejo,1,229.9,77.34,152.56,Venda
SKU_1798_MOS,15/07/2025,E-commerce,1,419.9,173.62,246.28,Venda
SKU_1457_MAG,15/07/2025,Atacado,2,319.8,164.92,77.44,Venda
SKU_1703_BLU,15/07/2025,Varejo,1,269.9,120.17,149.73,Venda
SKU_1777_FRE,15/07/2025,Varejo,2,479.8,170.94,154.43,Venda
SKU_1760_PAS,15/07/2025,Atacado,4,999.6,495.72,125.97,Venda
SKU_1760_OFF,15/07/2025,E-commerce,1,249.9,109.16,140.74,Venda
SKU_1632_SAP,15/07/2025,Varejo,1,184.9,90.77,94.13,Venda
SKU_1426_SEA,15/07/2025,Varejo,1,129.9,55.31,74.59,Venda
SKU_1712_NAV,15/07/2025,Varejo,1,179.9,56.89,123.01,Venda
SKU_1691_ROS,15/07/2025,Atacado,2,619.8,271.88,173.96,Venda
SKU_1447_OLI,15/07/2025,Varejo,1,239.9,114.58,125.32,Venda
SKU_1722_AQU,15/07/2025,Atacado,3,974.7,539.46,145.08,Venda
SKU_1503_VAN,15/07/2025,Atacado,8,1839.2,970.8,108.55,Venda
SKU_1722_PAS,15/07/2025,Atacado,12,3898.8,1858.32,170.04,Venda
SKU_1443_PRI,15/07/2025,E-commerce,1,269.9,114.09,155.81,Venda
SKU_1757_PIN,15/07/2025,Atacado,5,1324.5,596.45,145.61,Venda
SKU_1442_EME,15/07/2025,Varejo,1,289.9,103.46,186.44,Venda
SKU_1784_BLA,15/07/2025,Atacado,3,929.7,413.7,172.0,Venda
SKU_1713_SAL,15/07/2025,Atacado,5,2524.5,1316.65,241.57,Venda
SKU_1801_MOS,15/07/2025,Atacado,6,2249.4,1155.06,182.39,Venda
SKU_1694_PIS,15/07/2025,Atacado,6,1679.4,745.38,155.67,Venda
SKU_1766_CLE,15/07/2025,E-commerce,2,789.8,355.3,217.25,Venda
SKU_1699_COB,15/07/2025,Atacado,3,989.7,446.1,181.2,Venda
SKU_1773_OLI,15/07/2025,Atacado,2,649.8,293.46,178.17,Venda
SKU_1701_SPA,15/07/2025,Atacado,2,679.8,348.96,165.42,Venda
SKU_1417_BIR,15/07/2025,Atacado,4,1119.6,583.72,133.97,Venda
SKU_1704_BAB,15/07/2025,Varejo,2,669.8,334.68,167.56,Venda
SKU_1782_NAV,15/07/2025,E-commerce,3,749.7,308.4,147.1,Venda
SKU_1757_PIN,15/07/2025,Varejo,1,264.9,100.12,164.78,Venda
SKU_1789_SNO,15/07/2025,Atacado,6,1619.4,830.28,131.52,Venda
SKU_1714_MID,15/07/2025,E-commerce,1,304.9,98.72,206.18,Venda
SKU_1743_CLO,15/07/2025,Atacado,5,2199.5,1046.6,230.58,Venda
SKU_1784_EGR,15/07/2025,Atacado,3,929.7,467.01,154.23,Venda
SKU_1774_COB,15/07/2025,Atacado,5,1024.5,517.05,101.49,Venda
SKU_1777_FRE,15/07/2025,Atacado,6,1439.4,731.46,117.99,Venda
SKU_1760_PAS,15/07/2025,Varejo,2,499.8,173.32,163.24,Venda
SKU_1761_SAP,15/07/2025,Varejo,1,1104.9,454.47,650.43,Venda
SKU_1698_PRI,15/07/2025,Atacado,6,2519.4,1393.5,187.65,Venda
SKU_1713_SNO,15/07/2025,Varejo,1,504.9,186.64,318.26,Venda
SKU_1798_OFF,15/07/2025,Varejo,1,419.9,173.28,246.62,Venda
SKU_1763_HOT,15/07/2025,Varejo,1,299.9,96.81,203.09,Venda
SKU_1761_SAP,15/07/2025,E-commerce,1,1104.9,463.47,641.43,Venda
SKU_1767_PRI,15/07/2025,Varejo,1,204.9,102.38,102.52,Venda
SKU_1497_FUC,15/07/2025,E-commerce,1,134.9,51.41,83.49,Venda
SKU_1696_SHO,15/07/2025,Varejo,1,279.9,93.32,186.58,Venda
SKU_1796_SHO,15/07/2025,Atacado,2,1009.8,572.48,218.66,Venda
SKU_1787_BAB,15/07/2025,E-commerce,1,289.9,129.44,160.46,Venda
SKU_1695_LIM,15/07/2025,Varejo,3,629.7,295.92,111.26,Venda
SKU_1614_IVO,15/07/2025,Atacado,4,1779.6,892.8,221.7,Venda
SKU_1771_EME,15/07/2025,Varejo,1,264.9,80.07,184.83,Venda
SKU_1764_FUC,15/07/2025,Varejo,1,234.9,95.57,139.33,Venda
SKU_1712_NAV,15/07/2025,Atacado,5,899.5,429.8,93.94,Venda
SKU_1707_SAP,15/07/2025,Varejo,1,279.9,104.19,175.71,Venda
SKU_1766_MYS,15/07/2025,Varejo,1,394.9,164.98,229.92,Venda
SKU_1702_LIG,15/07/2025,Atacado,8,4959.2,2831.2,266.0,Venda
SKU_1762_DEN,15/07/2025,Atacado,4,1019.6,585.8,108.45,Venda
SKU_1741_PEA,15/07/2025,Atacado,6,1439.4,692.22,124.53,Venda
SKU_1784_BLA,15/07/2025,Atacado,6,1859.4,1005.9,142.25,Venda
SKU_1738_ROY,15/07/2025,Varejo,1,194.9,95.77,99.13,Venda
SKU_1447_OLI,15/07/2025,Varejo,1,239.9,72.63,167.27,Venda
SKU_1719_OFF,15/07/2025,Atacado,6,1919.4,1007.76,151.94,Venda
SKU_1800_SKY,15/07/2025,Varejo,2,559.8,197.32,181.24,Venda
SKU_1693_FLA,15/07/2025,E-commerce,1,204.9,77.09,127.81,Venda
SKU_1694_PIS,15/07/2025,Atacado,6,1679.4,881.94,132.91,Venda
SKU_1726_BUB,15/07/2025,Varejo,2,859.8,310.94,274.43,Venda
SKU_1720_PAL,15/07/2025,Varejo,1,224.9,70.82,154.08,Venda
SKU_1699_COB,15/07/2025,Varejo,1,329.9,141.6,188.3,Venda
SKU_1633_DEN,15/07/2025,Atacado,3,704.7,325.62,126.36,Venda
SKU_1746_EME,15/07/2025,E-commerce,2,359.8,142.18,108.81,Venda
SKU_1793_MIN,15/07/2025,Atacado,8,1519.2,641.04,109.77,Venda
SKU_1684_SHO,15/07/2025,Atacado,8,1479.2,764.4,89.35,Venda
SKU_1764_FUC,15/07/2025,Atacado,3,704.7,368.58,112.04,Venda
SKU_1546_PAS,15/07/2025,Varejo,1,174.9,52.48,122.42,Venda
SKU_1742_DEN,15/07/2025,Atacado,3,779.7,391.2,129.5,Venda
SKU_1768_MIN,15/07/2025,E-commerce,2,1249.8,439.24,405.28,Venda
SKU_1745_PEA,15/07/2025,Varejo,1,409.9,174.77,235.13,Venda
SKU_1741_PEA,15/07/2025,Varejo,1,239.9,105.1,134.8,Venda
SKU_1679_GAR,15/07/2025,Varejo,1,919.9,343.36,576.54,Venda
SKU_1743_DEE,15/07/2025,E-commerce,1,439.9,141.52,298.38,Venda
SKU_1777_TUR,15/07/2025,E-commerce,2,479.8,167.76,156.02,Venda
SKU_1751_BLU,15/07/2025,Varejo,1,329.9,128.95,200.95,Venda
SKU_1542_PEA,15/07/2025,Atacado,4,1879.6,812.72,266.72,Venda
SKU_1780_LIG,15/07/2025,Atacado,6,2009.4,1002.18,167.87,Venda
SKU_1412_SHO,15/07/2025,Varejo,1,894.9,337.28,557.62,Venda
SKU_1723_MOS,15/07/2025,Atacado,5,2174.5,1170.45,200.81,Venda
SKU_1691_ROS,15/07/2025,Varejo,1,309.9,132.65,177.25,Venda
SKU_1683_PAL,15/07/2025,Varejo,1,314.9,119.36,195.54,Venda
SKU_1701_BLU,15/07/2025,Atacado,6,2039.4,865.56,195.64,Venda
SKU_1734_BRI,15/07/2025,Atacado,3,1049.7,519.63,176.69,Venda
SKU_1560_PAL,15/07/2025,Varejo,1,224.9,93.61,131.29,Venda
SKU_1690_MAG,15/07/2025,Varejo,2,1079.8,512.3,283.75,Venda
SKU_1707_SAP,15/07/2025,Varejo,1,279.9,133.79,146.11,Venda
SKU_1681_OFF,15/07/2025,E-commerce,1,234.9,85.89,149.01,Venda
SKU_1771_PIN,15/07/2025,Atacado,4,1059.6,557.72,125.47,Venda
SKU_1723_COB,15/07/2025,Varejo,1,434.9,168.95,265.95,Venda
SKU_1706_JAD,15/07/2025,Atacado,12,2218.8,1165.44,87.78,Venda
SKU_1767_FUC,15/07/2025,Atacado,6,1229.4,624.12,100.88,Venda
SKU_1705_SER,15/07/2025,Varejo,1,409.9,186.48,223.42,Venda
SKU_1730_MIN,15/07/2025,Atacado,5,1599.5,820.35,155.83,Venda
SKU_1760_OFF,15/07/2025,Varejo,1,249.9,86.18,163.72,Venda
SKU_1723_COB,15/07/2025,Atacado,5,2174.5,1142.05,206.49,Venda
SKU_1522_MOS,15/07/2025,Atacado,5,749.5,355.0,78.9,Venda
SKU_1736_JAD,15/07/2025,E-commerce,1,324.9,103.51,221.39,Venda
SKU_1513_PAS,15/07/2025,Atacado,10,2149.0,1128.6,102.04,Venda
SKU_1711_ARM,15/07/2025,E-commerce,1,994.9,320.71,674.19,Venda
SKU_1510_SNO,15/07/2025,Varejo,1,834.9,357.81,477.09,Venda
SKU_1755_BIR,15/07/2025,Varejo,1,334.9,135.76,199.14,Venda
SKU_1740_OLI,15/07/2025,E-commerce,1,214.9,77.73,137.17,Venda
SKU_1695_CRE,15/07/2025,Atacado,8,1679.2,811.2,108.5,Venda
SKU_1750_MIN,15/07/2025,Varejo,2,739.8,270.66,234.57,Venda
SKU_1593_LIG,15/07/2025,Varejo,1,144.9,68.58,76.32,Venda
SKU_1775_PAS,15/07/2025,Varejo,2,559.8,221.68,169.06,Venda
SKU_1447_OLI,15/07/2025,Varejo,1,239.9,105.32,134.58,Venda
SKU_1756_FLA,15/07/2025,Varejo,1,179.9,86.34,93.56,Venda
SKU_1761_SAP,15/07/2025,Atacado,8,8839.2,4735.12,513.01,Venda
SKU_1768_PEA,15/07/2025,Varejo,1,624.9,288.03,336.87,Venda
SKU_1779_MIN,15/07/2025,Atacado,4,859.6,444.56,103.76,Venda
SKU_1759_CLE,15/07/2025,Atacado,3,809.7,374.76,144.98,Venda
SKU_1730_MIN,15/07/2025,Atacado,5,1599.5,865.0,146.9,Venda
SKU_1741_PEA,15/07/2025,Varejo,1,239.9,76.23,163.67,Venda
SKU_1795_RAS,15/07/2025,Atacado,4,1199.6,628.92,142.67,Venda
SKU_1750_MIN,15/07/2025,Atacado,3,1109.7,582.09,175.87,Venda
SKU_1425_WHI,15/07/2025,Atacado,6,1259.4,593.46,110.99,Venda
SKU_1607_GAR,15/07/2025,Varejo,3,899.7,270.42,209.76,Venda
SKU_1749_SNO,15/07/2025,Atacado,2,699.8,336.38,181.71,Venda
SKU_1687_FOR,15/07/2025,Atacado,6,5399.4,2579.88,469.92,Venda
SKU_1391_LIG,15/07/2025,Varejo,1,284.9,103.28,181.62,Venda
SKU_1729_CLE,15/07/2025,E-commerce,2,349.8,105.28,122.26,Venda
SKU_1560_CRE,15/07/2025,Atacado,6,1349.4,637.8,118.6,Venda
SKU_1770_JAD,15/07/2025,Atacado,6,1319.4,809.1,85.05,Venda
SKU_1783_BAB,15/07/2025,E-commerce,1,1199.9,589.85,610.05,Venda
SKU_1396_FUC,15/07/2025,Atacado,6,809.4,463.62,57.63,Venda
SKU_1742_DEN,15/07/2025,Atacado,6,1559.4,791.94,127.91,Venda
SKU_1781_CLE,15/07/2025,Atacado,8,1039.2,490.08,68.64,Venda
SKU_1722_PAS,15/07/2025,Atacado,8,2599.2,1317.52,160.21,Venda
SKU_1795_RAS,15/07/2025,Varejo,1,299.9,102.19,197.71,Venda
SKU_1752_SPA,15/07/2025,Atacado,10,4299.0,1911.5,238.75,Venda
SKU_1756_FLA,15/07/2025,Atacado,3,539.7,284.85,84.95,Venda
SKU_1756_BUB,15/07/2025,Atacado,6,1079.4,572.04,84.56,Venda
SKU_1779_MIN,15/07/2025,Varejo,2,429.8,190.26,119.77,Venda
SKU_1756_FLA,15/07/2025,Varejo,1,179.9,88.79,91.11,Venda
SKU_1713_SNO,15/07/2025,Varejo,1,504.9,225.98,278.92,Venda
SKU_1549_PAS,15/07/2025,Varejo,1,184.9,70.18,114.72,Venda
SKU_1762_BRI,15/07/2025,Atacado,4,1019.6,486.08,133.38,Venda
SKU_1749_BIR,15/07/2025,Atacado,4,1399.6,682.04,179.39,Venda
SKU_1454_BRI,15/07/2025,Atacado,5,749.5,321.15,85.67,Venda
SKU_1481_TEA,15/07/2025,Atacado,3,2429.7,1148.76,426.98,Venda
SKU_1746_EME,15/07/2025,Varejo,1,179.9,83.37,96.53,Venda
SKU_1529_MIN,15/07/2025,Atacado,4,979.6,421.36,139.56,Venda
SKU_1774_MOS,15/07/2025,Varejo,1,204.9,69.64,135.26,Venda
SKU_1735_COR,15/07/2025,Atacado,4,1079.6,510.12,142.37,Venda
SKU_1709_CRE,15/07/2025,Atacado,4,839.6,394.96,111.16,Venda
SKU_1673_PEA,15/07/2025,Atacado,5,2049.5,1066.6,196.58,Venda
SKU_1785_HUN,16/07/2025,Varejo,1,244.9,82.55,162.35,Venda
SKU_1710_OLI,16/07/2025,Atacado,6,4859.4,2380.62,413.13,Venda
SKU_1707_ARM,16/07/2025,Atacado,8,2239.2,1136.16,137.88,Venda
SKU_1484_MOS,16/07/2025,Atacado,2,919.8,477.22,221.29,Venda
SKU_1692_BLU,16/07/2025,Atacado,5,1099.5,535.9,112.72,Venda
SKU_1535_NAV,16/07/2025,Varejo,1,304.9,126.17,178.73,Venda
SKU_1680_NAV,16/07/2025,Varejo,1,334.9,137.79,197.11,Venda
SKU_1745_FOR,16/07/2025,Varejo,4,1639.6,500.36,284.81,Venda
SKU_1801_FLA,16/07/2025,Varejo,1,374.9,168.25,206.65,Venda
SKU_1661_CER,16/07/2025,Varejo,3,2969.7,1349.91,539.93,Venda
SKU_1768_MIN,16/07/2025,E-commerce,1,624.9,255.05,369.85,Venda
SKU_1705_JAD,16/07/2025,Varejo,1,409.9,175.91,233.99,Venda
SKU_1756_BUB,16/07/2025,Atacado,3,539.7,261.51,92.73,Venda
SKU_1764_FUC,16/07/2025,Varejo,2,469.8,210.92,129.44,Venda
SKU_1783_EGR,16/07/2025,Atacado,8,9599.2,5032.72,570.81,Venda
SKU_1759_COB,16/07/2025,Varejo,4,1079.6,397.68,170.48,Venda
SKU_1795_HUN,16/07/2025,Varejo,3,899.7,294.93,201.59,Venda
SKU_1578_TEA,16/07/2025,Atacado,2,249.8,125.46,62.17,Venda
SKU_1750_SNO,16/07/2025,E-commerce,1,369.9,170.69,199.21,Venda
SKU_1785_PAS,16/07/2025,Atacado,12,2938.8,1636.2,108.55,Venda
SKU_1762_BRI,16/07/2025,Atacado,6,1529.4,730.8,133.1,Venda
SKU_1427_AQU,16/07/2025,Atacado,4,799.6,349.56,112.51,Venda
SKU_1782_NAV,16/07/2025,Varejo,2,499.8,245.26,127.27,Venda
SKU_1755_AQU,16/07/2025,Varejo,2,669.8,334.14,167.83,Venda
SKU_1525_MYS,16/07/2025,E-commerce,1,289.9,102.6,187.3,Venda
SKU_1700_HUN,16/07/2025,E-commerce,1,699.9,220.3,479.6,Venda
SKU_1686_SKY,16/07/2025,E-commerce,1,214.9,106.9,108.0,Venda
SKU_1611_MID,16/07/2025,Atacado,3,659.7,321.66,112.68,Venda
SKU_1568_PIN,16/07/2025,Atacado,8,1879.2,954.0,115.65,Venda
SKU_1480_SNO,16/07/2025,Atacado,8,2959.2,1482.64,184.57,Venda
SKU_1486_OLI,16/07/2025,Atacado,10,2899.0,1732.8,116.62,Venda
SKU_1739_MOS,16/07/2025,Varejo,1,254.9,127.02,127.88,Venda
SKU_1652_TEA,16/07/2025,Atacado,3,659.7,358.68,100.34,Venda
SKU_1777_TUR,16/07/2025,Atacado,6,1439.4,679.38,126.67,Venda
SKU_1569_WHI,16/07/2025,E-commerce,2,439.8,137.56,151.12,Venda
SKU_1682_BIR,16/07/2025,Atacado,8,1879.2,878.8,125.05,Venda
SKU_1734_BRI,16/07/2025,Atacado,4,1399.6,671.24,182.09,Venda
SKU_1786_POW,16/07/2025,Varejo,1,179.9,81.59,98.31,Venda
SKU_1765_PAS,16/07/2025,E-commerce,1,259.9,79.53,180.37,Venda
SKU_1727_WHI,16/07/2025,Atacado,5,774.5,366.15,81.67,Venda
SKU_1737_DEE,16/07/2025,Atacado,4,3079.6,1458.76,405.21,Venda
SKU_1738_ROY,16/07/2025,Atacado,12,2338.8,1238.4,91.7,Venda
SKU_1744_LIG,16/07/2025,Atacado,3,794.7,401.19,131.17,Venda
SKU_1725_OFF,16/07/2025,E-commerce,1,244.9,118.43,126.47,Venda
SKU_1709_CRE,16/07/2025,Atacado,12,2518.8,1349.28,97.46,Venda
SKU_1491_GAR,16/07/2025,Varejo,1,134.9,48.9,86.0,Venda
SKU_1776_BIR,16/07/2025,Varejo,1,329.9,109.69,220.21,Venda
SKU_1738_BLU,16/07/2025,Atacado,5,974.5,414.05,112.09,Venda
SKU_1568_PIN,16/07/2025,Varejo,1,234.9,95.32,139.58,Venda
SKU_1568_FRE,16/07/2025,Varejo,1,234.9,100.59,134.31,Venda
SKU_1617_DEN,16/07/2025,Varejo,1,164.9,78.25,86.65,Venda
SKU_1779_LIG,16/07/2025,Atacado,4,859.6,517.52,85.52,Venda
SKU_1535_NAV,16/07/2025,E-commerce,1,304.9,92.17,212.73,Venda
SKU_1753_WHI,16/07/2025,Atacado,3,2369.7,1214.58,385.04,Venda
SKU_1719_OFF,16/07/2025,Atacado,12,3838.8,2366.16,122.72,Venda
SKU_1769_EME,16/07/2025,Varejo,1,324.9,140.27,184.63,Venda
SKU_1719_WHI,16/07/2025,Atacado,5,1599.5,905.7,138.76,Venda
SKU_1737_SAG,16/07/2025,Atacado,2,1539.8,745.66,397.07,Venda
SKU_1731_MIN,16/07/2025,E-commerce,1,909.9,430.71,479.19,Venda
SKU_1797_GAR,16/07/2025,Varejo,1,379.9,185.77,194.13,Venda
SKU_1736_JAD,16/07/2025,E-commerce,1,324.9,161.13,163.77,Venda
SKU_1731_MIN,16/07/2025,E-commerce,1,909.9,371.96,537.94,Venda
SKU_1740_OLI,16/07/2025,Varejo,1,214.9,66.65,148.25,Venda
SKU_1571_BIR,16/07/2025,Atacado,3,749.7,364.68,128.34,Venda
SKU_1545_TEA,16/07/2025,Varejo,1,259.9,83.13,176.77,Venda
SKU_1731_ARM,16/07/2025,E-commerce,1,909.9,447.11,462.79,Venda
SKU_1767_PRI,16/07/2025,Atacado,3,614.7,350.4,88.1,Venda
SKU_1642_OFF,16/07/2025,E-commerce,1,224.9,67.83,157.07,Venda
SKU_1772_SNO,16/07/2025,Varejo,1,414.9,128.06,286.84,Venda
SKU_1647_ARM,16/07/2025,Varejo,2,679.8,227.58,226.11,Venda
SKU_1454_BRI,16/07/2025,E-commerce,3,449.7,215.61,78.03,Venda
SKU_1466_SAP,16/07/2025,Atacado,8,2159.2,1026.64,141.57,Venda
SKU_1427_BLA,16/07/2025,Atacado,4,799.6,486.64,78.24,Venda
SKU_1782_NAV,16/07/2025,Varejo,1,249.9,118.29,131.61,Venda
SKU_1766_CLE,16/07/2025,Varejo,1,394.9,129.33,265.57,Venda
SKU_1612_PAL,16/07/2025,Varejo,2,659.8,315.52,172.14,Venda
SKU_1720_PAS,16/07/2025,E-commerce,2,449.8,205.38,122.21,Venda
SKU_1731_MIN,16/07/2025,E-commerce,3,2729.7,1284.27,481.81,Venda
SKU_1409_PEA,16/07/2025,E-commerce,1,209.9,97.62,112.28,Venda
SKU_1449_BLA,16/07/2025,Varejo,1,324.9,109.61,215.29,Venda
SKU_1767_FUC,16/07/2025,Atacado,4,819.6,462.0,89.4,Venda
SKU_1766_MYS,16/07/2025,E-commerce,1,394.9,177.49,217.41,Venda
SKU_1716_SAL,16/07/2025,Atacado,5,824.5,358.85,93.13,Venda
SKU_1745_FOR,16/07/2025,Varejo,2,819.8,326.26,246.77,Venda
SKU_1792_AQU,16/07/2025,Atacado,5,2199.5,1042.95,231.31,Venda
SKU_1700_PIS,16/07/2025,Atacado,3,2099.7,989.49,370.07,Venda
SKU_1742_DEN,16/07/2025,Atacado,3,779.7,447.3,110.8,Venda
SKU_1561_VAN,16/07/2025,Varejo,1,349.9,129.35,220.55,Venda
SKU_1742_EME,16/07/2025,Atacado,10,2599.0,1232.7,136.63,Venda
SKU_1774_MOS,16/07/2025,Varejo,1,204.9,98.71,106.19,Venda
SKU_1682_BIR,16/07/2025,Atacado,8,1879.2,900.96,122.28,Venda
SKU_1726_PAS,16/07/2025,Varejo,1,429.9,160.43,269.47,Venda
SKU_1742_DEN,16/07/2025,Varejo,2,519.8,176.86,171.47,Venda
SKU_1800_SKY,16/07/2025,Atacado,3,839.7,366.21,157.83,Venda
SKU_1792_MIN,16/07/2025,Varejo,1,439.9,168.86,271.04,Venda
SKU_1801_FLA,16/07/2025,Varejo,1,374.9,162.58,212.32,Venda
SKU_1754_SER,16/07/2025,Atacado,5,1699.5,771.25,185.65,Venda
SKU_1773_FRE,16/07/2025,Varejo,1,324.9,101.43,223.47,Venda
SKU_1763_MAR,16/07/2025,Varejo,1,299.9,120.86,179.04,Venda
SKU_1733_NAV,16/07/2025,Atacado,3,1049.7,498.57,183.71,Venda
SKU_1753_WHI,16/07/2025,Varejo,1,789.9,246.35,543.55,Venda
SKU_1737_DEE,16/07/2025,Atacado,10,7699.0,3616.2,408.28,Venda
SKU_1664_MIN,16/07/2025,Varejo,1,329.9,120.16,209.74,Venda
SKU_1745_FOR,16/07/2025,Atacado,10,4099.0,1813.2,228.58,Venda
SKU_1770_DEE,16/07/2025,E-commerce,1,219.9,72.99,146.91,Venda
SKU_1458_PEA,16/07/2025,Atacado,6,2099.4,922.86,196.09,Venda
SKU_1683_PAL,16/07/2025,Atacado,6,1889.4,1161.54,121.31,Venda
SKU_1728_MID,16/07/2025,E-commerce,1,329.9,141.57,188.33,Venda
SKU_1688_LIG,16/07/2025,Varejo,1,429.9,187.75,242.15,Venda
SKU_1754_SER,16/07/2025,Atacado,5,1699.5,806.8,178.54,Venda
SKU_1520_GAR,16/07/2025,Varejo,1,224.9,96.8,128.1,Venda
SKU_1702_LIG,16/07/2025,Atacado,5,3099.5,1394.0,341.1,Venda
SKU_1797_GAR,16/07/2025,Varejo,1,379.9,126.8,253.1,Venda
SKU_1771_PIN,16/07/2025,Atacado,3,794.7,432.15,120.85,Venda
SKU_1708_FLA,16/07/2025,Varejo,2,339.8,137.32,101.24,Venda
SKU_1696_SER,16/07/2025,E-commerce,1,279.9,86.08,193.82,Venda
SKU_1594_WHI,16/07/2025,Varejo,1,499.9,231.14,268.76,Venda
SKU_1776_BIR,16/07/2025,Atacado,3,989.7,479.94,169.92,Venda
SKU_1687_WHI,16/07/2025,E-commerce,1,899.9,283.95,615.95,Venda
SKU_1762_BRI,16/07/2025,Varejo,1,254.9,119.5,135.4,Venda
SKU_1797_GAR,16/07/2025,E-commerce,2,759.8,364.9,197.45,Venda
SKU_1766_MYS,16/07/2025,Varejo,3,1184.7,398.67,262.01,Venda
SKU_1753_WHI,16/07/2025,E-commerce,1,789.9,303.55,486.35,Venda
SKU_1729_CLE,16/07/2025,Atacado,6,1049.4,498.0,91.9,Venda
SKU_1607_GAR,16/07/2025,Atacado,8,2399.2,1266.16,141.63,Venda
SKU_1706_JAD,16/07/2025,Atacado,4,739.6,373.0,91.65,Venda
SKU_1767_PRI,16/07/2025,Varejo,1,204.9,94.47,110.43,Venda
SKU_1795_RAS,16/07/2025,Atacado,8,2399.2,1223.44,146.97,Venda
SKU_1751_MIN,16/07/2025,Varejo,2,659.8,289.46,185.17,Venda
SKU_1754_SER,16/07/2025,Varejo,1,339.9,143.28,196.62,Venda
SKU_1713_SNO,16/07/2025,Atacado,3,1514.7,732.33,260.79,Venda
SKU_1754_IVO,16/07/2025,Atacado,4,1359.6,605.8,188.45,Venda
SKU_1790_EGR,16/07/2025,E-commerce,1,259.9,96.67,163.23,Venda
SKU_1471_LIG,16/07/2025,Varejo,1,204.9,66.75,138.15,Venda
SKU_1703_PAS,16/07/2025,Atacado,4,1079.6,562.24,129.34,Venda
SKU_1735_MOS,16/07/2025,Atacado,10,2699.0,1301.3,139.77,Venda
SKU_1786_POW,16/07/2025,Varejo,1,179.9,75.94,103.96,Venda
SKU_1730_MIN,16/07/2025,Varejo,2,639.8,230.34,204.73,Venda
SKU_1607_MAR,16/07/2025,Atacado,5,1499.5,774.6,144.98,Venda
SKU_1788_EME,16/07/2025,Varejo,1,249.9,93.92,155.98,Venda
SKU_1717_MIN,16/07/2025,Varejo,1,259.9,98.59,161.31,Venda
SKU_1742_EME,16/07/2025,Atacado,12,3118.8,1472.28,137.21,Venda
SKU_1710_MEX,16/07/2025,Atacado,4,3239.6,1388.2,462.85,Venda
SKU_1736_JAD,16/07/2025,Varejo,1,324.9,134.88,190.02,Venda
SKU_1695_LIM,16/07/2025,Atacado,5,1049.5,543.1,101.28,Venda
SKU_1782_HUN,16/07/2025,E-commerce,1,249.9,94.3,155.6,Venda
SKU_1762_BRI,16/07/2025,Atacado,10,2549.0,1235.6,131.34,Venda
SKU_1685_COB,16/07/2025,Varejo,1,664.9,297.43,367.47,Venda
SKU_1701_SPA,16/07/2025,Varejo,1,339.9,113.15,226.75,Venda
SKU_1741_PIN,16/07/2025,Varejo,2,479.8,178.88,150.46,Venda
SKU_1736_JAD,16/07/2025,Varejo,1,324.9,110.69,214.21,Venda
SKU_1633_DEN,16/07/2025,Varejo,1,234.9,74.68,160.22,Venda
SKU_1686_MOS,16/07/2025,E-commerce,1,214.9,83.41,131.49,Venda
SKU_1787_BAB,16/07/2025,Varejo,1,289.9,134.25,155.65,Venda
SKU_1581_COB,16/07/2025,Varejo,2,1709.8,594.56,557.62,Venda
SKU_1748_COB,16/07/2025,Atacado,3,929.7,392.55,179.05,Venda
SKU_1752_SNO,16/07/2025,Varejo,1,429.9,184.04,245.86,Venda
SKU_1459_OFF,16/07/2025,Atacado,2,419.8,192.02,113.89,Venda
SKU_1623_EGR,16/07/2025,Varejo,1,914.9,335.59,579.31,Venda
SKU_1682_BIR,16/07/2025,Atacado,2,469.8,202.44,133.68,Venda
SKU_1796_OLI,16/07/2025,Atacado,4,2019.6,903.08,279.13,Venda
SKU_1604_CLE,16/07/2025,Atacado,4,2419.6,1159.2,315.1,Venda
SKU_1575_JAD,16/07/2025,Atacado,3,2594.7,1246.86,449.28,Venda
SKU_1656_SNO,16/07/2025,Varejo,1,234.9,78.73,156.17,Venda
SKU_1787_BAB,16/07/2025,Atacado,5,1449.5,821.05,125.69,Venda
SKU_1687_FOR,16/07/2025,Varejo,1,899.9,361.25,538.65,Venda
SKU_1798_MOS,16/07/2025,Atacado,6,2519.4,1224.36,215.84,Venda
SKU_1684_HON,16/07/2025,Varejo,1,184.9,57.09,127.81,Venda
SKU_1750_SNO,16/07/2025,E-commerce,1,369.9,154.63,215.27,Venda
SKU_1705_SER,16/07/2025,E-commerce,1,409.9,172.56,237.34,Venda
SKU_1695_LIM,16/07/2025,E-commerce,1,209.9,100.56,109.34,Venda
SKU_1620_SAG,16/07/2025,Atacado,8,2119.2,912.08,150.89,Venda
SKU_1782_HUN,16/07/2025,Varejo,1,249.9,114.78,135.12,Venda
SKU_1416_AQU,16/07/2025,Atacado,5,1399.5,632.35,153.43,Venda
SKU_1784_BLA,16/07/2025,Varejo,1,309.9,112.5,197.4,Venda
SKU_1714_MID,16/07/2025,E-commerce,1,304.9,94.45,210.45,Venda
SKU_1796_OLI,16/07/2025,Atacado,2,1009.8,504.8,252.5,Venda
SKU_1569_PAS,16/07/2025,Varejo,1,219.9,84.54,135.36,Venda
SKU_1681_OFF,16/07/2025,E-commerce,2,469.8,163.94,152.93,Venda
SKU_1800_SKY,16/07/2025,E-commerce,1,279.9,138.95,140.95,Venda
SKU_1621_PAS,16/07/2025,Atacado,4,939.6,495.0,111.15,Venda
SKU_1762_DEN,16/07/2025,Atacado,2,509.8,248.24,130.78,Venda
SKU_1705_SER,16/07/2025,Atacado,3,1229.7,537.12,230.86,Venda
SKU_1673_FUC,16/07/2025,E-commerce,1,409.9,130.26,279.64,Venda
SKU_1770_JAD,16/07/2025,Atacado,2,439.8,213.16,113.32,Venda
SKU_1591_MYS,16/07/2025,Atacado,5,4449.5,2546.8,380.54,Venda
SKU_1778_MIN,16/07/2025,Varejo,1,284.9,108.55,176.35,Venda
SKU_1642_OFF,16/07/2025,Atacado,5,1124.5,557.25,113.45,Venda
SKU_1712_NAV,16/07/2025,E-commerce,1,179.9,76.91,102.99,Venda
SKU_1751_MIN,16/07/2025,E-commerce,1,329.9,154.32,175.58,Venda
SKU_1443_PRI,16/07/2025,Atacado,4,1079.6,496.84,145.69,Venda
SKU_1708_FRE,16/07/2025,Varejo,3,509.7,184.5,108.4,Venda
SKU_1776_BIR,16/07/2025,E-commerce,1,329.9,130.38,199.52,Venda
SKU_1715_HON,16/07/2025,Atacado,3,659.7,375.39,94.77,Venda
SKU_1656_SNO,16/07/2025,Atacado,2,469.8,233.98,117.91,Venda
SKU_1762_BRI,16/07/2025,Atacado,6,1529.4,782.28,124.52,Venda
SKU_1515_SEA,16/07/2025,Atacado,4,779.6,365.12,103.62,Venda
SKU_1548_CLO,16/07/2025,Varejo,1,474.9,148.37,326.53,Venda
SKU_1739_MOS,16/07/2025,E-commerce,1,254.9,121.15,133.75,Venda
SKU_1730_MIN,16/07/2025,E-commerce,1,319.9,135.35,184.55,Venda
SKU_1492_SKY,16/07/2025,E-commerce,1,374.9,154.66,220.24,Venda
SKU_1753_WHI,16/07/2025,Varejo,1,789.9,296.86,493.04,Venda
SKU_1442_OFF,16/07/2025,Varejo,1,289.9,111.26,178.64,Venda
SKU_1769_WHI,16/07/2025,Atacado,5,1624.5,854.95,153.91,Venda
SKU_1746_NAV,16/07/2025,Atacado,6,1079.4,615.9,77.25,Venda
SKU_1698_PRI,16/07/2025,E-commerce,1,419.9,148.9,271.0,Venda
SKU_1781_AQU,16/07/2025,Varejo,1,129.9,62.26,67.64,Venda
SKU_1757_PIN,16/07/2025,Atacado,5,1324.5,679.6,128.98,Venda
SKU_1689_IVO,16/07/2025,Atacado,5,4824.5,2077.35,549.43,Venda
SKU_1777_FRE,16/07/2025,Varejo,2,479.8,182.12,148.84,Venda
SKU_1783_BAB,16/07/2025,Atacado,3,3599.7,1685.04,638.22,Venda
SKU_1681_OFF,16/07/2025,E-commerce,1,234.9,71.13,163.77,Venda
SKU_1738_BLU,16/07/2025,Varejo,1,194.9,64.62,130.28,Venda
SKU_1406_SHO,16/07/2025,Atacado,6,2099.4,1028.64,178.46,Venda
SKU_1465_CLE,16/07/2025,Varejo,1,314.9,103.3,211.6,Venda
SKU_1746_NAV,16/07/2025,Varejo,2,359.8,176.46,91.67,Venda
SKU_1454_BUB,16/07/2025,Atacado,6,899.4,412.14,81.21,Venda
SKU_1685_BIR,16/07/2025,Varejo,1,664.9,309.17,355.73,Venda
SKU_1799_DEN,16/07/2025,Atacado,8,2159.2,1103.92,131.91,Venda
SKU_1731_MIN,16/07/2025,Atacado,6,5459.4,2826.96,438.74,Venda
SKU_1723_COB,16/07/2025,Atacado,4,1739.6,956.72,195.72,Venda
SKU_1422_MIN,16/07/2025,Atacado,5,1574.5,708.0,173.3,Venda
SKU_1768_MIN,16/07/2025,Atacado,4,2499.6,1329.44,292.54,Venda
SKU_1762_DEN,16/07/2025,Atacado,8,2039.2,1065.84,121.67,Venda
SKU_1775_PAS,16/07/2025,Varejo,1,279.9,129.43,150.47,Venda
SKU_1760_PAS,16/07/2025,Atacado,2,499.8,286.4,106.7,Venda
SKU_1461_NAV,16/07/2025,Atacado,6,6419.4,3108.96,551.74,Venda
SKU_1705_JAD,16/07/2025,Atacado,12,4918.8,2219.64,224.93,Venda
SKU_1445_TEA,16/07/2025,Atacado,6,2459.4,1403.7,175.95,Venda
SKU_1705_JAD,16/07/2025,E-commerce,1,409.9,130.26,279.64,Venda
SKU_1447_BLU,16/07/2025,Atacado,8,1919.2,991.2,116.0,Venda
SKU_1649_FLA,16/07/2025,Varejo,1,234.9,114.14,120.76,Venda
SKU_1771_EME,16/07/2025,Atacado,6,1589.4,800.7,131.45,Venda
SKU_1574_COB,16/07/2025,Varejo,1,604.9,232.65,372.25,Venda
SKU_1710_MEX,16/07/2025,Varejo,1,809.9,315.33,494.57,Venda
SKU_1746_EME,16/07/2025,Varejo,1,179.9,80.65,99.25,Venda
SKU_1716_AQU,16/07/2025,Varejo,2,329.8,155.94,86.93,Venda
SKU_1739_AQU,16/07/2025,Varejo,3,764.7,363.33,133.79,Venda
SKU_1681_PIS,16/07/2025,Atacado,3,704.7,389.73,104.99,Venda
SKU_1692_BLU,16/07/2025,Atacado,5,1099.5,471.7,125.56,Venda
SKU_1781_AQU,16/07/2025,Atacado,6,779.4,369.48,68.32,Venda
SKU_1526_POW,16/07/2025,Atacado,5,849.5,381.05,93.69,Venda
SKU_1766_MYS,16/07/2025,Atacado,10,3949.0,2025.0,192.4,Venda
SKU_1733_NAV,16/07/2025,Atacado,5,1749.5,860.9,177.72,Venda
SKU_1642_OFF,16/07/2025,E-commerce,1,224.9,68.54,156.36,Venda
SKU_1491_CER,16/07/2025,E-commerce,1,134.9,56.8,78.1,Venda
SKU_1397_BUB,16/07/2025,Varejo,2,469.8,182.48,143.66,Venda
SKU_1696_SHO,16/07/2025,Atacado,5,1399.5,704.1,139.08,Venda
SKU_1684_SHO,16/07/2025,Atacado,5,924.5,438.3,97.24,Venda
SKU_1786_POW,16/07/2025,Atacado,5,899.5,387.55,102.39,Venda
SKU_1696_SHO,16/07/2025,Atacado,5,1399.5,805.15,118.87,Venda
SKU_1701_SPA,16/07/2025,Atacado,3,1019.7,485.52,178.06,Venda
SKU_1473_BLU,16/07/2025,Varejo,1,179.9,75.27,104.63,Venda
SKU_1713_SNO,16/07/2025,Varejo,1,504.9,187.7,317.2,Venda
SKU_1718_SEA,16/07/2025,E-commerce,1,369.9,150.58,219.32,Venda
SKU_1776_PAS,16/07/2025,Atacado,5,1649.5,740.4,181.82,Venda
SKU_1712_NAV,16/07/2025,Varejo,1,179.9,55.73,124.17,Venda
SKU_1592_CER,16/07/2025,Atacado,5,1049.5,552.4,99.42,Venda
SKU_1781_CLE,16/07/2025,Atacado,4,519.6,272.32,61.82,Venda
SKU_1706_JAD,16/07/2025,Atacado,6,1109.4,531.3,96.35,Venda
SKU_1763_MAR,16/07/2025,Varejo,3,899.7,319.02,193.56,Venda
SKU_1741_PIN,16/07/2025,Atacado,4,959.6,444.52,128.77,Venda
SKU_1551_ROS,16/07/2025,Varejo,1,219.9,80.67,139.23,Venda
SKU_1706_JAD,16/07/2025,E-commerce,1,184.9,62.17,122.73,Venda
SKU_1740_FRE,16/07/2025,Varejo,1,214.9,73.35,141.55,Venda
SKU_1627_BAB,16/07/2025,Varejo,1,329.9,132.69,197.21,Venda
SKU_1764_MAR,16/07/2025,Atacado,2,469.8,208.88,130.46,Venda
SKU_1698_SNO,16/07/2025,Atacado,5,2099.5,991.25,221.65,Venda
SKU_1752_SNO,16/07/2025,E-commerce,1,429.9,165.28,264.62,Venda
SKU_1793_MIN,16/07/2025,Varejo,1,189.9,86.12,103.78,Venda
SKU_1751_BLU,16/07/2025,Varejo,2,659.8,232.72,213.54,Venda
SKU_1735_COR,16/07/2025,Varejo,2,539.8,203.5,168.15,Venda
SKU_1782_HUN,16/07/2025,Atacado,5,1249.5,588.5,132.2,Venda
SKU_1517_FOR,16/07/2025,Varejo,1,1199.9,456.27,743.63,Venda
SKU_1398_SPA,16/07/2025,Varejo,1,674.9,261.81,413.09,Venda
SKU_1794_FLA,16/07/2025,Varejo,1,209.9,74.01,135.89,Venda
SKU_1737_SAG,16/07/2025,Varejo,3,2309.7,972.27,445.81,Venda
SKU_1749_BIR,16/07/2025,Varejo,4,1399.6,503.88,223.93,Venda
SKU_1686_MOS,16/07/2025,E-commerce,1,214.9,101.0,113.9,Venda
SKU_1492_BIR,16/07/2025,Varejo,3,1124.7,414.6,236.7,Venda
SKU_1771_EME,16/07/2025,E-commerce,2,529.8,206.32,161.74,Venda
SKU_1681_OFF,16/07/2025,Varejo,1,234.9,72.14,162.76,Venda
SKU_1522_BIR,16/07/2025,Atacado,2,299.8,158.48,70.66,Venda
SKU_1761_MOS,16/07/2025,E-commerce,1,1104.9,461.5,643.4,Venda
SKU_1710_OLI,16/07/2025,Atacado,4,3239.6,2028.88,302.68,Venda
SKU_1465_CLE,16/07/2025,E-commerce,2,629.8,223.9,202.95,Venda
SKU_1700_PIS,16/07/2025,Atacado,4,2799.6,1395.8,350.95,Venda
SKU_1778_TEA,16/07/2025,E-commerce,1,284.9,88.88,196.02,Venda
SKU_1761_MOS,16/07/2025,Atacado,3,3314.7,1574.91,579.93,Venda
SKU_1776_BIR,16/07/2025,Atacado,8,2639.2,1286.48,169.09,Venda
SKU_1668_DEN,16/07/2025,Varejo,1,269.9,82.66,187.24,Venda
SKU_1439_SHO,16/07/2025,Atacado,2,369.8,167.26,101.27,Venda
SKU_1759_CLE,16/07/2025,Varejo,1,269.9,129.18,140.72,Venda
SKU_1731_MIN,16/07/2025,Atacado,4,3639.6,2143.6,374.0,Venda
SKU_1784_BLA,16/07/2025,Varejo,1,309.9,97.39,212.51,Venda
SKU_1797_GAR,16/07/2025,Atacado,2,759.8,364.54,197.63,Venda
SKU_1792_MIN,16/07/2025,E-commerce,1,439.9,196.58,243.32,Venda
SKU_1706_BLA,16/07/2025,Varejo,1,184.9,61.04,123.86,Venda
SKU_1651_PAS,16/07/2025,Atacado,8,2119.2,966.64,144.07,Venda
SKU_1770_DEE,16/07/2025,Atacado,4,879.6,455.88,105.93,Venda
SKU_1751_BLU,16/07/2025,Atacado,8,2639.2,1129.28,188.74,Venda
SKU_1736_PAS,16/07/2025,Atacado,8,2599.2,1284.96,164.28,Venda
SKU_1664_MIN,16/07/2025,E-commerce,1,329.9,132.45,197.45,Venda
SKU_1661_CER,16/07/2025,Varejo,4,3959.6,1589.04,592.64,Venda
SKU_1714_MID,16/07/2025,Atacado,4,1219.6,528.84,172.69,Venda
SKU_1480_MEX,16/07/2025,Varejo,2,739.8,317.7,211.05,Venda
SKU_1410_JAD,16/07/2025,Atacado,3,3419.7,1845.0,524.9,Venda
SKU_1712_NAV,16/07/2025,Varejo,1,179.9,59.14,120.76,Venda
SKU_1586_EGR,16/07/2025,Varejo,1,304.9,126.16,178.74,Venda
SKU_1654_NAV,16/07/2025,Atacado,2,619.8,351.58,134.11,Venda
SKU_1449_BLA,16/07/2025,Atacado,8,2599.2,1316.0,160.4,Venda
SKU_1685_COB,16/07/2025,Atacado,3,1994.7,899.61,365.03,Venda
SKU_1589_TUR,16/07/2025,Atacado,12,8158.8,3944.4,351.2,Venda
SKU_1735_MOS,16/07/2025,Atacado,8,2159.2,959.04,150.02,Venda
SKU_1770_JAD,16/07/2025,Atacado,8,1759.2,1007.68,93.94,Venda
SKU_1402_VAN,16/07/2025,Varejo,4,939.6,426.68,128.23,Venda
SKU_1769_WHI,16/07/2025,Varejo,1,324.9,141.05,183.85,Venda
SKU_1607_GAR,16/07/2025,Varejo,1,299.9,139.62,160.28,Venda
SKU_1782_NAV,16/07/2025,Varejo,3,749.7,302.43,149.09,Venda
SKU_1789_EME,16/07/2025,Atacado,6,1619.4,905.4,119.0,Venda
SKU_1754_SER,16/07/2025,Varejo,1,339.9,166.29,173.61,Venda
SKU_1501_SAL,16/07/2025,Varejo,1,169.9,66.41,103.49,Venda
SKU_1461_NAV,16/07/2025,Atacado,6,6419.4,2935.74,580.61,Venda
SKU_1754_SER,16/07/2025,Atacado,8,2719.2,1223.84,186.92,Venda
SKU_1573_SAG,16/07/2025,Atacado,3,3074.7,1302.93,590.59,Venda
SKU_1730_OFF,16/07/2025,E-commerce,3,959.7,358.35,200.45,Venda
SKU_1769_WHI,16/07/2025,Varejo,1,324.9,138.77,186.13,Venda
SKU_1790_EGR,16/07/2025,Atacado,6,1559.4,790.32,128.18,Venda
SKU_1762_BRI,16/07/2025,Atacado,5,1274.5,637.25,127.45,Venda
SKU_1511_CLE,16/07/2025,Atacado,2,1869.8,1168.34,350.73,Venda
SKU_1726_PAS,16/07/2025,Varejo,2,859.8,332.54,263.63,Venda
SKU_1764_MAR,16/07/2025,Atacado,6,1409.4,666.06,123.89,Venda
SKU_1706_BLA,16/07/2025,Varejo,1,184.9,82.21,102.69,Venda
SKU_1535_NAV,16/07/2025,Atacado,8,2439.2,1221.28,152.24,Venda
SKU_1496_PEA,16/07/2025,Varejo,1,1134.9,376.85,758.05,Venda
SKU_1739_AQU,16/07/2025,E-commerce,1,254.9,107.01,147.89,Venda
SKU_1411_BLU,16/07/2025,Atacado,4,899.6,451.24,112.09,Venda
SKU_1461_PRI,16/07/2025,Varejo,2,2139.8,746.34,696.73,Venda
SKU_1705_JAD,16/07/2025,Atacado,5,2049.5,1077.0,194.5,Venda
SKU_1692_OLI,16/07/2025,Atacado,2,439.8,208.3,115.75,Venda
SKU_1686_MOS,16/07/2025,Varejo,3,644.7,228.66,138.68,Venda
SKU_1479_MIN,16/07/2025,Varejo,1,554.9,185.56,369.34,Venda
SKU_1749_SNO,16/07/2025,Atacado,10,3499.0,1581.9,191.71,Venda
SKU_1620_BLU,16/07/2025,Atacado,8,2119.2,996.4,140.35,Venda
SKU_1515_AQU,16/07/2025,Atacado,10,1949.0,850.1,109.89,Venda
SKU_1788_MYS,16/07/2025,Varejo,1,249.9,96.31,153.59,Venda
SKU_1755_AQU,16/07/2025,E-commerce,1,334.9,116.1,218.8,Venda
SKU_1718_SEA,16/07/2025,Varejo,1,369.9,143.18,226.72,Venda
SKU_1620_BLU,16/07/2025,Varejo,1,264.9,104.42,160.48,Venda
SKU_1776_PAS,16/07/2025,Atacado,8,2639.2,1126.16,189.13,Venda
SKU_1565_LIG,16/07/2025,Varejo,1,359.9,162.03,197.87,Venda
SKU_1744_EME,16/07/2025,Atacado,6,1589.4,769.5,136.65,Venda
SKU_1433_SAP,16/07/2025,Varejo,1,314.9,121.43,193.47,Venda
SKU_1535_NAV,16/07/2025,Atacado,8,2439.2,1128.48,163.84,Venda
SKU_1711_VAN,16/07/2025,Atacado,12,11938.8,6892.44,420.53,Venda
SKU_1722_PAS,16/07/2025,Atacado,2,649.8,276.76,186.52,Venda
SKU_1389_BAB,16/07/2025,Atacado,4,559.6,288.96,67.66,Venda
SKU_1706_JAD,16/07/2025,E-commerce,2,369.8,163.36,103.22,Venda
SKU_1571_WHI,16/07/2025,Atacado,2,499.8,227.16,136.32,Venda
SKU_1689_IVO,16/07/2025,Atacado,3,2894.7,1361.25,511.15,Venda
SKU_1691_ROS,16/07/2025,Varejo,1,309.9,146.57,163.33,Venda
SKU_1687_FOR,16/07/2025,Atacado,4,3599.6,1708.48,472.78,Venda
SKU_1710_MEX,16/07/2025,Varejo,1,809.9,246.95,562.95,Venda
SKU_1716_SAL,16/07/2025,Varejo,3,494.7,247.29,82.47,Venda
SKU_1775_PAS,16/07/2025,E-commerce,1,279.9,102.93,176.97,Venda
SKU_1733_SAG,16/07/2025,E-commerce,1,349.9,169.08,180.82,Venda
SKU_1695_LIM,16/07/2025,Varejo,1,209.9,79.15,130.75,Venda
SKU_1473_BAB,16/07/2025,E-commerce,1,179.9,83.23,96.67,Venda
SKU_1715_HON,16/07/2025,Atacado,3,659.7,289.59,123.37,Venda
SKU_1692_BLU,16/07/2025,Varejo,1,219.9,99.77,120.13,Venda
SKU_1401_BLU,16/07/2025,Varejo,1,239.9,113.1,126.8,Venda
SKU_1531_TEA,16/07/2025,Atacado,6,3299.4,1553.76,290.94,Venda
SKU_1692_OLI,16/07/2025,Varejo,2,439.8,140.5,149.65,Venda
SKU_1602_AQU,16/07/2025,Atacado,6,1379.4,757.92,103.58,Venda
SKU_1632_SPA,16/07/2025,Atacado,10,1849.0,816.2,103.28,Venda
SKU_1740_OLI,16/07/2025,Atacado,2,429.8,187.4,121.2,Venda
SKU_1757_PIN,16/07/2025,E-commerce,1,264.9,125.81,139.09,Venda
SKU_1790_ROY,16/07/2025,Varejo,3,779.7,255.66,174.68,Venda
SKU_1685_BIR,16/07/2025,Atacado,4,2659.6,1270.68,347.23,Venda
SKU_1791_IVO,16/07/2025,Atacado,4,1059.6,547.56,128.01,Venda
SKU_1681_PIS,16/07/2025,Varejo,1,234.9,70.97,163.93,Venda
SKU_1698_PRI,16/07/2025,E-commerce,1,419.9,204.29,215.61,Venda
SKU_1801_FLA,16/07/2025,Atacado,12,4498.8,2135.4,196.95,Venda
SKU_1682_OLI,16/07/2025,Varejo,3,704.7,304.98,133.24,Venda
SKU_1773_OLI,16/07/2025,Atacado,3,974.7,551.7,141.0,Venda
SKU_1760_PAS,16/07/2025,Atacado,2,499.8,237.78,131.01,Venda
SKU_1687_FOR,16/07/2025,E-commerce,1,899.9,296.45,603.45,Venda
SKU_1696_SER,16/07/2025,Varejo,1,279.9,121.7,158.2,Venda
SKU_1686_SKY,16/07/2025,Varejo,1,214.9,85.09,129.81,Venda
SKU_1778_MIN,16/07/2025,E-commerce,1,284.9,118.77,166.13,Venda
SKU_1774_MOS,16/07/2025,Atacado,4,819.6,426.32,98.32,Venda
SKU_1768_MIN,16/07/2025,Atacado,12,7498.8,3564.36,327.87,Venda
SKU_1744_LIG,16/07/2025,Varejo,1,264.9,81.42,183.48,Venda
SKU_1733_NAV,16/07/2025,Atacado,10,3499.0,1498.1,200.09,Venda
SKU_1676_PIN,16/07/2025,Atacado,4,679.6,301.36,94.56,Venda
SKU_1657_SPA,16/07/2025,Varejo,2,429.8,149.44,140.18,Venda
SKU_1436_BLU,16/07/2025,Varejo,2,559.8,174.4,192.7,Venda
SKU_1744_EME,16/07/2025,Varejo,1,264.9,119.95,144.95,Venda
SKU_1704_BAB,16/07/2025,Atacado,5,1674.5,891.9,156.52,Venda
SKU_1521_FRE,16/07/2025,Varejo,3,569.7,207.3,120.8,Venda
SKU_1705_JAD,16/07/2025,E-commerce,1,409.9,203.74,206.16,Venda
SKU_1688_LIG,16/07/2025,Varejo,2,859.8,262.58,298.61,Venda
SKU_1737_SAG,16/07/2025,Varejo,1,769.9,234.78,535.12,Venda
SKU_1393_SKY,16/07/2025,Atacado,10,3099.0,1404.5,169.45,Venda
SKU_1420_EGR,16/07/2025,Varejo,2,1979.8,796.1,591.85,Venda
SKU_1704_BAB,16/07/2025,Atacado,4,1339.6,610.64,182.24,Venda
SKU_1698_PRI,16/07/2025,Varejo,1,419.9,183.07,236.83,Venda
SKU_1797_BLU,16/07/2025,Varejo,3,1139.7,424.74,238.32,Venda
SKU_1462_OFF,16/07/2025,Atacado,3,1094.7,493.02,200.56,Venda
SKU_1527_FUC,16/07/2025,Atacado,10,9099.0,4519.3,457.97,Venda
SKU_1763_HOT,16/07/2025,Atacado,4,1199.6,627.04,143.14,Venda
SKU_1588_CRE,16/07/2025,Varejo,1,489.9,199.62,290.28,Venda
SKU_1690_MAG,16/07/2025,Varejo,1,539.9,244.17,295.73,Venda
SKU_1732_WHI,16/07/2025,Varejo,2,2229.8,820.3,704.75,Venda
SKU_1770_JAD,16/07/2025,Atacado,10,2199.0,994.9,120.41,Venda
SKU_1768_PEA,16/07/2025,Atacado,12,7498.8,3894.12,300.39,Venda
SKU_1754_IVO,16/07/2025,Atacado,6,2039.4,940.68,183.12,Venda
SKU_1778_TEA,16/07/2025,Varejo,1,284.9,121.05,163.85,Venda
SKU_1707_ARM,16/07/2025,Atacado,10,2799.0,1354.7,144.43,Venda
SKU_1716_AQU,16/07/2025,Atacado,3,494.7,277.71,72.33,Venda
SKU_1697_PIS,16/07/2025,Atacado,5,1099.5,580.95,103.71,Venda
SKU_1731_ARM,16/07/2025,E-commerce,1,909.9,321.86,588.04,Venda
SKU_1576_AQU,16/07/2025,Varejo,3,734.7,318.24,138.82,Venda
SKU_1777_TUR,16/07/2025,Atacado,6,1439.4,679.2,126.7,Venda
SKU_1735_COR,16/07/2025,Atacado,4,1079.6,526.28,138.33,Venda
SKU_1724_PIN,16/07/2025,Atacado,4,4459.6,2421.16,509.61,Venda
SKU_1459_OFF,16/07/2025,Atacado,8,1679.2,834.32,105.61,Venda
SKU_1475_MIN,16/07/2025,Varejo,1,249.9,90.78,159.12,Venda
SKU_1485_CER,16/07/2025,Atacado,3,1994.7,950.16,348.18,Venda
SKU_1745_FOR,16/07/2025,Atacado,2,819.8,464.54,177.63,Venda
SKU_1726_PAS,16/07/2025,E-commerce,1,429.9,159.35,270.55,Venda
SKU_1525_MYS,16/07/2025,E-commerce,1,289.9,102.27,187.63,Venda
SKU_1782_NAV,16/07/2025,Atacado,8,1999.2,866.64,141.57,Venda
SKU_1750_MIN,16/07/2025,E-commerce,1,369.9,122.5,247.4,Venda
SKU_1400_FOR,16/07/2025,E-commerce,1,209.9,76.57,133.33,Venda
SKU_1630_LIM,16/07/2025,E-commerce,1,334.9,114.33,220.57,Venda
SKU_1747_FUC,16/07/2025,Atacado,6,1049.4,484.38,94.17,Venda
SKU_1786_TEA,16/07/2025,E-commerce,2,359.8,159.64,100.08,Venda
SKU_1784_BLA,16/07/2025,Atacado,4,1239.6,524.12,178.87,Venda
SKU_1481_BLA,16/07/2025,Atacado,5,4049.5,1879.2,434.06,Venda
SKU_1730_MIN,16/07/2025,Varejo,1,319.9,148.36,171.54,Venda
SKU_1794_LIG,16/07/2025,Atacado,5,1049.5,534.35,103.03,Venda
SKU_1720_PAL,16/07/2025,Atacado,10,2249.0,985.1,126.39,Venda
SKU_1431_CRE,16/07/2025,E-commerce,1,369.9,140.37,229.53,Venda
SKU_1789_EME,16/07/2025,E-commerce,1,269.9,126.34,143.56,Venda
SKU_1680_SEA,16/07/2025,E-commerce,1,334.9,116.88,218.02,Venda
SKU_1697_PIS,16/07/2025,Atacado,8,1759.2,840.72,114.81,Venda
SKU_1612_SNO,16/07/2025,E-commerce,2,659.8,301.84,178.98,Venda
SKU_1749_SNO,16/07/2025,Atacado,8,2799.2,1384.96,176.78,Venda
SKU_1564_NAV,16/07/2025,Varejo,2,1179.8,430.1,374.85,Venda
SKU_1737_SAG,16/07/2025,Varejo,2,1539.8,637.38,451.21,Venda
SKU_1714_MID,16/07/2025,Varejo,3,914.7,292.29,207.47,Venda
SKU_1727_LIG,16/07/2025,Atacado,4,619.6,340.84,69.69,Venda
SKU_1699_CLO,16/07/2025,Atacado,5,1649.5,768.25,176.25,Venda
SKU_1755_BIR,16/07/2025,Varejo,1,334.9,153.41,181.49,Venda
SKU_1693_MEX,16/07/2025,Varejo,1,204.9,78.76,126.14,Venda
SKU_1782_NAV,16/07/2025,Varejo,3,749.7,232.77,172.31,Venda
SKU_1698_PRI,16/07/2025,E-commerce,1,419.9,171.12,248.78,Venda
SKU_1786_TEA,16/07/2025,Varejo,1,179.9,55.15,124.75,Venda
SKU_1751_BLU,16/07/2025,E-commerce,1,329.9,157.43,172.47,Venda
SKU_1782_HUN,16/07/2025,Atacado,4,999.6,543.0,114.15,Venda
SKU_1718_SEA,16/07/2025,Varejo,1,369.9,128.72,241.18,Venda
SKU_1742_DEN,16/07/2025,Varejo,1,259.9,111.58,148.32,Venda
SKU_1745_PEA,16/07/2025,E-commerce,1,409.9,139.5,270.4,Venda
SKU_1698_SNO,16/07/2025,E-commerce,1,419.9,205.93,213.97,Venda
SKU_1714_MID,16/07/2025,E-commerce,1,304.9,137.66,167.24,Venda
SKU_1720_PAS,16/07/2025,Atacado,3,674.7,336.87,112.61,Venda
SKU_1778_TEA,16/07/2025,Atacado,3,854.7,368.64,162.02,Venda
SKU_1767_FUC,16/07/2025,Atacado,10,2049.0,1064.8,98.42,Venda
SKU_1473_BAB,16/07/2025,Atacado,4,719.6,339.44,95.04,Venda
SKU_1760_OFF,16/07/2025,Varejo,2,499.8,163.42,168.19,Venda
SKU_1782_NAV,16/07/2025,Atacado,10,2499.0,1303.9,119.51,Venda
SKU_1700_HUN,16/07/2025,E-commerce,1,699.9,267.1,432.8,Venda
SKU_1684_SHO,16/07/2025,Varejo,1,184.9,71.29,113.61,Venda
SKU_1697_MIN,16/07/2025,Atacado,3,659.7,293.22,122.16,Venda
SKU_1760_OFF,16/07/2025,Atacado,6,1499.4,773.1,121.05,Venda
SKU_1690_MYS,16/07/2025,Atacado,6,3239.4,1391.1,308.05,Venda
SKU_1683_SHO,16/07/2025,Atacado,12,3778.8,2093.52,140.44,Venda
SKU_1715_JAD,16/07/2025,Varejo,3,659.7,277.65,127.35,Venda
SKU_1708_FRE,16/07/2025,E-commerce,1,169.9,69.27,100.63,Venda
SKU_1699_COB,16/07/2025,Varejo,1,329.9,135.55,194.35,Venda
SKU_1465_CLE,16/07/2025,Varejo,1,314.9,118.81,196.09,Venda
SKU_1687_WHI,16/07/2025,Atacado,6,5399.4,3369.0,338.4,Venda
SKU_1551_DUS,16/07/2025,Varejo,1,219.9,103.33,116.57,Venda
SKU_1758_CLO,16/07/2025,Varejo,1,179.9,63.22,116.68,Venda
SKU_1801_MOS,16/07/2025,Atacado,3,1124.7,533.55,197.05,Venda
SKU_1458_PEA,16/07/2025,E-commerce,1,349.9,166.55,183.35,Venda
SKU_1771_EME,16/07/2025,E-commerce,3,794.7,255.09,179.87,Venda
SKU_1504_NAV,16/07/2025,Varejo,1,339.9,102.1,237.8,Venda
SKU_1538_MAG,16/07/2025,Atacado,8,1679.2,855.44,102.97,Venda
SKU_1684_HON,16/07/2025,Atacado,10,1849.0,1022.7,82.63,Venda
SKU_1566_POW,16/07/2025,Varejo,4,4139.6,1291.68,711.98,Venda
SKU_1726_PAS,16/07/2025,E-commerce,1,429.9,160.09,269.81,Venda
SKU_1740_FRE,16/07/2025,Atacado,8,1719.2,747.2,121.5,Venda
SKU_1676_PIN,16/07/2025,Atacado,2,339.8,170.74,84.53,Venda
SKU_1749_SNO,16/07/2025,Atacado,3,1049.7,473.61,192.03,Venda
SKU_1691_HUN,16/07/2025,Atacado,8,2479.2,1399.92,134.91,Venda
SKU_1496_PEA,16/07/2025,Varejo,1,1134.9,485.75,649.15,Venda
SKU_1702_COR,16/07/2025,E-commerce,2,1239.8,594.4,322.7,Venda
SKU_1520_GAR,16/07/2025,Varejo,1,224.9,72.66,152.24,Venda
SKU_1754_IVO,16/07/2025,Varejo,4,1359.6,530.76,207.21,Venda
SKU_1755_BIR,16/07/2025,Varejo,1,334.9,107.22,227.68,Venda
SKU_1754_IVO,16/07/2025,E-commerce,1,339.9,152.04,187.86,Venda
SKU_1681_PIS,16/07/2025,Atacado,8,1879.2,927.12,119.01,Venda
SKU_1721_COR,16/07/2025,Varejo,2,839.8,412.0,213.9,Venda
SKU_1748_COB,16/07/2025,Varejo,1,309.9,129.02,180.88,Venda
SKU_1758_HON,16/07/2025,Varejo,1,179.9,60.82,119.08,Venda
SKU_1724_PEA,16/07/2025,Atacado,10,11149.0,5353.0,579.6,Venda
SKU_1573_SAG,16/07/2025,Varejo,1,1024.9,467.1,557.8,Venda
SKU_1754_SER,16/07/2025,Atacado,5,1699.5,900.15,159.87,Venda
SKU_1425_WHI,16/07/2025,Atacado,5,1049.5,533.55,103.19,Venda
SKU_1745_PEA,16/07/2025,Atacado,8,3279.2,1873.44,175.72,Venda
SKU_1798_OFF,16/07/2025,Atacado,5,2099.5,1070.8,205.74,Venda
SKU_1402_WHI,16/07/2025,Atacado,6,1409.4,779.1,105.05,Venda
SKU_1447_OLI,16/07/2025,E-commerce,1,239.9,103.47,136.43,Venda
SKU_1735_COR,16/07/2025,Varejo,1,269.9,114.75,155.15,Venda
SKU_1698_PRI,16/07/2025,Varejo,1,419.9,185.03,234.87,Venda
SKU_1776_BIR,16/07/2025,Varejo,2,659.8,292.78,183.51,Venda
SKU_1739_AQU,16/07/2025,Atacado,5,1274.5,634.85,127.93,Venda
SKU_1400_FOR,16/07/2025,E-commerce,1,209.9,93.98,115.92,Venda
SKU_1444_HUN,16/07/2025,Atacado,5,1199.5,569.9,125.92,Venda
SKU_1484_MOS,16/07/2025,Varejo,1,459.9,167.55,292.35,Venda
SKU_1763_HOT,16/07/2025,Atacado,8,2399.2,1061.92,167.16,Venda
SKU_1743_CLO,16/07/2025,Atacado,4,1759.6,1005.2,188.6,Venda
SKU_1688_WHI,16/07/2025,Varejo,1,429.9,144.05,285.85,Venda
SKU_1448_SEA,16/07/2025,Varejo,1,179.9,84.78,95.12,Venda
SKU_1729_CLE,16/07/2025,Atacado,8,1399.2,594.56,100.58,Venda
SKU_1659_SNO,16/07/2025,Atacado,8,8199.2,3772.96,553.28,Venda
SKU_1740_FRE,16/07/2025,Varejo,4,859.6,297.12,140.62,Venda
SKU_1699_CLO,16/07/2025,Atacado,4,1319.6,706.6,153.25,Venda
SKU_1684_HON,16/07/2025,Atacado,4,739.6,401.72,84.47,Venda
SKU_1763_MAR,16/07/2025,Atacado,4,1199.6,514.44,171.29,Venda
SKU_1780_AQU,16/07/2025,Varejo,1,334.9,106.29,228.61,Venda
SKU_1801_MOS,16/07/2025,Varejo,1,374.9,136.27,238.63,Venda
SKU_1702_COR,16/07/2025,E-commerce,1,619.9,228.09,391.81,Venda
SKU_1402_WHI,16/07/2025,Varejo,1,234.9,113.63,121.27,Venda
SKU_1618_SAP,16/07/2025,Varejo,4,719.6,312.32,101.82,Venda
SKU_1423_SAG,16/07/2025,Varejo,1,1199.9,554.57,645.33,Venda
SKU_1643_PAS,16/07/2025,Varejo,3,674.7,330.18,114.84,Venda
SKU_1687_WHI,16/07/2025,E-commerce,1,899.9,408.85,491.05,Venda
SKU_1791_ARM,16/07/2025,E-commerce,1,264.9,121.05,143.85,Venda
SKU_1745_FOR,16/07/2025,Varejo,1,409.9,145.79,264.11,Venda
SKU_1720_PAS,16/07/2025,Atacado,3,674.7,295.65,126.35,Venda
SKU_1683_SHO,16/07/2025,E-commerce,1,314.9,131.69,183.21,Venda
SKU_1793_MIN,16/07/2025,Atacado,4,759.6,390.68,92.23,Venda
SKU_1776_BIR,16/07/2025,Atacado,6,1979.4,947.34,172.01,Venda
SKU_1548_CLO,16/07/2025,E-commerce,1,474.9,201.8,273.1,Venda
SKU_1735_MOS,16/07/2025,Atacado,6,1619.4,766.98,142.07,Venda
SKU_1691_HUN,16/07/2025,Atacado,5,1549.5,716.35,166.63,Venda
SKU_1419_FLA,16/07/2025,Atacado,10,2499.0,1341.9,115.71,Venda
SKU_1757_PIN,16/07/2025,Varejo,1,264.9,106.22,158.68,Venda
SKU_1415_MID,16/07/2025,Varejo,1,354.9,133.59,221.31,Venda
SKU_1775_PAS,16/07/2025,Atacado,2,559.8,320.24,119.78,Venda
SKU_1762_BRI,16/07/2025,Atacado,10,2549.0,1187.0,136.2,Venda
SKU_1706_JAD,16/07/2025,Atacado,4,739.6,340.28,99.83,Venda
SKU_1465_OFF,16/07/2025,Atacado,4,1259.6,634.24,156.34,Venda
SKU_1726_PAS,16/07/2025,Varejo,2,859.8,400.4,229.7,Venda
SKU_1716_AQU,16/07/2025,Atacado,4,659.6,378.8,70.2,Venda
SKU_1781_CLE,16/07/2025,Varejo,1,129.9,39.87,90.03,Venda
SKU_1668_DEN,16/07/2025,Atacado,3,809.7,416.01,131.23,Venda
SKU_1698_PRI,16/07/2025,Varejo,1,419.9,137.34,282.56,Venda
SKU_1468_BAB,16/07/2025,Varejo,1,529.9,171.15,358.75,Venda
SKU_1734_FRE,16/07/2025,E-commerce,3,1049.7,423.96,208.58,Venda
SKU_1728_EGR,16/07/2025,Varejo,1,329.9,140.73,189.17,Venda
SKU_1440_BLU,16/07/2025,Varejo,1,1199.9,547.36,652.54,Venda
SKU_1759_CLE,16/07/2025,Varejo,2,539.8,198.44,170.68,Venda
SKU_1759_CLE,16/07/2025,Varejo,1,269.9,97.56,172.34,Venda
SKU_1697_PIS,16/07/2025,Atacado,12,2638.8,1238.16,116.72,Venda
SKU_1706_BLA,16/07/2025,E-commerce,1,184.9,91.55,93.35,Venda
SKU_1729_FUC,16/07/2025,Varejo,1,174.9,83.18,91.72,Venda
SKU_1765_PAS,16/07/2025,Varejo,2,519.8,256.8,131.5,Venda
SKU_1757_PIN,16/07/2025,E-commerce,1,264.9,105.72,159.18,Venda
SKU_1724_PEA,16/07/2025,Varejo,1,1114.9,345.85,769.05,Venda
SKU_1527_FUC,16/07/2025,Varejo,1,909.9,439.53,470.37,Venda
SKU_1792_AQU,16/07/2025,Atacado,6,2639.4,1376.22,210.53,Venda
SKU_1760_OFF,16/07/2025,Varejo,1,249.9,93.34,156.56,Venda
SKU_1772_BLU,16/07/2025,Atacado,10,4149.0,2225.8,192.32,Venda
SKU_1734_BRI,16/07/2025,Varejo,1,349.9,131.1,218.8,Venda
SKU_1724_PIN,16/07/2025,Atacado,3,3344.7,1762.59,527.37,Venda
SKU_1791_IVO,16/07/2025,Atacado,8,2119.2,1008.72,138.81,Venda
SKU_1714_MID,16/07/2025,Atacado,6,1829.4,909.18,153.37,Venda
SKU_1685_COB,16/07/2025,E-commerce,1,664.9,239.98,424.92,Venda
SKU_1678_MAG,16/07/2025,Atacado,5,3574.5,1554.2,404.06,Venda
SKU_1768_MIN,16/07/2025,E-commerce,1,624.9,302.63,322.27,Venda
SKU_1552_SAP,16/07/2025,Atacado,6,3959.4,2217.9,290.25,Venda
SKU_1685_BIR,16/07/2025,Atacado,3,1994.7,1084.68,303.34,Venda
SKU_1485_PAS,16/07/2025,Atacado,3,1994.7,945.0,349.9,Venda
SKU_1707_SAP,16/07/2025,Atacado,10,2799.0,1285.9,151.31,Venda
SKU_1636_LIG,16/07/2025,Varejo,1,439.9,147.13,292.77,Venda
SKU_1791_ARM,16/07/2025,Varejo,1,264.9,130.96,133.94,Venda
SKU_1485_PAS,16/07/2025,E-commerce,1,664.9,207.47,457.43,Venda
SKU_1503_CER,16/07/2025,E-commerce,3,689.7,309.6,126.7,Venda
SKU_1759_COB,16/07/2025,Atacado,12,3238.8,1589.16,137.47,Venda
SKU_1445_TEA,16/07/2025,Varejo,2,819.8,298.14,260.83,Venda
SKU_1708_FRE,16/07/2025,Atacado,3,509.7,248.58,87.04,Venda
SKU_1579_SAG,16/07/2025,E-commerce,1,229.9,88.72,141.18,Venda
SKU_1771_PIN,16/07/2025,Atacado,3,794.7,402.45,130.75,Venda
SKU_1793_WHI,16/07/2025,Atacado,8,1519.2,780.88,92.29,Venda
SKU_1793_WHI,16/07/2025,Varejo,2,379.8,169.66,105.07,Venda
SKU_1766_MYS,16/07/2025,Varejo,2,789.8,384.26,202.77,Venda
SKU_1736_JAD,16/07/2025,Varejo,1,324.9,127.09,197.81,Venda
SKU_1750_MIN,16/07/2025,Varejo,4,1479.6,581.24,224.59,Venda
SKU_1728_MID,16/07/2025,Atacado,4,1319.6,672.6,161.75,Venda
SKU_1460_OLI,16/07/2025,Varejo,3,524.7,209.55,105.05,Venda
SKU_1761_SAP,16/07/2025,Varejo,1,1104.9,538.86,566.04,Venda
SKU_1745_PEA,16/07/2025,Atacado,6,2459.4,1157.7,216.95,Venda
SKU_1678_MAG,16/07/2025,Varejo,1,714.9,338.71,376.19,Venda
SKU_1712_MOS,16/07/2025,Varejo,1,179.9,58.62,121.28,Venda
SKU_1654_NAV,16/07/2025,Varejo,2,619.8,249.86,184.97,Venda
SKU_1716_AQU,16/07/2025,E-commerce,1,164.9,63.77,101.13,Venda
SKU_1779_LIG,16/07/2025,E-commerce,1,214.9,80.03,134.87,Venda
SKU_1721_FRE,16/07/2025,Varejo,2,839.8,268.72,285.54,Venda
SKU_1763_HOT,16/07/2025,Atacado,2,599.8,311.92,143.94,Venda
SKU_1754_IVO,16/07/2025,E-commerce,2,679.8,243.18,218.31,Venda
SKU_1750_SNO,16/07/2025,Atacado,2,739.8,398.04,170.88,Venda
SKU_1756_FLA,16/07/2025,Atacado,6,1079.4,513.18,94.37,Venda
SKU_1709_CRE,16/07/2025,Varejo,1,209.9,78.35,131.55,Venda
SKU_1422_MIN,16/07/2025,Atacado,2,629.8,315.84,156.98,Venda
SKU_1734_FRE,16/07/2025,Atacado,6,2099.4,1116.36,163.84,Venda
SKU_1770_DEE,16/07/2025,Atacado,5,1099.5,468.1,126.28,Venda
SKU_1756_FLA,16/07/2025,Varejo,1,179.9,70.67,109.23,Venda
SKU_1708_FLA,16/07/2025,Atacado,5,849.5,383.15,93.27,Venda
SKU_1731_MIN,16/07/2025,Varejo,2,1819.8,634.32,592.74,Venda
SKU_1686_SKY,16/07/2025,Atacado,3,644.7,394.8,83.3,Venda
SKU_1725_BAB,16/07/2025,Varejo,1,244.9,108.16,136.74,Venda
SKU_1469_ARM,16/07/2025,Varejo,2,589.8,194.74,197.53,Venda
SKU_1648_FLA,16/07/2025,Atacado,4,2799.6,1188.48,402.78,Venda
SKU_1738_BLU,16/07/2025,E-commerce,1,194.9,86.04,108.86,Venda
SKU_1797_GAR,16/07/2025,Varejo,2,759.8,337.56,211.12,Venda
SKU_1558_MEX,16/07/2025,Varejo,1,329.9,148.41,181.49,Venda
SKU_1759_CLE,16/07/2025,Varejo,2,539.8,166.82,186.49,Venda
SKU_1792_MIN,16/07/2025,E-commerce,1,439.9,206.93,232.97,Venda
SKU_1697_MIN,16/07/2025,Atacado,12,2638.8,1127.88,125.91,Venda
SKU_1543_FLA,16/07/2025,Atacado,6,4409.4,2095.26,385.69,Venda
SKU_1591_MYS,16/07/2025,Atacado,8,7119.2,3346.32,471.61,Venda
SKU_1745_FOR,16/07/2025,Varejo,1,409.9,187.17,222.73,Venda
SKU_1718_SEA,16/07/2025,Varejo,1,369.9,143.68,226.22,Venda
SKU_1734_BRI,16/07/2025,Varejo,1,349.9,158.08,191.82,Venda
SKU_1796_OLI,16/07/2025,Varejo,1,504.9,244.48,260.42,Venda
SKU_1710_MEX,16/07/2025,Atacado,3,2429.7,1160.82,422.96,Venda
SKU_1461_PRI,16/07/2025,Atacado,5,5349.5,2821.0,505.7,Venda
SKU_1488_IVO,16/07/2025,Atacado,6,2039.4,965.64,178.96,Venda
SKU_1758_CLO,16/07/2025,Atacado,6,1079.4,526.38,92.17,Venda
SKU_1735_COR,16/07/2025,Varejo,1,269.9,86.17,183.73,Venda
SKU_1767_FUC,16/07/2025,Atacado,2,409.8,186.44,111.68,Venda
SKU_1685_BIR,16/07/2025,Varejo,1,664.9,206.63,458.27,Venda
SKU_1789_SNO,16/07/2025,E-commerce,1,269.9,90.16,179.74,Venda
SKU_1764_FUC,16/07/2025,Varejo,1,234.9,101.31,133.59,Venda
SKU_1415_BAB,16/07/2025,E-commerce,2,709.8,278.96,215.42,Venda
SKU_1750_SNO,16/07/2025,E-commerce,2,739.8,335.08,202.36,Venda
SKU_1530_PEA,16/07/2025,Varejo,4,519.6,225.16,73.61,Venda
SKU_1714_MID,16/07/2025,Varejo,3,914.7,349.8,188.3,Venda
SKU_1744_EME,16/07/2025,Atacado,8,2119.2,1230.96,111.03,Venda
SKU_1786_TEA,16/07/2025,Varejo,2,359.8,112.8,123.5,Venda
SKU_1686_SKY,16/07/2025,Atacado,10,2149.0,1222.3,92.67,Venda
SKU_1557_TUR,16/07/2025,Varejo,1,199.9,97.19,102.71,Venda
SKU_1732_WHI,16/07/2025,Atacado,3,3344.7,1630.38,571.44,Venda
SKU_1694_PIS,16/07/2025,Varejo,1,279.9,91.45,188.45,Venda
SKU_1623_SER,16/07/2025,Atacado,5,4574.5,2368.5,441.2,Venda
SKU_1431_CRE,16/07/2025,Atacado,3,1109.7,524.28,195.14,Venda
SKU_1569_WHI,16/07/2025,Varejo,3,659.7,243.42,138.76,Venda
SKU_1646_BLU,16/07/2025,E-commerce,1,204.9,85.23,119.67,Venda
SKU_1751_BLU,16/07/2025,Varejo,1,329.9,112.57,217.33,Venda
SKU_1593_LIG,16/07/2025,Varejo,1,144.9,49.12,95.78,Venda
SKU_1762_DEN,16/07/2025,E-commerce,1,254.9,102.01,152.89,Venda
SKU_1753_PAL,16/07/2025,Atacado,5,3949.5,1734.05,443.09,Venda
SKU_1427_AQU,16/07/2025,Varejo,1,199.9,99.82,100.08,Venda
SKU_1703_BLU,16/07/2025,Varejo,3,809.7,379.23,143.49,Venda
SKU_1765_MYS,16/07/2025,Varejo,1,259.9,78.5,181.4,Venda
SKU_1750_SNO,16/07/2025,Varejo,1,369.9,138.84,231.06,Venda
SKU_1735_COR,16/07/2025,Atacado,5,1349.5,707.1,128.48,Venda
SKU_1740_OLI,16/07/2025,Varejo,1,214.9,80.09,134.81,Venda
SKU_1702_LIG,16/07/2025,Atacado,4,2479.6,1127.44,338.04,Venda
SKU_1743_DEE,16/07/2025,E-commerce,2,879.8,315.4,282.2,Venda
SKU_1739_AQU,16/07/2025,E-commerce,1,254.9,119.33,135.57,Venda
SKU_1744_EME,16/07/2025,Varejo,1,264.9,106.72,158.18,Venda
SKU_1492_BIR,16/07/2025,Atacado,4,1499.6,686.6,203.25,Venda
SKU_1798_MOS,16/07/2025,Varejo,1,419.9,169.2,250.7,Venda
SKU_1699_COB,16/07/2025,Atacado,8,2639.2,1130.24,188.62,Venda
SKU_1411_RAS,16/07/2025,Varejo,1,224.9,105.92,118.98,Venda
SKU_1651_PAS,16/07/2025,Varejo,1,264.9,112.32,152.58,Venda
SKU_1692_OLI,16/07/2025,Varejo,1,219.9,90.4,129.5,Venda
SKU_1768_PEA,16/07/2025,E-commerce,1,624.9,258.03,366.87,Venda
SKU_1692_OLI,16/07/2025,E-commerce,2,439.8,194.7,122.55,Venda
SKU_1775_PAS,16/07/2025,Atacado,10,2799.0,1643.1,115.59,Venda
SKU_1692_OLI,16/07/2025,Atacado,10,2199.0,1188.5,101.05,Venda
SKU_1709_MAR,16/07/2025,Varejo,1,209.9,89.74,120.16,Venda
SKU_1778_MIN,16/07/2025,E-commerce,1,284.9,104.92,179.98,Venda
SKU_1782_HUN,16/07/2025,Atacado,4,999.6,575.92,105.92,Venda
SKU_1545_HOT,16/07/2025,Varejo,2,519.8,217.5,151.15,Venda
SKU_1769_EME,16/07/2025,Varejo,1,324.9,155.93,168.97,Venda
SKU_1741_PIN,16/07/2025,Atacado,6,1439.4,666.06,128.89,Venda
SKU_1445_PRI,16/07/2025,Atacado,4,1639.6,805.08,208.63,Venda
SKU_1473_BAB,16/07/2025,Varejo,1,179.9,87.13,92.77,Venda
SKU_1795_RAS,16/07/2025,Atacado,3,899.7,451.86,149.28,Venda
SKU_1452_SKY,16/07/2025,Varejo,1,144.9,54.59,90.31,Venda
SKU_1708_FRE,16/07/2025,Varejo,2,339.8,125.3,107.25,Venda
SKU_1698_SNO,16/07/2025,Varejo,1,419.9,134.91,284.99,Venda
SKU_1520_ROY,16/07/2025,Atacado,8,1799.2,956.4,105.35,Venda
SKU_1738_ROY,16/07/2025,Atacado,10,1949.0,896.3,105.27,Venda
SKU_1754_SER,16/07/2025,E-commerce,1,339.9,104.31,235.59,Venda
SKU_1441_COB,16/07/2025,Varejo,4,4619.6,2131.44,622.04,Venda
SKU_1700_PIS,16/07/2025,Atacado,2,1399.8,693.16,353.32,Venda
SKU_1709_CRE,16/07/2025,Varejo,1,209.9,66.7,143.2,Venda
SKU_1764_MAR,16/07/2025,Atacado,6,1409.4,702.84,117.76,Venda
SKU_1694_PIS,16/07/2025,Varejo,3,839.7,371.37,156.11,Venda
SKU_1676_NAV,16/07/2025,Varejo,2,339.8,165.7,87.05,Venda
SKU_1730_OFF,16/07/2025,Varejo,4,1279.6,604.32,168.82,Venda
SKU_1729_CLE,16/07/2025,Atacado,8,1399.2,670.88,91.04,Venda
SKU_1790_ROY,16/07/2025,Varejo,1,259.9,104.3,155.6,Venda
SKU_1773_FRE,16/07/2025,Varejo,1,324.9,140.28,184.62,Venda
SKU_1739_AQU,16/07/2025,Atacado,3,764.7,372.12,130.86,Venda
SKU_1731_ARM,16/07/2025,Atacado,8,7279.2,3853.52,428.21,Venda
SKU_1744_EME,16/07/2025,Atacado,4,1059.6,465.56,148.51,Venda
SKU_1706_BLA,16/07/2025,Atacado,4,739.6,372.28,91.83,Venda
SKU_1512_TEA,16/07/2025,Varejo,2,449.8,139.24,155.28,Venda
SKU_1740_FRE,16/07/2025,Varejo,2,429.8,146.5,141.65,Venda
SKU_1729_CLE,16/07/2025,Atacado,10,1749.0,822.9,92.61,Venda
SKU_1741_PIN,16/07/2025,E-commerce,1,239.9,106.59,133.31,Venda
SKU_1552_CLE,16/07/2025,Varejo,1,659.9,229.02,430.88,Venda
SKU_1599_WHI,16/07/2025,Atacado,10,4699.0,2327.4,237.16,Venda
SKU_1640_IVO,16/07/2025,Varejo,1,219.9,102.34,117.56,Venda
SKU_1800_MOS,16/07/2025,E-commerce,2,559.8,240.44,159.68,Venda
SKU_1796_SHO,16/07/2025,Varejo,3,1514.7,662.64,284.02,Venda
SKU_1475_MIN,16/07/2025,Atacado,5,1249.5,568.05,136.29,Venda
SKU_1670_PEA,16/07/2025,Varejo,1,144.9,60.0,84.9,Venda
SKU_1681_OFF,16/07/2025,Atacado,3,704.7,359.43,115.09,Venda
SKU_1627_BAB,16/07/2025,Atacado,5,1649.5,906.05,148.69,Venda
SKU_1763_MAR,16/07/2025,Atacado,10,2999.0,1486.1,151.29,Venda
SKU_1729_CLE,16/07/2025,Atacado,3,524.7,228.3,98.8,Venda
SKU_1397_BUB,16/07/2025,Varejo,2,469.8,148.56,160.62,Venda
SKU_1779_LIG,16/07/2025,Atacado,12,2578.8,1339.44,103.28,Venda
SKU_1700_HUN,16/07/2025,E-commerce,1,699.9,334.94,364.96,Venda
SKU_1609_LIM,16/07/2025,Atacado,5,1349.5,675.5,134.8,Venda
SKU_1494_HOT,16/07/2025,Varejo,1,1084.9,465.03,619.87,Venda
SKU_1724_PEA,16/07/2025,Varejo,1,1114.9,338.02,776.88,Venda
SKU_1704_BAB,16/07/2025,Atacado,6,2009.4,1075.26,155.69,Venda
SKU_1675_CRE,16/07/2025,Atacado,5,3824.5,1857.2,393.46,Venda
SKU_1556_SAL,16/07/2025,Atacado,6,1229.4,538.92,115.08,Venda
SKU_1561_VAN,16/07/2025,Varejo,1,349.9,110.68,239.22,Venda
SKU_1764_FUC,16/07/2025,Varejo,1,234.9,115.47,119.43,Venda
SKU_1696_SHO,16/07/2025,Atacado,3,839.7,446.28,131.14,Venda
SKU_1771_EME,16/07/2025,Varejo,1,264.9,92.56,172.34,Venda
SKU_1518_CLE,16/07/2025,Varejo,1,234.9,85.75,149.15,Venda
SKU_1799_DEN,16/07/2025,Atacado,5,1349.5,651.25,139.65,Venda
SKU_1753_WHI,16/07/2025,Atacado,8,6319.2,2764.88,444.29,Venda
SKU_1740_FRE,16/07/2025,Varejo,1,214.9,83.44,131.46,Venda
SKU_1475_VAN,16/07/2025,Varejo,2,499.8,202.0,148.9,Venda
SKU_1629_CLO,16/07/2025,Varejo,1,254.9,97.3,157.6,Venda
SKU_1456_EME,16/07/2025,Atacado,8,2519.2,1061.36,182.23,Venda
SKU_1684_SHO,16/07/2025,Varejo,1,184.9,73.64,111.26,Venda
SKU_1480_SNO,16/07/2025,Atacado,6,2219.4,942.96,212.74,Venda
SKU_1436_BLU,16/07/2025,Atacado,6,1679.4,868.5,135.15,Venda
SKU_1461_PRI,16/07/2025,Atacado,2,2139.8,1153.7,493.05,Venda
SKU_1720_PAL,16/07/2025,Atacado,5,1124.5,585.4,107.82,Venda
SKU_1718_SEA,16/07/2025,E-commerce,1,369.9,181.93,187.97,Venda
SKU_1662_LIG,16/07/2025,Atacado,2,399.8,180.48,109.66,Venda
SKU_1509_HOT,16/07/2025,Atacado,6,1919.4,1060.86,143.09,Venda
SKU_1701_BLU,16/07/2025,Atacado,8,2719.2,1157.68,195.19,Venda
SKU_1556_HUN,16/07/2025,E-commerce,1,204.9,92.5,112.4,Venda
SKU_1734_FRE,16/07/2025,E-commerce,2,699.8,333.04,183.38,Venda
SKU_1694_SER,16/07/2025,Varejo,1,279.9,94.38,185.52,Venda
SKU_1746_NAV,16/07/2025,Atacado,8,1439.2,728.4,88.85,Venda
SKU_1394_FOR,16/07/2025,Varejo,1,469.9,164.51,305.39,Venda
SKU_1581_COB,16/07/2025,Atacado,4,3419.6,1738.76,420.21,Venda
SKU_1779_LIG,16/07/2025,Varejo,1,214.9,81.08,133.82,Venda
SKU_1749_BIR,16/07/2025,Atacado,4,1399.6,611.24,197.09,Venda
SKU_1549_BAL,16/07/2025,Varejo,1,184.9,87.12,97.78,Venda
SKU_1725_OFF,16/07/2025,E-commerce,1,244.9,87.51,157.39,Venda
SKU_1694_SER,16/07/2025,Varejo,1,279.9,100.96,178.94,Venda
SKU_1694_SER,16/07/2025,Atacado,5,1399.5,859.1,108.08,Venda
SKU_1779_LIG,16/07/2025,E-commerce,1,214.9,67.02,147.88,Venda
SKU_1743_CLO,16/07/2025,Varejo,1,439.9,191.94,247.96,Venda
SKU_1762_DEN,16/07/2025,Varejo,3,764.7,321.06,147.88,Venda
SKU_1691_ROS,16/07/2025,Varejo,1,309.9,127.28,182.62,Venda
SKU_1502_PEA,16/07/2025,Varejo,1,209.9,98.87,111.03,Venda
SKU_1699_CLO,16/07/2025,Varejo,2,659.8,269.72,195.04,Venda
SKU_1705_SER,16/07/2025,Atacado,10,4099.0,1726.2,237.28,Venda
SKU_1752_SPA,16/07/2025,Atacado,8,3439.2,1973.12,183.26,Venda
SKU_1744_LIG,16/07/2025,Varejo,1,264.9,117.92,146.98,Venda
SKU_1761_MOS,16/07/2025,Atacado,5,5524.5,2924.75,519.95,Venda
SKU_1577_FLA,16/07/2025,Atacado,5,799.5,352.7,89.36,Venda
SKU_1694_PIS,16/07/2025,Varejo,1,279.9,111.66,168.24,Venda
SKU_1785_HUN,16/07/2025,Atacado,6,1469.4,740.82,121.43,Venda
SKU_1738_ROY,16/07/2025,Atacado,5,974.5,431.9,108.52,Venda
SKU_1768_MIN,16/07/2025,Varejo,3,1874.7,676.65,399.35,Venda
SKU_1601_AQU,16/07/2025,E-commerce,1,734.9,360.45,374.45,Venda
SKU_1466_SAP,16/07/2025,Varejo,1,269.9,122.22,147.68,Venda
SKU_1710_MEX,16/07/2025,Varejo,1,809.9,306.38,503.52,Venda
SKU_1728_MID,16/07/2025,Atacado,5,1649.5,828.3,164.24,Venda
SKU_1717_MIN,16/07/2025,Varejo,2,519.8,222.58,148.61,Venda
SKU_1721_FRE,16/07/2025,Varejo,1,419.9,149.81,270.09,Venda
SKU_1689_MAG,16/07/2025,Varejo,3,2894.7,1113.6,593.7,Venda
SKU_1731_MIN,16/07/2025,Varejo,1,909.9,310.95,598.95,Venda
SKU_1753_WHI,16/07/2025,Atacado,2,1579.8,854.7,362.55,Venda
SKU_1772_SNO,16/07/2025,Atacado,2,829.8,423.3,203.25,Venda
SKU_1761_SAP,16/07/2025,Atacado,3,3314.7,1712.1,534.2,Venda
SKU_1724_PEA,16/07/2025,Atacado,10,11149.0,4692.6,645.64,Venda
SKU_1798_MOS,16/07/2025,Atacado,10,4199.0,2061.2,213.78,Venda
SKU_1768_PEA,16/07/2025,Atacado,4,2499.6,1133.52,341.52,Venda
SKU_1769_WHI,16/07/2025,Varejo,1,324.9,140.0,184.9,Venda
SKU_1443_PRI,16/07/2025,Atacado,12,3238.8,1464.12,147.89,Venda
SKU_1639_FRE,16/07/2025,E-commerce,1,189.9,62.13,127.77,Venda
SKU_1801_MOS,16/07/2025,Varejo,1,374.9,153.34,221.56,Venda
SKU_1740_OLI,16/07/2025,Atacado,8,1719.2,918.32,100.11,Venda
SKU_1713_SNO,16/07/2025,Atacado,8,4039.2,1719.76,289.93,Venda
SKU_1745_FOR,16/07/2025,Varejo,1,409.9,139.54,270.36,Venda
SKU_1526_FOR,16/07/2025,Atacado,8,1359.2,694.96,83.03,Venda
SKU_1429_MAG,16/07/2025,Atacado,4,759.6,428.48,82.78,Venda
SKU_1785_HUN,16/07/2025,Atacado,2,489.8,249.74,120.03,Venda
SKU_1713_SNO,16/07/2025,Varejo,1,504.9,159.21,345.69,Venda
SKU_1686_SKY,16/07/2025,Atacado,8,1719.2,871.84,105.92,Venda
SKU_1721_FRE,16/07/2025,E-commerce,2,839.8,313.4,263.2,Venda
SKU_1750_SNO,16/07/2025,Varejo,2,739.8,267.48,236.16,Venda
SKU_1504_EME,16/07/2025,Varejo,1,339.9,125.71,214.19,Venda
SKU_1664_PIN,16/07/2025,Varejo,3,989.7,478.59,170.37,Venda
SKU_1701_SPA,16/07/2025,Varejo,1,339.9,103.14,236.76,Venda
SKU_1774_MOS,16/07/2025,Varejo,1,204.9,95.36,109.54,Venda
SKU_1693_FLA,16/07/2025,Atacado,3,614.7,301.5,104.4,Venda
SKU_1757_TUR,16/07/2025,Varejo,1,264.9,94.46,170.44,Venda
SKU_1680_SEA,16/07/2025,Varejo,1,334.9,136.93,197.97,Venda
SKU_1755_BIR,16/07/2025,Varejo,1,334.9,130.72,204.18,Venda
SKU_1476_CLO,16/07/2025,Varejo,1,274.9,108.78,166.12,Venda
SKU_1607_GAR,16/07/2025,Atacado,10,2999.0,1299.7,169.93,Venda
SKU_1688_WHI,16/07/2025,Atacado,3,1289.7,593.04,232.22,Venda
SKU_1702_LIG,16/07/2025,Atacado,5,3099.5,1503.35,319.23,Venda
SKU_1727_LIG,16/07/2025,Varejo,1,154.9,76.55,78.35,Venda
SKU_1682_OLI,16/07/2025,E-commerce,1,234.9,89.47,145.43,Venda
SKU_1689_MAG,16/07/2025,Varejo,1,964.9,346.65,618.25,Venda
SKU_1760_OFF,16/07/2025,Atacado,6,1499.4,911.22,98.03,Venda
SKU_1742_DEN,16/07/2025,Atacado,10,2599.0,1230.5,136.85,Venda
SKU_1680_SEA,16/07/2025,Varejo,1,334.9,146.96,187.94,Venda
SKU_1578_PAS,16/07/2025,E-commerce,1,124.9,50.63,74.27,Venda
SKU_1752_SPA,16/07/2025,Atacado,8,3439.2,1620.96,227.28,Venda
SKU_1695_LIM,16/07/2025,Varejo,1,209.9,69.78,140.12,Venda
SKU_1761_SAP,16/07/2025,Atacado,8,8839.2,4575.2,533.0,Venda
SKU_1644_PEA,16/07/2025,E-commerce,1,319.9,111.93,207.97,Venda
SKU_1772_BLU,16/07/2025,Atacado,4,1659.6,757.4,225.55,Venda
SKU_1606_COB,16/07/2025,E-commerce,1,1084.9,359.77,725.13,Venda
SKU_1694_PIS,16/07/2025,Varejo,4,1119.6,443.72,168.97,Venda
SKU_1464_BIR,16/07/2025,Atacado,3,689.7,332.13,119.19,Venda
SKU_1684_SHO,16/07/2025,Atacado,3,554.7,264.72,96.66,Venda
SKU_1696_SER,16/07/2025,Atacado,10,2799.0,1202.7,159.63,Venda
SKU_1617_MIN,16/07/2025,Atacado,4,659.6,315.88,85.93,Venda
SKU_1723_MOS,16/07/2025,Varejo,2,869.8,275.1,297.35,Venda
SKU_1718_DUS,16/07/2025,Varejo,1,369.9,111.16,258.74,Venda
SKU_1722_PAS,16/07/2025,Varejo,2,649.8,229.28,210.26,Venda
SKU_1766_MYS,16/07/2025,E-commerce,2,789.8,360.82,214.49,Venda
SKU_1755_BIR,16/07/2025,Varejo,1,334.9,114.78,220.12,Venda
SKU_1795_RAS,16/07/2025,Varejo,1,299.9,135.12,164.78,Venda
SKU_1781_CLE,16/07/2025,Varejo,2,259.8,103.38,78.21,Venda
SKU_1750_MIN,16/07/2025,E-commerce,1,369.9,162.05,207.85,Venda
SKU_1711_ARM,16/07/2025,Varejo,1,994.9,400.16,594.74,Venda
SKU_1772_BLU,16/07/2025,E-commerce,1,414.9,166.4,248.5,Venda
SKU_1537_BLA,16/07/2025,Varejo,2,509.8,247.94,130.93,Venda
SKU_1497_VAN,16/07/2025,Atacado,6,809.4,383.4,71.0,Venda
SKU_1741_PEA,16/07/2025,E-commerce,1,239.9,102.97,136.93,Venda
SKU_1704_PEA,16/07/2025,Atacado,4,1339.6,585.96,188.41,Venda
SKU_1640_TEA,16/07/2025,Varejo,1,219.9,70.85,149.05,Venda
SKU_1775_PAL,16/07/2025,Varejo,2,559.8,233.94,162.93,Venda
SKU_1700_PIS,16/07/2025,Atacado,3,2099.7,1066.08,344.54,Venda
SKU_1746_EME,16/07/2025,Atacado,6,1079.4,565.38,85.67,Venda
SKU_1690_MYS,16/07/2025,Varejo,1,539.9,172.03,367.87,Venda
SKU_1693_MEX,16/07/2025,E-commerce,2,409.8,130.82,139.49,Venda
SKU_1772_BLU,16/07/2025,Varejo,1,414.9,184.33,230.57,Venda
SKU_1708_FLA,16/07/2025,Atacado,8,1359.2,601.04,94.77,Venda
SKU_1723_COB,16/07/2025,Atacado,10,4349.0,2062.8,228.62,Venda
SKU_1772_SNO,16/07/2025,Atacado,8,3319.2,1424.8,236.8,Venda
SKU_1729_FUC,16/07/2025,Varejo,2,349.8,108.84,120.48,Venda
SKU_1559_BLU,16/07/2025,Varejo,1,1199.9,499.75,700.15,Venda
SKU_1773_OLI,16/07/2025,Atacado,2,649.8,305.64,172.08,Venda
SKU_1759_COB,16/07/2025,Varejo,3,809.7,359.16,150.18,Venda
SKU_1664_PIN,16/07/2025,Varejo,4,1319.6,625.08,173.63,Venda
SKU_1785_PAS,16/07/2025,Atacado,3,734.7,384.87,116.61,Venda
SKU_1739_MOS,16/07/2025,E-commerce,1,254.9,117.08,137.82,Venda
SKU_1755_AQU,16/07/2025,E-commerce,1,334.9,133.21,201.69,Venda
SKU_1477_EME,16/07/2025,Varejo,1,224.9,102.06,122.84,Venda
SKU_1785_PAS,16/07/2025,Atacado,12,2938.8,1469.04,122.48,Venda
SKU_1698_SNO,16/07/2025,Atacado,10,4199.0,1848.5,235.05,Venda
SKU_1749_BIR,16/07/2025,Varejo,2,699.8,316.78,191.51,Venda
SKU_1736_JAD,16/07/2025,E-commerce,1,324.9,151.32,173.58,Venda
SKU_1790_ROY,16/07/2025,Atacado,5,1299.5,691.65,121.57,Venda
SKU_1418_CLE,16/07/2025,E-commerce,1,844.9,417.38,427.52,Venda
SKU_1764_MAR,16/07/2025,E-commerce,1,234.9,110.47,124.43,Venda
SKU_1389_SHO,16/07/2025,Varejo,1,139.9,48.49,91.41,Venda
SKU_1781_AQU,16/07/2025,Varejo,1,129.9,46.74,83.16,Venda
SKU_1632_SPA,16/07/2025,Varejo,1,184.9,74.39,110.51,Venda
SKU_1791_ARM,16/07/2025,Varejo,1,264.9,130.73,134.17,Venda
SKU_1703_BLU,16/07/2025,Atacado,3,809.7,367.41,147.43,Venda
SKU_1787_BAB,16/07/2025,Atacado,8,2319.2,1090.72,153.56,Venda
SKU_1741_PEA,16/07/2025,Varejo,1,239.9,76.98,162.92,Venda
SKU_1727_LIG,16/07/2025,E-commerce,1,154.9,54.15,100.75,Venda
SKU_1767_FUC,16/07/2025,Varejo,1,204.9,89.38,115.52,Venda
SKU_1704_BAB,16/07/2025,Atacado,3,1004.7,575.34,143.12,Venda
SKU_1787_BAB,16/07/2025,Atacado,4,1159.6,620.84,134.69,Venda
SKU_1642_OFF,16/07/2025,Atacado,10,2249.0,1116.2,113.28,Venda
SKU_1680_SEA,16/07/2025,Atacado,2,669.8,304.4,182.7,Venda
SKU_1768_PEA,16/07/2025,E-commerce,1,624.9,279.94,344.96,Venda
SKU_1681_PIS,16/07/2025,Varejo,1,234.9,109.72,125.18,Venda
SKU_1781_AQU,16/07/2025,Atacado,10,1299.0,574.7,72.43,Venda
SKU_1713_SAL,16/07/2025,E-commerce,1,504.9,170.4,334.5,Venda
SKU_1693_FLA,16/07/2025,Atacado,8,1639.2,730.48,113.59,Venda
SKU_1780_LIG,16/07/2025,Atacado,10,3349.0,1574.4,177.46,Venda
SKU_1772_BLU,16/07/2025,Varejo,2,829.8,347.88,240.96,Venda
SKU_1580_MOS,16/07/2025,Atacado,3,569.7,277.59,97.37,Venda
SKU_1761_MOS,16/07/2025,Varejo,1,1104.9,505.09,599.81,Venda
SKU_1727_LIG,16/07/2025,Varejo,1,154.9,57.11,97.79,Venda
SKU_1390_SAP,16/07/2025,Varejo,2,459.8,158.46,150.67,Venda
SKU_1487_CLE,16/07/2025,Varejo,1,334.9,106.54,228.36,Venda
SKU_1683_PAL,16/07/2025,Atacado,5,1574.5,818.9,151.12,Venda
SKU_1738_BLU,16/07/2025,Atacado,4,779.6,355.64,105.99,Venda
SKU_1732_WHI,16/07/2025,Varejo,1,1114.9,527.09,587.81,Venda
SKU_1404_SAP,16/07/2025,Varejo,4,4079.6,1371.88,676.93,Venda
SKU_1732_OFF,16/07/2025,Atacado,2,2229.8,1193.86,517.97,Venda
SKU_1728_EGR,16/07/2025,Atacado,12,3958.8,1898.28,171.71,Venda
SKU_1405_FLA,16/07/2025,Atacado,8,1719.2,774.64,118.07,Venda
SKU_1785_HUN,16/07/2025,Varejo,2,489.8,242.28,123.76,Venda
SKU_1762_BRI,16/07/2025,E-commerce,1,254.9,91.48,163.42,Venda
SKU_1389_BAB,16/07/2025,Varejo,1,139.9,59.58,80.32,Venda
SKU_1711_ARM,16/07/2025,Varejo,2,1989.8,637.44,676.18,Venda
SKU_1636_SHO,17/07/2025,E-commerce,1,439.9,193.45,246.45,Venda
SKU_1688_WHI,17/07/2025,Varejo,1,429.9,175.76,254.14,Venda
SKU_1741_PEA,17/07/2025,Varejo,1,239.9,79.87,160.03,Venda
SKU_1745_FOR,17/07/2025,Varejo,1,409.9,168.56,241.34,Venda
SKU_1634_NAV,17/07/2025,Atacado,5,4899.5,2120.5,555.8,Venda
SKU_1467_FUC,17/07/2025,Atacado,10,2049.0,1034.0,101.5,Venda
SKU_1532_EME,17/07/2025,E-commerce,1,979.9,331.38,648.52,Venda
SKU_1606_SEA,17/07/2025,Varejo,1,1084.9,422.57,662.33,Venda
SKU_1751_MIN,17/07/2025,Varejo,1,329.9,135.3,194.6,Venda
SKU_1718_SEA,17/07/2025,Varejo,1,369.9,174.72,195.18,Venda
SKU_1717_MIN,17/07/2025,Atacado,6,1559.4,794.82,127.43,Venda
SKU_1772_SNO,17/07/2025,Atacado,12,4978.8,2551.08,202.31,Venda
SKU_1759_COB,17/07/2025,Varejo,3,809.7,335.58,158.04,Venda
SKU_1751_MIN,17/07/2025,Varejo,1,329.9,120.25,209.65,Venda
SKU_1682_BIR,17/07/2025,E-commerce,1,234.9,96.84,138.06,Venda
SKU_1684_HON,17/07/2025,Varejo,1,184.9,57.71,127.19,Venda
SKU_1741_PEA,17/07/2025,Atacado,4,959.6,409.16,137.61,Venda
SKU_1711_VAN,17/07/2025,Varejo,1,994.9,423.3,571.6,Venda
SKU_1702_LIG,17/07/2025,Atacado,8,4959.2,2440.48,314.84,Venda
SKU_1706_BLA,17/07/2025,Atacado,5,924.5,432.8,98.34,Venda
SKU_1692_BLU,17/07/2025,Atacado,3,659.7,345.57,104.71,Venda
SKU_1779_MIN,17/07/2025,Atacado,3,644.7,276.84,122.62,Venda
SKU_1707_SAP,17/07/2025,E-commerce,2,559.8,198.02,180.89,Venda
SKU_1700_PIS,17/07/2025,Varejo,1,699.9,346.59,353.31,Venda
SKU_1603_BUB,17/07/2025,E-commerce,1,744.9,314.91,429.99,Venda
SKU_1403_DUS,17/07/2025,Varejo,2,769.8,300.8,234.5,Venda
SKU_1527_FUC,17/07/2025,E-commerce,1,909.9,319.09,590.81,Venda
SKU_1775_PAS,17/07/2025,Varejo,1,279.9,86.18,193.72,Venda
SKU_1762_DEN,17/07/2025,Varejo,1,254.9,95.32,159.58,Venda
SKU_1745_FOR,17/07/2025,Atacado,4,1639.6,743.28,224.08,Venda
SKU_1752_SPA,17/07/2025,Atacado,3,1289.7,718.65,190.35,Venda
SKU_1726_BUB,17/07/2025,E-commerce,1,429.9,190.45,239.45,Venda
SKU_1785_PAS,17/07/2025,Varejo,1,244.9,107.69,137.21,Venda
SKU_1783_EGR,17/07/2025,Varejo,1,1199.9,534.47,665.43,Venda
SKU_1746_NAV,17/07/2025,E-commerce,1,179.9,55.19,124.71,Venda
SKU_1777_TUR,17/07/2025,E-commerce,1,239.9,92.31,147.59,Venda
SKU_1703_PAS,17/07/2025,Atacado,6,1619.4,764.1,142.55,Venda
SKU_1507_FLA,17/07/2025,Varejo,1,179.9,80.58,99.32,Venda
SKU_1754_IVO,17/07/2025,Atacado,8,2719.2,1361.36,169.73,Venda
SKU_1761_SAP,17/07/2025,Atacado,6,6629.4,3329.34,550.01,Venda
SKU_1693_FLA,17/07/2025,Varejo,4,819.6,350.76,117.21,Venda
SKU_1711_ARM,17/07/2025,Varejo,1,994.9,466.84,528.06,Venda
SKU_1759_CLE,17/07/2025,Varejo,1,269.9,117.81,152.09,Venda
SKU_1793_MIN,17/07/2025,Varejo,2,379.8,157.34,111.23,Venda
SKU_1693_MEX,17/07/2025,Varejo,1,204.9,90.82,114.08,Venda
SKU_1743_CLO,17/07/2025,Varejo,1,439.9,193.32,246.58,Venda
SKU_1540_MAG,17/07/2025,Atacado,2,339.8,151.4,94.2,Venda
SKU_1720_PAL,17/07/2025,Atacado,4,899.6,454.36,111.31,Venda
SKU_1791_ARM,17/07/2025,Atacado,3,794.7,409.05,128.55,Venda
SKU_1741_PIN,17/07/2025,Varejo,1,239.9,107.43,132.47,Venda
SKU_1725_BAB,17/07/2025,Varejo,2,489.8,191.24,149.28,Venda
SKU_1666_PAS,17/07/2025,Atacado,8,6399.2,3335.92,382.91,Venda
SKU_1547_IVO,17/07/2025,E-commerce,1,329.9,128.67,201.23,Venda
SKU_1749_BIR,17/07/2025,Atacado,8,2799.2,1176.08,202.89,Venda
SKU_1758_CLO,17/07/2025,E-commerce,1,179.9,89.21,90.69,Venda
SKU_1784_BLA,17/07/2025,E-commerce,1,309.9,98.68,211.22,Venda
SKU_1689_IVO,17/07/2025,Atacado,8,7719.2,3521.84,524.67,Venda
SKU_1787_BAB,17/07/2025,E-commerce,1,289.9,144.38,145.52,Venda
SKU_1419_WHI,17/07/2025,Varejo,1,249.9,104.8,145.1,Venda
SKU_1504_EME,17/07/2025,Varejo,1,339.9,164.85,175.05,Venda
SKU_1761_MOS,17/07/2025,Varejo,4,4419.6,2087.48,583.03,Venda
SKU_1431_CRE,17/07/2025,Varejo,1,369.9,178.66,191.24,Venda
SKU_1712_MOS,17/07/2025,Atacado,10,1799.0,800.3,99.87,Venda
SKU_1759_CLE,17/07/2025,Varejo,2,539.8,231.22,154.29,Venda
SKU_1690_MYS,17/07/2025,Varejo,1,539.9,245.74,294.16,Venda
SKU_1734_BRI,17/07/2025,Atacado,12,4198.8,2207.28,165.96,Venda
SKU_1743_DEE,17/07/2025,Atacado,4,1759.6,787.2,243.1,Venda
SKU_1766_CLE,17/07/2025,E-commerce,1,394.9,184.65,210.25,Venda
SKU_1794_LIG,17/07/2025,Atacado,12,2518.8,1134.0,115.4,Venda
SKU_1558_MEX,17/07/2025,Varejo,1,329.9,111.69,218.21,Venda
SKU_1565_LIG,17/07/2025,Varejo,1,359.9,157.94,201.96,Venda
SKU_1454_BRI,17/07/2025,Varejo,1,149.9,56.65,93.25,Venda
SKU_1683_PAL,17/07/2025,E-commerce,1,314.9,114.04,200.86,Venda
SKU_1786_POW,17/07/2025,Atacado,5,899.5,395.25,100.85,Venda
SKU_1692_OLI,17/07/2025,Atacado,4,879.6,415.56,116.01,Venda
SKU_1768_PEA,17/07/2025,Atacado,6,3749.4,2168.04,263.56,Venda
SKU_1512_TEA,17/07/2025,Varejo,4,899.6,394.6,126.25,Venda
SKU_1630_SNO,17/07/2025,E-commerce,1,334.9,153.88,181.02,Venda
SKU_1534_HUN,17/07/2025,Varejo,1,199.9,77.29,122.61,Venda
SKU_1734_FRE,17/07/2025,Atacado,5,1749.5,806.0,188.7,Venda
SKU_1427_AQU,17/07/2025,Varejo,1,199.9,63.51,136.39,Venda
SKU_1482_SHO,17/07/2025,Atacado,3,1334.7,665.37,223.11,Venda
SKU_1735_MOS,17/07/2025,Varejo,1,269.9,117.69,152.21,Venda
SKU_1502_PEA,17/07/2025,Varejo,3,629.7,290.43,113.09,Venda
SKU_1799_DEN,17/07/2025,Varejo,1,269.9,108.84,161.06,Venda
SKU_1702_LIG,17/07/2025,Varejo,2,1239.8,410.62,414.59,Venda
SKU_1605_COR,17/07/2025,Atacado,3,659.7,297.9,120.6,Venda
SKU_1744_LIG,17/07/2025,Atacado,2,529.8,263.84,132.98,Venda
SKU_1774_COB,17/07/2025,Atacado,6,1229.4,604.32,104.18,Venda
SKU_1627_MOS,17/07/2025,Atacado,4,1319.6,660.44,164.79,Venda
SKU_1398_AQU,17/07/2025,E-commerce,1,674.9,324.27,350.63,Venda
SKU_1768_PEA,17/07/2025,Atacado,6,3749.4,1839.48,318.32,Venda
SKU_1696_SHO,17/07/2025,Atacado,4,1119.6,488.12,157.87,Venda
SKU_1698_SNO,17/07/2025,E-commerce,1,419.9,198.94,220.96,Venda
SKU_1741_PIN,17/07/2025,Atacado,6,1439.4,688.44,125.16,Venda
SKU_1759_COB,17/07/2025,Varejo,2,539.8,249.5,145.15,Venda
SKU_1798_OFF,17/07/2025,E-commerce,1,419.9,200.94,218.96,Venda
SKU_1556_HUN,17/07/2025,Atacado,6,1229.4,639.12,98.38,Venda
SKU_1771_PIN,17/07/2025,Atacado,3,794.7,414.51,126.73,Venda
SKU_1476_CLO,17/07/2025,Varejo,1,274.9,95.4,179.5,Venda
SKU_1704_BAB,17/07/2025,Atacado,12,4018.8,1977.0,170.15,Venda
SKU_1659_SNO,17/07/2025,Atacado,4,4099.6,1976.84,530.69,Venda
SKU_1779_LIG,17/07/2025,E-commerce,1,214.9,98.42,116.48,Venda
SKU_1571_BIR,17/07/2025,Atacado,4,999.6,497.68,125.48,Venda
SKU_1771_PIN,17/07/2025,Atacado,5,1324.5,571.75,150.55,Venda
SKU_1787_BAB,17/07/2025,Varejo,1,289.9,95.9,194.0,Venda
SKU_1751_BLU,17/07/2025,E-commerce,1,329.9,135.28,194.62,Venda
SKU_1477_EME,17/07/2025,Varejo,1,224.9,86.21,138.69,Venda
SKU_1712_NAV,17/07/2025,Varejo,1,179.9,58.54,121.36,Venda
SKU_1702_LIG,17/07/2025,Varejo,1,619.9,277.45,342.45,Venda
SKU_1758_HON,17/07/2025,Varejo,1,179.9,73.06,106.84,Venda
SKU_1768_MIN,17/07/2025,Varejo,1,624.9,212.23,412.67,Venda
SKU_1706_BLA,17/07/2025,Varejo,1,184.9,56.71,128.19,Venda
SKU_1682_OLI,17/07/2025,Atacado,6,1409.4,689.04,120.06,Venda
SKU_1696_SER,17/07/2025,Atacado,2,559.8,267.76,146.02,Venda
SKU_1427_AQU,17/07/2025,Varejo,1,199.9,96.59,103.31,Venda
SKU_1768_PEA,17/07/2025,Atacado,8,4999.2,2384.88,326.79,Venda
SKU_1789_SNO,17/07/2025,Atacado,8,2159.2,1224.24,116.87,Venda
SKU_1775_PAS,17/07/2025,E-commerce,2,559.8,170.18,194.81,Venda
SKU_1704_BAB,17/07/2025,Atacado,3,1004.7,539.43,155.09,Venda
SKU_1470_WHI,17/07/2025,Varejo,1,919.9,421.13,498.77,Venda
SKU_1759_COB,17/07/2025,Varejo,1,269.9,116.55,153.35,Venda
SKU_1458_PEA,17/07/2025,Atacado,4,1399.6,704.36,173.81,Venda
SKU_1608_WHI,17/07/2025,Varejo,1,304.9,92.18,212.72,Venda
SKU_1691_ROS,17/07/2025,Atacado,4,1239.6,653.56,146.51,Venda
SKU_1503_CER,17/07/2025,E-commerce,1,229.9,97.83,132.07,Venda
SKU_1783_EGR,17/07/2025,Atacado,4,4799.6,2679.28,530.08,Venda
SKU_1776_PAS,17/07/2025,Varejo,1,329.9,164.31,165.59,Venda
SKU_1767_FUC,17/07/2025,Atacado,5,1024.5,446.0,115.7,Venda
SKU_1790_EGR,17/07/2025,Varejo,3,779.7,326.97,150.91,Venda
SKU_1746_NAV,17/07/2025,Varejo,1,179.9,77.03,102.87,Venda
SKU_1760_OFF,17/07/2025,Varejo,1,249.9,114.72,135.18,Venda
SKU_1695_CRE,17/07/2025,Varejo,1,209.9,74.81,135.09,Venda
SKU_1424_VAN,17/07/2025,Varejo,1,994.9,382.51,612.39,Venda
SKU_1694_PIS,17/07/2025,Varejo,1,279.9,113.3,166.6,Venda
SKU_1502_PEA,17/07/2025,Atacado,3,629.7,299.55,110.05,Venda
SKU_1797_GAR,17/07/2025,Atacado,2,759.8,410.02,174.89,Venda
SKU_1604_SNO,17/07/2025,Atacado,4,2419.6,1172.0,311.9,Venda
SKU_1390_PAS,17/07/2025,Varejo,1,229.9,98.56,131.34,Venda
SKU_1801_FLA,17/07/2025,E-commerce,2,749.8,337.92,205.94,Venda
SKU_1757_PIN,17/07/2025,Varejo,1,264.9,95.04,169.86,Venda
SKU_1444_HUN,17/07/2025,Atacado,2,479.8,267.82,105.99,Venda
SKU_1766_MYS,17/07/2025,Varejo,1,394.9,133.64,261.26,Venda
SKU_1714_MID,17/07/2025,E-commerce,1,304.9,138.12,166.78,Venda
SKU_1763_MAR,17/07/2025,E-commerce,1,299.9,129.53,170.37,Venda
SKU_1750_SNO,17/07/2025,Atacado,4,1479.6,641.8,209.45,Venda
SKU_1513_PAS,17/07/2025,Varejo,1,214.9,69.39,145.51,Venda
SKU_1663_SNO,17/07/2025,Varejo,3,2384.7,1162.05,407.55,Venda
SKU_1753_WHI,17/07/2025,Atacado,4,3159.6,1815.08,336.13,Venda
SKU_1721_COR,17/07/2025,Varejo,1,419.9,203.34,216.56,Venda
SKU_1634_SAP,17/07/2025,Atacado,8,7839.2,3384.48,556.84,Venda
SKU_1798_OFF,17/07/2025,Varejo,1,419.9,160.85,259.05,Venda
SKU_1700_PIS,17/07/2025,Atacado,8,5599.2,3153.36,305.73,Venda
SKU_1563_WHI,17/07/2025,Atacado,5,749.5,353.9,79.12,Venda
SKU_1770_JAD,17/07/2025,Atacado,3,659.7,354.6,101.7,Venda
SKU_1424_BAB,17/07/2025,E-commerce,1,994.9,363.25,631.65,Venda
SKU_1389_SHO,17/07/2025,Atacado,10,1399.0,657.7,74.13,Venda
SKU_1785_PAS,17/07/2025,E-commerce,1,244.9,82.08,162.82,Venda
SKU_1754_IVO,17/07/2025,Atacado,12,4078.8,1995.6,173.6,Venda
SKU_1743_CLO,17/07/2025,Atacado,6,2639.4,1204.68,239.12,Venda
SKU_1631_BAL,17/07/2025,Atacado,6,1079.4,512.1,94.55,Venda
SKU_1784_BLA,17/07/2025,Atacado,3,929.7,437.34,164.12,Venda
SKU_1793_WHI,17/07/2025,Atacado,5,949.5,492.65,91.37,Venda
SKU_1710_MEX,17/07/2025,E-commerce,2,1619.8,626.88,496.46,Venda
SKU_1721_FRE,17/07/2025,E-commerce,1,419.9,178.77,241.13,Venda
SKU_1788_MYS,17/07/2025,Atacado,8,1999.2,1049.84,118.67,Venda
SKU_1688_LIG,17/07/2025,Varejo,1,429.9,161.35,268.55,Venda
SKU_1791_IVO,17/07/2025,Varejo,1,264.9,96.15,168.75,Venda
SKU_1461_PRI,17/07/2025,Varejo,1,1069.9,482.13,587.77,Venda
SKU_1714_MID,17/07/2025,Atacado,4,1219.6,650.48,142.28,Venda
SKU_1709_MAR,17/07/2025,Varejo,4,839.6,280.4,139.8,Venda
SKU_1722_PAS,17/07/2025,Varejo,1,324.9,109.67,215.23,Venda
SKU_1719_OFF,17/07/2025,Varejo,1,319.9,135.38,184.52,Venda
SKU_1720_PAS,17/07/2025,Varejo,1,224.9,86.53,138.37,Venda
SKU_1784_EGR,17/07/2025,Atacado,4,1239.6,534.64,176.24,Venda
SKU_1701_SPA,17/07/2025,Atacado,5,1699.5,728.3,194.24,Venda
SKU_1717_MIN,17/07/2025,Varejo,1,259.9,84.54,175.36,Venda
SKU_1709_MAR,17/07/2025,Atacado,4,839.6,391.12,112.12,Venda
SKU_1707_SAP,17/07/2025,Atacado,5,1399.5,709.3,138.04,Venda
SKU_1688_LIG,17/07/2025,Atacado,2,859.8,420.96,219.42,Venda
SKU_1760_OFF,17/07/2025,Varejo,1,249.9,76.57,173.33,Venda
SKU_1794_LIG,17/07/2025,E-commerce,1,209.9,79.7,130.2,Venda
SKU_1737_SAG,17/07/2025,Varejo,2,1539.8,593.9,472.95,Venda
SKU_1703_PAS,17/07/2025,Varejo,1,269.9,125.31,144.59,Venda
SKU_1799_DEN,17/07/2025,Atacado,5,1349.5,660.95,137.71,Venda
SKU_1731_MIN,17/07/2025,Varejo,1,909.9,333.35,576.55,Venda
SKU_1746_EME,17/07/2025,Atacado,8,1439.2,675.04,95.52,Venda
SKU_1769_WHI,17/07/2025,Atacado,4,1299.6,604.44,173.79,Venda
SKU_1687_WHI,17/07/2025,Varejo,3,2699.7,1263.63,478.69,Venda
SKU_1710_OLI,17/07/2025,Varejo,1,809.9,398.22,411.68,Venda
SKU_1711_VAN,17/07/2025,Varejo,1,994.9,492.44,502.46,Venda
SKU_1452_SKY,17/07/2025,Varejo,1,144.9,71.3,73.6,Venda
SKU_1471_ROS,17/07/2025,Atacado,10,2049.0,964.1,108.49,Venda
SKU_1642_OFF,17/07/2025,Atacado,3,674.7,318.9,118.6,Venda
SKU_1531_TEA,17/07/2025,Varejo,1,549.9,231.21,318.69,Venda
SKU_1658_MYS,17/07/2025,Varejo,1,879.9,396.35,483.55,Venda
SKU_1705_JAD,17/07/2025,Atacado,4,1639.6,750.88,222.18,Venda
SKU_1755_AQU,17/07/2025,Atacado,3,1004.7,457.62,182.36,Venda
SKU_1790_EGR,17/07/2025,Atacado,10,2599.0,1482.2,111.68,Venda
SKU_1770_JAD,17/07/2025,Atacado,6,1319.4,682.32,106.18,Venda
SKU_1735_MOS,17/07/2025,Atacado,5,1349.5,678.7,134.16,Venda
SKU_1476_CLO,17/07/2025,Atacado,6,1649.4,788.28,143.52,Venda
SKU_1649_FLA,17/07/2025,Varejo,1,234.9,74.77,160.13,Venda
SKU_1783_BAB,17/07/2025,Varejo,2,2399.8,770.86,814.47,Venda
SKU_1785_PAS,17/07/2025,Atacado,6,1469.4,867.78,100.27,Venda
SKU_1702_COR,17/07/2025,E-commerce,1,619.9,223.24,396.66,Venda
SKU_1632_SPA,17/07/2025,Varejo,1,184.9,59.51,125.39,Venda
SKU_1560_CRE,17/07/2025,Atacado,10,2249.0,1096.3,115.27,Venda
SKU_1797_BLU,17/07/2025,Varejo,1,379.9,134.18,245.72,Venda
SKU_1746_NAV,17/07/2025,Atacado,4,719.6,327.0,98.15,Venda
SKU_1752_SPA,17/07/2025,Atacado,4,1719.6,813.88,226.43,Venda
SKU_1599_CER,17/07/2025,Varejo,1,469.9,199.3,270.6,Venda
SKU_1692_BLU,17/07/2025,Atacado,2,439.8,202.66,118.57,Venda
SKU_1743_DEE,17/07/2025,Varejo,4,1759.6,823.28,234.08,Venda
SKU_1799_POW,17/07/2025,Atacado,3,809.7,379.71,143.33,Venda
SKU_1736_PAS,17/07/2025,Atacado,5,1624.5,728.65,179.17,Venda
SKU_1651_PAS,17/07/2025,E-commerce,1,264.9,120.67,144.23,Venda
SKU_1704_BAB,17/07/2025,Atacado,6,2009.4,1069.14,156.71,Venda
SKU_1726_PAS,17/07/2025,Varejo,2,859.8,270.36,294.72,Venda
SKU_1711_VAN,17/07/2025,Varejo,2,1989.8,732.9,628.45,Venda
SKU_1389_SHO,17/07/2025,Varejo,2,279.8,113.86,82.97,Venda
SKU_1785_HUN,17/07/2025,Atacado,2,489.8,209.2,140.3,Venda
SKU_1774_MOS,17/07/2025,Atacado,4,819.6,461.4,89.55,Venda
SKU_1791_ARM,17/07/2025,Varejo,1,264.9,120.64,144.26,Venda
SKU_1422_PIN,17/07/2025,Atacado,3,944.7,533.37,137.11,Venda
SKU_1784_BLA,17/07/2025,Atacado,3,929.7,415.2,171.5,Venda
SKU_1773_FRE,17/07/2025,Atacado,8,2599.2,1275.28,165.49,Venda
SKU_1487_CLE,17/07/2025,Varejo,2,669.8,260.7,204.55,Venda
SKU_1710_OLI,17/07/2025,Atacado,8,6479.2,2777.6,462.7,Venda
SKU_1417_SNO,17/07/2025,E-commerce,1,279.9,104.39,175.51,Venda
SKU_1709_MAR,17/07/2025,Varejo,1,209.9,80.1,129.8,Venda
SKU_1789_EME,17/07/2025,Varejo,1,269.9,99.86,170.04,Venda
SKU_1713_SNO,17/07/2025,Varejo,1,504.9,232.6,272.3,Venda
SKU_1777_FRE,17/07/2025,Atacado,3,719.7,375.24,114.82,Venda
SKU_1777_TUR,17/07/2025,Varejo,1,239.9,97.99,141.91,Venda
SKU_1738_BLU,17/07/2025,Varejo,1,194.9,95.6,99.3,Venda
SKU_1747_TEA,17/07/2025,Atacado,5,874.5,375.8,99.74,Venda
SKU_1800_MOS,17/07/2025,Atacado,2,559.8,255.5,152.15,Venda
SKU_1756_BUB,17/07/2025,Atacado,5,899.5,507.1,78.48,Venda
SKU_1713_SAL,17/07/2025,Atacado,2,1009.8,481.28,264.26,Venda
SKU_1784_EGR,17/07/2025,Atacado,6,1859.4,816.3,173.85,Venda
SKU_1768_PEA,17/07/2025,E-commerce,1,624.9,311.62,313.28,Venda
SKU_1769_WHI,17/07/2025,E-commerce,1,324.9,158.26,166.64,Venda
SKU_1700_PIS,17/07/2025,Varejo,1,699.9,308.5,391.4,Venda
SKU_1774_COB,17/07/2025,Atacado,10,2049.0,1131.8,91.72,Venda
SKU_1688_WHI,17/07/2025,Varejo,2,859.8,268.1,295.85,Venda
SKU_1546_IVO,17/07/2025,Atacado,2,349.8,195.6,77.1,Venda
SKU_1735_COR,17/07/2025,Varejo,4,1079.6,398.28,170.33,Venda
SKU_1629_ARM,17/07/2025,Varejo,1,254.9,83.49,171.41,Venda
SKU_1707_SAP,17/07/2025,Varejo,1,279.9,136.37,143.53,Venda
SKU_1800_SKY,17/07/2025,E-commerce,1,279.9,96.97,182.93,Venda
SKU_1784_BLA,17/07/2025,Atacado,8,2479.2,1432.08,130.89,Venda
SKU_1735_MOS,17/07/2025,Varejo,1,269.9,88.58,181.32,Venda
SKU_1709_MAR,17/07/2025,Atacado,6,1259.4,574.26,114.19,Venda
SKU_1797_BLU,17/07/2025,Varejo,1,379.9,160.63,219.27,Venda
SKU_1715_JAD,17/07/2025,Atacado,3,659.7,369.72,96.66,Venda
SKU_1748_BAB,17/07/2025,Atacado,5,1549.5,702.9,169.32,Venda
SKU_1797_BLU,17/07/2025,Varejo,1,379.9,139.92,239.98,Venda
SKU_1768_PEA,17/07/2025,Varejo,1,624.9,235.67,389.23,Venda
SKU_1720_PAL,17/07/2025,Atacado,5,1124.5,579.3,109.04,Venda
SKU_1729_CLE,17/07/2025,Atacado,3,524.7,232.59,97.37,Venda
SKU_1728_EGR,17/07/2025,Varejo,3,989.7,374.76,204.98,Venda
SKU_1749_SNO,17/07/2025,Atacado,5,1749.5,916.9,166.52,Venda
SKU_1714_MID,17/07/2025,E-commerce,2,609.8,220.72,194.54,Venda
SKU_1735_MOS,17/07/2025,Atacado,3,809.7,410.37,133.11,Venda
SKU_1698_SNO,17/07/2025,Atacado,4,1679.6,872.68,201.73,Venda
SKU_1695_CRE,17/07/2025,Varejo,1,209.9,100.56,109.34,Venda
SKU_1727_WHI,17/07/2025,Varejo,1,154.9,70.22,84.68,Venda
SKU_1785_PAS,17/07/2025,Atacado,12,2938.8,1535.04,116.98,Venda
SKU_1683_PAL,17/07/2025,Varejo,1,314.9,147.14,167.76,Venda
SKU_1724_PIN,17/07/2025,Atacado,4,4459.6,2519.92,484.92,Venda
SKU_1402_VAN,17/07/2025,Atacado,6,1409.4,713.64,115.96,Venda
SKU_1779_MIN,17/07/2025,Atacado,2,429.8,185.44,122.18,Venda
SKU_1718_DUS,17/07/2025,Atacado,5,1849.5,877.6,194.38,Venda
SKU_1691_ROS,17/07/2025,E-commerce,1,309.9,106.26,203.64,Venda
SKU_1801_MOS,17/07/2025,Atacado,4,1499.6,736.2,190.85,Venda
SKU_1772_SNO,17/07/2025,E-commerce,1,414.9,158.91,255.99,Venda
SKU_1778_TEA,17/07/2025,Atacado,6,1709.4,829.02,146.73,Venda
SKU_1743_DEE,17/07/2025,Varejo,1,439.9,204.67,235.23,Venda
SKU_1728_EGR,17/07/2025,Varejo,1,329.9,147.49,182.41,Venda
SKU_1748_BAB,17/07/2025,E-commerce,1,309.9,132.09,177.81,Venda
SKU_1786_POW,17/07/2025,Atacado,12,2158.8,1108.32,87.54,Venda
SKU_1726_PAS,17/07/2025,E-commerce,1,429.9,150.76,279.14,Venda
SKU_1800_SKY,17/07/2025,Atacado,3,839.7,418.68,140.34,Venda
SKU_1656_SNO,17/07/2025,Varejo,1,234.9,82.12,152.78,Venda
SKU_1778_TEA,17/07/2025,E-commerce,1,284.9,94.19,190.71,Venda
SKU_1725_BAB,17/07/2025,Atacado,4,979.6,468.4,127.8,Venda
SKU_1746_EME,17/07/2025,Varejo,2,359.8,109.98,124.91,Venda
SKU_1466_SAP,17/07/2025,Atacado,4,1079.6,512.08,141.88,Venda
SKU_1791_ARM,17/07/2025,Varejo,1,264.9,109.04,155.86,Venda
SKU_1688_LIG,17/07/2025,Varejo,1,429.9,177.28,252.62,Venda
SKU_1631_SNO,17/07/2025,Atacado,3,539.7,249.75,96.65,Venda
SKU_1734_BRI,17/07/2025,Varejo,1,349.9,157.58,192.32,Venda
SKU_1408_FUC,17/07/2025,Atacado,6,5519.4,2693.22,471.03,Venda
SKU_1759_COB,17/07/2025,Varejo,1,269.9,117.16,152.74,Venda
SKU_1685_COB,17/07/2025,E-commerce,1,664.9,307.17,357.73,Venda
SKU_1778_TEA,17/07/2025,E-commerce,1,284.9,89.57,195.33,Venda
SKU_1663_SNO,17/07/2025,Varejo,2,1589.8,665.44,462.18,Venda
SKU_1728_EGR,17/07/2025,Atacado,3,989.7,515.7,158.0,Venda
SKU_1756_FLA,17/07/2025,Varejo,2,359.8,154.48,102.66,Venda
SKU_1696_SHO,17/07/2025,E-commerce,1,279.9,86.0,193.9,Venda
SKU_1710_OLI,17/07/2025,Varejo,2,1619.8,501.14,559.33,Venda
SKU_1775_PAL,17/07/2025,Varejo,1,279.9,108.59,171.31,Venda
SKU_1767_FUC,17/07/2025,Atacado,2,409.8,213.9,97.95,Venda
SKU_1783_BAB,17/07/2025,Atacado,10,11999.0,6319.8,567.92,Venda
SKU_1761_SAP,17/07/2025,Varejo,1,1104.9,364.91,739.99,Venda
SKU_1733_NAV,17/07/2025,Varejo,3,1049.7,517.11,177.53,Venda
SKU_1746_EME,17/07/2025,Atacado,2,359.8,189.44,85.18,Venda
SKU_1798_OFF,17/07/2025,Varejo,1,419.9,150.1,269.8,Venda
SKU_1693_MEX,17/07/2025,Atacado,6,1229.4,579.3,108.35,Venda
SKU_1788_MYS,17/07/2025,Atacado,4,999.6,554.96,111.16,Venda
SKU_1700_HUN,17/07/2025,E-commerce,1,699.9,318.11,381.79,Venda
SKU_1765_MYS,17/07/2025,Varejo,3,779.7,386.25,131.15,Venda
SKU_1749_SNO,17/07/2025,E-commerce,1,349.9,148.37,201.53,Venda
SKU_1748_COB,17/07/2025,Atacado,8,2479.2,1432.64,130.82,Venda
SKU_1750_SNO,17/07/2025,Varejo,2,739.8,321.26,209.27,Venda
SKU_1707_ARM,17/07/2025,Atacado,3,839.7,366.3,157.8,Venda
SKU_1787_BAB,17/07/2025,Varejo,1,289.9,94.75,195.15,Venda
SKU_1781_AQU,17/07/2025,E-commerce,1,129.9,41.51,88.39,Venda
SKU_1727_LIG,17/07/2025,Atacado,2,309.8,153.7,78.05,Venda
SKU_1590_HOT,17/07/2025,E-commerce,1,189.9,72.35,117.55,Venda
SKU_1783_BAB,17/07/2025,Varejo,1,1199.9,380.07,819.83,Venda
SKU_1683_SHO,17/07/2025,E-commerce,1,314.9,97.02,217.88,Venda
SKU_1738_ROY,17/07/2025,Varejo,2,389.8,147.88,120.96,Venda
SKU_1769_WHI,17/07/2025,E-commerce,1,324.9,106.83,218.07,Venda
SKU_1727_WHI,17/07/2025,Varejo,2,309.8,130.38,89.71,Venda
SKU_1779_LIG,17/07/2025,Varejo,1,214.9,74.27,140.63,Venda
SKU_1701_BLU,17/07/2025,Atacado,4,1359.6,669.68,172.48,Venda
SKU_1734_BRI,17/07/2025,E-commerce,1,349.9,105.37,244.53,Venda
SKU_1720_PAS,17/07/2025,Varejo,1,224.9,108.57,116.33,Venda
SKU_1791_IVO,17/07/2025,Atacado,3,794.7,438.48,118.74,Venda
SKU_1795_HUN,17/07/2025,Atacado,6,1799.4,834.3,160.85,Venda
SKU_1701_SPA,17/07/2025,Atacado,4,1359.6,671.64,171.99,Venda
SKU_1785_HUN,17/07/2025,Varejo,1,244.9,85.57,159.33,Venda
SKU_1711_VAN,17/07/2025,Varejo,3,2984.7,915.42,689.76,Venda
SKU_1734_FRE,17/07/2025,Atacado,5,1749.5,793.4,191.22,Venda
SKU_1773_FRE,17/07/2025,Atacado,3,974.7,585.27,129.81,Venda
SKU_1690_MAG,17/07/2025,Varejo,1,539.9,191.06,348.84,Venda
SKU_1749_BIR,17/07/2025,Varejo,1,349.9,160.48,189.42,Venda
SKU_1673_PEA,17/07/2025,Varejo,1,409.9,170.56,239.34,Venda
SKU_1698_PRI,17/07/2025,Atacado,10,4199.0,1976.8,222.22,Venda
SKU_1716_SAL,17/07/2025,E-commerce,2,329.8,128.04,100.88,Venda
SKU_1536_MOS,17/07/2025,Varejo,3,1034.7,490.23,181.49,Venda
SKU_1693_FLA,17/07/2025,E-commerce,2,409.8,141.8,134.0,Venda
SKU_1610_MEX,17/07/2025,Atacado,8,1479.2,682.96,99.53,Venda
SKU_1710_MEX,17/07/2025,Varejo,1,809.9,340.49,469.41,Venda
SKU_1776_PAS,17/07/2025,Atacado,5,1649.5,913.45,147.21,Venda
SKU_1794_FLA,17/07/2025,Atacado,4,839.6,410.76,107.21,Venda
SKU_1610_PRI,17/07/2025,Varejo,1,184.9,69.92,114.98,Venda
SKU_1710_OLI,17/07/2025,Atacado,4,3239.6,1446.08,448.38,Venda
SKU_1780_LIG,17/07/2025,Atacado,5,1674.5,834.6,167.98,Venda
SKU_1712_MOS,17/07/2025,Atacado,8,1439.2,833.2,75.75,Venda
SKU_1789_EME,17/07/2025,Varejo,3,809.7,375.24,144.82,Venda
SKU_1729_FUC,17/07/2025,Atacado,10,1749.0,923.1,82.59,Venda
SKU_1431_CRE,17/07/2025,Varejo,1,369.9,169.73,200.17,Venda
SKU_1772_SNO,17/07/2025,E-commerce,1,414.9,155.46,259.44,Venda
SKU_1761_SAP,17/07/2025,Varejo,1,1104.9,462.65,642.25,Venda
SKU_1735_MOS,17/07/2025,Atacado,10,2699.0,1219.5,147.95,Venda
SKU_1505_BLU,17/07/2025,Varejo,1,234.9,71.03,163.87,Venda
SKU_1749_BIR,17/07/2025,Atacado,10,3499.0,1490.0,200.9,Venda
SKU_1484_EGR,17/07/2025,Varejo,3,1379.7,573.54,268.72,Venda
SKU_1660_NAV,17/07/2025,Varejo,1,314.9,143.93,170.97,Venda
SKU_1784_BLA,17/07/2025,Atacado,4,1239.6,548.4,172.8,Venda
SKU_1691_ROS,17/07/2025,Varejo,1,309.9,133.41,176.49,Venda
SKU_1762_DEN,17/07/2025,Atacado,3,764.7,334.29,143.47,Venda
SKU_1686_MOS,17/07/2025,Varejo,1,214.9,65.05,149.85,Venda
SKU_1506_PAL,17/07/2025,Atacado,2,459.8,235.34,112.23,Venda
SKU_1784_BLA,17/07/2025,Varejo,1,309.9,122.85,187.05,Venda
SKU_1757_TUR,17/07/2025,Varejo,4,1059.6,467.64,147.99,Venda
SKU_1684_SHO,17/07/2025,Atacado,3,554.7,290.97,87.91,Venda
SKU_1767_PRI,17/07/2025,Varejo,1,204.9,79.17,125.73,Venda
SKU_1756_BUB,17/07/2025,Atacado,6,1079.4,508.5,95.15,Venda
SKU_1514_PEA,17/07/2025,Varejo,1,829.9,409.94,419.96,Venda
SKU_1784_EGR,17/07/2025,Varejo,1,309.9,149.95,159.95,Venda
SKU_1691_HUN,17/07/2025,E-commerce,1,309.9,100.9,209.0,Venda
SKU_1770_DEE,17/07/2025,Atacado,8,1759.2,750.24,126.12,Venda
SKU_1782_NAV,17/07/2025,Atacado,3,749.7,368.7,127.0,Venda
SKU_1779_LIG,17/07/2025,Varejo,2,429.8,145.4,142.2,Venda
SKU_1793_WHI,17/07/2025,Atacado,2,379.8,181.38,99.21,Venda
SKU_1758_HON,17/07/2025,Varejo,1,179.9,86.26,93.64,Venda
SKU_1504_NAV,17/07/2025,Varejo,1,339.9,153.14,186.76,Venda
SKU_1722_PAS,17/07/2025,Atacado,2,649.8,369.32,140.24,Venda
SKU_1543_FLA,17/07/2025,Varejo,3,2204.7,1033.26,390.48,Venda
SKU_1784_BLA,17/07/2025,Varejo,1,309.9,122.93,186.97,Venda
SKU_1680_NAV,17/07/2025,E-commerce,2,669.8,289.92,189.94,Venda
SKU_1723_MOS,17/07/2025,E-commerce,1,434.9,190.34,244.56,Venda
SKU_1694_SER,17/07/2025,E-commerce,2,559.8,198.7,180.55,Venda
SKU_1733_SAG,17/07/2025,Atacado,6,2099.4,1293.84,134.26,Venda
SKU_1717_CRE,17/07/2025,Atacado,10,2599.0,1230.3,136.87,Venda
SKU_1713_SAL,17/07/2025,Atacado,5,2524.5,1328.15,239.27,Venda
SKU_1435_SKY,17/07/2025,Atacado,6,6059.4,3264.18,465.87,Venda
SKU_1800_MOS,17/07/2025,Varejo,2,559.8,212.28,173.76,Venda
SKU_1758_CLO,17/07/2025,Varejo,1,179.9,82.3,97.6,Venda
SKU_1692_OLI,17/07/2025,E-commerce,1,219.9,76.79,143.11,Venda
SKU_1501_OLI,17/07/2025,Varejo,1,169.9,59.11,110.79,Venda
SKU_1765_MYS,17/07/2025,Varejo,1,259.9,95.13,164.77,Venda
SKU_1639_FRE,17/07/2025,E-commerce,1,189.9,63.04,126.86,Venda
SKU_1710_MEX,17/07/2025,Varejo,1,809.9,259.18,550.72,Venda
SKU_1683_SHO,17/07/2025,E-commerce,1,314.9,111.42,203.48,Venda
SKU_1732_WHI,17/07/2025,Atacado,5,5574.5,2905.25,533.85,Venda
SKU_1747_FUC,17/07/2025,Varejo,1,174.9,55.88,119.02,Venda
SKU_1684_SHO,17/07/2025,E-commerce,1,184.9,66.58,118.32,Venda
SKU_1798_MOS,17/07/2025,Varejo,1,419.9,182.68,237.22,Venda
SKU_1782_NAV,17/07/2025,E-commerce,2,499.8,155.22,172.29,Venda
SKU_1782_NAV,17/07/2025,Varejo,1,249.9,106.34,143.56,Venda
SKU_1799_POW,17/07/2025,Atacado,5,1349.5,641.65,141.57,Venda
SKU_1788_EME,17/07/2025,Varejo,3,749.7,243.42,168.76,Venda
SKU_1706_BLA,17/07/2025,Atacado,12,2218.8,1123.32,91.29,Venda
SKU_1706_JAD,17/07/2025,Varejo,1,184.9,88.51,96.39,Venda
SKU_1680_NAV,17/07/2025,E-commerce,1,334.9,133.54,201.36,Venda
SKU_1598_DUS,17/07/2025,Varejo,2,979.8,360.44,309.68,Venda
SKU_1779_MIN,17/07/2025,Atacado,4,859.6,431.04,107.14,Venda
SKU_1395_TUR,17/07/2025,Varejo,1,289.9,110.61,179.29,Venda
SKU_1595_MYS,17/07/2025,Atacado,2,599.8,259.46,170.17,Venda
SKU_1745_FOR,17/07/2025,Atacado,4,1639.6,734.68,226.23,Venda
SKU_1768_MIN,17/07/2025,Varejo,1,624.9,227.34,397.56,Venda
SKU_1747_FUC,17/07/2025,E-commerce,1,174.9,79.48,95.42,Venda
SKU_1639_FRE,17/07/2025,Atacado,6,1139.4,612.54,87.81,Venda
SKU_1742_EME,17/07/2025,Atacado,3,779.7,369.39,136.77,Venda
SKU_1686_SKY,17/07/2025,E-commerce,1,214.9,86.63,128.27,Venda
SKU_1726_BUB,17/07/2025,Atacado,2,859.8,455.56,202.12,Venda
SKU_1781_CLE,17/07/2025,Varejo,4,519.6,243.36,69.06,Venda
SKU_1767_FUC,17/07/2025,E-commerce,1,204.9,82.36,122.54,Venda
SKU_1771_EME,17/07/2025,Varejo,2,529.8,219.8,155.0,Venda
SKU_1735_MOS,17/07/2025,Atacado,4,1079.6,572.12,126.87,Venda
SKU_1790_ROY,17/07/2025,E-commerce,1,259.9,109.64,150.26,Venda
SKU_1729_FUC,17/07/2025,Varejo,1,174.9,52.94,121.96,Venda
SKU_1744_EME,17/07/2025,Atacado,5,1324.5,574.3,150.04,Venda
SKU_1483_POW,17/07/2025,Varejo,1,324.9,112.24,212.66,Venda
SKU_1794_FLA,17/07/2025,Atacado,4,839.6,401.4,109.55,Venda
SKU_1737_SAG,17/07/2025,Varejo,2,1539.8,632.28,453.76,Venda
SKU_1697_PIS,17/07/2025,Atacado,5,1099.5,508.9,118.12,Venda
SKU_1726_PAS,17/07/2025,Varejo,1,429.9,153.75,276.15,Venda
SKU_1406_SHO,17/07/2025,Varejo,3,1049.7,324.0,241.9,Venda
SKU_1695_LIM,17/07/2025,Atacado,10,2099.0,1267.0,83.2,Venda
SKU_1758_CLO,17/07/2025,Atacado,12,2158.8,1157.04,83.48,Venda
SKU_1753_PAL,17/07/2025,E-commerce,1,789.9,266.68,523.22,Venda
SKU_1446_GAR,17/07/2025,E-commerce,1,269.9,134.19,135.71,Venda
SKU_1773_FRE,17/07/2025,Atacado,2,649.8,338.32,155.74,Venda
SKU_1794_FLA,17/07/2025,Atacado,2,419.8,182.08,118.86,Venda
SKU_1754_IVO,17/07/2025,Varejo,2,679.8,316.78,181.51,Venda
SKU_1775_PAS,17/07/2025,Varejo,1,279.9,123.93,155.97,Venda
SKU_1649_FLA,17/07/2025,Varejo,1,234.9,75.29,159.61,Venda
SKU_1698_PRI,17/07/2025,Atacado,3,1259.7,651.45,202.75,Venda
SKU_1700_HUN,17/07/2025,Varejo,1,699.9,243.23,456.67,Venda
SKU_1772_BLU,17/07/2025,E-commerce,1,414.9,150.1,264.8,Venda
SKU_1717_CRE,17/07/2025,E-commerce,1,259.9,82.21,177.69,Venda
SKU_1781_CLE,17/07/2025,Varejo,1,129.9,61.5,68.4,Venda
SKU_1771_PIN,17/07/2025,Varejo,1,264.9,107.38,157.52,Venda
SKU_1626_DEN,17/07/2025,Atacado,4,2159.6,946.6,303.25,Venda
SKU_1798_OFF,17/07/2025,Atacado,3,1259.7,651.96,202.58,Venda
SKU_1588_PAS,17/07/2025,Varejo,1,489.9,237.56,252.34,Venda
SKU_1757_TUR,17/07/2025,Varejo,2,529.8,172.14,178.83,Venda
SKU_1764_FUC,17/07/2025,E-commerce,1,234.9,76.23,158.67,Venda
SKU_1683_SHO,17/07/2025,Varejo,1,314.9,122.66,192.24,Venda
SKU_1696_SER,17/07/2025,E-commerce,1,279.9,103.8,176.1,Venda
SKU_1791_ARM,17/07/2025,E-commerce,2,529.8,193.6,168.1,Venda
SKU_1552_CLE,17/07/2025,Atacado,6,3959.4,1783.8,362.6,Venda
SKU_1736_JAD,17/07/2025,Atacado,6,1949.4,916.62,172.13,Venda
SKU_1463_LIG,17/07/2025,Varejo,1,259.9,99.28,160.62,Venda
SKU_1772_SNO,17/07/2025,Atacado,12,4978.8,2358.36,218.37,Venda
SKU_1761_SAP,17/07/2025,Atacado,3,3314.7,1537.14,592.52,Venda
SKU_1771_PIN,17/07/2025,Varejo,1,264.9,92.57,172.33,Venda
SKU_1644_PEA,17/07/2025,E-commerce,1,319.9,118.13,201.77,Venda
SKU_1726_PAS,17/07/2025,Varejo,1,429.9,172.01,257.89,Venda
SKU_1762_BRI,17/07/2025,Atacado,5,1274.5,642.3,126.44,Venda
SKU_1698_SNO,17/07/2025,Varejo,1,419.9,181.17,238.73,Venda
SKU_1398_SPA,17/07/2025,Atacado,4,2699.6,1148.32,387.82,Venda
SKU_1732_WHI,17/07/2025,Atacado,4,4459.6,2028.24,607.84,Venda
SKU_1688_WHI,17/07/2025,Atacado,8,3439.2,1879.52,194.96,Venda
SKU_1422_MIN,17/07/2025,Atacado,4,1259.6,642.0,154.4,Venda
SKU_1721_COR,17/07/2025,Atacado,10,4199.0,2350.2,184.88,Venda
SKU_1428_SKY,17/07/2025,Varejo,2,979.8,430.02,274.89,Venda
SKU_1728_MID,17/07/2025,Varejo,2,659.8,297.4,181.2,Venda
SKU_1699_CLO,17/07/2025,Varejo,1,329.9,147.85,182.05,Venda
SKU_1780_AQU,17/07/2025,Atacado,4,1339.6,701.52,159.52,Venda
SKU_1514_SPA,17/07/2025,E-commerce,1,829.9,316.3,513.6,Venda
SKU_1695_LIM,17/07/2025,Atacado,8,1679.2,794.64,110.57,Venda
SKU_1778_MIN,17/07/2025,Atacado,5,1424.5,645.7,155.76,Venda
SKU_1743_CLO,17/07/2025,Varejo,1,439.9,134.66,305.24,Venda
SKU_1794_FLA,17/07/2025,Atacado,4,839.6,445.28,98.58,Venda
SKU_1690_MAG,17/07/2025,Atacado,10,5399.0,2868.9,253.01,Venda
SKU_1669_COR,17/07/2025,Varejo,2,399.8,154.68,122.56,Venda
SKU_1423_SAG,17/07/2025,Atacado,6,7199.4,3239.1,660.05,Venda
SKU_1617_DEN,17/07/2025,E-commerce,3,494.7,235.2,86.5,Venda
SKU_1607_MAR,17/07/2025,Varejo,1,299.9,93.32,206.58,Venda
SKU_1736_PAS,17/07/2025,Atacado,3,974.7,417.03,185.89,Venda
SKU_1704_PEA,17/07/2025,E-commerce,1,334.9,105.05,229.85,Venda
SKU_1774_COB,17/07/2025,Atacado,12,2458.8,1230.48,102.36,Venda
SKU_1774_COB,17/07/2025,Varejo,1,204.9,98.87,106.03,Venda
SKU_1755_BIR,17/07/2025,Varejo,1,334.9,148.49,186.41,Venda
SKU_1773_FRE,17/07/2025,E-commerce,1,324.9,143.96,180.94,Venda
SKU_1780_LIG,17/07/2025,Varejo,3,1004.7,455.73,182.99,Venda
SKU_1509_HOT,17/07/2025,Varejo,3,959.7,415.32,181.46,Venda
SKU_1764_FUC,17/07/2025,Varejo,1,234.9,76.13,158.77,Venda
SKU_1561_LIM,17/07/2025,Varejo,1,349.9,133.51,216.39,Venda
SKU_1610_MEX,17/07/2025,Varejo,2,369.8,131.22,119.29,Venda
SKU_1640_IVO,17/07/2025,Atacado,12,2638.8,1282.56,113.02,Venda
SKU_1753_PAL,17/07/2025,E-commerce,2,1579.8,711.24,434.28,Venda
SKU_1433_SAP,17/07/2025,Varejo,2,629.8,290.9,169.45,Venda
SKU_1605_COR,17/07/2025,E-commerce,2,439.8,137.88,150.96,Venda
SKU_1730_MIN,17/07/2025,Atacado,10,3199.0,1511.2,168.78,Venda
SKU_1794_FLA,17/07/2025,E-commerce,1,209.9,75.09,134.81,Venda
SKU_1772_SNO,17/07/2025,Varejo,1,414.9,162.76,252.14,Venda
SKU_1736_JAD,17/07/2025,E-commerce,1,324.9,103.77,221.13,Venda
SKU_1737_DEE,17/07/2025,Varejo,1,769.9,295.03,474.87,Venda
SKU_1723_COB,17/07/2025,Atacado,6,2609.4,1365.9,207.25,Venda
SKU_1761_MOS,17/07/2025,E-commerce,1,1104.9,534.05,570.85,Venda
SKU_1776_BIR,17/07/2025,E-commerce,1,329.9,132.25,197.65,Venda
SKU_1682_BIR,17/07/2025,Varejo,2,469.8,183.22,143.29,Venda
SKU_1441_COB,17/07/2025,Atacado,4,4619.6,2580.44,509.79,Venda
SKU_1703_PAS,17/07/2025,E-commerce,1,269.9,133.89,136.01,Venda
SKU_1778_TEA,17/07/2025,Atacado,4,1139.6,576.28,140.83,Venda
SKU_1684_SHO,17/07/2025,Varejo,1,184.9,66.77,118.13,Venda
SKU_1758_HON,17/07/2025,Atacado,12,2158.8,994.2,97.05,Venda
SKU_1404_SAP,17/07/2025,Atacado,3,3059.7,1411.02,549.56,Venda
SKU_1715_JAD,17/07/2025,Atacado,2,439.8,214.62,112.59,Venda
SKU_1598_NAV,17/07/2025,Atacado,12,5878.8,2571.48,275.61,Venda
SKU_1771_PIN,17/07/2025,Atacado,5,1324.5,675.15,129.87,Venda
SKU_1721_COR,17/07/2025,Atacado,4,1679.6,716.56,240.76,Venda
SKU_1738_ROY,17/07/2025,Atacado,5,974.5,467.95,101.31,Venda
SKU_1708_FLA,17/07/2025,Varejo,1,169.9,77.94,91.96,Venda
SKU_1399_PAL,17/07/2025,E-commerce,1,269.9,115.04,154.86,Venda
SKU_1780_AQU,17/07/2025,E-commerce,1,334.9,131.58,203.32,Venda
SKU_1638_PEA,17/07/2025,E-commerce,1,1139.9,416.78,723.12,Venda
SKU_1782_NAV,17/07/2025,Atacado,12,2998.8,1431.96,130.57,Venda
SKU_1749_BIR,17/07/2025,Varejo,1,349.9,123.79,226.11,Venda
SKU_1638_PEA,17/07/2025,Atacado,6,6839.4,3111.78,621.27,Venda
SKU_1760_OFF,17/07/2025,Varejo,1,249.9,105.56,144.34,Venda
SKU_1727_WHI,17/07/2025,E-commerce,1,154.9,52.87,102.03,Venda
SKU_1696_SHO,17/07/2025,E-commerce,1,279.9,96.7,183.2,Venda
SKU_1682_BIR,17/07/2025,Atacado,12,2818.8,1347.24,122.63,Venda
SKU_1788_EME,17/07/2025,Atacado,5,1249.5,536.85,142.53,Venda
SKU_1783_EGR,17/07/2025,Varejo,4,4799.6,1651.8,786.95,Venda
SKU_1705_SER,17/07/2025,Atacado,10,4099.0,1947.9,215.11,Venda
SKU_1654_NAV,17/07/2025,E-commerce,1,309.9,109.63,200.27,Venda
SKU_1754_IVO,17/07/2025,E-commerce,1,339.9,123.14,216.76,Venda
SKU_1680_NAV,17/07/2025,Atacado,12,4018.8,1843.68,181.26,Venda
SKU_1678_MAG,17/07/2025,Varejo,2,1429.8,550.46,439.67,Venda
SKU_1798_MOS,17/07/2025,Varejo,3,1259.7,537.9,240.6,Venda
SKU_1798_OFF,17/07/2025,Atacado,4,1679.6,778.96,225.16,Venda
SKU_1680_SEA,17/07/2025,E-commerce,1,334.9,148.19,186.71,Venda
SKU_1395_BLA,17/07/2025,E-commerce,1,289.9,141.62,148.28,Venda
SKU_1611_BRI,17/07/2025,Varejo,1,219.9,71.89,148.01,Venda
SKU_1536_FRE,17/07/2025,E-commerce,1,344.9,146.21,198.69,Venda
SKU_1533_DUS,17/07/2025,Varejo,1,164.9,62.36,102.54,Venda
SKU_1424_VAN,17/07/2025,Atacado,12,11938.8,6361.68,464.76,Venda
SKU_1723_COB,17/07/2025,Varejo,1,434.9,178.77,256.13,Venda
SKU_1683_SHO,17/07/2025,Atacado,3,944.7,567.6,125.7,Venda
SKU_1402_VAN,17/07/2025,Varejo,1,234.9,98.83,136.07,Venda
SKU_1767_PRI,17/07/2025,E-commerce,1,204.9,85.82,119.08,Venda
SKU_1759_COB,17/07/2025,Atacado,3,809.7,444.03,121.89,Venda
SKU_1800_SKY,17/07/2025,Varejo,1,279.9,88.68,191.22,Venda
SKU_1776_BIR,17/07/2025,Varejo,3,989.7,332.73,218.99,Venda
SKU_1763_MAR,17/07/2025,Varejo,2,599.8,191.94,203.93,Venda
SKU_1696_SER,17/07/2025,Atacado,3,839.7,445.71,131.33,Venda
SKU_1734_FRE,17/07/2025,Atacado,2,699.8,308.98,195.41,Venda
SKU_1463_DUS,17/07/2025,Atacado,8,2079.2,1001.12,134.76,Venda
SKU_1683_SHO,17/07/2025,E-commerce,1,314.9,155.8,159.1,Venda
SKU_1747_TEA,17/07/2025,Atacado,6,1049.4,455.22,99.03,Venda
SKU_1717_CRE,17/07/2025,Atacado,12,3118.8,1466.04,137.73,Venda
SKU_1610_PRI,17/07/2025,Atacado,6,1109.4,578.22,88.53,Venda
SKU_1748_COB,17/07/2025,Atacado,6,1859.4,992.16,144.54,Venda
SKU_1703_BLU,17/07/2025,Atacado,6,1619.4,704.1,152.55,Venda
SKU_1750_MIN,17/07/2025,Atacado,12,4438.8,1902.36,211.37,Venda
SKU_1719_WHI,17/07/2025,Varejo,1,319.9,100.05,219.85,Venda
SKU_1708_FLA,17/07/2025,E-commerce,1,169.9,56.85,113.05,Venda
SKU_1719_OFF,17/07/2025,Atacado,10,3199.0,1396.9,180.21,Venda
SKU_1781_AQU,17/07/2025,Atacado,8,1039.2,550.4,61.1,Venda
SKU_1688_LIG,17/07/2025,Varejo,1,429.9,184.54,245.36,Venda
SKU_1800_MOS,17/07/2025,E-commerce,1,279.9,119.73,160.17,Venda
SKU_1786_TEA,17/07/2025,Varejo,3,539.7,246.9,97.6,Venda
SKU_1585_COR,17/07/2025,Atacado,8,2559.2,1266.8,161.55,Venda
SKU_1776_BIR,17/07/2025,Atacado,8,2639.2,1209.36,178.73,Venda
SKU_1798_OFF,17/07/2025,Varejo,1,419.9,203.99,215.91,Venda
SKU_1617_DEN,17/07/2025,Varejo,1,164.9,81.99,82.91,Venda
SKU_1793_WHI,17/07/2025,Atacado,5,949.5,460.0,97.9,Venda
SKU_1784_BLA,17/07/2025,Varejo,1,309.9,150.87,159.03,Venda
SKU_1771_EME,17/07/2025,Varejo,1,264.9,82.72,182.18,Venda
SKU_1784_EGR,17/07/2025,E-commerce,1,309.9,109.17,200.73,Venda
SKU_1487_CLE,17/07/2025,Atacado,2,669.8,295.42,187.19,Venda
SKU_1582_PAS,17/07/2025,Atacado,8,1839.2,853.28,123.24,Venda
SKU_1694_SER,17/07/2025,Atacado,6,1679.4,788.22,148.53,Venda
SKU_1705_SER,17/07/2025,Atacado,4,1639.6,749.52,222.52,Venda
SKU_1688_LIG,17/07/2025,E-commerce,1,429.9,142.44,287.46,Venda
SKU_1682_BIR,17/07/2025,Varejo,1,234.9,95.85,139.05,Venda
SKU_1741_PIN,17/07/2025,Varejo,1,239.9,75.4,164.5,Venda
SKU_1778_MIN,17/07/2025,Varejo,1,284.9,86.14,198.76,Venda
SKU_1777_TUR,17/07/2025,Varejo,1,239.9,81.5,158.4,Venda
SKU_1531_SNO,17/07/2025,Atacado,4,2199.6,1159.56,260.01,Venda
SKU_1720_PAS,17/07/2025,E-commerce,1,224.9,100.54,124.36,Venda
SKU_1747_TEA,17/07/2025,Varejo,1,174.9,71.48,103.42,Venda
SKU_1735_MOS,17/07/2025,Atacado,5,1349.5,669.1,136.08,Venda
SKU_1754_SER,17/07/2025,Varejo,2,679.8,303.04,188.38,Venda
SKU_1434_MIN,17/07/2025,Varejo,1,209.9,73.34,136.56,Venda
SKU_1781_CLE,17/07/2025,E-commerce,1,129.9,57.64,72.26,Venda
SKU_1701_BLU,17/07/2025,E-commerce,1,339.9,134.36,205.54,Venda
SKU_1801_FLA,17/07/2025,Atacado,4,1499.6,680.88,204.68,Venda
SKU_1734_FRE,17/07/2025,Varejo,1,349.9,141.64,208.26,Venda
SKU_1614_VAN,17/07/2025,Varejo,1,444.9,157.7,287.2,Venda
SKU_1749_SNO,17/07/2025,E-commerce,1,349.9,131.02,218.88,Venda
SKU_1729_CLE,17/07/2025,Varejo,1,174.9,81.88,93.02,Venda
SKU_1751_MIN,17/07/2025,Atacado,2,659.8,362.78,148.51,Venda
SKU_1417_BIR,17/07/2025,Atacado,4,1119.6,558.28,140.33,Venda
SKU_1735_MOS,17/07/2025,Varejo,2,539.8,171.84,183.98,Venda
SKU_1707_SAP,17/07/2025,Atacado,4,1119.6,648.96,117.66,Venda
SKU_1727_WHI,17/07/2025,Varejo,3,464.7,164.01,100.23,Venda
SKU_1543_BAB,17/07/2025,Varejo,3,2204.7,1060.44,381.42,Venda
SKU_1743_CLO,17/07/2025,Atacado,6,2639.4,1322.64,219.46,Venda
SKU_1715_JAD,17/07/2025,Atacado,8,1759.2,771.2,123.5,Venda
SKU_1767_PRI,17/07/2025,E-commerce,1,204.9,73.73,131.17,Venda
SKU_1709_MAR,17/07/2025,E-commerce,1,209.9,89.51,120.39,Venda
SKU_1801_MOS,17/07/2025,Atacado,10,3749.0,1653.9,209.51,Venda
SKU_1764_FUC,17/07/2025,Varejo,1,234.9,99.2,135.7,Venda
SKU_1512_MYS,17/07/2025,Varejo,1,224.9,74.92,149.98,Venda
SKU_1721_COR,17/07/2025,Varejo,1,419.9,181.85,238.05,Venda
SKU_1741_PEA,17/07/2025,Atacado,2,479.8,219.38,130.21,Venda
SKU_1726_BUB,17/07/2025,Varejo,1,429.9,183.69,246.21,Venda
SKU_1624_ARM,17/07/2025,Atacado,2,419.8,197.4,111.2,Venda
SKU_1797_BLU,17/07/2025,Varejo,2,759.8,279.22,240.29,Venda
SKU_1771_EME,17/07/2025,E-commerce,1,264.9,117.93,146.97,Venda
SKU_1621_FUC,17/07/2025,Atacado,2,469.8,243.22,113.29,Venda
SKU_1782_NAV,17/07/2025,Atacado,4,999.6,563.52,109.02,Venda
SKU_1481_BLA,17/07/2025,E-commerce,2,1619.8,584.76,517.52,Venda
SKU_1799_POW,17/07/2025,Varejo,1,269.9,122.0,147.9,Venda
SKU_1718_DUS,17/07/2025,Varejo,1,369.9,111.04,258.86,Venda
SKU_1738_BLU,17/07/2025,Varejo,1,194.9,83.78,111.12,Venda
SKU_1577_HUN,17/07/2025,Varejo,1,159.9,79.81,80.09,Venda
SKU_1798_OFF,17/07/2025,Atacado,10,4199.0,1779.9,241.91,Venda
SKU_1662_PIS,17/07/2025,Atacado,4,799.6,409.6,97.5,Venda
SKU_1766_MYS,17/07/2025,Atacado,10,3949.0,2068.0,188.1,Venda
SKU_1697_MIN,17/07/2025,Varejo,1,219.9,92.19,127.71,Venda
SKU_1718_SEA,17/07/2025,Varejo,1,369.9,167.96,201.94,Venda
SKU_1775_PAL,17/07/2025,Varejo,1,279.9,105.71,174.19,Venda
SKU_1633_DEN,17/07/2025,Varejo,1,234.9,98.22,136.68,Venda
SKU_1797_GAR,17/07/2025,Atacado,10,3799.0,1917.1,188.19,Venda
SKU_1704_PEA,17/07/2025,Atacado,8,2679.2,1508.8,146.3,Venda
SKU_1706_BLA,17/07/2025,Atacado,8,1479.2,684.32,99.36,Venda
SKU_1699_COB,17/07/2025,Atacado,8,2639.2,1265.52,171.71,Venda
SKU_1712_MOS,17/07/2025,E-commerce,1,179.9,84.92,94.98,Venda
SKU_1711_VAN,17/07/2025,Varejo,1,994.9,363.94,630.96,Venda
SKU_1749_SNO,17/07/2025,Atacado,3,1049.7,497.37,184.11,Venda
SKU_1499_RAS,17/07/2025,E-commerce,1,259.9,90.43,169.47,Venda
SKU_1594_WHI,17/07/2025,Atacado,3,1499.7,804.66,231.68,Venda
SKU_1732_OFF,17/07/2025,E-commerce,3,3344.7,1373.73,656.99,Venda
SKU_1746_NAV,17/07/2025,E-commerce,1,179.9,56.92,122.98,Venda
SKU_1721_FRE,17/07/2025,Atacado,4,1679.6,737.16,235.61,Venda
SKU_1681_PIS,17/07/2025,Varejo,1,234.9,71.87,163.03,Venda
SKU_1680_SEA,17/07/2025,Atacado,5,1674.5,751.1,184.68,Venda
SKU_1734_FRE,17/07/2025,E-commerce,1,349.9,112.44,237.46,Venda
SKU_1539_BLA,17/07/2025,Varejo,1,349.9,135.12,214.78,Venda
SKU_1588_CRE,17/07/2025,E-commerce,2,979.8,323.68,328.06,Venda
SKU_1641_SER,17/07/2025,Varejo,1,324.9,114.99,209.91,Venda
SKU_1688_WHI,17/07/2025,Atacado,4,1719.6,889.72,207.47,Venda
SKU_1588_CRE,17/07/2025,E-commerce,1,489.9,230.67,259.23,Venda
SKU_1690_MYS,17/07/2025,Atacado,5,2699.5,1163.05,307.29,Venda
SKU_1480_MEX,17/07/2025,Varejo,1,369.9,125.07,244.83,Venda
SKU_1418_CLE,17/07/2025,Atacado,4,3379.6,1775.72,400.97,Venda
SKU_1704_PEA,17/07/2025,Atacado,6,2009.4,862.44,191.16,Venda
SKU_1744_EME,17/07/2025,Atacado,5,1324.5,632.8,138.34,Venda
SKU_1756_FLA,17/07/2025,E-commerce,2,359.8,157.64,101.08,Venda
SKU_1723_COB,17/07/2025,Varejo,1,434.9,179.31,255.59,Venda
SKU_1775_PAL,17/07/2025,Atacado,3,839.7,373.56,155.38,Venda
SKU_1796_SHO,17/07/2025,E-commerce,1,504.9,169.04,335.86,Venda
SKU_1741_PIN,17/07/2025,Atacado,4,959.6,426.44,133.29,Venda
SKU_1776_BIR,17/07/2025,Varejo,1,329.9,116.72,213.18,Venda
SKU_1719_OFF,17/07/2025,Varejo,2,639.8,214.54,212.63,Venda
SKU_1494_EGR,17/07/2025,Atacado,2,2169.8,1196.52,486.64,Venda
SKU_1733_NAV,17/07/2025,Varejo,1,349.9,141.31,208.59,Venda
SKU_1730_MIN,17/07/2025,Atacado,6,1919.4,1006.56,152.14,Venda
SKU_1704_BAB,17/07/2025,Atacado,8,2679.2,1447.28,153.99,Venda
SKU_1776_BIR,17/07/2025,Atacado,4,1319.6,754.28,141.33,Venda
SKU_1750_SNO,17/07/2025,Atacado,5,1849.5,885.4,192.82,Venda
SKU_1734_FRE,17/07/2025,Atacado,4,1399.6,715.12,171.12,Venda
SKU_1702_COR,17/07/2025,Atacado,4,2479.6,1080.72,349.72,Venda
SKU_1403_AQU,17/07/2025,Varejo,1,384.9,158.21,226.69,Venda
SKU_1622_CLO,17/07/2025,Varejo,2,539.8,167.04,186.38,Venda
SKU_1774_MOS,17/07/2025,Atacado,4,819.6,360.04,114.89,Venda
SKU_1769_WHI,17/07/2025,Varejo,1,324.9,117.18,207.72,Venda
SKU_1727_LIG,17/07/2025,E-commerce,1,154.9,65.29,89.61,Venda
SKU_1680_SEA,17/07/2025,Varejo,1,334.9,155.02,179.88,Venda
SKU_1762_DEN,17/07/2025,Atacado,8,2039.2,974.88,133.04,Venda
SKU_1723_COB,17/07/2025,E-commerce,1,434.9,140.06,294.84,Venda
SKU_1449_NAV,17/07/2025,Varejo,1,324.9,117.66,207.24,Venda
SKU_1795_HUN,17/07/2025,Varejo,1,299.9,104.46,195.44,Venda
SKU_1704_PEA,17/07/2025,Atacado,5,1674.5,821.75,170.55,Venda
SKU_1416_AQU,17/07/2025,Varejo,4,1119.6,507.2,153.1,Venda
SKU_1695_LIM,17/07/2025,Varejo,1,209.9,70.47,139.43,Venda
SKU_1449_NAV,17/07/2025,Varejo,2,649.8,226.02,211.89,Venda
SKU_1740_OLI,17/07/2025,Atacado,10,2149.0,1072.4,107.66,Venda
SKU_1703_PAS,17/07/2025,Varejo,1,269.9,95.58,174.32,Venda
SKU_1647_ARM,17/07/2025,Atacado,6,2039.4,1051.74,164.61,Venda
SKU_1741_PEA,17/07/2025,Varejo,1,239.9,106.86,133.04,Venda
SKU_1713_SNO,17/07/2025,Atacado,3,1514.7,698.01,272.23,Venda
SKU_1725_BAB,17/07/2025,Varejo,1,244.9,80.16,164.74,Venda
SKU_1722_AQU,17/07/2025,Varejo,1,324.9,139.08,185.82,Venda
SKU_1676_PIN,17/07/2025,Atacado,5,849.5,442.1,81.48,Venda
SKU_1793_MIN,17/07/2025,Atacado,6,1139.4,516.48,103.82,Venda
SKU_1778_TEA,17/07/2025,Atacado,6,1709.4,719.64,164.96,Venda
SKU_1702_COR,17/07/2025,Atacado,4,2479.6,1193.28,321.58,Venda
SKU_1746_NAV,17/07/2025,E-commerce,1,179.9,70.96,108.94,Venda
SKU_1801_FLA,17/07/2025,Atacado,2,749.8,393.54,178.13,Venda
SKU_1761_SAP,17/07/2025,Atacado,5,5524.5,2891.4,526.62,Venda
SKU_1714_MID,17/07/2025,Atacado,4,1219.6,582.0,159.4,Venda
SKU_1411_RAS,17/07/2025,Atacado,4,899.6,423.8,118.95,Venda
SKU_1800_MOS,17/07/2025,Varejo,1,279.9,130.46,149.44,Venda
SKU_1737_DEE,17/07/2025,Varejo,3,2309.7,1091.13,406.19,Venda
SKU_1794_FLA,17/07/2025,Atacado,4,839.6,380.4,114.8,Venda
SKU_1417_BIR,17/07/2025,Atacado,6,1679.4,733.8,157.6,Venda
SKU_1794_FLA,17/07/2025,Atacado,4,839.6,416.48,105.78,Venda
SKU_1712_NAV,17/07/2025,Varejo,1,179.9,66.34,113.56,Venda
SKU_1441_IVO,17/07/2025,Varejo,1,1154.9,567.84,587.06,Venda
SKU_1702_LIG,17/07/2025,Varejo,2,1239.8,462.48,388.66,Venda
SKU_1768_PEA,17/07/2025,Atacado,3,1874.7,900.27,324.81,Venda
SKU_1737_DEE,17/07/2025,Atacado,2,1539.8,733.54,403.13,Venda
SKU_1785_PAS,17/07/2025,Atacado,4,979.6,455.16,131.11,Venda
SKU_1706_JAD,17/07/2025,Atacado,8,1479.2,726.08,94.14,Venda
SKU_1600_LIG,17/07/2025,E-commerce,1,394.9,183.71,211.19,Venda
SKU_1738_BLU,17/07/2025,Varejo,2,389.8,173.18,108.31,Venda
SKU_1779_LIG,17/07/2025,Atacado,4,859.6,404.2,113.85,Venda
SKU_1595_MYS,17/07/2025,Varejo,1,299.9,119.2,180.7,Venda
SKU_1752_SPA,17/07/2025,Varejo,1,429.9,131.45,298.45,Venda
SKU_1699_CLO,17/07/2025,Atacado,6,1979.4,936.96,173.74,Venda
SKU_1787_BAB,17/07/2025,Varejo,4,1159.6,376.92,195.67,Venda
SKU_1723_MOS,17/07/2025,Varejo,1,434.9,139.18,295.72,Venda
SKU_1442_OFF,17/07/2025,Atacado,2,579.8,290.82,144.49,Venda
SKU_1601_AQU,17/07/2025,Atacado,6,4409.4,1953.96,409.24,Venda
SKU_1680_SEA,17/07/2025,Atacado,5,1674.5,878.8,159.14,Venda
SKU_1790_EGR,17/07/2025,Varejo,1,259.9,93.01,166.89,Venda
SKU_1712_NAV,17/07/2025,E-commerce,1,179.9,68.03,111.87,Venda
SKU_1800_SKY,17/07/2025,Atacado,3,839.7,467.58,124.04,Venda
SKU_1744_LIG,17/07/2025,Varejo,1,264.9,105.6,159.3,Venda
SKU_1750_MIN,17/07/2025,Atacado,5,1849.5,1061.25,157.65,Venda
SKU_1700_PIS,17/07/2025,Varejo,1,699.9,322.5,377.4,Venda
SKU_1755_BIR,17/07/2025,E-commerce,1,334.9,163.6,171.3,Venda
SKU_1756_BUB,17/07/2025,Varejo,1,179.9,72.96,106.94,Venda
SKU_1774_COB,17/07/2025,Varejo,1,204.9,66.03,138.87,Venda
SKU_1792_AQU,17/07/2025,Atacado,6,2639.4,1254.78,230.77,Venda
SKU_1710_OLI,17/07/2025,Varejo,1,809.9,300.47,509.43,Venda
SKU_1732_OFF,17/07/2025,Varejo,1,1114.9,466.09,648.81,Venda
SKU_1764_MAR,17/07/2025,Varejo,1,234.9,74.09,160.81,Venda
SKU_1687_FOR,17/07/2025,Varejo,1,899.9,348.31,551.59,Venda
SKU_1798_MOS,17/07/2025,Atacado,3,1259.7,568.68,230.34,Venda
SKU_1543_FLA,17/07/2025,Varejo,3,2204.7,723.96,493.58,Venda
SKU_1723_COB,17/07/2025,Varejo,1,434.9,192.46,242.44,Venda
SKU_1472_MYS,17/07/2025,E-commerce,1,469.9,201.86,268.04,Venda
SKU_1683_PAL,17/07/2025,E-commerce,3,944.7,471.45,157.75,Venda
SKU_1793_WHI,17/07/2025,Atacado,10,1899.0,820.5,107.85,Venda
SKU_1742_DEN,17/07/2025,Varejo,1,259.9,124.61,135.29,Venda
SKU_1744_LIG,17/07/2025,Atacado,4,1059.6,530.68,132.23,Venda
SKU_1405_FLA,17/07/2025,Atacado,12,2578.8,1215.96,113.57,Venda
SKU_1751_MIN,17/07/2025,Varejo,1,329.9,150.81,179.09,Venda
SKU_1709_CRE,17/07/2025,E-commerce,2,419.8,151.92,133.94,Venda
SKU_1769_EME,17/07/2025,Atacado,6,1949.4,1020.48,154.82,Venda
SKU_1488_IVO,17/07/2025,Atacado,8,2719.2,1241.84,184.67,Venda
SKU_1438_DEE,17/07/2025,Varejo,2,409.8,163.32,123.24,Venda
SKU_1562_CLO,17/07/2025,Atacado,3,929.7,393.6,178.7,Venda
SKU_1714_DEE,17/07/2025,Varejo,1,304.9,147.82,157.08,Venda
SKU_1777_TUR,17/07/2025,E-commerce,1,239.9,114.52,125.38,Venda
SKU_1719_OFF,17/07/2025,Varejo,3,959.7,412.08,182.54,Venda
SKU_1759_COB,17/07/2025,Atacado,2,539.8,255.9,141.95,Venda
SKU_1781_AQU,17/07/2025,Atacado,12,1558.8,733.68,68.76,Venda
SKU_1768_PEA,17/07/2025,Atacado,8,4999.2,2197.84,350.17,Venda
SKU_1722_PAS,17/07/2025,Atacado,3,974.7,441.24,177.82,Venda
SKU_1696_SER,17/07/2025,E-commerce,1,279.9,97.63,182.27,Venda
SKU_1725_BAB,17/07/2025,Atacado,3,734.7,330.51,134.73,Venda
SKU_1718_DUS,17/07/2025,Varejo,1,369.9,170.96,198.94,Venda
SKU_1786_TEA,17/07/2025,Atacado,6,1079.4,458.94,103.41,Venda
SKU_1409_PEA,17/07/2025,Varejo,1,209.9,88.21,121.69,Venda
SKU_1765_PAS,17/07/2025,Atacado,6,1559.4,674.88,147.42,Venda
SKU_1760_OFF,17/07/2025,E-commerce,1,249.9,86.75,163.15,Venda
SKU_1723_COB,17/07/2025,E-commerce,1,434.9,157.68,277.22,Venda
SKU_1467_FUC,17/07/2025,Atacado,4,819.6,414.68,101.23,Venda
SKU_1738_ROY,17/07/2025,Varejo,1,194.9,64.05,130.85,Venda
SKU_1719_WHI,17/07/2025,Varejo,1,319.9,159.95,159.95,Venda
SKU_1691_ROS,17/07/2025,E-commerce,1,309.9,122.31,187.59,Venda
SKU_1761_MOS,17/07/2025,E-commerce,1,1104.9,490.07,614.83,Venda
SKU_1711_VAN,17/07/2025,Varejo,1,994.9,473.4,521.5,Venda
SKU_1801_FLA,17/07/2025,Varejo,3,1124.7,440.43,228.09,Venda
SKU_1713_SAL,17/07/2025,Atacado,4,2019.6,1067.48,238.03,Venda
SKU_1684_SHO,17/07/2025,Varejo,3,554.7,268.32,95.46,Venda
SKU_1688_LIG,17/07/2025,Varejo,1,429.9,184.27,245.63,Venda
SKU_1541_POW,17/07/2025,Varejo,1,674.9,279.86,395.04,Venda
SKU_1678_MAG,17/07/2025,E-commerce,1,714.9,290.17,424.73,Venda
SKU_1751_BLU,17/07/2025,Varejo,1,329.9,126.55,203.35,Venda
SKU_1680_NAV,17/07/2025,Varejo,3,1004.7,394.32,203.46,Venda
SKU_1688_LIG,17/07/2025,E-commerce,1,429.9,203.15,226.75,Venda
SKU_1708_FRE,17/07/2025,Varejo,3,509.7,204.42,101.76,Venda
SKU_1715_JAD,17/07/2025,Varejo,1,219.9,67.58,152.32,Venda
SKU_1644_BAB,17/07/2025,Atacado,5,1599.5,802.65,159.37,Venda
SKU_1683_PAL,17/07/2025,E-commerce,2,629.8,199.64,215.08,Venda
SKU_1700_PIS,17/07/2025,Varejo,1,699.9,294.33,405.57,Venda
SKU_1750_SNO,17/07/2025,Varejo,1,369.9,176.61,193.29,Venda
SKU_1797_GAR,17/07/2025,Atacado,10,3799.0,2158.1,164.09,Venda
SKU_1719_OFF,17/07/2025,Atacado,8,2559.2,1246.16,164.13,Venda
SKU_1798_MOS,17/07/2025,Varejo,1,419.9,171.28,248.62,Venda
SKU_1694_PIS,17/07/2025,E-commerce,1,279.9,134.83,145.07,Venda
SKU_1792_AQU,17/07/2025,Varejo,1,439.9,158.63,281.27,Venda
SKU_1565_BAB,17/07/2025,Varejo,1,359.9,154.07,205.83,Venda
SKU_1729_CLE,17/07/2025,E-commerce,2,349.8,120.88,114.46,Venda
SKU_1797_GAR,17/07/2025,Atacado,6,2279.4,1034.82,207.43,Venda
SKU_1798_OFF,17/07/2025,Atacado,3,1259.7,708.57,183.71,Venda
SKU_1791_IVO,17/07/2025,Atacado,5,1324.5,636.5,137.6,Venda
SKU_1652_TEA,17/07/2025,Atacado,3,659.7,305.46,118.08,Venda
SKU_1436_BLU,17/07/2025,Atacado,5,1399.5,668.25,146.25,Venda
SKU_1762_DEN,17/07/2025,Atacado,6,1529.4,790.68,123.12,Venda
SKU_1721_COR,17/07/2025,Atacado,4,1679.6,815.48,216.03,Venda
SKU_1772_SNO,17/07/2025,Atacado,10,4149.0,2146.9,200.21,Venda
SKU_1689_MAG,18/07/2025,Varejo,3,2894.7,1015.53,626.39,Venda
SKU_1720_PAS,18/07/2025,Atacado,8,1799.2,830.16,121.13,Venda
SKU_1686_MOS,18/07/2025,Varejo,1,214.9,90.8,124.1,Venda
SKU_1724_PEA,18/07/2025,Atacado,3,3344.7,1760.88,527.94,Venda
SKU_1688_LIG,18/07/2025,Atacado,4,1719.6,809.96,227.41,Venda
SKU_1754_SER,18/07/2025,Varejo,1,339.9,156.8,183.1,Venda
SKU_1775_PAS,18/07/2025,Varejo,1,279.9,105.25,174.65,Venda
SKU_1482_SHO,18/07/2025,Varejo,1,444.9,183.01,261.89,Venda
SKU_1858_OLI,18/07/2025,Varejo,1,899.9,445.38,454.52,Venda
SKU_1784_EGR,18/07/2025,Atacado,8,2479.2,1259.36,152.48,Venda
SKU_1411_RAS,18/07/2025,Varejo,1,224.9,85.24,139.66,Venda
SKU_1797_GAR,18/07/2025,Varejo,3,1139.7,368.37,257.11,Venda
SKU_1722_PAS,18/07/2025,Varejo,1,324.9,109.31,215.59,Venda
SKU_1797_GAR,18/07/2025,Atacado,6,2279.4,1111.5,194.65,Venda
SKU_1800_SKY,18/07/2025,Varejo,1,279.9,90.49,189.41,Venda
SKU_2003_BAL,18/07/2025,E-commerce,1,239.9,106.67,133.23,Venda
SKU_1587_DEE,18/07/2025,Atacado,6,1379.4,777.9,100.25,Venda
SKU_1795_RAS,18/07/2025,Atacado,4,1199.6,593.24,151.59,Venda
SKU_1766_CLE,18/07/2025,Varejo,2,789.8,346.76,221.52,Venda
SKU_1632_SAP,18/07/2025,Atacado,10,1849.0,813.9,103.51,Venda
SKU_1884_FOR,18/07/2025,Atacado,4,1359.6,615.84,185.94,Venda
SKU_1716_AQU,18/07/2025,E-commerce,1,164.9,54.56,110.34,Venda
SKU_1780_AQU,18/07/2025,Atacado,4,1339.6,599.0,185.15,Venda
SKU_1763_MAR,18/07/2025,E-commerce,1,299.9,123.74,176.16,Venda
SKU_1745_FOR,18/07/2025,Atacado,2,819.8,421.7,199.05,Venda
SKU_1739_MOS,18/07/2025,Varejo,1,254.9,93.91,160.99,Venda
SKU_1687_WHI,18/07/2025,Atacado,6,5399.4,2860.5,423.15,Venda
SKU_2074_PAS,18/07/2025,Atacado,6,1589.4,869.1,120.05,Venda
SKU_1542_PEA,18/07/2025,Atacado,4,1879.6,960.68,229.73,Venda
SKU_1423_JAD,18/07/2025,Atacado,8,9599.2,4502.88,637.04,Venda
SKU_1757_PIN,18/07/2025,Varejo,1,264.9,81.56,183.34,Venda
SKU_1758_HON,18/07/2025,E-commerce,1,179.9,70.58,109.32,Venda
SKU_1750_MIN,18/07/2025,E-commerce,1,369.9,181.48,188.42,Venda
SKU_1701_BLU,18/07/2025,Atacado,8,2719.2,1258.08,182.64,Venda
SKU_1404_ARM,18/07/2025,Varejo,2,2039.8,750.34,644.73,Venda
SKU_1720_PAL,18/07/2025,Varejo,1,224.9,82.96,141.94,Venda
SKU_1648_RAS,18/07/2025,E-commerce,1,699.9,259.3,440.6,Venda
SKU_1722_AQU,18/07/2025,Atacado,10,3249.0,1823.2,142.58,Venda
SKU_1782_NAV,18/07/2025,E-commerce,1,249.9,119.58,130.32,Venda
SKU_1524_BLU,18/07/2025,Varejo,1,369.9,139.58,230.32,Venda
SKU_1617_DEN,18/07/2025,Atacado,3,494.7,235.92,86.26,Venda
SKU_1772_SNO,18/07/2025,Varejo,1,414.9,188.71,226.19,Venda
SKU_1697_PIS,18/07/2025,Atacado,3,659.7,317.94,113.92,Venda
SKU_1748_BAB,18/07/2025,Atacado,6,1859.4,787.92,178.58,Venda
SKU_1746_NAV,18/07/2025,E-commerce,1,179.9,66.52,113.38,Venda
SKU_2076_MIN,18/07/2025,Atacado,4,1899.6,969.12,232.62,Venda
SKU_1400_PAL,18/07/2025,E-commerce,1,209.9,69.57,140.33,Venda
SKU_1763_MAR,18/07/2025,Varejo,1,299.9,114.7,185.2,Venda
SKU_1868_ARM,18/07/2025,Varejo,4,3159.6,1149.92,502.42,Venda
SKU_1773_FRE,18/07/2025,Atacado,4,1299.6,687.56,153.01,Venda
SKU_1499_HOT,18/07/2025,Atacado,4,1039.6,480.44,139.79,Venda
SKU_1718_SEA,18/07/2025,Varejo,1,369.9,165.83,204.07,Venda
SKU_1731_MIN,18/07/2025,Varejo,3,2729.7,1070.37,553.11,Venda
SKU_1685_BIR,18/07/2025,Varejo,2,1329.8,421.46,454.17,Venda
SKU_1685_COB,18/07/2025,E-commerce,1,664.9,218.89,446.01,Venda
SKU_1763_MAR,18/07/2025,E-commerce,1,299.9,139.58,160.32,Venda
SKU_1447_BLU,18/07/2025,Atacado,4,959.6,453.88,126.43,Venda
SKU_1737_DEE,18/07/2025,Varejo,1,769.9,333.4,436.5,Venda
SKU_1784_EGR,18/07/2025,Varejo,1,309.9,108.41,201.49,Venda
SKU_1703_BLU,18/07/2025,Varejo,1,269.9,128.27,141.63,Venda
SKU_1774_MOS,18/07/2025,Varejo,1,204.9,98.39,106.51,Venda
SKU_1558_MEX,18/07/2025,Atacado,6,1979.4,1139.22,140.03,Venda
SKU_1691_HUN,18/07/2025,Varejo,2,619.8,259.46,180.17,Venda
SKU_1441_IVO,18/07/2025,E-commerce,1,1154.9,374.46,780.44,Venda
SKU_1778_TEA,18/07/2025,Varejo,2,569.8,176.38,196.71,Venda
SKU_1799_DEN,18/07/2025,Atacado,4,1079.6,508.52,142.77,Venda
SKU_1771_EME,18/07/2025,Varejo,1,264.9,111.3,153.6,Venda
SKU_1784_EGR,18/07/2025,Atacado,4,1239.6,585.28,163.58,Venda
SKU_1711_ARM,18/07/2025,E-commerce,1,994.9,478.12,516.78,Venda
SKU_1586_EGR,18/07/2025,E-commerce,1,304.9,130.85,174.05,Venda
SKU_1739_AQU,18/07/2025,E-commerce,1,254.9,122.27,132.63,Venda
SKU_1695_LIM,18/07/2025,Atacado,8,1679.2,954.32,90.61,Venda
SKU_1779_MIN,18/07/2025,Varejo,3,644.7,259.14,128.52,Venda
SKU_1760_PAS,18/07/2025,Atacado,4,999.6,477.92,130.42,Venda
SKU_1717_MIN,18/07/2025,Varejo,1,259.9,125.21,134.69,Venda
SKU_1741_PIN,18/07/2025,Varejo,1,239.9,75.87,164.03,Venda
SKU_1732_OFF,18/07/2025,E-commerce,1,1114.9,377.38,737.52,Venda
SKU_1724_PIN,18/07/2025,Atacado,3,3344.7,1639.35,568.45,Venda
SKU_2085_ARM,18/07/2025,Atacado,10,4549.0,2016.4,253.26,Venda
SKU_1790_EGR,18/07/2025,Atacado,8,2079.2,1134.8,118.05,Venda
SKU_1784_EGR,18/07/2025,Varejo,1,309.9,127.06,182.84,Venda
SKU_1794_LIG,18/07/2025,E-commerce,2,419.8,181.74,119.03,Venda
SKU_1761_MOS,18/07/2025,Varejo,2,2209.8,1045.7,582.05,Venda
SKU_2082_HON,18/07/2025,Atacado,3,1529.7,804.39,241.77,Venda
SKU_1784_BLA,18/07/2025,Varejo,3,929.7,336.63,197.69,Venda
SKU_2008_SAL,18/07/2025,Atacado,2,489.8,266.1,111.85,Venda
SKU_1638_SAP,18/07/2025,Varejo,1,1139.9,449.13,690.77,Venda
SKU_1708_FRE,18/07/2025,E-commerce,1,169.9,59.35,110.55,Venda
SKU_1779_LIG,18/07/2025,Varejo,1,214.9,95.55,119.35,Venda
SKU_1716_SAL,18/07/2025,Atacado,3,494.7,216.69,92.67,Venda
SKU_1798_OFF,18/07/2025,Atacado,2,839.8,375.5,232.15,Venda
SKU_1749_SNO,18/07/2025,Varejo,2,699.8,234.76,232.52,Venda
SKU_1757_PIN,18/07/2025,Varejo,3,794.7,293.28,167.14,Venda
SKU_1734_BRI,18/07/2025,E-commerce,1,349.9,160.11,189.79,Venda
SKU_1792_MIN,18/07/2025,Atacado,4,1759.6,1014.36,186.31,Venda
SKU_1732_OFF,18/07/2025,Atacado,6,6689.4,3806.94,480.41,Venda
SKU_1405_CLO,18/07/2025,Varejo,3,644.7,254.49,130.07,Venda
SKU_1765_PAS,18/07/2025,Atacado,5,1299.5,606.85,138.53,Venda
SKU_1520_GAR,18/07/2025,Atacado,5,1124.5,614.5,102.0,Venda
SKU_1785_HUN,18/07/2025,E-commerce,1,244.9,76.4,168.5,Venda
SKU_1704_BAB,18/07/2025,Varejo,1,334.9,105.83,229.07,Venda
SKU_1712_NAV,18/07/2025,Atacado,8,1439.2,653.12,98.26,Venda
SKU_1767_PRI,18/07/2025,Atacado,4,819.6,388.68,107.73,Venda
SKU_1484_MOS,18/07/2025,Varejo,1,459.9,212.57,247.33,Venda
SKU_1756_BUB,18/07/2025,Atacado,12,2158.8,1197.96,80.07,Venda
SKU_1745_FOR,18/07/2025,Atacado,3,1229.7,540.33,229.79,Venda
SKU_1485_CER,18/07/2025,Atacado,8,5319.2,2386.48,366.59,Venda
SKU_1694_SER,18/07/2025,Atacado,6,1679.4,706.68,162.12,Venda
SKU_1588_CRE,18/07/2025,Varejo,1,489.9,226.43,263.47,Venda
SKU_1785_PAS,18/07/2025,Varejo,1,244.9,94.42,150.48,Venda
SKU_1488_IVO,18/07/2025,Varejo,4,1359.6,445.68,228.48,Venda
SKU_1739_MOS,18/07/2025,E-commerce,3,764.7,261.12,167.86,Venda
SKU_1797_BLU,18/07/2025,Atacado,6,2279.4,1171.98,184.57,Venda
SKU_1568_PIN,18/07/2025,Varejo,1,234.9,114.2,120.7,Venda
SKU_1743_CLO,18/07/2025,Atacado,2,879.8,415.82,231.99,Venda
SKU_1530_PEA,18/07/2025,Atacado,5,649.5,303.0,69.3,Venda
SKU_1770_JAD,18/07/2025,Varejo,1,219.9,92.51,127.39,Venda
SKU_1896_PAS,18/07/2025,Atacado,2,2019.8,1053.86,482.97,Venda
SKU_1685_COB,18/07/2025,E-commerce,1,664.9,270.05,394.85,Venda
SKU_1697_PIS,18/07/2025,Atacado,4,879.6,426.84,113.19,Venda
SKU_1741_PIN,18/07/2025,Varejo,1,239.9,102.93,136.97,Venda
SKU_1779_LIG,18/07/2025,E-commerce,2,429.8,174.94,127.43,Venda
SKU_1774_COB,18/07/2025,Varejo,1,204.9,94.44,110.46,Venda
SKU_1794_LIG,18/07/2025,Atacado,5,1049.5,460.25,117.85,Venda
SKU_1650_EGR,18/07/2025,Atacado,5,5024.5,2382.7,528.36,Venda
SKU_1781_CLE,18/07/2025,E-commerce,1,129.9,63.22,66.68,Venda
SKU_1710_MEX,18/07/2025,Atacado,2,1619.8,803.74,408.03,Venda
SKU_1579_DEN,18/07/2025,E-commerce,1,229.9,72.04,157.86,Venda
SKU_1462_OFF,18/07/2025,Varejo,3,1094.7,345.69,249.67,Venda
SKU_1402_WHI,18/07/2025,Atacado,5,1174.5,566.9,121.52,Venda
SKU_1508_DEE,18/07/2025,Atacado,2,419.8,198.24,110.78,Venda
SKU_1562_CLO,18/07/2025,Varejo,1,309.9,150.59,159.31,Venda
SKU_1544_PEA,18/07/2025,E-commerce,1,199.9,81.04,118.86,Venda
SKU_1782_HUN,18/07/2025,Varejo,1,249.9,86.06,163.84,Venda
SKU_1729_FUC,18/07/2025,Atacado,4,699.6,318.36,95.31,Venda
SKU_1687_FOR,18/07/2025,E-commerce,1,899.9,366.73,533.17,Venda
SKU_1977_NAV,18/07/2025,Atacado,10,2149.0,1073.2,107.58,Venda
SKU_1658_BAB,18/07/2025,Varejo,1,879.9,386.38,493.52,Venda
SKU_1562_CLO,18/07/2025,Varejo,3,929.7,322.38,202.44,Venda
SKU_1745_PEA,18/07/2025,Varejo,1,409.9,129.92,279.98,Venda
SKU_1681_PIS,18/07/2025,Varejo,4,939.6,296.2,160.85,Venda
SKU_1766_MYS,18/07/2025,Varejo,1,394.9,136.33,258.57,Venda
SKU_1713_SNO,18/07/2025,Varejo,1,504.9,218.85,286.05,Venda
SKU_1797_BLU,18/07/2025,Varejo,1,379.9,137.32,242.58,Venda
SKU_1732_OFF,18/07/2025,Varejo,2,2229.8,769.42,730.19,Venda
SKU_1691_ROS,18/07/2025,Varejo,3,929.7,363.18,188.84,Venda
SKU_1656_FUC,18/07/2025,E-commerce,1,234.9,107.32,127.58,Venda
SKU_1721_FRE,18/07/2025,Atacado,6,2519.4,1316.94,200.41,Venda
SKU_1581_COB,18/07/2025,Varejo,2,1709.8,809.16,450.32,Venda
SKU_1749_BIR,18/07/2025,Varejo,1,349.9,117.65,232.25,Venda
SKU_1566_PEA,18/07/2025,Atacado,6,6209.4,2952.06,542.89,Venda
SKU_1655_SNO,18/07/2025,Varejo,1,644.9,197.42,447.48,Venda
SKU_1690_MYS,18/07/2025,Atacado,2,1079.8,497.52,291.14,Venda
SKU_1465_CLE,18/07/2025,E-commerce,1,314.9,155.96,158.94,Venda
SKU_1484_MOS,18/07/2025,Atacado,5,2299.5,1090.5,241.8,Venda
SKU_1456_DEN,18/07/2025,Atacado,5,1574.5,831.75,148.55,Venda
SKU_1718_DUS,18/07/2025,Varejo,1,369.9,163.05,206.85,Venda
SKU_1424_BAB,18/07/2025,Atacado,8,7959.2,4216.56,467.83,Venda
SKU_1740_FRE,18/07/2025,Atacado,5,1074.5,474.4,120.02,Venda
SKU_1794_LIG,18/07/2025,Varejo,1,209.9,98.8,111.1,Venda
SKU_1761_SAP,18/07/2025,E-commerce,1,1104.9,482.88,622.02,Venda
SKU_1707_SAP,18/07/2025,Atacado,8,2239.2,1117.6,140.2,Venda
SKU_1725_OFF,18/07/2025,Atacado,10,2449.0,1267.7,118.13,Venda
SKU_1735_MOS,18/07/2025,Varejo,2,539.8,200.5,169.65,Venda
SKU_1530_PEA,18/07/2025,Varejo,1,129.9,40.03,89.87,Venda
SKU_1583_BLU,18/07/2025,Varejo,3,764.7,284.79,159.97,Venda
SKU_1711_ARM,18/07/2025,Varejo,2,1989.8,817.18,586.31,Venda
SKU_1737_SAG,18/07/2025,E-commerce,1,769.9,381.48,388.42,Venda
SKU_1846_PAS,18/07/2025,Varejo,1,349.9,153.27,196.63,Venda
SKU_1497_VAN,18/07/2025,Atacado,4,539.6,281.0,64.65,Venda
SKU_1998_COR,18/07/2025,Varejo,4,1419.6,521.64,224.49,Venda
SKU_1415_BAB,18/07/2025,E-commerce,1,354.9,153.98,200.92,Venda
SKU_1794_FLA,18/07/2025,Atacado,2,419.8,210.36,104.72,Venda
SKU_1787_BAB,18/07/2025,Atacado,6,1739.4,954.24,130.86,Venda
SKU_1562_BLU,18/07/2025,E-commerce,1,309.9,143.64,166.26,Venda
SKU_1742_DEN,18/07/2025,Varejo,2,519.8,162.58,178.61,Venda
SKU_1685_COB,18/07/2025,Atacado,5,3324.5,1668.6,331.18,Venda
SKU_1745_FOR,18/07/2025,Varejo,2,819.8,323.76,248.02,Venda
SKU_1680_SEA,18/07/2025,Atacado,3,1004.7,513.78,163.64,Venda
SKU_1717_MIN,18/07/2025,Varejo,2,519.8,190.32,164.74,Venda
SKU_1458_PEA,18/07/2025,Atacado,3,1049.7,502.98,182.24,Venda
SKU_1770_JAD,18/07/2025,Atacado,8,1759.2,955.84,100.42,Venda
SKU_1447_OLI,18/07/2025,E-commerce,1,239.9,86.33,153.57,Venda
SKU_1503_VAN,18/07/2025,Atacado,6,1379.4,677.22,117.03,Venda
SKU_1909_SPA,18/07/2025,Varejo,1,449.9,200.98,248.92,Venda
SKU_1683_SHO,18/07/2025,Atacado,8,2519.2,1188.48,166.34,Venda
SKU_1780_AQU,18/07/2025,Varejo,1,334.9,145.25,189.65,Venda
SKU_1684_SHO,18/07/2025,Atacado,5,924.5,485.6,87.78,Venda
SKU_1754_IVO,18/07/2025,Atacado,10,3399.0,2104.7,129.43,Venda
SKU_1509_HOT,18/07/2025,Varejo,1,319.9,142.6,177.3,Venda
SKU_1752_SPA,18/07/2025,Atacado,8,3439.2,1775.44,207.97,Venda
SKU_1558_MEX,18/07/2025,Atacado,6,1979.4,851.64,187.96,Venda
SKU_1656_FUC,18/07/2025,Varejo,1,234.9,105.46,129.44,Venda
SKU_1753_WHI,18/07/2025,Varejo,1,789.9,321.13,468.77,Venda
SKU_1769_EME,18/07/2025,Varejo,1,324.9,128.16,196.74,Venda
SKU_1733_SAG,18/07/2025,Atacado,3,1049.7,581.73,155.99,Venda
SKU_1865_CRE,18/07/2025,E-commerce,2,499.8,226.24,136.78,Venda
SKU_1729_FUC,18/07/2025,Varejo,1,174.9,68.72,106.18,Venda
SKU_1542_PEA,18/07/2025,Varejo,1,469.9,175.67,294.23,Venda
SKU_1709_MAR,18/07/2025,Varejo,3,629.7,231.6,132.7,Venda
SKU_1773_FRE,18/07/2025,Atacado,4,1299.6,639.12,165.12,Venda
SKU_1614_VAN,18/07/2025,Atacado,2,889.8,414.94,237.43,Venda
SKU_1769_WHI,18/07/2025,Atacado,4,1299.6,591.44,177.04,Venda
SKU_1699_COB,18/07/2025,Atacado,5,1649.5,774.05,175.09,Venda
SKU_1788_MYS,18/07/2025,Varejo,1,249.9,88.15,161.75,Venda
SKU_1530_PEA,18/07/2025,Atacado,10,1299.0,668.1,63.09,Venda
SKU_1696_SHO,18/07/2025,Atacado,2,559.8,348.82,105.49,Venda
SKU_1725_OFF,18/07/2025,Varejo,1,244.9,87.35,157.55,Venda
SKU_1446_GAR,18/07/2025,Varejo,1,269.9,100.06,169.84,Venda
SKU_1799_DEN,18/07/2025,Atacado,4,1079.6,616.76,115.71,Venda
SKU_1709_MAR,18/07/2025,Atacado,6,1259.4,665.34,99.01,Venda
SKU_1943_FUC,18/07/2025,Varejo,1,279.9,102.6,177.3,Venda
SKU_1745_PEA,18/07/2025,E-commerce,1,409.9,143.74,266.16,Venda
SKU_1690_MYS,18/07/2025,Atacado,8,4319.2,2033.6,285.7,Venda
SKU_2114_BIR,18/07/2025,Atacado,5,1949.5,1023.05,185.29,Venda
SKU_1739_MOS,18/07/2025,Varejo,4,1019.6,447.12,143.12,Venda
SKU_1881_CLO,18/07/2025,Varejo,1,244.9,96.71,148.19,Venda
SKU_1440_PIS,18/07/2025,Atacado,4,4799.6,2039.0,690.15,Venda
SKU_1755_BIR,18/07/2025,Varejo,1,334.9,102.59,232.31,Venda
SKU_1699_CLO,18/07/2025,Varejo,1,329.9,107.35,222.55,Venda
SKU_1693_FLA,18/07/2025,Atacado,10,2049.0,949.7,109.93,Venda
SKU_1674_WHI,18/07/2025,Atacado,4,919.6,478.84,110.19,Venda
SKU_1707_ARM,18/07/2025,E-commerce,2,559.8,244.22,157.79,Venda
SKU_1893_BIR,18/07/2025,Varejo,1,629.9,202.02,427.88,Venda
SKU_1650_OLI,18/07/2025,Varejo,1,1004.9,493.33,511.57,Venda
SKU_1675_DEN,18/07/2025,E-commerce,1,764.9,285.94,478.96,Venda
SKU_1719_WHI,18/07/2025,E-commerce,1,319.9,136.0,183.9,Venda
SKU_1717_MIN,18/07/2025,Varejo,1,259.9,126.6,133.3,Venda
SKU_1650_OLI,18/07/2025,Varejo,1,1004.9,325.9,679.0,Venda
SKU_1712_MOS,18/07/2025,E-commerce,1,179.9,86.76,93.14,Venda
SKU_1744_LIG,18/07/2025,Atacado,5,1324.5,614.55,141.99,Venda
SKU_1686_SKY,18/07/2025,Varejo,4,859.6,359.08,125.13,Venda
SKU_1704_BAB,18/07/2025,Atacado,4,1339.6,632.16,176.86,Venda
SKU_1742_EME,18/07/2025,Varejo,1,259.9,89.73,170.17,Venda
SKU_1666_PAS,18/07/2025,Varejo,1,799.9,289.94,509.96,Venda
SKU_1594_WHI,18/07/2025,Varejo,1,499.9,245.86,254.04,Venda
SKU_1413_JAD,18/07/2025,Varejo,2,369.8,139.92,114.94,Venda
SKU_1794_LIG,18/07/2025,Atacado,12,2518.8,1370.52,95.69,Venda
SKU_1739_AQU,18/07/2025,Varejo,1,254.9,120.15,134.75,Venda
SKU_2036_SPA,18/07/2025,Varejo,2,479.8,207.92,135.94,Venda
SKU_1772_BLU,18/07/2025,Atacado,5,2074.5,944.65,225.97,Venda
SKU_1753_WHI,18/07/2025,Varejo,2,1579.8,722.64,428.58,Venda
SKU_1771_EME,18/07/2025,Varejo,1,264.9,100.91,163.99,Venda
SKU_1897_JAD,18/07/2025,E-commerce,1,234.9,89.85,145.05,Venda
SKU_1475_MIN,18/07/2025,Varejo,1,249.9,94.44,155.46,Venda
SKU_1742_EME,18/07/2025,Varejo,1,259.9,85.68,174.22,Venda
SKU_1398_AQU,18/07/2025,Varejo,1,674.9,236.81,438.09,Venda
SKU_1599_WHI,18/07/2025,Varejo,1,469.9,199.93,269.97,Venda
SKU_1736_JAD,18/07/2025,Varejo,1,324.9,117.48,207.42,Venda
SKU_1797_GAR,18/07/2025,Varejo,1,379.9,163.92,215.98,Venda
SKU_2029_PRI,18/07/2025,Varejo,2,1929.8,638.42,645.69,Venda
SKU_1706_BLA,18/07/2025,Varejo,1,184.9,62.78,122.12,Venda
SKU_1873_BAB,18/07/2025,Varejo,1,449.9,191.82,258.08,Venda
SKU_1451_WHI,18/07/2025,Varejo,1,244.9,104.31,140.59,Venda
SKU_1740_FRE,18/07/2025,E-commerce,1,214.9,81.01,133.89,Venda
SKU_2104_PEA,18/07/2025,Varejo,1,224.9,75.01,149.89,Venda
SKU_1778_MIN,18/07/2025,Atacado,5,1424.5,680.4,148.82,Venda
SKU_1766_MYS,18/07/2025,Atacado,4,1579.6,747.48,208.03,Venda
SKU_1782_NAV,18/07/2025,Varejo,1,249.9,92.21,157.69,Venda
SKU_1753_PAL,18/07/2025,Atacado,8,6319.2,3441.04,359.77,Venda
SKU_1761_MOS,18/07/2025,E-commerce,1,1104.9,458.8,646.1,Venda
SKU_1681_OFF,18/07/2025,Varejo,2,469.8,152.6,158.6,Venda
SKU_1759_COB,18/07/2025,Varejo,1,269.9,110.57,159.33,Venda
SKU_1712_NAV,18/07/2025,Varejo,1,179.9,66.87,113.03,Venda
SKU_1772_BLU,18/07/2025,Varejo,2,829.8,294.8,267.5,Venda
SKU_1631_BAL,18/07/2025,Atacado,3,539.7,255.12,94.86,Venda
SKU_1710_MEX,18/07/2025,Varejo,1,809.9,331.08,478.82,Venda
SKU_1798_MOS,18/07/2025,E-commerce,1,419.9,187.62,232.28,Venda
SKU_1499_HOT,18/07/2025,Varejo,2,519.8,209.08,155.36,Venda
SKU_1800_SKY,18/07/2025,Atacado,5,1399.5,707.9,138.32,Venda
SKU_1752_SPA,18/07/2025,E-commerce,1,429.9,145.03,284.87,Venda
SKU_1792_AQU,18/07/2025,E-commerce,1,439.9,216.77,223.13,Venda
SKU_1930_GAR,18/07/2025,Atacado,5,3299.5,1632.2,333.46,Venda
SKU_1687_FOR,18/07/2025,Atacado,8,7199.2,3580.24,452.37,Venda
SKU_1741_PIN,18/07/2025,E-commerce,2,479.8,234.26,122.77,Venda
SKU_1800_MOS,18/07/2025,Varejo,1,279.9,135.04,144.86,Venda
SKU_1703_BLU,18/07/2025,Varejo,1,269.9,133.67,136.23,Venda
SKU_1781_CLE,18/07/2025,Varejo,1,129.9,56.8,73.1,Venda
SKU_1681_OFF,18/07/2025,Atacado,8,1879.2,919.92,119.91,Venda
SKU_1747_FUC,18/07/2025,Varejo,2,349.8,155.46,97.17,Venda
SKU_1577_HUN,18/07/2025,Varejo,1,159.9,78.58,81.32,Venda
SKU_1693_MEX,18/07/2025,Atacado,3,614.7,259.83,118.29,Venda
SKU_1700_HUN,18/07/2025,Atacado,2,1399.8,651.06,374.37,Venda
SKU_1698_SNO,18/07/2025,E-commerce,1,419.9,192.81,227.09,Venda
SKU_1451_BIR,18/07/2025,Varejo,1,244.9,104.06,140.84,Venda
SKU_1709_CRE,18/07/2025,Atacado,10,2099.0,1044.9,105.41,Venda
SKU_1706_BLA,18/07/2025,Atacado,5,924.5,461.6,92.58,Venda
SKU_1724_PIN,18/07/2025,Varejo,1,1114.9,432.31,682.59,Venda
SKU_1721_COR,18/07/2025,Varejo,1,419.9,141.83,278.07,Venda
SKU_1693_FLA,18/07/2025,E-commerce,2,409.8,158.22,125.79,Venda
SKU_1680_NAV,18/07/2025,Atacado,4,1339.6,596.16,185.86,Venda
SKU_1796_SHO,18/07/2025,Atacado,6,3029.4,1488.48,256.82,Venda
SKU_1730_MIN,18/07/2025,Varejo,1,319.9,139.21,180.69,Venda
SKU_1848_BAL,18/07/2025,Varejo,1,219.9,68.86,151.04,Venda
SKU_1750_SNO,18/07/2025,Varejo,2,739.8,305.62,217.09,Venda
SKU_1683_SHO,18/07/2025,Varejo,1,314.9,97.52,217.38,Venda
SKU_1740_FRE,18/07/2025,Varejo,1,214.9,105.55,109.35,Venda
SKU_1454_BUB,18/07/2025,Varejo,1,149.9,57.85,92.05,Venda
SKU_1740_OLI,18/07/2025,Atacado,8,1719.2,867.92,106.41,Venda
SKU_1801_MOS,18/07/2025,E-commerce,1,374.9,114.4,260.5,Venda
SKU_1700_HUN,18/07/2025,Varejo,1,699.9,250.02,449.88,Venda
SKU_1709_CRE,18/07/2025,Varejo,1,209.9,66.44,143.46,Venda
SKU_1780_AQU,18/07/2025,E-commerce,2,669.8,236.58,216.61,Venda
SKU_1497_VAN,18/07/2025,Atacado,12,1618.8,894.36,60.37,Venda
SKU_1660_MAG,18/07/2025,Varejo,3,944.7,354.69,196.67,Venda
SKU_1737_SAG,18/07/2025,Atacado,2,1539.8,707.6,416.1,Venda
SKU_1471_LIG,18/07/2025,Atacado,8,1639.2,733.2,113.25,Venda
SKU_1736_PAS,18/07/2025,Atacado,4,1299.6,614.08,171.38,Venda
SKU_1761_MOS,18/07/2025,E-commerce,1,1104.9,359.38,745.52,Venda
SKU_1742_EME,18/07/2025,Atacado,3,779.7,342.78,145.64,Venda
SKU_1774_COB,18/07/2025,Varejo,4,819.6,299.68,129.98,Venda
SKU_1786_TEA,18/07/2025,Atacado,2,359.8,193.32,83.24,Venda
SKU_1997_SPA,18/07/2025,Atacado,8,1519.2,834.16,85.63,Venda
SKU_1713_SNO,18/07/2025,Atacado,8,4039.2,1834.32,275.61,Venda
SKU_1934_COB,18/07/2025,Varejo,2,519.8,248.68,135.56,Venda
SKU_1655_TEA,18/07/2025,Varejo,1,644.9,208.79,436.11,Venda
SKU_1488_PEA,18/07/2025,E-commerce,1,339.9,167.87,172.03,Venda
SKU_1690_MAG,18/07/2025,Varejo,1,539.9,223.91,315.99,Venda
SKU_1625_GAR,18/07/2025,Varejo,1,204.9,86.23,118.67,Venda
SKU_1729_CLE,18/07/2025,Varejo,1,174.9,74.92,99.98,Venda
SKU_1794_LIG,18/07/2025,Varejo,2,419.8,154.66,132.57,Venda
SKU_1788_MYS,18/07/2025,Atacado,6,1499.4,633.84,144.26,Venda
SKU_1396_PAS,18/07/2025,Atacado,2,269.8,158.64,55.58,Venda
SKU_1498_OLI,18/07/2025,Atacado,3,1019.7,495.0,174.9,Venda
SKU_1749_SNO,18/07/2025,Atacado,3,1049.7,463.17,195.51,Venda
SKU_1515_SEA,18/07/2025,E-commerce,1,194.9,90.7,104.2,Venda
SKU_1681_OFF,18/07/2025,Atacado,5,1174.5,544.25,126.05,Venda
SKU_1734_BRI,18/07/2025,Varejo,1,349.9,133.91,215.99,Venda
SKU_2043_ROS,18/07/2025,Varejo,1,349.9,125.39,224.51,Venda
SKU_1636_SHO,18/07/2025,Varejo,4,1759.6,838.6,230.25,Venda
SKU_1752_SPA,18/07/2025,Varejo,1,429.9,170.73,259.17,Venda
SKU_1762_BRI,18/07/2025,Varejo,1,254.9,123.23,131.67,Venda
SKU_1727_LIG,18/07/2025,Atacado,5,774.5,435.95,67.71,Venda
SKU_1960_BAL,18/07/2025,Varejo,3,524.7,179.55,115.05,Venda
SKU_1784_EGR,18/07/2025,Atacado,2,619.8,305.96,156.92,Venda
SKU_1756_FLA,18/07/2025,Varejo,1,179.9,54.73,125.17,Venda
SKU_1485_CER,18/07/2025,Varejo,1,664.9,228.76,436.14,Venda
SKU_1408_PAS,18/07/2025,Varejo,1,919.9,394.94,524.96,Venda
SKU_1754_IVO,18/07/2025,E-commerce,1,339.9,118.28,221.62,Venda
SKU_1461_PRI,18/07/2025,E-commerce,1,1069.9,420.24,649.66,Venda
SKU_1728_EGR,18/07/2025,Atacado,2,659.8,369.4,145.2,Venda
SKU_1428_COB,18/07/2025,Atacado,2,979.8,480.44,249.68,Venda
SKU_1729_FUC,18/07/2025,Varejo,4,699.6,217.92,120.42,Venda
SKU_1593_LIG,18/07/2025,Atacado,3,434.7,187.95,82.25,Venda
SKU_2061_BRI,18/07/2025,Atacado,2,419.8,218.44,100.68,Venda
SKU_1695_CRE,18/07/2025,E-commerce,2,419.8,137.8,141.0,Venda
SKU_1626_BAB,18/07/2025,Atacado,3,1619.7,816.0,267.9,Venda
SKU_1687_WHI,18/07/2025,Varejo,1,899.9,416.18,483.72,Venda
SKU_1645_MYS,18/07/2025,E-commerce,3,1199.7,551.16,216.18,Venda
SKU_1765_MYS,18/07/2025,Atacado,6,1559.4,785.82,128.93,Venda
SKU_1739_AQU,18/07/2025,E-commerce,2,509.8,174.84,167.48,Venda
SKU_1709_CRE,18/07/2025,Atacado,5,1049.5,492.4,111.42,Venda
SKU_1723_MOS,18/07/2025,Atacado,8,3479.2,1670.0,226.15,Venda
SKU_1778_TEA,18/07/2025,Atacado,8,2279.2,1075.28,150.49,Venda
SKU_1748_BAB,18/07/2025,Varejo,1,309.9,124.36,185.54,Venda
SKU_1518_CLE,18/07/2025,Atacado,12,2818.8,1262.04,129.73,Venda
SKU_1738_BLU,18/07/2025,Atacado,2,389.8,167.24,111.28,Venda
SKU_1893_BIR,18/07/2025,Atacado,5,3149.5,1724.25,285.05,Venda
SKU_1710_OLI,18/07/2025,Varejo,1,809.9,283.89,526.01,Venda
SKU_1668_VAN,18/07/2025,Atacado,6,1619.4,752.82,144.43,Venda
SKU_1729_CLE,18/07/2025,Varejo,1,174.9,61.29,113.61,Venda
SKU_1693_MEX,18/07/2025,Atacado,5,1024.5,531.65,98.57,Venda
SKU_2084_GAR,18/07/2025,E-commerce,1,254.9,114.99,139.91,Venda
SKU_1397_BUB,18/07/2025,Atacado,4,939.6,463.04,119.14,Venda
SKU_1773_OLI,18/07/2025,Varejo,2,649.8,256.54,196.63,Venda
SKU_2019_TUR,18/07/2025,Varejo,1,549.9,264.84,285.06,Venda
SKU_1717_MIN,18/07/2025,Varejo,1,259.9,116.47,143.43,Venda
SKU_1699_CLO,18/07/2025,Atacado,2,659.8,336.34,161.73,Venda
SKU_1698_PRI,18/07/2025,Varejo,1,419.9,169.63,250.27,Venda
SKU_1593_FUC,18/07/2025,Varejo,1,144.9,59.45,85.45,Venda
SKU_1680_NAV,18/07/2025,Atacado,4,1339.6,570.56,192.26,Venda
SKU_1759_CLE,18/07/2025,Varejo,1,269.9,109.27,160.63,Venda
SKU_1693_FLA,18/07/2025,Atacado,5,1024.5,444.8,115.94,Venda
SKU_1717_MIN,18/07/2025,Varejo,1,259.9,106.44,153.46,Venda
SKU_1712_MOS,18/07/2025,Varejo,1,179.9,74.54,105.36,Venda
SKU_1680_NAV,18/07/2025,E-commerce,1,334.9,130.4,204.5,Venda
SKU_1742_EME,18/07/2025,Atacado,4,1039.6,452.72,146.72,Venda
SKU_1779_LIG,18/07/2025,Varejo,3,644.7,311.91,110.93,Venda
SKU_1768_MIN,18/07/2025,Atacado,3,1874.7,889.35,328.45,Venda
SKU_1734_BRI,18/07/2025,Atacado,2,699.8,337.88,180.96,Venda
SKU_1777_TUR,18/07/2025,Varejo,2,479.8,159.1,160.35,Venda
SKU_1761_MOS,18/07/2025,E-commerce,1,1104.9,421.88,683.02,Venda
SKU_1419_FLA,18/07/2025,Varejo,2,499.8,200.8,149.5,Venda
SKU_1453_PRI,18/07/2025,Varejo,1,234.9,78.28,156.62,Venda
SKU_1450_MAG,18/07/2025,Atacado,5,2049.5,1074.85,194.93,Venda
SKU_1733_SAG,18/07/2025,E-commerce,1,349.9,122.65,227.25,Venda
SKU_1701_SPA,18/07/2025,Varejo,1,339.9,113.51,226.39,Venda
SKU_1776_PAS,18/07/2025,E-commerce,1,329.9,140.72,189.18,Venda
SKU_1681_PIS,18/07/2025,Varejo,1,234.9,84.77,150.13,Venda
SKU_1698_PRI,18/07/2025,Varejo,1,419.9,135.51,284.39,Venda
SKU_1728_EGR,18/07/2025,Varejo,1,329.9,147.78,182.12,Venda
SKU_1755_BIR,18/07/2025,Atacado,4,1339.6,611.44,182.04,Venda
SKU_1690_MAG,18/07/2025,Atacado,3,1619.7,803.55,272.05,Venda
SKU_2064_SAP,18/07/2025,Atacado,5,1999.5,1056.6,188.58,Venda
SKU_1725_BAB,18/07/2025,Atacado,8,1959.2,927.04,129.02,Venda
SKU_1792_MIN,18/07/2025,Varejo,2,879.8,337.98,270.91,Venda
SKU_1791_IVO,18/07/2025,Atacado,5,1324.5,603.2,144.26,Venda
SKU_1783_BAB,18/07/2025,Atacado,8,9599.2,5023.76,571.93,Venda
SKU_1731_ARM,18/07/2025,Varejo,1,909.9,291.0,618.9,Venda
SKU_1704_PEA,18/07/2025,Varejo,2,669.8,206.62,231.59,Venda
SKU_1902_BLU,18/07/2025,Atacado,8,6639.2,3708.8,366.3,Venda
SKU_1774_COB,18/07/2025,E-commerce,1,204.9,71.15,133.75,Venda
SKU_1782_NAV,18/07/2025,Varejo,1,249.9,93.44,156.46,Venda
SKU_1687_FOR,18/07/2025,Atacado,4,3599.6,1720.36,469.81,Venda
SKU_1691_ROS,18/07/2025,Atacado,4,1239.6,628.24,152.84,Venda
SKU_1513_PAS,18/07/2025,E-commerce,1,214.9,87.11,127.79,Venda
SKU_1790_EGR,18/07/2025,Varejo,1,259.9,101.17,158.73,Venda
SKU_2012_SKY,18/07/2025,Varejo,3,2459.7,1016.55,481.05,Venda
SKU_1586_JAD,18/07/2025,E-commerce,1,304.9,129.34,175.56,Venda
SKU_1710_MEX,18/07/2025,Atacado,3,2429.7,1038.57,463.71,Venda
SKU_1394_FOR,18/07/2025,Varejo,1,469.9,167.2,302.7,Venda
SKU_1709_MAR,18/07/2025,Varejo,1,209.9,92.69,117.21,Venda
SKU_1747_TEA,18/07/2025,E-commerce,1,174.9,57.37,117.53,Venda
SKU_1695_LIM,18/07/2025,Atacado,4,839.6,444.44,98.79,Venda
SKU_1865_POW,18/07/2025,Atacado,3,749.7,378.42,123.76,Venda
SKU_1716_AQU,18/07/2025,Varejo,1,164.9,75.58,89.32,Venda
SKU_1753_PAL,18/07/2025,E-commerce,1,789.9,249.28,540.62,Venda
SKU_1705_SER,18/07/2025,Atacado,5,2049.5,1085.2,192.86,Venda
SKU_1740_OLI,18/07/2025,Atacado,12,2578.8,1265.52,109.44,Venda
SKU_1793_MIN,18/07/2025,Atacado,6,1139.4,618.06,86.89,Venda
SKU_1722_PAS,18/07/2025,E-commerce,1,324.9,98.17,226.73,Venda
SKU_1456_EME,18/07/2025,Varejo,1,314.9,104.11,210.79,Venda
SKU_1717_CRE,18/07/2025,Varejo,1,259.9,103.62,156.28,Venda
SKU_1759_COB,18/07/2025,Atacado,5,1349.5,703.95,129.11,Venda
SKU_1703_PAS,18/07/2025,Varejo,1,269.9,93.98,175.92,Venda
SKU_1732_OFF,18/07/2025,Atacado,3,3344.7,1762.74,527.32,Venda
SKU_1723_MOS,18/07/2025,Atacado,5,2174.5,1153.2,204.26,Venda
SKU_1767_FUC,18/07/2025,Atacado,8,1639.2,916.8,90.3,Venda
SKU_1768_PEA,18/07/2025,Atacado,4,2499.6,1291.2,302.1,Venda
SKU_1797_BLU,18/07/2025,Atacado,3,1139.7,559.2,193.5,Venda
SKU_1770_JAD,18/07/2025,E-commerce,1,219.9,100.34,119.56,Venda
SKU_1797_BLU,18/07/2025,Varejo,1,379.9,161.04,218.86,Venda
SKU_1872_FRE,18/07/2025,Atacado,6,5129.4,2384.22,457.53,Venda
SKU_1801_MOS,18/07/2025,Varejo,1,374.9,144.04,230.86,Venda
SKU_1754_IVO,18/07/2025,Atacado,8,2719.2,1529.12,148.76,Venda
SKU_1447_BLU,18/07/2025,Atacado,5,1199.5,527.95,134.31,Venda
SKU_1460_FUC,18/07/2025,Varejo,1,174.9,71.12,103.78,Venda
SKU_1642_SAL,18/07/2025,Varejo,2,449.8,172.02,138.89,Venda
SKU_1988_WHI,18/07/2025,Atacado,2,849.8,362.98,243.41,Venda
SKU_1776_BIR,18/07/2025,Varejo,2,659.8,277.04,191.38,Venda
SKU_1737_DEE,18/07/2025,Atacado,3,2309.7,1197.87,370.61,Venda
SKU_1742_DEN,18/07/2025,E-commerce,1,259.9,105.68,154.22,Venda
SKU_1794_LIG,18/07/2025,Varejo,2,419.8,208.32,105.74,Venda
SKU_1780_AQU,18/07/2025,Atacado,5,1674.5,847.25,165.45,Venda
SKU_1748_COB,18/07/2025,Atacado,2,619.8,289.16,165.32,Venda
SKU_1684_HON,18/07/2025,Varejo,1,184.9,72.16,112.74,Venda
SKU_1690_MYS,18/07/2025,E-commerce,1,539.9,184.89,355.01,Venda
SKU_1798_MOS,18/07/2025,Atacado,2,839.8,374.22,232.79,Venda
SKU_1547_IVO,18/07/2025,Varejo,1,329.9,135.46,194.44,Venda
SKU_1555_RAS,18/07/2025,Varejo,1,189.9,81.53,108.37,Venda
SKU_1685_BIR,18/07/2025,Varejo,2,1329.8,492.9,418.45,Venda
SKU_1705_JAD,18/07/2025,Varejo,1,409.9,165.86,244.04,Venda
SKU_1692_BLU,18/07/2025,Varejo,1,219.9,87.07,132.83,Venda
SKU_1770_DEE,18/07/2025,Varejo,1,219.9,81.28,138.62,Venda
SKU_1690_MAG,18/07/2025,Varejo,2,1079.8,326.32,376.74,Venda
SKU_1722_PAS,18/07/2025,Varejo,1,324.9,109.78,215.12,Venda
SKU_1597_FLA,18/07/2025,Varejo,1,529.9,216.79,313.11,Venda
SKU_1692_OLI,18/07/2025,Atacado,4,879.6,405.04,118.64,Venda
SKU_1445_PRI,18/07/2025,Varejo,1,409.9,176.69,233.21,Venda
SKU_1683_SHO,18/07/2025,Varejo,3,944.7,470.43,158.09,Venda
SKU_1762_DEN,18/07/2025,Atacado,2,509.8,240.68,134.56,Venda
SKU_1701_BLU,18/07/2025,Atacado,8,2719.2,1566.08,144.14,Venda
SKU_1775_PAL,18/07/2025,Varejo,1,279.9,86.21,193.69,Venda
SKU_1663_FLA,18/07/2025,E-commerce,1,794.9,328.27,466.63,Venda
SKU_1435_SKY,18/07/2025,Atacado,5,5049.5,2299.35,550.03,Venda
SKU_1602_PAS,18/07/2025,Atacado,3,689.7,362.7,109.0,Venda
SKU_1693_FLA,18/07/2025,Varejo,1,204.9,75.25,129.65,Venda
SKU_1829_HUN,18/07/2025,Varejo,1,259.9,115.95,143.95,Venda
SKU_1739_AQU,18/07/2025,Atacado,10,2549.0,1296.4,125.26,Venda
SKU_1657_EME,18/07/2025,E-commerce,2,429.8,144.56,142.62,Venda
SKU_1798_OFF,18/07/2025,Atacado,4,1679.6,888.24,197.84,Venda
SKU_1682_OLI,18/07/2025,Varejo,1,234.9,93.97,140.93,Venda
SKU_1775_PAL,18/07/2025,Varejo,1,279.9,118.75,161.15,Venda
SKU_1794_LIG,18/07/2025,Varejo,1,209.9,66.32,143.58,Venda
SKU_1594_WHI,18/07/2025,Atacado,6,2999.4,1836.66,193.79,Venda
SKU_1528_PAS,18/07/2025,Atacado,6,1289.4,570.0,119.9,Venda
SKU_1767_FUC,18/07/2025,Varejo,1,204.9,96.98,107.92,Venda
SKU_1664_PIN,18/07/2025,Atacado,10,3299.0,1776.1,152.29,Venda
SKU_1745_FOR,18/07/2025,Varejo,3,1229.7,419.37,270.11,Venda
SKU_1728_MID,18/07/2025,Atacado,3,989.7,472.41,172.43,Venda
SKU_1682_BIR,18/07/2025,Atacado,5,1174.5,556.3,123.64,Venda
SKU_1427_AQU,18/07/2025,Atacado,3,599.7,283.83,105.29,Venda
SKU_1956_CLO,18/07/2025,Varejo,1,209.9,85.58,124.32,Venda
SKU_1797_BLU,18/07/2025,Varejo,4,1519.6,523.28,249.08,Venda
SKU_1673_PEA,18/07/2025,Atacado,10,4099.0,1962.7,213.63,Venda
SKU_1779_LIG,18/07/2025,E-commerce,1,214.9,100.46,114.44,Venda
SKU_1411_BLU,18/07/2025,Varejo,1,224.9,99.0,125.9,Venda
SKU_1740_FRE,18/07/2025,Varejo,3,644.7,230.07,138.21,Venda
SKU_1536_FRE,18/07/2025,E-commerce,1,344.9,139.03,205.87,Venda
SKU_1690_MAG,18/07/2025,Varejo,2,1079.8,360.74,359.53,Venda
SKU_1724_PIN,18/07/2025,E-commerce,1,1114.9,495.57,619.33,Venda
SKU_2002_WHI,18/07/2025,E-commerce,1,204.9,75.52,129.38,Venda
SKU_1737_SAG,18/07/2025,E-commerce,1,769.9,318.33,451.57,Venda
SKU_1730_OFF,18/07/2025,Atacado,5,1599.5,776.9,164.52,Venda
SKU_1410_ROS,18/07/2025,Atacado,6,6839.4,3026.88,635.42,Venda
SKU_1755_AQU,18/07/2025,Varejo,1,334.9,166.07,168.83,Venda
SKU_1792_AQU,18/07/2025,Atacado,8,3519.2,1806.0,214.15,Venda
SKU_1713_SNO,18/07/2025,E-commerce,1,504.9,166.66,338.24,Venda
SKU_1920_NAV,18/07/2025,E-commerce,2,509.8,238.88,135.46,Venda
SKU_1548_HOT,18/07/2025,Atacado,10,4749.0,2215.6,253.34,Venda
SKU_1655_SNO,18/07/2025,Atacado,4,2579.6,1258.64,330.24,Venda
SKU_1764_FUC,18/07/2025,Varejo,1,234.9,98.02,136.88,Venda
SKU_1762_DEN,18/07/2025,Atacado,12,3058.8,1330.68,144.01,Venda
SKU_1687_WHI,18/07/2025,Varejo,1,899.9,437.78,462.12,Venda
SKU_1775_PAS,18/07/2025,Atacado,12,3358.8,1828.32,127.54,Venda
SKU_1681_OFF,18/07/2025,Atacado,6,1409.4,599.58,134.97,Venda
SKU_1728_MID,18/07/2025,Varejo,1,329.9,158.66,171.24,Venda
SKU_1695_CRE,18/07/2025,Varejo,3,629.7,248.67,127.01,Venda
SKU_1791_ARM,18/07/2025,Atacado,10,2649.0,1207.8,144.12,Venda
SKU_1761_SAP,18/07/2025,Varejo,1,1104.9,494.2,610.7,Venda
SKU_1752_SPA,18/07/2025,Atacado,3,1289.7,599.04,230.22,Venda
SKU_1908_MID,18/07/2025,Atacado,3,944.7,537.09,135.87,Venda
SKU_1416_CLE,18/07/2025,Atacado,8,2239.2,1264.64,121.82,Venda
SKU_1471_ROS,18/07/2025,Atacado,3,614.7,292.71,107.33,Venda
SKU_1785_PAS,18/07/2025,Atacado,3,734.7,326.55,136.05,Venda
SKU_1558_MEX,18/07/2025,Varejo,1,329.9,154.47,175.43,Venda
SKU_1428_COB,18/07/2025,Varejo,1,489.9,202.61,287.29,Venda
SKU_1759_COB,18/07/2025,Varejo,2,539.8,201.24,169.28,Venda
SKU_1849_GAR,18/07/2025,E-commerce,2,659.8,305.26,177.27,Venda
SKU_1519_BLU,18/07/2025,Varejo,2,1259.8,453.5,403.15,Venda
SKU_1515_AQU,18/07/2025,E-commerce,1,194.9,74.31,120.59,Venda
SKU_1670_PEA,18/07/2025,Varejo,1,144.9,64.47,80.43,Venda
SKU_1503_VAN,18/07/2025,Atacado,4,919.6,528.36,97.81,Venda
SKU_1753_PAL,18/07/2025,Atacado,3,2369.7,1183.86,395.28,Venda
SKU_1792_MIN,18/07/2025,Atacado,8,3519.2,1857.2,207.75,Venda
SKU_1772_SNO,18/07/2025,Atacado,6,2489.4,1153.5,222.65,Venda
SKU_1662_LIG,18/07/2025,Atacado,8,1599.2,817.04,97.77,Venda
SKU_1712_NAV,18/07/2025,Atacado,5,899.5,432.9,93.32,Venda
SKU_1616_COR,18/07/2025,Atacado,6,6149.4,2951.88,532.92,Venda
SKU_1618_SAL,18/07/2025,Varejo,2,359.8,113.22,123.29,Venda
SKU_1719_OFF,18/07/2025,Varejo,3,959.7,392.13,189.19,Venda
SKU_1788_MYS,18/07/2025,Varejo,1,249.9,116.96,132.94,Venda
SKU_1763_HOT,18/07/2025,Atacado,10,2999.0,1553.8,144.52,Venda
SKU_1715_HON,18/07/2025,Varejo,3,659.7,211.38,149.44,Venda
SKU_1720_PAL,18/07/2025,Atacado,2,449.8,203.32,123.24,Venda
SKU_1491_GAR,18/07/2025,Atacado,4,539.6,279.48,65.03,Venda
SKU_1991_PIN,18/07/2025,Varejo,1,299.9,129.33,170.57,Venda
SKU_1742_DEN,18/07/2025,Atacado,6,1559.4,735.72,137.28,Venda
SKU_1759_CLE,18/07/2025,Varejo,1,269.9,109.07,160.83,Venda
SKU_1584_FLA,18/07/2025,Atacado,3,554.7,262.02,97.56,Venda
SKU_1699_COB,18/07/2025,Varejo,2,659.8,227.74,216.03,Venda
SKU_1878_SEA,18/07/2025,Atacado,5,2199.5,1337.35,172.43,Venda
SKU_1443_PRI,18/07/2025,Atacado,6,1619.4,779.46,139.99,Venda
SKU_1653_BAB,18/07/2025,E-commerce,1,359.9,141.23,218.67,Venda
SKU_1695_CRE,18/07/2025,Atacado,5,1049.5,540.6,101.78,Venda
SKU_1796_OLI,18/07/2025,Varejo,1,504.9,181.2,323.7,Venda
SKU_1691_ROS,18/07/2025,Atacado,8,2479.2,1166.48,164.09,Venda
SKU_1390_PAS,18/07/2025,E-commerce,1,229.9,74.75,155.15,Venda
SKU_2021_SAL,18/07/2025,E-commerce,2,379.8,134.5,122.65,Venda
SKU_1692_BLU,18/07/2025,Varejo,1,219.9,106.6,113.3,Venda
SKU_1782_HUN,18/07/2025,Atacado,6,1499.4,680.4,136.5,Venda
SKU_1774_MOS,18/07/2025,Atacado,8,1639.2,856.08,97.89,Venda
SKU_1759_COB,18/07/2025,Varejo,1,269.9,111.34,158.56,Venda
SKU_1531_SNO,18/07/2025,Atacado,4,2199.6,1143.52,264.02,Venda
SKU_1505_BLU,18/07/2025,E-commerce,1,234.9,102.73,132.17,Venda
SKU_1458_PEA,18/07/2025,Varejo,4,1399.6,619.84,194.94,Venda
SKU_1690_MAG,18/07/2025,Atacado,10,5399.0,2588.2,281.08,Venda
SKU_1722_AQU,18/07/2025,Atacado,5,1624.5,781.9,168.52,Venda
SKU_1685_COB,18/07/2025,Atacado,3,1994.7,956.46,346.08,Venda
SKU_1774_MOS,18/07/2025,Atacado,5,1024.5,452.95,114.31,Venda
SKU_1683_PAL,18/07/2025,Atacado,10,3149.0,1337.9,181.11,Venda
SKU_1861_SAP,18/07/2025,Atacado,6,1169.4,618.66,91.79,Venda
SKU_1796_OLI,18/07/2025,Atacado,10,5049.0,2590.2,245.88,Venda
SKU_1776_PAS,18/07/2025,Atacado,4,1319.6,780.24,134.84,Venda
SKU_1716_SAL,18/07/2025,Varejo,1,164.9,64.92,99.98,Venda
SKU_1859_PEA,18/07/2025,Atacado,3,1289.7,657.72,210.66,Venda
SKU_1692_BLU,18/07/2025,Varejo,1,219.9,71.23,148.67,Venda
SKU_1794_FLA,18/07/2025,Varejo,1,209.9,78.73,131.17,Venda
SKU_1747_TEA,18/07/2025,Varejo,1,174.9,65.4,109.5,Venda
SKU_2088_VAN,18/07/2025,Atacado,2,2189.8,1002.48,593.66,Venda
SKU_1629_CLO,18/07/2025,Varejo,2,509.8,252.12,128.84,Venda
SKU_1753_PAL,18/07/2025,Varejo,1,789.9,242.76,547.14,Venda
SKU_1571_BIR,18/07/2025,Atacado,8,1999.2,913.92,135.66,Venda
SKU_1711_VAN,18/07/2025,Atacado,12,11938.8,5852.28,507.21,Venda
SKU_1959_WHI,18/07/2025,Varejo,2,1479.8,505.84,486.98,Venda
SKU_1743_CLO,18/07/2025,Atacado,3,1319.7,652.05,222.55,Venda
SKU_1571_WHI,18/07/2025,Varejo,1,249.9,98.94,150.96,Venda
SKU_1754_IVO,18/07/2025,Varejo,1,339.9,125.26,214.64,Venda
SKU_1722_PAS,18/07/2025,Varejo,1,324.9,98.16,226.74,Venda
SKU_1843_NAV,18/07/2025,Atacado,4,1219.6,595.56,156.01,Venda
SKU_1728_MID,18/07/2025,E-commerce,1,329.9,156.76,173.14,Venda
SKU_1800_MOS,18/07/2025,Atacado,5,1399.5,784.2,123.06,Venda
SKU_1696_SER,18/07/2025,Atacado,5,1399.5,631.8,153.54,Venda
SKU_2081_PAL,18/07/2025,Atacado,6,2339.4,1188.48,191.82,Venda
SKU_1795_HUN,18/07/2025,Atacado,10,2999.0,1440.7,155.83,Venda
SKU_1773_FRE,18/07/2025,Varejo,1,324.9,112.94,211.96,Venda
SKU_1937_MIN,18/07/2025,Atacado,12,2518.8,1345.08,97.81,Venda
SKU_1761_SAP,18/07/2025,E-commerce,1,1104.9,372.63,732.27,Venda
SKU_1726_BUB,18/07/2025,Varejo,1,429.9,194.32,235.58,Venda
SKU_1780_AQU,18/07/2025,Varejo,1,334.9,135.74,199.16,Venda
SKU_2091_BIR,18/07/2025,Atacado,4,959.6,420.0,134.9,Venda
SKU_1642_SAL,18/07/2025,Varejo,1,224.9,81.7,143.2,Venda
SKU_1921_PIN,18/07/2025,Atacado,10,2499.0,1108.5,139.05,Venda
SKU_1722_PAS,18/07/2025,E-commerce,1,324.9,141.21,183.69,Venda
SKU_1801_MOS,18/07/2025,Atacado,2,749.8,361.08,194.36,Venda
SKU_1600_LIG,18/07/2025,E-commerce,1,394.9,172.89,222.01,Venda
SKU_1649_FLA,18/07/2025,Atacado,2,469.8,231.5,119.15,Venda
SKU_1549_BAL,18/07/2025,Atacado,12,2218.8,948.12,105.89,Venda
SKU_1697_MIN,18/07/2025,Atacado,8,1759.2,777.6,122.7,Venda
SKU_1768_PEA,18/07/2025,E-commerce,1,624.9,227.36,397.54,Venda
SKU_1751_BLU,18/07/2025,Atacado,8,2639.2,1263.76,171.93,Venda
SKU_1759_COB,18/07/2025,Atacado,4,1079.6,480.0,149.9,Venda
SKU_2095_CLO,18/07/2025,Atacado,4,959.6,491.88,116.93,Venda
SKU_1717_MIN,18/07/2025,E-commerce,1,259.9,97.44,162.46,Venda
SKU_1786_TEA,18/07/2025,Atacado,8,1439.2,831.68,75.94,Venda
SKU_1459_OFF,18/07/2025,Atacado,4,839.6,420.16,104.86,Venda
SKU_1453_PRI,18/07/2025,E-commerce,1,234.9,87.55,147.35,Venda
SKU_1800_SKY,18/07/2025,E-commerce,1,279.9,126.37,153.53,Venda
SKU_1800_MOS,18/07/2025,E-commerce,1,279.9,131.75,148.15,Venda
SKU_1744_LIG,18/07/2025,E-commerce,1,264.9,123.36,141.54,Venda
SKU_1688_WHI,18/07/2025,Varejo,1,429.9,160.64,269.26,Venda
SKU_1765_MYS,18/07/2025,Atacado,8,2079.2,1094.72,123.06,Venda
SKU_1688_WHI,18/07/2025,Atacado,4,1719.6,978.8,185.2,Venda
SKU_1645_MIN,18/07/2025,Atacado,8,3199.2,1344.0,231.9,Venda
SKU_1715_HON,18/07/2025,Varejo,4,879.6,312.96,141.66,Venda
SKU_1839_BAB,18/07/2025,E-commerce,2,589.8,237.7,176.05,Venda
SKU_2041_POW,18/07/2025,Varejo,1,219.9,67.26,152.64,Venda
SKU_1705_JAD,18/07/2025,Atacado,8,3279.2,1748.24,191.37,Venda
SKU_1850_DEE,18/07/2025,Varejo,1,204.9,65.75,139.15,Venda
SKU_1763_HOT,18/07/2025,Atacado,4,1199.6,609.32,147.57,Venda
SKU_1421_LIG,18/07/2025,Varejo,2,459.8,141.14,159.33,Venda
SKU_1687_WHI,18/07/2025,E-commerce,2,1799.8,785.22,507.29,Venda
SKU_1754_IVO,18/07/2025,Varejo,1,339.9,149.82,190.08,Venda
SKU_1513_PAS,18/07/2025,Atacado,2,429.8,210.64,109.58,Venda
SKU_1752_SNO,18/07/2025,Atacado,8,3439.2,1554.56,235.58,Venda
SKU_2043_ROS,18/07/2025,E-commerce,1,349.9,173.84,176.06,Venda
SKU_1503_VAN,18/07/2025,Atacado,10,2299.0,1033.1,126.59,Venda
SKU_1693_FLA,18/07/2025,Varejo,2,409.8,130.74,139.53,Venda
SKU_1773_FRE,18/07/2025,Atacado,2,649.8,302.32,173.74,Venda
SKU_1710_MEX,18/07/2025,E-commerce,1,809.9,377.68,432.22,Venda
SKU_1725_BAB,18/07/2025,Atacado,4,979.6,526.8,113.2,Venda
SKU_2040_MIN,18/07/2025,Atacado,4,1179.6,521.32,164.57,Venda
SKU_1470_WHI,18/07/2025,E-commerce,3,2759.7,867.39,630.77,Venda
SKU_1755_AQU,18/07/2025,Atacado,4,1339.6,579.88,189.93,Venda
SKU_1782_HUN,18/07/2025,Varejo,1,249.9,95.07,154.83,Venda
SKU_1740_OLI,18/07/2025,Varejo,1,214.9,72.74,142.16,Venda
SKU_1753_PAL,18/07/2025,E-commerce,1,789.9,276.92,512.98,Venda
SKU_1558_MEX,18/07/2025,E-commerce,1,329.9,144.93,184.97,Venda
SKU_1574_COB,18/07/2025,Varejo,1,604.9,202.51,402.39,Venda
SKU_1612_SNO,18/07/2025,Atacado,8,2639.2,1184.16,181.88,Venda
SKU_1676_PIN,18/07/2025,Varejo,1,169.9,56.61,113.29,Venda
SKU_1701_SPA,18/07/2025,E-commerce,2,679.8,275.4,202.2,Venda
SKU_1517_FOR,18/07/2025,Varejo,1,1199.9,500.1,699.8,Venda
SKU_1688_WHI,18/07/2025,Varejo,1,429.9,190.56,239.34,Venda
SKU_1599_CER,18/07/2025,E-commerce,1,469.9,204.05,265.85,Venda
SKU_1390_PAS,18/07/2025,Varejo,1,229.9,110.77,119.13,Venda
SKU_1779_LIG,18/07/2025,Varejo,1,214.9,73.01,141.89,Venda
SKU_1735_COR,18/07/2025,Varejo,1,269.9,129.66,140.24,Venda
SKU_1705_JAD,18/07/2025,Atacado,6,2459.4,1035.24,237.36,Venda
SKU_1652_MOS,18/07/2025,Atacado,8,1759.2,870.16,111.13,Venda
SKU_1695_LIM,18/07/2025,Atacado,2,419.8,197.24,111.28,Venda
SKU_1701_BLU,18/07/2025,Varejo,1,339.9,146.65,193.25,Venda
SKU_1767_PRI,18/07/2025,E-commerce,1,204.9,92.6,112.3,Venda
SKU_1714_DEE,18/07/2025,Atacado,3,914.7,501.33,137.79,Venda
SKU_1756_BUB,18/07/2025,Atacado,8,1439.2,700.96,92.28,Venda
SKU_1446_GAR,18/07/2025,Atacado,5,1349.5,708.05,128.29,Venda
SKU_1704_BAB,18/07/2025,Varejo,1,334.9,162.24,172.66,Venda
SKU_1720_PAL,18/07/2025,Varejo,1,224.9,71.33,153.57,Venda
SKU_1745_FOR,18/07/2025,Varejo,3,1229.7,505.02,241.56,Venda
SKU_1748_COB,18/07/2025,Atacado,8,2479.2,1289.6,148.7,Venda
SKU_1439_SHO,18/07/2025,Varejo,2,369.8,175.58,97.11,Venda
SKU_1742_DEN,18/07/2025,Atacado,3,779.7,397.71,127.33,Venda
SKU_1714_MID,18/07/2025,Varejo,4,1219.6,586.76,158.21,Venda
SKU_1800_MOS,18/07/2025,Atacado,8,2239.2,1150.88,136.04,Venda
SKU_1750_SNO,18/07/2025,Varejo,1,369.9,184.84,185.06,Venda
SKU_1456_EME,18/07/2025,Varejo,1,314.9,124.1,190.8,Venda
SKU_1743_DEE,18/07/2025,E-commerce,1,439.9,190.73,249.17,Venda
SKU_1747_TEA,18/07/2025,Varejo,1,174.9,66.73,108.17,Venda
SKU_1976_JAD,18/07/2025,Atacado,5,2699.5,1368.35,266.23,Venda
SKU_1777_FRE,18/07/2025,Varejo,1,239.9,118.04,121.86,Venda
SKU_1495_FUC,18/07/2025,Varejo,1,329.9,131.55,198.35,Venda
SKU_1768_PEA,18/07/2025,Varejo,1,624.9,208.73,416.17,Venda
SKU_1763_MAR,18/07/2025,Atacado,8,2399.2,1135.92,157.91,Venda
SKU_1788_MYS,18/07/2025,E-commerce,1,249.9,107.02,142.88,Venda
SKU_1794_FLA,18/07/2025,Atacado,4,839.6,513.16,81.61,Venda
SKU_2082_HON,18/07/2025,Varejo,1,509.9,163.11,346.79,Venda
SKU_1554_SKY,18/07/2025,Atacado,6,6209.4,3296.76,485.44,Venda
SKU_1684_SHO,18/07/2025,Atacado,4,739.6,330.48,102.28,Venda
SKU_1465_OFF,18/07/2025,Atacado,5,1574.5,725.75,169.75,Venda
SKU_1723_COB,18/07/2025,Atacado,5,2174.5,1151.95,204.51,Venda
SKU_1490_VAN,18/07/2025,Atacado,6,1889.4,968.22,153.53,Venda
SKU_1768_MIN,18/07/2025,Varejo,1,624.9,293.05,331.85,Venda
SKU_1517_ROS,18/07/2025,Atacado,8,9599.2,5179.68,552.44,Venda
SKU_1750_MIN,18/07/2025,E-commerce,1,369.9,140.75,229.15,Venda
SKU_1694_SER,18/07/2025,Varejo,2,559.8,209.48,175.16,Venda
SKU_1762_DEN,18/07/2025,Atacado,5,1274.5,728.1,109.28,Venda
SKU_1699_COB,18/07/2025,E-commerce,1,329.9,161.52,168.38,Venda
SKU_1518_CLE,18/07/2025,Atacado,4,939.6,488.52,112.77,Venda
SKU_2096_SNO,18/07/2025,E-commerce,1,259.9,101.48,158.42,Venda
SKU_1488_IVO,18/07/2025,Atacado,4,1359.6,595.6,191.0,Venda
SKU_1684_HON,18/07/2025,Atacado,6,1109.4,629.88,79.92,Venda
SKU_1749_SNO,18/07/2025,Varejo,1,349.9,110.49,239.41,Venda
SKU_1765_PAS,18/07/2025,Atacado,6,1559.4,754.62,134.13,Venda
SKU_1741_PEA,18/07/2025,Varejo,1,239.9,87.9,152.0,Venda
SKU_1916_HOT,18/07/2025,Atacado,12,3058.8,1433.88,135.41,Venda
SKU_1704_PEA,18/07/2025,Atacado,10,3349.0,1581.7,176.73,Venda
SKU_1748_BAB,18/07/2025,Atacado,3,929.7,486.3,147.8,Venda
SKU_2023_SPA,18/07/2025,Varejo,1,159.9,72.08,87.82,Venda
SKU_1674_PAS,18/07/2025,Varejo,1,229.9,101.67,128.23,Venda
SKU_1794_LIG,18/07/2025,E-commerce,1,209.9,88.67,121.23,Venda
SKU_1790_EGR,18/07/2025,Varejo,1,259.9,125.09,134.81,Venda
SKU_1749_BIR,18/07/2025,Atacado,4,1399.6,781.12,154.62,Venda
SKU_1744_LIG,18/07/2025,Atacado,10,2649.0,1532.2,111.68,Venda
SKU_2076_MIN,18/07/2025,Varejo,1,474.9,177.51,297.39,Venda
SKU_1695_CRE,18/07/2025,Atacado,2,419.8,221.0,99.4,Venda
SKU_1793_MIN,18/07/2025,Varejo,1,189.9,72.03,117.87,Venda
SKU_1574_COB,18/07/2025,Atacado,4,2419.6,1155.4,316.05,Venda
SKU_1670_PEA,18/07/2025,Atacado,4,579.6,312.88,66.68,Venda
SKU_1799_DEN,18/07/2025,Atacado,4,1079.6,573.56,126.51,Venda
SKU_1555_FUC,18/07/2025,E-commerce,1,189.9,90.62,99.28,Venda
SKU_1750_SNO,18/07/2025,Atacado,2,739.8,377.92,180.94,Venda
SKU_1729_FUC,18/07/2025,Atacado,8,1399.2,665.6,91.7,Venda
SKU_1603_BUB,18/07/2025,Atacado,3,2234.7,1070.43,388.09,Venda
SKU_1753_WHI,18/07/2025,Atacado,3,2369.7,1172.19,399.17,Venda
SKU_1793_WHI,18/07/2025,E-commerce,1,189.9,67.8,122.1,Venda
SKU_1766_MYS,18/07/2025,Atacado,10,3949.0,2215.1,173.39,Venda
SKU_1725_BAB,18/07/2025,Varejo,1,244.9,86.3,158.6,Venda
SKU_1698_SNO,18/07/2025,Atacado,8,3359.2,1490.32,233.61,Venda
SKU_1722_AQU,18/07/2025,E-commerce,1,324.9,116.16,208.74,Venda
SKU_1552_SAP,18/07/2025,E-commerce,1,659.9,313.7,346.2,Venda
SKU_1703_BLU,18/07/2025,Atacado,4,1079.6,512.48,141.78,Venda
SKU_1765_PAS,18/07/2025,Varejo,1,259.9,128.02,131.88,Venda
SKU_1739_MOS,18/07/2025,E-commerce,1,254.9,98.72,156.18,Venda
SKU_1623_EGR,18/07/2025,Atacado,8,7319.2,3488.24,478.87,Venda
SKU_1945_BAB,18/07/2025,Varejo,1,214.9,68.31,146.59,Venda
SKU_1454_BRI,18/07/2025,Atacado,2,299.8,164.2,67.8,Venda
SKU_1752_SNO,18/07/2025,Varejo,1,429.9,179.88,250.02,Venda
SKU_1784_BLA,18/07/2025,Atacado,3,929.7,438.57,163.71,Venda
SKU_1741_PIN,18/07/2025,Atacado,6,1439.4,677.28,127.02,Venda
SKU_1753_PAL,18/07/2025,Varejo,1,789.9,319.51,470.39,Venda
SKU_1792_MIN,18/07/2025,Varejo,1,439.9,152.85,287.05,Venda
SKU_1797_GAR,18/07/2025,Atacado,4,1519.6,683.6,209.0,Venda
SKU_1697_PIS,18/07/2025,Atacado,6,1319.4,721.14,99.71,Venda
SKU_1756_BUB,18/07/2025,Varejo,1,179.9,84.97,94.93,Venda
SKU_1743_CLO,18/07/2025,Varejo,2,879.8,353.94,262.93,Venda
SKU_1735_COR,18/07/2025,Atacado,8,2159.2,1021.04,142.27,Venda
SKU_1489_TEA,18/07/2025,Varejo,2,739.8,253.62,243.09,Venda
SKU_1951_GAR,18/07/2025,Varejo,2,509.8,195.28,157.26,Venda
SKU_1759_CLE,18/07/2025,Atacado,3,809.7,398.01,137.23,Venda
SKU_1698_PRI,18/07/2025,Atacado,5,2099.5,1092.4,201.42,Venda
SKU_1682_OLI,18/07/2025,Atacado,10,2349.0,997.1,135.19,Venda
SKU_1767_PRI,18/07/2025,Atacado,8,1639.2,720.32,114.86,Venda
SKU_1600_SHO,18/07/2025,Atacado,4,1579.6,718.28,215.33,Venda
SKU_1421_SER,18/07/2025,Atacado,2,459.8,256.1,101.85,Venda
SKU_1772_BLU,18/07/2025,Varejo,2,829.8,313.64,258.08,Venda
SKU_1584_AQU,18/07/2025,Varejo,2,369.8,175.38,97.21,Venda
SKU_1797_BLU,18/07/2025,E-commerce,1,379.9,149.63,230.27,Venda
SKU_1767_FUC,18/07/2025,Varejo,1,204.9,81.83,123.07,Venda
SKU_1753_PAL,18/07/2025,Varejo,1,789.9,269.18,520.72,Venda
SKU_1799_POW,18/07/2025,Atacado,4,1079.6,573.56,126.51,Venda
SKU_1506_PAL,18/07/2025,Varejo,2,459.8,144.68,157.56,Venda
SKU_1787_BAB,18/07/2025,E-commerce,1,289.9,116.87,173.03,Venda
SKU_1557_TUR,18/07/2025,E-commerce,1,199.9,70.08,129.82,Venda
SKU_1762_BRI,18/07/2025,Varejo,1,254.9,108.0,146.9,Venda
SKU_2041_MOS,18/07/2025,Varejo,1,219.9,84.13,135.77,Venda
SKU_1795_HUN,18/07/2025,Atacado,8,2399.2,1237.44,145.22,Venda
SKU_1779_MIN,18/07/2025,E-commerce,2,429.8,166.66,131.57,Venda
SKU_1707_SAP,18/07/2025,Atacado,8,2239.2,968.8,158.8,Venda
SKU_1711_VAN,18/07/2025,Atacado,4,3979.6,1907.48,518.03,Venda
SKU_1718_DUS,18/07/2025,Varejo,2,739.8,334.76,202.52,Venda
SKU_1742_EME,18/07/2025,Varejo,1,259.9,100.48,159.42,Venda
SKU_1742_EME,18/07/2025,Atacado,4,1039.6,471.12,142.12,Venda
SKU_1716_AQU,18/07/2025,Atacado,12,1978.8,836.04,95.23,Venda
SKU_1772_SNO,18/07/2025,Atacado,10,4149.0,2193.5,195.55,Venda
SKU_1431_TEA,18/07/2025,Atacado,2,739.8,315.02,212.39,Venda
SKU_1788_MYS,18/07/2025,Atacado,6,1499.4,670.74,138.11,Venda
SKU_1519_TEA,18/07/2025,Atacado,3,1889.7,932.13,319.19,Venda
SKU_1797_BLU,18/07/2025,Varejo,1,379.9,175.96,203.94,Venda
SKU_1862_PIN,18/07/2025,Atacado,4,899.6,404.36,123.81,Venda
SKU_1687_WHI,18/07/2025,Varejo,1,899.9,381.3,518.6,Venda
SKU_1751_BLU,18/07/2025,E-commerce,1,329.9,136.38,193.52,Venda
SKU_1687_WHI,18/07/2025,Atacado,5,4499.5,2495.55,400.79,Venda
SKU_1689_MAG,18/07/2025,Varejo,3,2894.7,1338.12,518.86,Venda
SKU_1498_OLI,18/07/2025,Varejo,1,339.9,119.5,220.4,Venda
SKU_1795_HUN,18/07/2025,Atacado,2,599.8,334.52,132.64,Venda
SKU_1703_BLU,18/07/2025,Atacado,2,539.8,251.64,144.08,Venda
SKU_1784_BLA,18/07/2025,Atacado,3,929.7,459.51,156.73,Venda
SKU_1739_MOS,18/07/2025,Atacado,2,509.8,227.72,141.04,Venda
SKU_1680_SEA,18/07/2025,Varejo,1,334.9,105.54,229.36,Venda
SKU_1760_PAS,18/07/2025,E-commerce,1,249.9,97.87,152.03,Venda
SKU_1601_EME,18/07/2025,Atacado,3,2204.7,983.31,407.13,Venda
SKU_1703_PAS,18/07/2025,Varejo,1,269.9,129.38,140.52,Venda
SKU_1683_PAL,18/07/2025,Atacado,8,2519.2,1368.96,143.78,Venda
SKU_1689_IVO,18/07/2025,Atacado,5,4824.5,2302.5,504.4,Venda
SKU_1736_PAS,18/07/2025,Varejo,2,649.8,321.0,164.4,Venda
SKU_1715_JAD,18/07/2025,Atacado,8,1759.2,838.96,115.03,Venda
SKU_1776_PAS,18/07/2025,Varejo,1,329.9,157.62,172.28,Venda
SKU_1405_FLA,18/07/2025,Atacado,4,859.6,403.88,113.93,Venda
SKU_1728_EGR,18/07/2025,E-commerce,1,329.9,142.96,186.94,Venda
SKU_1710_MEX,18/07/2025,Varejo,1,809.9,251.07,558.83,Venda
SKU_1696_SHO,18/07/2025,Varejo,1,279.9,135.27,144.63,Venda
SKU_1496_PAS,18/07/2025,Varejo,1,1134.9,347.84,787.06,Venda
SKU_1797_BLU,18/07/2025,Atacado,6,2279.4,1111.98,194.57,Venda
SKU_1653_BAB,18/07/2025,Atacado,5,1799.5,782.65,203.37,Venda
SKU_1518_CLE,18/07/2025,Atacado,6,1409.4,662.52,124.48,Venda
SKU_1619_PAS,18/07/2025,Atacado,5,999.5,486.1,102.68,Venda
SKU_1409_PEA,18/07/2025,E-commerce,1,209.9,93.24,116.66,Venda
SKU_1655_TEA,18/07/2025,Atacado,3,1934.7,987.9,315.6,Venda
SKU_1798_OFF,18/07/2025,Varejo,1,419.9,196.92,222.98,Venda
SKU_1714_DEE,18/07/2025,Varejo,1,304.9,111.7,193.2,Venda
SKU_1585_BLA,18/07/2025,Atacado,4,1279.6,713.32,141.57,Venda
SKU_1773_FRE,18/07/2025,Varejo,1,324.9,158.46,166.44,Venda
SKU_1486_PAL,18/07/2025,E-commerce,1,289.9,139.84,150.06,Venda
SKU_1526_FOR,18/07/2025,Atacado,5,849.5,370.05,95.89,Venda
SKU_1621_PAS,18/07/2025,Atacado,6,1409.4,731.04,113.06,Venda
SKU_1759_CLE,18/07/2025,Varejo,1,269.9,96.02,173.88,Venda
SKU_1714_DEE,18/07/2025,Atacado,2,609.8,305.64,152.08,Venda
SKU_1575_AQU,18/07/2025,Varejo,1,864.9,279.45,585.45,Venda
SKU_1538_PAS,18/07/2025,Atacado,8,1679.2,921.52,94.71,Venda
SKU_1774_MOS,18/07/2025,Atacado,8,1639.2,766.24,109.12,Venda
SKU_1520_ROY,18/07/2025,Atacado,10,2249.0,1156.4,109.26,Venda
SKU_1774_COB,18/07/2025,E-commerce,1,204.9,64.76,140.14,Venda
SKU_1556_HUN,18/07/2025,E-commerce,1,204.9,85.08,119.82,Venda
SKU_1728_EGR,18/07/2025,Varejo,4,1319.6,601.84,179.44,Venda
SKU_1741_PEA,18/07/2025,Atacado,12,2878.8,1417.32,121.79,Venda
SKU_1780_LIG,18/07/2025,Atacado,4,1339.6,669.44,167.54,Venda
SKU_1590_MYS,18/07/2025,Varejo,1,189.9,67.01,122.89,Venda
SKU_1696_SER,18/07/2025,Varejo,1,279.9,136.3,143.6,Venda
SKU_1721_COR,18/07/2025,Varejo,1,419.9,202.46,217.44,Venda
SKU_1771_EME,18/07/2025,Atacado,6,1589.4,748.44,140.16,Venda
SKU_1693_FLA,18/07/2025,Atacado,3,614.7,384.15,76.85,Venda
SKU_1790_EGR,18/07/2025,Atacado,5,1299.5,594.5,141.0,Venda
SKU_1781_AQU,18/07/2025,Varejo,1,129.9,58.86,71.04,Venda
SKU_1448_SEA,18/07/2025,E-commerce,1,179.9,60.7,119.2,Venda
SKU_1727_WHI,18/07/2025,Varejo,2,309.8,101.08,104.36,Venda
SKU_1696_SHO,18/07/2025,E-commerce,1,279.9,133.28,146.62,Venda
SKU_1726_BUB,18/07/2025,Varejo,1,429.9,192.19,237.71,Venda
SKU_1693_FLA,18/07/2025,Atacado,12,2458.8,1287.48,97.61,Venda
SKU_1595_FLA,18/07/2025,Varejo,1,299.9,145.36,154.54,Venda
SKU_1682_OLI,18/07/2025,Varejo,1,234.9,83.35,151.55,Venda
SKU_1760_OFF,18/07/2025,Varejo,1,249.9,118.95,130.95,Venda
SKU_1734_BRI,18/07/2025,E-commerce,1,349.9,143.72,206.18,Venda
SKU_1725_BAB,18/07/2025,Varejo,4,979.6,349.2,157.6,Venda
SKU_1565_BAB,18/07/2025,Varejo,1,359.9,163.46,196.44,Venda
SKU_1692_OLI,18/07/2025,Atacado,6,1319.4,678.78,106.77,Venda
SKU_1783_EGR,18/07/2025,Atacado,5,5999.5,2904.15,619.07,Venda
SKU_1632_SPA,18/07/2025,Varejo,1,184.9,83.22,101.68,Venda
SKU_1602_AQU,18/07/2025,Atacado,4,919.6,496.44,105.79,Venda
SKU_1718_DUS,18/07/2025,Atacado,8,2959.2,1672.48,160.84,Venda
SKU_1394_FOR,18/07/2025,Atacado,10,4699.0,2224.6,247.44,Venda
SKU_1560_PAL,18/07/2025,Atacado,4,899.6,424.52,118.77,Venda
SKU_1728_EGR,18/07/2025,Varejo,1,329.9,134.27,195.63,Venda
SKU_1779_LIG,18/07/2025,Atacado,6,1289.4,567.36,120.34,Venda
SKU_1799_POW,18/07/2025,Varejo,1,269.9,110.46,159.44,Venda
SKU_1687_WHI,18/07/2025,Atacado,4,3599.6,1522.68,519.23,Venda
SKU_1406_SHO,18/07/2025,E-commerce,1,349.9,121.64,228.26,Venda
SKU_1736_PAS,18/07/2025,Atacado,10,3249.0,1533.1,171.59,Venda
SKU_1701_SPA,18/07/2025,Atacado,12,4078.8,1802.88,189.66,Venda
SKU_2066_BLA,18/07/2025,Varejo,1,474.9,201.44,273.46,Venda
SKU_1756_BUB,18/07/2025,Atacado,3,539.7,240.57,99.71,Venda
SKU_1391_SEA,18/07/2025,E-commerce,1,284.9,106.28,178.62,Venda
SKU_1469_ARM,18/07/2025,Atacado,5,1474.5,765.2,141.86,Venda
SKU_1724_PEA,18/07/2025,Varejo,1,1114.9,502.78,612.12,Venda
SKU_1549_PAS,18/07/2025,Atacado,4,739.6,373.56,91.51,Venda
SKU_1790_EGR,18/07/2025,E-commerce,2,519.8,191.72,164.04,Venda
SKU_2091_BIR,18/07/2025,Varejo,1,239.9,99.84,140.06,Venda
SKU_1755_AQU,18/07/2025,Varejo,1,334.9,166.67,168.23,Venda
SKU_1449_NAV,18/07/2025,Atacado,3,974.7,433.95,180.25,Venda
SKU_1794_LIG,18/07/2025,Varejo,1,209.9,77.57,132.33,Venda
SKU_1746_NAV,18/07/2025,Varejo,1,179.9,61.17,118.73,Venda
SKU_1846_SEA,18/07/2025,Atacado,6,2099.4,972.54,187.81,Venda
SKU_1656_SNO,18/07/2025,Atacado,6,1409.4,639.18,128.37,Venda
SKU_1686_MOS,18/07/2025,E-commerce,1,214.9,82.77,132.13,Venda
SKU_1681_OFF,18/07/2025,Varejo,1,234.9,97.92,136.98,Venda
SKU_1750_SNO,18/07/2025,Varejo,2,739.8,234.52,252.64,Venda
SKU_1721_FRE,18/07/2025,Atacado,6,2519.4,1279.8,206.6,Venda
SKU_1791_IVO,18/07/2025,Atacado,3,794.7,427.56,122.38,Venda
SKU_1966_FOR,18/07/2025,Varejo,2,1349.8,437.94,455.93,Venda
SKU_1471_LIG,18/07/2025,Varejo,1,204.9,85.61,119.29,Venda
SKU_1759_COB,18/07/2025,Atacado,3,809.7,410.85,132.95,Venda
SKU_1789_EME,18/07/2025,Atacado,3,809.7,439.47,123.41,Venda
SKU_1786_TEA,18/07/2025,Varejo,2,359.8,141.52,109.14,Venda
SKU_1588_PAS,18/07/2025,Varejo,1,489.9,227.64,262.26,Venda
SKU_1735_MOS,18/07/2025,Varejo,1,269.9,103.78,166.12,Venda
SKU_1744_EME,18/07/2025,Atacado,5,1324.5,692.8,126.34,Venda
SKU_1738_BLU,18/07/2025,Varejo,1,194.9,88.91,105.99,Venda
SKU_1696_SER,18/07/2025,Varejo,2,559.8,213.88,172.96,Venda
SKU_1757_PIN,18/07/2025,Atacado,3,794.7,375.3,139.8,Venda
SKU_1720_PAL,18/07/2025,Varejo,2,449.8,201.56,124.12,Venda
SKU_1699_CLO,18/07/2025,E-commerce,3,989.7,350.73,212.99,Venda
SKU_1488_PEA,18/07/2025,Varejo,2,679.8,304.64,187.58,Venda
SKU_1787_BAB,18/07/2025,Atacado,6,1739.4,743.88,165.92,Venda
SKU_1471_ROS,18/07/2025,Atacado,8,1639.2,844.96,99.28,Venda
SKU_1781_CLE,18/07/2025,Atacado,4,519.6,248.64,67.74,Venda
SKU_1703_BLU,18/07/2025,Varejo,1,269.9,115.05,154.85,Venda
SKU_1446_GAR,18/07/2025,Varejo,1,269.9,94.03,175.87,Venda
SKU_1787_BAB,18/07/2025,Atacado,8,2319.2,1203.2,139.5,Venda
SKU_1734_FRE,18/07/2025,Atacado,6,2099.4,926.16,195.54,Venda
SKU_1687_FOR,18/07/2025,Atacado,10,8999.0,4897.7,410.13,Venda
SKU_1875_BAB,18/07/2025,Varejo,1,174.9,66.37,108.53,Venda
SKU_1551_ROS,18/07/2025,Atacado,6,1319.4,739.56,96.64,Venda
SKU_1763_HOT,18/07/2025,Varejo,2,599.8,204.36,197.72,Venda
SKU_1663_FLA,18/07/2025,Atacado,5,3974.5,2148.7,365.16,Venda
SKU_1768_MIN,18/07/2025,E-commerce,1,624.9,254.97,369.93,Venda
SKU_1977_TEA,18/07/2025,Varejo,1,214.9,75.73,139.17,Venda
SKU_1551_ROS,18/07/2025,Varejo,1,219.9,71.56,148.34,Venda
SKU_1740_OLI,18/07/2025,Varejo,1,214.9,70.48,144.42,Venda
SKU_1691_HUN,18/07/2025,E-commerce,1,309.9,125.86,184.04,Venda
SKU_1727_LIG,18/07/2025,Atacado,4,619.6,354.04,66.39,Venda
SKU_1764_MAR,18/07/2025,Atacado,5,1174.5,675.7,99.76,Venda
SKU_1780_LIG,18/07/2025,Varejo,1,334.9,106.5,228.4,Venda
SKU_1572_BAL,18/07/2025,Atacado,6,839.4,463.32,62.68,Venda
SKU_1401_GAR,18/07/2025,Varejo,1,239.9,94.66,145.24,Venda
SKU_1685_BIR,18/07/2025,E-commerce,1,664.9,204.54,460.36,Venda
SKU_1702_LIG,18/07/2025,Atacado,4,2479.6,1181.28,324.58,Venda
SKU_1461_PRI,18/07/2025,Atacado,5,5349.5,2311.0,607.7,Venda
SKU_1781_AQU,18/07/2025,Atacado,3,389.7,188.85,66.95,Venda
SKU_1577_HUN,18/07/2025,Atacado,10,1599.0,686.8,91.22,Venda
SKU_1720_PAS,18/07/2025,Atacado,12,2698.8,1220.4,123.2,Venda
SKU_1707_ARM,19/07/2025,Varejo,1,279.9,125.48,154.42,Venda
SKU_1516_CRE,19/07/2025,Atacado,3,1049.7,605.94,147.92,Venda
SKU_1416_AQU,19/07/2025,E-commerce,1,279.9,115.15,164.75,Venda
SKU_1685_COB,19/07/2025,E-commerce,1,664.9,239.24,425.66,Venda
SKU_1694_PIS,19/07/2025,E-commerce,3,839.7,303.12,178.86,Venda
SKU_1682_OLI,19/07/2025,Atacado,4,939.6,419.6,130.0,Venda
SKU_1676_PIN,19/07/2025,Varejo,1,169.9,67.85,102.05,Venda
SKU_1799_DEN,19/07/2025,E-commerce,2,539.8,262.46,138.67,Venda
SKU_1750_SNO,19/07/2025,Atacado,3,1109.7,643.47,155.41,Venda
SKU_1685_COB,19/07/2025,Varejo,1,664.9,316.27,348.63,Venda
SKU_1685_BIR,19/07/2025,Varejo,1,664.9,289.14,375.76,Venda
SKU_1728_EGR,19/07/2025,E-commerce,1,329.9,160.54,169.36,Venda
SKU_1458_PEA,19/07/2025,Atacado,5,1749.5,876.3,174.64,Venda
SKU_1799_DEN,19/07/2025,E-commerce,1,269.9,95.38,174.52,Venda
SKU_1771_PIN,19/07/2025,Atacado,10,2649.0,1116.1,153.29,Venda
SKU_1684_SHO,19/07/2025,Varejo,1,184.9,82.57,102.33,Venda
SKU_1698_PRI,19/07/2025,Varejo,3,1259.7,588.66,223.68,Venda
SKU_1700_PIS,19/07/2025,Atacado,6,4199.4,2102.7,349.45,Venda
SKU_1728_MID,19/07/2025,Atacado,8,2639.2,1324.96,164.28,Venda
SKU_1742_EME,19/07/2025,Atacado,4,1039.6,483.48,139.03,Venda
SKU_1797_BLU,19/07/2025,Varejo,2,759.8,343.94,207.93,Venda
SKU_1481_BLA,19/07/2025,Atacado,6,4859.4,2904.0,325.9,Venda
SKU_1736_JAD,19/07/2025,Atacado,4,1299.6,615.0,171.15,Venda
SKU_1466_PRI,19/07/2025,Varejo,1,269.9,93.98,175.92,Venda
SKU_1765_MYS,19/07/2025,Varejo,1,259.9,105.58,154.32,Venda
SKU_1746_NAV,19/07/2025,Varejo,2,359.8,139.16,110.32,Venda
SKU_1742_DEN,19/07/2025,Atacado,3,779.7,352.53,142.39,Venda
SKU_1734_BRI,19/07/2025,Atacado,4,1399.6,739.24,165.09,Venda
SKU_1711_ARM,19/07/2025,Atacado,4,3979.6,1971.08,502.13,Venda
SKU_1684_SHO,19/07/2025,Atacado,6,1109.4,530.16,96.54,Venda
SKU_1778_MIN,19/07/2025,Varejo,1,284.9,89.71,195.19,Venda
SKU_1925_PIN,19/07/2025,Atacado,8,2919.2,1321.68,199.69,Venda
SKU_1421_SER,19/07/2025,Varejo,1,229.9,98.78,131.12,Venda
SKU_1629_CLO,19/07/2025,Atacado,4,1019.6,589.56,107.51,Venda
SKU_1918_WHI,19/07/2025,Atacado,8,1599.2,805.92,99.16,Venda
SKU_1766_CLE,19/07/2025,Varejo,1,394.9,156.88,238.02,Venda
SKU_1735_MOS,19/07/2025,Varejo,1,269.9,116.15,153.75,Venda
SKU_1699_COB,19/07/2025,Varejo,2,659.8,263.8,198.0,Venda
SKU_1693_MEX,19/07/2025,E-commerce,2,409.8,162.74,123.53,Venda
SKU_1475_MIN,19/07/2025,Atacado,5,1249.5,708.7,108.16,Venda
SKU_1781_AQU,19/07/2025,Varejo,1,129.9,54.48,75.42,Venda
SKU_1403_AQU,19/07/2025,Varejo,1,384.9,132.29,252.61,Venda
SKU_2105_LIG,19/07/2025,Varejo,1,339.9,123.67,216.23,Venda
SKU_1748_COB,19/07/2025,Atacado,2,619.8,290.1,164.85,Venda
SKU_1468_MYS,19/07/2025,Atacado,5,2649.5,1178.9,294.12,Venda
SKU_1686_SKY,19/07/2025,Varejo,2,429.8,195.46,117.17,Venda
SKU_1858_IVO,19/07/2025,Varejo,2,1799.8,736.08,531.86,Venda
SKU_1779_MIN,19/07/2025,E-commerce,3,644.7,220.65,141.35,Venda
SKU_1558_CLE,19/07/2025,Atacado,2,659.8,312.72,173.54,Venda
SKU_1607_MAR,19/07/2025,E-commerce,1,299.9,96.68,203.22,Venda
SKU_2099_DEE,19/07/2025,Varejo,1,269.9,133.81,136.09,Venda
SKU_1485_PAS,19/07/2025,Atacado,4,2659.6,1165.52,373.52,Venda
SKU_1790_EGR,19/07/2025,E-commerce,1,259.9,78.67,181.23,Venda
SKU_1689_MAG,19/07/2025,Atacado,12,11578.8,6550.56,419.02,Venda
SKU_1711_ARM,19/07/2025,Atacado,5,4974.5,2565.9,481.72,Venda
SKU_1778_TEA,19/07/2025,Atacado,2,569.8,263.26,153.27,Venda
SKU_1735_COR,19/07/2025,E-commerce,2,539.8,231.28,154.26,Venda
SKU_1685_BIR,19/07/2025,Varejo,1,664.9,228.89,436.01,Venda
SKU_1440_PIS,19/07/2025,E-commerce,1,1199.9,442.49,757.41,Venda
SKU_1722_PAS,19/07/2025,Atacado,5,1624.5,750.8,174.74,Venda
SKU_1784_BLA,19/07/2025,Atacado,6,1859.4,882.36,162.84,Venda
SKU_1710_MEX,19/07/2025,Atacado,4,3239.6,1496.72,435.72,Venda
SKU_1740_FRE,19/07/2025,Atacado,2,429.8,195.26,117.27,Venda
SKU_1785_HUN,19/07/2025,Atacado,3,734.7,362.43,124.09,Venda
SKU_1703_PAS,19/07/2025,Atacado,10,2699.0,1413.7,128.53,Venda
SKU_1706_JAD,19/07/2025,Varejo,1,184.9,70.13,114.77,Venda
SKU_1794_LIG,19/07/2025,Varejo,1,209.9,87.0,122.9,Venda
SKU_1878_SEA,19/07/2025,Varejo,1,439.9,203.11,236.79,Venda
SKU_1433_SAP,19/07/2025,Varejo,2,629.8,242.82,193.49,Venda
SKU_1704_BAB,19/07/2025,Atacado,3,1004.7,492.36,170.78,Venda
SKU_1522_BIR,19/07/2025,Varejo,1,149.9,49.91,99.99,Venda
SKU_1791_ARM,19/07/2025,Atacado,5,1324.5,604.35,144.03,Venda
SKU_1671_MIN,19/07/2025,Atacado,8,2799.2,1456.48,167.84,Venda
SKU_1602_AQU,19/07/2025,Atacado,5,1149.5,596.0,110.7,Venda
SKU_1788_EME,19/07/2025,Varejo,2,499.8,180.24,159.78,Venda
SKU_1535_NAV,19/07/2025,Atacado,6,1829.4,948.78,146.77,Venda
SKU_1736_JAD,19/07/2025,Varejo,2,649.8,286.04,181.88,Venda
SKU_1802_OLI,19/07/2025,Varejo,3,2234.7,728.07,502.21,Venda
SKU_1569_PAS,19/07/2025,E-commerce,1,219.9,89.95,129.95,Venda
SKU_1743_CLO,19/07/2025,Varejo,1,439.9,140.77,299.13,Venda
SKU_1736_PAS,19/07/2025,E-commerce,1,324.9,103.99,220.91,Venda
SKU_1883_BLU,19/07/2025,Varejo,1,224.9,107.02,117.88,Venda
SKU_1744_LIG,19/07/2025,Varejo,1,264.9,90.91,173.99,Venda
SKU_1726_BUB,19/07/2025,Atacado,3,1289.7,643.44,215.42,Venda
SKU_1744_LIG,19/07/2025,Atacado,5,1324.5,576.65,149.57,Venda
SKU_1879_WHI,19/07/2025,Atacado,6,1829.4,1020.78,134.77,Venda
SKU_1669_TEA,19/07/2025,Atacado,2,399.8,190.04,104.88,Venda
SKU_1407_OFF,19/07/2025,Atacado,6,1289.4,652.14,106.21,Venda
SKU_1709_MAR,19/07/2025,Atacado,8,1679.2,789.76,111.18,Venda
SKU_1423_SAG,19/07/2025,Atacado,6,7199.4,4311.72,481.28,Venda
SKU_1771_PIN,19/07/2025,Atacado,8,2119.2,980.48,142.34,Venda
SKU_1786_TEA,19/07/2025,Varejo,2,359.8,177.22,91.29,Venda
SKU_1749_BIR,19/07/2025,Varejo,2,699.8,284.14,207.83,Venda
SKU_1464_BIR,19/07/2025,Varejo,1,229.9,69.2,160.7,Venda
SKU_1796_OLI,19/07/2025,Atacado,6,3029.4,1390.5,273.15,Venda
SKU_1470_WHI,19/07/2025,Atacado,6,5519.4,2913.0,434.4,Venda
SKU_1749_SNO,19/07/2025,Varejo,2,699.8,230.1,234.85,Venda
SKU_1578_PAS,19/07/2025,Atacado,3,374.7,177.45,65.75,Venda
SKU_1726_PAS,19/07/2025,Atacado,8,3439.2,1806.64,204.07,Venda
SKU_1946_PEA,19/07/2025,Atacado,10,4049.0,1776.4,227.26,Venda
SKU_1602_AQU,19/07/2025,Varejo,2,459.8,199.66,130.07,Venda
SKU_1438_DEE,19/07/2025,Varejo,1,204.9,74.35,130.55,Venda
SKU_1502_VAN,19/07/2025,Atacado,5,1049.5,442.35,121.43,Venda
SKU_1729_FUC,19/07/2025,Atacado,10,1749.0,1005.4,74.36,Venda
SKU_1781_AQU,19/07/2025,Atacado,4,519.6,254.92,66.17,Venda
SKU_1656_SNO,19/07/2025,E-commerce,1,234.9,78.24,156.66,Venda
SKU_1784_BLA,19/07/2025,Varejo,1,309.9,99.41,210.49,Venda
SKU_1682_OLI,19/07/2025,Atacado,10,2349.0,1027.4,132.16,Venda
SKU_1767_FUC,19/07/2025,Varejo,1,204.9,94.37,110.53,Venda
SKU_1505_SNO,19/07/2025,Atacado,3,704.7,377.19,109.17,Venda
SKU_1487_BRI,19/07/2025,Atacado,3,1004.7,492.36,170.78,Venda
SKU_1709_MAR,19/07/2025,Varejo,1,209.9,99.99,109.91,Venda
SKU_1604_CLE,19/07/2025,Varejo,1,604.9,257.95,346.95,Venda
SKU_1697_PIS,19/07/2025,Varejo,4,879.6,294.2,146.35,Venda
SKU_1448_SEA,19/07/2025,Varejo,2,359.8,162.14,98.83,Venda
SKU_1511_CLE,19/07/2025,E-commerce,1,934.9,402.36,532.54,Venda
SKU_1705_JAD,19/07/2025,Varejo,1,409.9,196.76,213.14,Venda
SKU_2018_OFF,19/07/2025,Varejo,1,479.9,214.5,265.4,Venda
SKU_1492_BIR,19/07/2025,Atacado,8,2999.2,1639.84,169.92,Venda
SKU_1728_EGR,19/07/2025,Varejo,4,1319.6,544.36,193.81,Venda
SKU_1726_PAS,19/07/2025,Atacado,6,2579.4,1087.08,248.72,Venda
SKU_1783_EGR,19/07/2025,E-commerce,1,1199.9,493.08,706.82,Venda
SKU_2063_POW,19/07/2025,Varejo,1,219.9,84.74,135.16,Venda
SKU_1730_OFF,19/07/2025,Atacado,6,1919.4,995.22,154.03,Venda
SKU_1693_MEX,19/07/2025,Atacado,5,1024.5,502.9,104.32,Venda
SKU_1768_PEA,19/07/2025,Atacado,5,3124.5,1366.55,351.59,Venda
SKU_1748_COB,19/07/2025,Atacado,6,1859.4,951.0,151.4,Venda
SKU_1773_OLI,19/07/2025,Atacado,3,974.7,481.17,164.51,Venda
SKU_1769_EME,19/07/2025,E-commerce,1,324.9,155.6,169.3,Venda
SKU_1740_OLI,19/07/2025,Varejo,2,429.8,155.32,137.24,Venda
SKU_1783_BAB,19/07/2025,Varejo,1,1199.9,389.55,810.35,Venda
SKU_1686_MOS,19/07/2025,E-commerce,3,644.7,208.56,145.38,Venda
SKU_1729_CLE,19/07/2025,Atacado,2,349.8,182.74,83.53,Venda
SKU_1733_SAG,19/07/2025,E-commerce,1,349.9,166.07,183.83,Venda
SKU_1922_TEA,19/07/2025,Varejo,3,2084.7,974.04,370.22,Venda
SKU_1794_LIG,19/07/2025,Atacado,8,1679.2,791.52,110.96,Venda
SKU_1707_SAP,19/07/2025,Atacado,4,1119.6,572.04,136.89,Venda
SKU_1703_BLU,19/07/2025,Varejo,1,269.9,101.51,168.39,Venda
SKU_1706_BLA,19/07/2025,Varejo,2,369.8,149.84,109.98,Venda
SKU_1513_PAS,19/07/2025,Varejo,1,214.9,93.89,121.01,Venda
SKU_1754_IVO,19/07/2025,Atacado,4,1359.6,773.2,146.6,Venda
SKU_1772_BLU,19/07/2025,E-commerce,1,414.9,125.28,289.62,Venda
SKU_1802_DEN,19/07/2025,Varejo,1,744.9,258.83,486.07,Venda
SKU_1796_SHO,19/07/2025,Varejo,2,1009.8,370.68,319.56,Venda
SKU_1770_JAD,19/07/2025,Varejo,1,219.9,100.41,119.49,Venda
SKU_1839_DUS,19/07/2025,Atacado,10,2949.0,1694.1,125.49,Venda
SKU_1763_HOT,19/07/2025,Varejo,1,299.9,103.05,196.85,Venda
SKU_1691_HUN,19/07/2025,Atacado,8,2479.2,1213.76,158.18,Venda
SKU_1566_PEA,19/07/2025,Varejo,1,1034.9,335.12,699.78,Venda
SKU_1769_EME,19/07/2025,Varejo,1,324.9,153.57,171.33,Venda
SKU_1526_FOR,19/07/2025,Varejo,2,339.8,155.02,92.39,Venda
SKU_1593_LIG,19/07/2025,Varejo,1,144.9,69.45,75.45,Venda
SKU_1483_WHI,19/07/2025,Varejo,1,324.9,133.36,191.54,Venda
SKU_1687_FOR,19/07/2025,Atacado,2,1799.8,1032.02,383.89,Venda
SKU_1681_OFF,19/07/2025,Varejo,2,469.8,233.3,118.25,Venda
SKU_1772_SNO,19/07/2025,Varejo,2,829.8,275.2,277.3,Venda
SKU_1703_PAS,19/07/2025,E-commerce,1,269.9,125.67,144.23,Venda
SKU_1781_CLE,19/07/2025,Varejo,1,129.9,50.78,79.12,Venda
SKU_1690_MAG,19/07/2025,Atacado,12,6478.8,3269.04,267.48,Venda
SKU_1784_BLA,19/07/2025,Atacado,6,1859.4,812.1,174.55,Venda
SKU_1743_CLO,19/07/2025,Varejo,3,1319.7,575.4,248.1,Venda
SKU_1747_FUC,19/07/2025,Atacado,12,2098.8,1045.08,87.81,Venda
SKU_1442_EME,19/07/2025,Atacado,4,1159.6,613.2,136.6,Venda
SKU_1724_PEA,19/07/2025,E-commerce,2,2229.8,1013.0,608.4,Venda
SKU_1795_RAS,19/07/2025,Atacado,5,1499.5,774.75,144.95,Venda
SKU_1759_CLE,19/07/2025,Varejo,1,269.9,110.8,159.1,Venda
SKU_1586_JAD,19/07/2025,E-commerce,1,304.9,98.0,206.9,Venda
SKU_1770_JAD,19/07/2025,Varejo,1,219.9,95.4,124.5,Venda
SKU_1743_DEE,19/07/2025,Atacado,8,3519.2,1924.8,199.3,Venda
SKU_1789_EME,19/07/2025,Varejo,3,809.7,247.02,187.56,Venda
SKU_1737_SAG,19/07/2025,Varejo,1,769.9,339.22,430.68,Venda
SKU_1652_MOS,19/07/2025,Atacado,4,879.6,444.48,108.78,Venda
SKU_1701_BLU,19/07/2025,E-commerce,1,339.9,155.61,184.29,Venda
SKU_1402_WHI,19/07/2025,Varejo,1,234.9,90.61,144.29,Venda
SKU_1845_TUR,19/07/2025,Varejo,1,819.9,344.05,475.85,Venda
SKU_1430_PEA,19/07/2025,Varejo,1,179.9,71.2,108.7,Venda
SKU_1407_OFF,19/07/2025,Varejo,3,644.7,257.01,129.23,Venda
SKU_1727_LIG,19/07/2025,Atacado,6,929.4,470.34,76.51,Venda
SKU_1801_MOS,19/07/2025,Varejo,1,374.9,138.77,236.13,Venda
SKU_1792_MIN,19/07/2025,Varejo,1,439.9,162.61,277.29,Venda
SKU_1557_TUR,19/07/2025,Varejo,2,399.8,139.04,130.38,Venda
SKU_1490_EME,19/07/2025,Atacado,3,944.7,409.71,178.33,Venda
SKU_1533_DUS,19/07/2025,Varejo,1,164.9,59.6,105.3,Venda
SKU_1827_BUB,19/07/2025,Atacado,10,1949.0,1120.3,82.87,Venda
SKU_1759_COB,19/07/2025,Atacado,4,1079.6,536.84,135.69,Venda
SKU_1684_HON,19/07/2025,Atacado,4,739.6,352.08,96.88,Venda
SKU_1680_NAV,19/07/2025,Varejo,1,334.9,134.24,200.66,Venda
SKU_1516_EME,19/07/2025,Varejo,3,1049.7,419.82,209.96,Venda
SKU_1773_FRE,19/07/2025,E-commerce,1,324.9,143.35,181.55,Venda
SKU_1796_OLI,19/07/2025,Varejo,1,504.9,218.62,286.28,Venda
SKU_1740_FRE,19/07/2025,E-commerce,1,214.9,67.72,147.18,Venda
SKU_1789_SNO,19/07/2025,E-commerce,1,269.9,132.57,137.33,Venda
SKU_1517_ROS,19/07/2025,Atacado,10,11999.0,6205.5,579.35,Venda
SKU_1906_SHO,19/07/2025,Varejo,1,294.9,140.36,154.54,Venda
SKU_1682_BIR,19/07/2025,Varejo,4,939.6,342.4,149.3,Venda
SKU_1584_AQU,19/07/2025,Varejo,1,184.9,66.04,118.86,Venda
SKU_1794_LIG,19/07/2025,Atacado,3,629.7,274.2,118.5,Venda
SKU_1749_BIR,19/07/2025,Atacado,6,2099.4,882.84,202.76,Venda
SKU_1747_TEA,19/07/2025,E-commerce,1,174.9,67.02,107.88,Venda
SKU_1478_TEA,19/07/2025,E-commerce,1,194.9,78.32,116.58,Venda
SKU_1510_SNO,19/07/2025,Atacado,3,2504.7,1229.94,424.92,Venda
SKU_1791_IVO,19/07/2025,Varejo,3,794.7,297.33,165.79,Venda
SKU_1786_TEA,19/07/2025,Atacado,4,719.6,376.72,85.72,Venda
SKU_1838_BAL,19/07/2025,Atacado,4,1279.6,588.04,172.89,Venda
SKU_1685_BIR,19/07/2025,Varejo,2,1329.8,474.96,427.42,Venda
SKU_1708_FRE,19/07/2025,Atacado,2,339.8,188.44,75.68,Venda
SKU_1496_PEA,19/07/2025,Atacado,5,5674.5,2711.0,592.7,Venda
SKU_1962_FRE,19/07/2025,Atacado,10,2149.0,1016.0,113.3,Venda
SKU_1638_PEA,19/07/2025,Atacado,6,6839.4,3252.24,597.86,Venda
SKU_1876_CLO,19/07/2025,Atacado,12,2398.8,1325.28,89.46,Venda
SKU_1693_FLA,19/07/2025,Atacado,6,1229.4,607.86,103.59,Venda
SKU_1718_DUS,19/07/2025,Varejo,1,369.9,130.84,239.06,Venda
SKU_1688_LIG,19/07/2025,Atacado,2,859.8,408.62,225.59,Venda
SKU_1417_SNO,19/07/2025,Atacado,12,3358.8,1655.28,141.96,Venda
SKU_1727_LIG,19/07/2025,Atacado,6,929.4,485.88,73.92,Venda
SKU_2061_BRI,19/07/2025,E-commerce,2,419.8,144.56,137.62,Venda
SKU_1743_DEE,19/07/2025,Atacado,5,2199.5,1059.55,227.99,Venda
SKU_1801_MOS,19/07/2025,Atacado,5,1874.5,792.8,216.34,Venda
SKU_1786_POW,19/07/2025,Varejo,1,179.9,57.69,122.21,Venda
SKU_1681_PIS,19/07/2025,Varejo,1,234.9,73.88,161.02,Venda
SKU_1800_MOS,19/07/2025,Varejo,3,839.7,326.67,171.01,Venda
SKU_1693_FLA,19/07/2025,Varejo,1,204.9,83.44,121.46,Venda
SKU_1577_FLA,19/07/2025,Atacado,2,319.8,151.46,84.17,Venda
SKU_1443_PRI,19/07/2025,E-commerce,1,269.9,130.79,139.11,Venda
SKU_1879_WHI,19/07/2025,Varejo,1,304.9,100.7,204.2,Venda
SKU_1753_WHI,19/07/2025,Atacado,6,4739.4,2571.78,361.27,Venda
SKU_2042_WHI,19/07/2025,Atacado,3,2294.7,1111.53,394.39,Venda
SKU_1930_GAR,19/07/2025,Atacado,4,2639.6,1286.12,338.37,Venda
SKU_1802_OLI,19/07/2025,Atacado,5,3724.5,1609.7,422.96,Venda
SKU_1814_PAS,19/07/2025,Varejo,2,759.8,267.92,245.94,Venda
SKU_1412_SHO,19/07/2025,Atacado,4,3579.6,1652.32,481.82,Venda
SKU_1554_PIS,19/07/2025,Varejo,2,2069.8,844.82,612.49,Venda
SKU_1393_SKY,19/07/2025,Varejo,1,309.9,123.84,186.06,Venda
SKU_1775_PAS,19/07/2025,Varejo,1,279.9,102.62,177.28,Venda
SKU_1793_MIN,19/07/2025,Varejo,2,379.8,132.22,123.79,Venda
SKU_1791_ARM,19/07/2025,Atacado,6,1589.4,832.32,126.18,Venda
SKU_1516_CRE,19/07/2025,Varejo,1,349.9,152.0,197.9,Venda
SKU_1587_DEE,19/07/2025,Atacado,2,459.8,256.1,101.85,Venda
SKU_2041_POW,19/07/2025,E-commerce,1,219.9,98.77,121.13,Venda
SKU_1469_ARM,19/07/2025,Varejo,1,294.9,122.98,171.92,Venda
SKU_1745_FOR,19/07/2025,Varejo,1,409.9,191.97,217.93,Venda
SKU_1698_SNO,19/07/2025,Atacado,6,2519.4,1092.96,237.74,Venda
SKU_1785_HUN,19/07/2025,Varejo,2,489.8,147.92,170.94,Venda
SKU_1619_PAS,19/07/2025,Varejo,1,199.9,64.37,135.53,Venda
SKU_1704_BAB,19/07/2025,Atacado,8,2679.2,1330.48,168.59,Venda
SKU_1841_LIM,19/07/2025,Varejo,1,144.9,46.41,98.49,Venda
SKU_1476_WHI,19/07/2025,Varejo,2,549.8,217.54,166.13,Venda
SKU_1725_OFF,19/07/2025,Varejo,1,244.9,96.92,147.98,Venda
SKU_1760_PAS,19/07/2025,Atacado,8,1999.2,1056.0,117.9,Venda
SKU_1707_ARM,19/07/2025,Varejo,1,279.9,131.07,148.83,Venda
SKU_1691_ROS,19/07/2025,Varejo,1,309.9,143.98,165.92,Venda
SKU_1764_FUC,19/07/2025,Varejo,1,234.9,76.3,158.6,Venda
SKU_1602_PAS,19/07/2025,E-commerce,2,459.8,194.1,132.85,Venda
SKU_1680_NAV,19/07/2025,Atacado,3,1004.7,461.61,181.03,Venda
SKU_1767_PRI,19/07/2025,Atacado,4,819.6,370.2,112.35,Venda
SKU_1721_FRE,19/07/2025,E-commerce,2,839.8,305.5,267.15,Venda
SKU_1722_PAS,19/07/2025,Atacado,6,1949.4,969.54,163.31,Venda
SKU_1756_FLA,19/07/2025,Varejo,2,359.8,114.28,122.76,Venda
SKU_1477_CLE,19/07/2025,Atacado,3,674.7,364.83,103.29,Venda
SKU_1687_WHI,19/07/2025,Varejo,2,1799.8,874.14,462.83,Venda
SKU_1718_SEA,19/07/2025,Varejo,2,739.8,263.24,238.28,Venda
SKU_1741_PIN,19/07/2025,Atacado,3,719.7,425.97,97.91,Venda
SKU_1714_DEE,19/07/2025,Varejo,1,304.9,101.98,202.92,Venda
SKU_1710_MEX,19/07/2025,Atacado,6,4859.4,2799.96,343.24,Venda
SKU_2085_OLI,19/07/2025,E-commerce,1,454.9,193.2,261.7,Venda
SKU_2100_MAG,19/07/2025,Atacado,10,10149.0,5272.5,487.65,Venda
SKU_1717_MIN,19/07/2025,Atacado,2,519.8,236.42,141.69,Venda
SKU_1390_PAS,19/07/2025,Varejo,1,229.9,110.19,119.71,Venda
SKU_1736_PAS,19/07/2025,Varejo,3,974.7,429.39,181.77,Venda
SKU_1698_SNO,19/07/2025,Atacado,5,2099.5,942.75,231.35,Venda
SKU_1573_SAG,19/07/2025,Varejo,2,2049.8,730.38,659.71,Venda
SKU_1430_PEA,19/07/2025,E-commerce,1,179.9,81.73,98.17,Venda
SKU_1754_SER,19/07/2025,Atacado,6,2039.4,1041.06,166.39,Venda
SKU_1755_AQU,19/07/2025,Varejo,1,334.9,152.14,182.76,Venda
SKU_1760_PAS,19/07/2025,Varejo,1,249.9,81.27,168.63,Venda
SKU_1838_BAL,19/07/2025,Varejo,1,319.9,123.21,196.69,Venda
SKU_1691_HUN,19/07/2025,Varejo,1,309.9,118.79,191.11,Venda
SKU_1751_BLU,19/07/2025,Atacado,4,1319.6,604.44,178.79,Venda
SKU_1729_CLE,19/07/2025,Atacado,5,874.5,411.2,92.66,Venda
SKU_1712_NAV,19/07/2025,Varejo,1,179.9,58.24,121.66,Venda
SKU_1775_PAS,19/07/2025,Atacado,5,1399.5,687.6,142.38,Venda
SKU_1653_BAB,19/07/2025,Atacado,12,4318.8,2040.6,189.85,Venda
SKU_1733_SAG,19/07/2025,Varejo,1,349.9,160.43,189.47,Venda
SKU_1505_BLU,19/07/2025,Atacado,5,1174.5,585.65,117.77,Venda
SKU_1757_PIN,19/07/2025,Atacado,3,794.7,391.08,134.54,Venda
SKU_1775_PAS,19/07/2025,Varejo,1,279.9,138.98,140.92,Venda
SKU_1756_FLA,19/07/2025,Atacado,6,1079.4,510.96,94.74,Venda
SKU_1818_BRI,19/07/2025,Varejo,2,409.8,170.64,119.58,Venda
SKU_1788_EME,19/07/2025,Atacado,6,1499.4,765.3,122.35,Venda
SKU_1551_ROS,19/07/2025,Atacado,4,879.6,369.68,127.48,Venda
SKU_1536_MOS,19/07/2025,Varejo,1,344.9,130.05,214.85,Venda
SKU_1758_HON,19/07/2025,Atacado,4,719.6,387.0,83.15,Venda
SKU_1758_CLO,19/07/2025,Atacado,2,359.8,155.86,101.97,Venda
SKU_1542_PEA,19/07/2025,E-commerce,1,469.9,199.38,270.52,Venda
SKU_1769_EME,19/07/2025,Atacado,2,649.8,302.64,173.58,Venda
SKU_1688_WHI,19/07/2025,E-commerce,1,429.9,171.45,258.45,Venda
SKU_1757_TUR,19/07/2025,Varejo,1,264.9,110.65,154.25,Venda
SKU_1784_EGR,19/07/2025,Atacado,4,1239.6,603.44,159.04,Venda
SKU_1880_DUS,19/07/2025,Atacado,6,5099.4,3020.52,346.48,Venda
SKU_1733_NAV,19/07/2025,E-commerce,1,349.9,115.77,234.13,Venda
SKU_1936_WHI,19/07/2025,Atacado,6,779.4,379.8,66.6,Venda
SKU_1701_SPA,19/07/2025,Atacado,8,2719.2,1304.64,176.82,Venda
SKU_1607_GAR,19/07/2025,Atacado,10,2999.0,1505.7,149.33,Venda
SKU_1758_CLO,19/07/2025,Varejo,1,179.9,79.29,100.61,Venda
SKU_1559_SKY,19/07/2025,Atacado,4,4799.6,2680.16,529.86,Venda
SKU_1742_EME,19/07/2025,E-commerce,1,259.9,117.28,142.62,Venda
SKU_1666_PAS,19/07/2025,Atacado,4,3199.6,1672.12,381.87,Venda
SKU_1698_SNO,19/07/2025,Atacado,10,4199.0,2080.0,211.9,Venda
SKU_1699_CLO,19/07/2025,Atacado,2,659.8,344.42,157.69,Venda
SKU_1697_PIS,19/07/2025,Atacado,12,2638.8,1346.28,107.71,Venda
SKU_1735_MOS,19/07/2025,Varejo,1,269.9,122.41,147.49,Venda
SKU_1717_MIN,19/07/2025,Varejo,2,519.8,177.86,170.97,Venda
SKU_1721_FRE,19/07/2025,Atacado,3,1259.7,695.07,188.21,Venda
SKU_1758_CLO,19/07/2025,Varejo,1,179.9,54.75,125.15,Venda
SKU_1761_MOS,19/07/2025,Varejo,1,1104.9,376.68,728.22,Venda
SKU_1774_MOS,19/07/2025,Varejo,1,204.9,99.05,105.85,Venda
SKU_1519_TEA,19/07/2025,Atacado,6,3779.4,1646.52,355.48,Venda
SKU_1618_SAP,19/07/2025,Varejo,1,179.9,68.79,111.11,Venda
SKU_1773_FRE,19/07/2025,Varejo,2,649.8,208.12,220.84,Venda
SKU_1479_FUC,19/07/2025,Varejo,2,1109.8,347.18,381.31,Venda
SKU_1766_CLE,19/07/2025,Atacado,6,2369.4,1114.14,209.21,Venda
SKU_2094_OLI,19/07/2025,Atacado,6,1109.4,580.8,88.1,Venda
SKU_1730_OFF,19/07/2025,Varejo,2,639.8,277.36,181.22,Venda
SKU_1688_WHI,19/07/2025,Atacado,8,3439.2,1843.6,199.45,Venda
SKU_1912_PAS,19/07/2025,E-commerce,2,769.8,328.92,220.44,Venda
SKU_1680_NAV,19/07/2025,Atacado,6,2009.4,852.54,192.81,Venda
SKU_1695_LIM,19/07/2025,Varejo,2,419.8,146.3,136.75,Venda
SKU_1722_PAS,19/07/2025,E-commerce,2,649.8,267.54,191.13,Venda
SKU_1738_ROY,19/07/2025,Atacado,6,1169.4,508.26,110.19,Venda
SKU_1964_BRI,19/07/2025,Atacado,5,1474.5,672.55,160.39,Venda
SKU_1564_BLA,19/07/2025,Atacado,3,1769.7,885.87,294.61,Venda
SKU_1680_SEA,19/07/2025,Atacado,5,1674.5,881.55,158.59,Venda
SKU_1792_AQU,19/07/2025,Atacado,4,1759.6,984.08,193.88,Venda
SKU_1708_FLA,19/07/2025,Varejo,3,509.7,168.48,113.74,Venda
SKU_1810_COB,19/07/2025,Atacado,5,799.5,408.2,78.26,Venda
SKU_1444_OLI,19/07/2025,Atacado,8,1919.2,938.24,122.62,Venda
SKU_1680_SEA,19/07/2025,E-commerce,1,334.9,145.42,189.48,Venda
SKU_1696_SHO,19/07/2025,Atacado,3,839.7,420.0,139.9,Venda
SKU_1772_BLU,19/07/2025,Varejo,1,414.9,164.58,250.32,Venda
SKU_1706_JAD,19/07/2025,Varejo,1,184.9,58.23,126.67,Venda
SKU_1655_SNO,19/07/2025,Varejo,2,1289.8,388.3,450.75,Venda
SKU_1781_CLE,19/07/2025,Atacado,3,389.7,178.41,70.43,Venda
SKU_1785_HUN,19/07/2025,Varejo,2,489.8,231.1,129.35,Venda
SKU_1521_FRE,19/07/2025,Atacado,8,1519.2,923.92,74.41,Venda
SKU_1708_FLA,19/07/2025,Atacado,5,849.5,403.7,89.16,Venda
SKU_1478_TEA,19/07/2025,Varejo,1,194.9,83.7,111.2,Venda
SKU_1795_RAS,19/07/2025,Varejo,1,299.9,141.1,158.8,Venda
SKU_1772_SNO,19/07/2025,E-commerce,1,414.9,181.82,233.08,Venda
SKU_1615_MOS,19/07/2025,Varejo,1,464.9,188.2,276.7,Venda
SKU_1779_LIG,19/07/2025,E-commerce,1,214.9,90.3,124.6,Venda
SKU_1740_FRE,19/07/2025,Atacado,6,1289.4,695.28,99.02,Venda
SKU_1618_SAP,19/07/2025,Atacado,5,899.5,387.85,102.33,Venda
SKU_1482_SHO,19/07/2025,Atacado,3,1334.7,633.18,233.84,Venda
SKU_1736_PAS,19/07/2025,E-commerce,1,324.9,105.35,219.55,Venda
SKU_1815_WHI,19/07/2025,Atacado,10,4399.0,2288.6,211.04,Venda
SKU_1767_PRI,19/07/2025,Varejo,1,204.9,102.36,102.54,Venda
SKU_1424_VAN,19/07/2025,Atacado,6,5969.4,2881.92,514.58,Venda
SKU_1748_BAB,19/07/2025,Atacado,3,929.7,474.51,151.73,Venda
SKU_1907_TEA,19/07/2025,Atacado,3,824.7,389.37,145.11,Venda
SKU_1682_OLI,19/07/2025,E-commerce,1,234.9,100.01,134.89,Venda
SKU_1705_JAD,19/07/2025,Atacado,4,1639.6,756.0,220.9,Venda
SKU_1711_VAN,19/07/2025,Varejo,1,994.9,317.9,677.0,Venda
SKU_1682_OLI,19/07/2025,Varejo,1,234.9,92.05,142.85,Venda
SKU_1908_MID,19/07/2025,Varejo,1,314.9,132.95,181.95,Venda
SKU_1723_MOS,19/07/2025,Varejo,1,434.9,192.83,242.07,Venda
SKU_2028_PAL,19/07/2025,Atacado,3,734.7,364.35,123.45,Venda
SKU_1583_BLU,19/07/2025,Varejo,2,509.8,209.82,149.99,Venda
SKU_1723_MOS,19/07/2025,Atacado,5,2174.5,1140.6,206.78,Venda
SKU_1457_MAG,19/07/2025,Varejo,1,159.9,52.56,107.34,Venda
SKU_1781_CLE,19/07/2025,Varejo,1,129.9,42.98,86.92,Venda
SKU_1782_HUN,19/07/2025,Atacado,6,1499.4,647.16,142.04,Venda
SKU_1775_PAS,19/07/2025,Varejo,1,279.9,96.84,183.06,Venda
SKU_1778_MIN,19/07/2025,Varejo,2,569.8,283.74,143.03,Venda
SKU_1745_PEA,19/07/2025,Atacado,3,1229.7,641.73,195.99,Venda
SKU_1604_SNO,19/07/2025,E-commerce,1,604.9,269.4,335.5,Venda
SKU_1701_SPA,19/07/2025,Atacado,6,2039.4,1003.5,172.65,Venda
SKU_1717_CRE,19/07/2025,Atacado,4,1039.6,502.6,134.25,Venda
SKU_1737_SAG,19/07/2025,Atacado,8,6159.2,2742.32,427.11,Venda
SKU_1792_AQU,19/07/2025,Atacado,4,1759.6,877.68,220.48,Venda
SKU_2093_MYS,19/07/2025,Varejo,1,224.9,77.65,147.25,Venda
SKU_1799_POW,19/07/2025,Varejo,1,269.9,90.38,179.52,Venda
SKU_2028_PAL,19/07/2025,Atacado,5,1224.5,593.05,126.29,Venda
SKU_1776_BIR,19/07/2025,Atacado,5,1649.5,779.85,173.93,Venda
SKU_1798_MOS,19/07/2025,Varejo,1,419.9,180.97,238.93,Venda
SKU_1716_SAL,19/07/2025,Atacado,6,989.4,489.72,83.28,Venda
SKU_1798_MOS,19/07/2025,E-commerce,2,839.8,280.78,279.51,Venda
SKU_1701_SPA,19/07/2025,Varejo,1,339.9,104.68,235.22,Venda
SKU_1682_BIR,19/07/2025,Atacado,12,2818.8,1399.2,118.3,Venda
SKU_1684_HON,19/07/2025,E-commerce,1,184.9,85.47,99.43,Venda
SKU_1708_FRE,19/07/2025,Atacado,8,1359.2,647.76,88.93,Venda
SKU_1715_JAD,19/07/2025,E-commerce,1,219.9,101.07,118.83,Venda
SKU_1784_EGR,19/07/2025,Varejo,2,619.8,308.18,155.81,Venda
SKU_1889_MAR,19/07/2025,Atacado,4,1079.6,513.36,141.56,Venda
SKU_1706_JAD,19/07/2025,Varejo,1,184.9,89.25,95.65,Venda
SKU_1720_PAL,19/07/2025,Varejo,1,224.9,110.2,114.7,Venda
SKU_1761_SAP,19/07/2025,Varejo,2,2209.8,759.34,725.23,Venda
SKU_1457_SNO,19/07/2025,Varejo,1,159.9,64.5,95.4,Venda
SKU_1737_DEE,19/07/2025,Varejo,2,1539.8,711.4,414.2,Venda
SKU_1757_PIN,19/07/2025,Varejo,1,264.9,115.8,149.1,Venda
SKU_1683_SHO,19/07/2025,Varejo,2,629.8,197.28,216.26,Venda
SKU_1782_HUN,19/07/2025,Atacado,4,999.6,506.48,123.28,Venda
SKU_2020_FOR,19/07/2025,Varejo,1,234.9,112.98,121.92,Venda
SKU_1747_TEA,19/07/2025,E-commerce,1,174.9,74.1,100.8,Venda
SKU_1720_PAL,19/07/2025,Atacado,8,1799.2,811.2,123.5,Venda
SKU_1752_SPA,19/07/2025,Atacado,6,2579.4,1130.58,241.47,Venda
SKU_1754_SER,19/07/2025,E-commerce,1,339.9,142.86,197.04,Venda
SKU_1723_COB,19/07/2025,Varejo,1,434.9,135.69,299.21,Venda
SKU_1682_OLI,19/07/2025,Atacado,4,939.6,425.0,128.65,Venda
SKU_1690_MAG,19/07/2025,E-commerce,1,539.9,252.78,287.12,Venda
SKU_1743_DEE,19/07/2025,E-commerce,1,439.9,135.53,304.37,Venda
SKU_1711_VAN,19/07/2025,Atacado,10,9949.0,4602.4,534.66,Venda
SKU_1700_PIS,19/07/2025,E-commerce,2,1399.8,427.74,486.03,Venda
SKU_1705_JAD,19/07/2025,Atacado,12,4918.8,2812.2,175.55,Venda
SKU_1735_COR,19/07/2025,Varejo,2,539.8,186.5,176.65,Venda
SKU_1504_NAV,19/07/2025,Atacado,10,3399.0,1707.8,169.12,Venda
SKU_1799_POW,19/07/2025,Atacado,6,1619.4,693.18,154.37,Venda
SKU_1728_EGR,19/07/2025,Atacado,6,1979.4,943.14,172.71,Venda
SKU_1683_SHO,19/07/2025,E-commerce,1,314.9,114.34,200.56,Venda
SKU_1423_JAD,19/07/2025,E-commerce,1,1199.9,371.82,828.08,Venda
SKU_1493_PEA,19/07/2025,E-commerce,1,329.9,127.74,202.16,Venda
SKU_1756_FLA,19/07/2025,E-commerce,1,179.9,68.83,111.07,Venda
SKU_1561_LIM,19/07/2025,Atacado,10,3499.0,1700.1,179.89,Venda
SKU_1725_BAB,19/07/2025,E-commerce,1,244.9,105.84,139.06,Venda
SKU_1715_JAD,19/07/2025,Atacado,8,1759.2,827.6,116.45,Venda
SKU_1852_FOR,19/07/2025,Atacado,12,5998.8,3445.08,212.81,Venda
SKU_1708_FLA,19/07/2025,Varejo,1,169.9,55.53,114.37,Venda
SKU_1705_JAD,19/07/2025,Atacado,8,3279.2,1607.68,208.94,Venda
SKU_1747_TEA,19/07/2025,E-commerce,1,174.9,83.22,91.68,Venda
SKU_1682_BIR,19/07/2025,Atacado,3,704.7,298.35,135.45,Venda
SKU_1730_OFF,19/07/2025,Atacado,3,959.7,415.8,181.3,Venda
SKU_1609_SAP,19/07/2025,Varejo,1,269.9,119.48,150.42,Venda
SKU_1427_BLA,19/07/2025,Varejo,1,199.9,73.84,126.06,Venda
SKU_1507_FLA,19/07/2025,Atacado,6,1079.4,515.4,94.0,Venda
SKU_1713_SAL,19/07/2025,E-commerce,1,504.9,172.85,332.05,Venda
SKU_1798_MOS,19/07/2025,Varejo,1,419.9,130.16,289.74,Venda
SKU_1730_OFF,19/07/2025,Varejo,1,319.9,104.8,215.1,Venda
SKU_1783_EGR,19/07/2025,Atacado,8,9599.2,4217.2,672.75,Venda
SKU_1662_PIS,19/07/2025,E-commerce,1,199.9,61.63,138.27,Venda
SKU_1582_PAS,19/07/2025,Atacado,2,459.8,227.06,116.37,Venda
SKU_1518_CLE,19/07/2025,Atacado,6,1409.4,643.38,127.67,Venda
SKU_1697_PIS,19/07/2025,Atacado,2,439.8,224.18,107.81,Venda
SKU_1517_ROS,19/07/2025,Atacado,8,9599.2,5020.0,572.4,Venda
SKU_1754_IVO,19/07/2025,Varejo,1,339.9,130.5,209.4,Venda
SKU_1724_PEA,19/07/2025,Varejo,1,1114.9,363.52,751.38,Venda
SKU_1495_FUC,19/07/2025,Atacado,8,2639.2,1471.68,145.94,Venda
SKU_1695_CRE,19/07/2025,Varejo,1,209.9,78.92,130.98,Venda
SKU_1445_PRI,19/07/2025,Atacado,5,2049.5,931.9,223.52,Venda
SKU_1781_CLE,19/07/2025,E-commerce,2,259.8,121.22,69.29,Venda
SKU_1789_EME,19/07/2025,Atacado,2,539.8,253.68,143.06,Venda
SKU_1766_CLE,19/07/2025,Varejo,2,789.8,378.6,205.6,Venda
SKU_1762_BRI,19/07/2025,Atacado,2,509.8,228.46,140.67,Venda
SKU_1599_CER,19/07/2025,Atacado,8,3759.2,1661.44,262.22,Venda
SKU_1684_HON,19/07/2025,Varejo,1,184.9,60.18,124.72,Venda
SKU_1706_BLA,19/07/2025,Atacado,3,554.7,255.0,99.9,Venda
SKU_1699_COB,19/07/2025,Varejo,2,659.8,311.16,174.32,Venda
SKU_1712_MOS,19/07/2025,Atacado,4,719.6,355.56,91.01,Venda
SKU_1614_IVO,19/07/2025,Atacado,12,5338.8,2434.68,242.01,Venda
SKU_1765_MYS,19/07/2025,E-commerce,1,259.9,91.92,167.98,Venda
SKU_1780_LIG,19/07/2025,E-commerce,1,334.9,156.76,178.14,Venda
SKU_1754_SER,19/07/2025,Varejo,1,339.9,130.48,209.42,Venda
SKU_1794_LIG,19/07/2025,Atacado,10,2099.0,1094.4,100.46,Venda
SKU_1785_PAS,19/07/2025,E-commerce,1,244.9,88.41,156.49,Venda
SKU_1783_EGR,19/07/2025,E-commerce,1,1199.9,450.44,749.46,Venda
SKU_1780_LIG,19/07/2025,Varejo,1,334.9,148.57,186.33,Venda
SKU_1780_AQU,19/07/2025,Varejo,1,334.9,112.6,222.3,Venda
SKU_1917_LIG,19/07/2025,E-commerce,1,374.9,162.87,212.03,Venda
SKU_1761_SAP,19/07/2025,Atacado,5,5524.5,2725.65,559.77,Venda
SKU_1889_MAR,19/07/2025,Varejo,1,269.9,121.93,147.97,Venda
SKU_1727_WHI,19/07/2025,Varejo,2,309.8,97.08,106.36,Venda
SKU_1436_BLU,19/07/2025,Varejo,2,559.8,224.44,167.68,Venda
SKU_1765_MYS,19/07/2025,Atacado,5,1299.5,576.05,144.69,Venda
SKU_1717_MIN,19/07/2025,E-commerce,1,259.9,100.07,159.83,Venda
SKU_1695_LIM,19/07/2025,Atacado,4,839.6,411.68,106.98,Venda
SKU_1726_PAS,19/07/2025,Atacado,5,2149.5,1018.5,226.2,Venda
SKU_1781_CLE,19/07/2025,Atacado,4,519.6,285.84,58.44,Venda
SKU_1758_HON,19/07/2025,E-commerce,1,179.9,63.57,116.33,Venda
SKU_1502_PEA,19/07/2025,E-commerce,1,209.9,97.79,112.11,Venda
SKU_1707_ARM,19/07/2025,Varejo,2,559.8,222.72,168.54,Venda
SKU_1749_BIR,19/07/2025,Atacado,12,4198.8,2189.28,167.46,Venda
SKU_1698_SNO,19/07/2025,Varejo,1,419.9,194.74,225.16,Venda
SKU_1750_SNO,19/07/2025,Atacado,3,1109.7,579.03,176.89,Venda
SKU_1726_PAS,19/07/2025,Varejo,1,429.9,202.65,227.25,Venda
SKU_2032_LIM,19/07/2025,Atacado,3,764.7,390.45,124.75,Venda
SKU_1782_NAV,19/07/2025,Atacado,4,999.6,439.64,139.99,Venda
SKU_1975_PAS,19/07/2025,Atacado,6,2669.4,1328.76,223.44,Venda
SKU_1763_HOT,19/07/2025,Atacado,4,1199.6,541.24,164.59,Venda
SKU_1778_TEA,19/07/2025,Atacado,3,854.7,382.2,157.5,Venda
SKU_1772_BLU,19/07/2025,Atacado,6,2489.4,1263.3,204.35,Venda
SKU_1745_FOR,19/07/2025,E-commerce,2,819.8,282.72,268.54,Venda
SKU_1669_COR,19/07/2025,Atacado,5,999.5,520.5,95.8,Venda
SKU_1778_MIN,19/07/2025,Varejo,1,284.9,129.04,155.86,Venda
SKU_1696_SER,19/07/2025,Varejo,1,279.9,114.13,165.77,Venda
SKU_1717_CRE,19/07/2025,E-commerce,1,259.9,89.85,170.05,Venda
SKU_1549_PAS,19/07/2025,Atacado,4,739.6,425.4,78.55,Venda
SKU_2036_SPA,19/07/2025,Atacado,8,1919.2,952.72,120.81,Venda
SKU_1721_FRE,19/07/2025,Atacado,8,3359.2,1723.52,204.46,Venda
SKU_1745_FOR,19/07/2025,E-commerce,1,409.9,163.74,246.16,Venda
SKU_1911_LIG,19/07/2025,Atacado,8,1719.2,893.84,103.17,Venda
SKU_1754_IVO,19/07/2025,E-commerce,1,339.9,114.99,224.91,Venda
SKU_1710_MEX,19/07/2025,Atacado,5,4049.5,2084.35,393.03,Venda
SKU_1690_MYS,19/07/2025,Atacado,5,2699.5,1420.75,255.75,Venda
SKU_1734_BRI,19/07/2025,Atacado,4,1399.6,699.12,175.12,Venda
SKU_1696_SER,19/07/2025,Varejo,2,559.8,254.22,152.79,Venda
SKU_1681_PIS,19/07/2025,Varejo,2,469.8,188.46,140.67,Venda
SKU_1787_BAB,19/07/2025,E-commerce,1,289.9,96.27,193.63,Venda
SKU_1731_ARM,19/07/2025,Varejo,1,909.9,388.71,521.19,Venda
SKU_1779_LIG,19/07/2025,Varejo,1,214.9,81.84,133.06,Venda
SKU_1745_PEA,19/07/2025,Atacado,10,4099.0,2031.7,206.73,Venda
SKU_1568_FRE,19/07/2025,Varejo,2,469.8,144.6,162.6,Venda
SKU_1717_CRE,19/07/2025,Atacado,8,2079.2,1136.56,117.83,Venda
SKU_1683_PAL,19/07/2025,Varejo,2,629.8,205.92,211.94,Venda
SKU_1748_BAB,19/07/2025,E-commerce,1,309.9,94.84,215.06,Venda
SKU_1741_PEA,19/07/2025,Atacado,8,1919.2,988.96,116.28,Venda
SKU_1495_BLA,19/07/2025,Varejo,3,989.7,400.41,196.43,Venda
SKU_1820_PEA,19/07/2025,Varejo,1,289.9,110.4,179.5,Venda
SKU_1690_MYS,19/07/2025,Atacado,5,2699.5,1481.35,243.63,Venda
SKU_1688_LIG,19/07/2025,Varejo,1,429.9,156.58,273.32,Venda
SKU_1915_DUS,19/07/2025,Varejo,1,1164.9,532.54,632.36,Venda
SKU_1861_SAP,19/07/2025,Atacado,10,1949.0,881.6,106.74,Venda
SKU_1731_MIN,19/07/2025,Varejo,2,1819.8,840.64,489.58,Venda
SKU_1938_PAS,19/07/2025,Varejo,2,1799.8,750.34,524.73,Venda
SKU_1600_SHO,19/07/2025,Atacado,4,1579.6,880.04,174.89,Venda
SKU_1745_PEA,19/07/2025,Atacado,8,3279.2,1538.4,217.6,Venda
SKU_2030_BRI,19/07/2025,Atacado,6,2069.4,1017.24,175.36,Venda
SKU_1535_MOS,19/07/2025,Varejo,1,304.9,152.4,152.5,Venda
SKU_1771_PIN,19/07/2025,Atacado,5,1324.5,750.35,114.83,Venda
SKU_1715_HON,19/07/2025,Varejo,2,439.8,195.56,122.12,Venda
SKU_1700_HUN,19/07/2025,Varejo,1,699.9,283.9,416.0,Venda
SKU_1465_CLE,19/07/2025,Atacado,10,3149.0,1616.8,153.22,Venda
SKU_1766_CLE,19/07/2025,Varejo,1,394.9,148.17,246.73,Venda
SKU_1733_NAV,19/07/2025,Atacado,10,3499.0,1839.6,165.94,Venda
SKU_1772_SNO,19/07/2025,Atacado,6,2489.4,1116.24,228.86,Venda
SKU_1800_SKY,19/07/2025,Atacado,5,1399.5,609.1,158.08,Venda
SKU_1734_FRE,19/07/2025,Varejo,1,349.9,174.69,175.21,Venda
SKU_1771_EME,19/07/2025,Varejo,1,264.9,124.74,140.16,Venda
SKU_1716_SAL,19/07/2025,Varejo,1,164.9,52.5,112.4,Venda
SKU_1700_PIS,19/07/2025,Atacado,5,3499.5,1712.95,357.31,Venda
SKU_1723_COB,19/07/2025,Atacado,3,1304.7,708.9,198.6,Venda
SKU_1397_SNO,19/07/2025,Varejo,1,234.9,82.38,152.52,Venda
SKU_1770_JAD,19/07/2025,Varejo,1,219.9,101.88,118.02,Venda
SKU_1717_CRE,19/07/2025,Atacado,3,779.7,350.61,143.03,Venda
SKU_1787_BAB,19/07/2025,Varejo,2,579.8,242.3,168.75,Venda
SKU_1423_JAD,19/07/2025,Atacado,4,4799.6,2137.36,665.56,Venda
SKU_2063_SHO,19/07/2025,Atacado,6,1319.4,647.82,111.93,Venda
SKU_1730_MIN,19/07/2025,Varejo,1,319.9,127.0,192.9,Venda
SKU_1687_FOR,19/07/2025,Varejo,1,899.9,379.09,520.81,Venda
SKU_1556_HUN,19/07/2025,Varejo,2,409.8,194.22,107.79,Venda
SKU_1746_EME,19/07/2025,Varejo,3,539.7,207.36,110.78,Venda
SKU_1735_COR,19/07/2025,Atacado,6,1619.4,896.94,120.41,Venda
SKU_1759_COB,19/07/2025,Varejo,1,269.9,103.66,166.24,Venda
SKU_1763_HOT,19/07/2025,Varejo,2,599.8,291.38,154.21,Venda
SKU_1776_PAS,19/07/2025,E-commerce,1,329.9,142.28,187.62,Venda
SKU_1729_CLE,19/07/2025,Varejo,1,174.9,70.88,104.02,Venda
SKU_1492_SKY,19/07/2025,Atacado,12,4498.8,2118.24,198.38,Venda
SKU_1755_BIR,19/07/2025,Varejo,1,334.9,158.62,176.28,Venda
SKU_1797_GAR,19/07/2025,Varejo,1,379.9,151.22,228.68,Venda
SKU_1715_JAD,19/07/2025,Atacado,10,2199.0,1102.7,109.63,Venda
SKU_1753_PAL,19/07/2025,Atacado,5,3949.5,1825.25,424.85,Venda
SKU_1764_FUC,19/07/2025,Atacado,8,1879.2,1016.8,107.8,Venda
SKU_1741_PIN,19/07/2025,Atacado,6,1439.4,713.82,120.93,Venda
SKU_1709_CRE,19/07/2025,Atacado,10,2099.0,1041.7,105.73,Venda
SKU_1486_PAL,19/07/2025,E-commerce,2,579.8,247.06,166.37,Venda
SKU_1793_WHI,19/07/2025,Varejo,1,189.9,64.28,125.62,Venda
SKU_1798_OFF,19/07/2025,Varejo,1,419.9,177.75,242.15,Venda
SKU_1459_OFF,19/07/2025,Varejo,1,209.9,82.86,127.04,Venda
SKU_1779_MIN,19/07/2025,Atacado,6,1289.4,622.92,111.08,Venda
SKU_2064_PIS,19/07/2025,Atacado,4,1599.6,853.48,186.53,Venda
SKU_1701_BLU,19/07/2025,Atacado,8,2719.2,1427.76,161.43,Venda
SKU_1785_PAS,19/07/2025,Varejo,1,244.9,95.29,149.61,Venda
SKU_1706_JAD,19/07/2025,Varejo,1,184.9,71.52,113.38,Venda
SKU_1730_MIN,19/07/2025,Varejo,1,319.9,123.41,196.49,Venda
SKU_1766_MYS,19/07/2025,Atacado,4,1579.6,699.16,220.11,Venda
SKU_1816_MOS,19/07/2025,Atacado,6,1439.4,751.2,114.7,Venda
SKU_1733_SAG,19/07/2025,Varejo,2,699.8,216.4,241.7,Venda
SKU_1471_LIG,19/07/2025,Atacado,8,1639.2,713.36,115.73,Venda
SKU_1742_DEN,19/07/2025,Atacado,5,1299.5,734.6,112.98,Venda
SKU_1702_COR,19/07/2025,Varejo,1,619.9,291.2,328.7,Venda
SKU_1706_JAD,19/07/2025,Varejo,4,739.6,276.76,115.71,Venda
SKU_1773_FRE,19/07/2025,Varejo,1,324.9,102.71,222.19,Venda
SKU_1774_MOS,19/07/2025,Varejo,1,204.9,69.91,134.99,Venda
SKU_1645_MYS,19/07/2025,Atacado,4,1599.6,709.52,222.52,Venda
SKU_1734_FRE,19/07/2025,Varejo,2,699.8,264.18,217.81,Venda
SKU_1723_MOS,19/07/2025,Varejo,1,434.9,147.38,287.52,Venda
SKU_1797_BLU,19/07/2025,Varejo,1,379.9,138.61,241.29,Venda
SKU_1404_SAP,19/07/2025,E-commerce,3,3059.7,945.24,704.82,Venda
SKU_1690_MAG,19/07/2025,Varejo,1,539.9,262.64,277.26,Venda
SKU_1893_TEA,19/07/2025,Atacado,5,3149.5,1614.7,306.96,Venda
SKU_1697_MIN,19/07/2025,Atacado,8,1759.2,881.84,109.67,Venda
SKU_1719_OFF,19/07/2025,Varejo,1,319.9,99.23,220.67,Venda
SKU_1734_FRE,19/07/2025,E-commerce,1,349.9,170.62,179.28,Venda
SKU_1742_EME,19/07/2025,Varejo,1,259.9,104.21,155.69,Venda
SKU_1997_SPA,19/07/2025,Atacado,4,759.6,430.52,82.27,Venda
SKU_1774_MOS,19/07/2025,Varejo,2,409.8,204.4,102.7,Venda
SKU_1610_PRI,19/07/2025,Atacado,2,369.8,163.54,103.13,Venda
SKU_1557_SAG,19/07/2025,Varejo,1,199.9,63.66,136.24,Venda
SKU_1780_AQU,19/07/2025,E-commerce,1,334.9,121.9,213.0,Venda
SKU_1990_LIM,19/07/2025,E-commerce,1,179.9,77.26,102.64,Venda
SKU_1700_PIS,19/07/2025,E-commerce,1,699.9,222.75,477.15,Venda
SKU_1797_GAR,19/07/2025,E-commerce,1,379.9,142.87,237.03,Venda
SKU_1724_PIN,19/07/2025,Atacado,5,5574.5,2433.85,628.13,Venda
SKU_1707_ARM,19/07/2025,Varejo,1,279.9,113.6,166.3,Venda
SKU_1898_EME,19/07/2025,Atacado,12,5818.8,2742.6,256.35,Venda
SKU_1825_MIN,19/07/2025,Varejo,1,174.9,65.94,108.96,Venda
SKU_1769_WHI,19/07/2025,E-commerce,1,324.9,101.37,223.53,Venda
SKU_1665_RAS,19/07/2025,E-commerce,1,249.9,88.21,161.69,Venda
SKU_1685_COB,19/07/2025,Atacado,4,2659.6,1364.4,323.8,Venda
SKU_1799_DEN,19/07/2025,Atacado,4,1079.6,518.84,140.19,Venda
SKU_1691_HUN,19/07/2025,Atacado,3,929.7,445.8,161.3,Venda
SKU_1696_SER,19/07/2025,Varejo,1,279.9,99.18,180.72,Venda
SKU_1758_CLO,19/07/2025,Varejo,1,179.9,88.27,91.63,Venda
SKU_1784_EGR,19/07/2025,Atacado,5,1549.5,892.95,131.31,Venda
SKU_1965_GAR,19/07/2025,Varejo,1,234.9,84.82,150.08,Venda
SKU_1703_BLU,19/07/2025,Varejo,1,269.9,131.52,138.38,Venda
SKU_1746_EME,19/07/2025,Varejo,1,179.9,85.58,94.32,Venda
SKU_1578_PAS,19/07/2025,Atacado,5,624.5,292.65,66.37,Venda
SKU_1944_PIS,19/07/2025,Varejo,1,399.9,165.82,234.08,Venda
SKU_1690_MYS,19/07/2025,Varejo,4,2159.6,841.84,329.44,Venda
SKU_1704_PEA,19/07/2025,Atacado,4,1339.6,694.16,161.36,Venda
SKU_1791_ARM,19/07/2025,Varejo,1,264.9,107.77,157.13,Venda
SKU_1538_MAG,19/07/2025,Atacado,4,839.6,477.8,90.45,Venda
SKU_1686_MOS,19/07/2025,Atacado,3,644.7,310.23,111.49,Venda
SKU_1443_BLU,19/07/2025,Varejo,3,809.7,311.1,166.2,Venda
SKU_1737_DEE,19/07/2025,E-commerce,1,769.9,251.22,518.68,Venda
SKU_1910_MYS,19/07/2025,E-commerce,2,1499.8,512.7,493.55,Venda
SKU_1783_EGR,19/07/2025,E-commerce,1,1199.9,388.08,811.82,Venda
SKU_1680_NAV,19/07/2025,E-commerce,1,334.9,108.38,226.52,Venda
SKU_1631_BAL,19/07/2025,Atacado,4,719.6,347.08,93.13,Venda
SKU_1756_FLA,19/07/2025,Varejo,1,179.9,78.94,100.96,Venda
SKU_1763_HOT,19/07/2025,Atacado,2,599.8,312.82,143.49,Venda
SKU_1765_MYS,19/07/2025,Atacado,6,1559.4,893.52,110.98,Venda
SKU_1682_OLI,19/07/2025,E-commerce,1,234.9,87.92,146.98,Venda
SKU_1957_PEA,19/07/2025,E-commerce,1,189.9,78.09,111.81,Venda
SKU_1485_PAS,19/07/2025,Atacado,2,1329.8,562.86,383.47,Venda
SKU_1471_LIG,19/07/2025,Atacado,3,614.7,294.18,106.84,Venda
SKU_1449_BLA,19/07/2025,Atacado,3,974.7,536.07,146.21,Venda
SKU_1710_MEX,19/07/2025,Varejo,1,809.9,328.11,481.79,Venda
SKU_1728_MID,19/07/2025,Atacado,5,1649.5,810.25,167.85,Venda
SKU_1711_VAN,19/07/2025,Atacado,8,7959.2,4165.76,474.18,Venda
SKU_1761_MOS,19/07/2025,Varejo,3,3314.7,1382.7,644.0,Venda
SKU_1800_SKY,19/07/2025,Varejo,1,279.9,130.54,149.36,Venda
SKU_1437_AQU,19/07/2025,Varejo,1,164.9,80.03,84.87,Venda
SKU_2042_SER,19/07/2025,Varejo,1,764.9,373.7,391.2,Venda
SKU_1732_WHI,19/07/2025,Atacado,3,3344.7,1425.72,639.66,Venda
SKU_1456_EME,19/07/2025,E-commerce,1,314.9,126.12,188.78,Venda
SKU_1747_FUC,19/07/2025,Atacado,4,699.6,330.24,92.34,Venda
SKU_1985_PAS,19/07/2025,Atacado,4,1639.6,950.16,172.36,Venda
SKU_1718_SEA,19/07/2025,Varejo,1,369.9,120.43,249.47,Venda
SKU_1744_LIG,19/07/2025,Varejo,2,529.8,243.78,143.01,Venda
SKU_1434_MIN,19/07/2025,Varejo,1,209.9,71.71,138.19,Venda
SKU_1824_COR,19/07/2025,Varejo,3,1079.7,510.18,189.84,Venda
SKU_1555_RAS,19/07/2025,E-commerce,1,189.9,90.38,99.52,Venda
SKU_1735_COR,19/07/2025,Atacado,8,2159.2,924.48,154.34,Venda
SKU_1506_PAL,19/07/2025,Varejo,1,229.9,94.18,135.72,Venda
SKU_1715_JAD,19/07/2025,Varejo,1,219.9,66.39,153.51,Venda
SKU_1487_CLE,19/07/2025,Atacado,4,1339.6,574.68,191.23,Venda
SKU_1781_CLE,19/07/2025,Atacado,4,519.6,221.2,74.6,Venda
SKU_1420_LIM,19/07/2025,Varejo,1,989.9,354.0,635.9,Venda
SKU_1694_PIS,19/07/2025,Varejo,1,279.9,101.48,178.42,Venda
SKU_1683_SHO,19/07/2025,Varejo,1,314.9,127.65,187.25,Venda
SKU_1892_AQU,19/07/2025,Varejo,1,289.9,126.03,163.87,Venda
SKU_1683_SHO,19/07/2025,Varejo,1,314.9,137.72,177.18,Venda
SKU_1624_ARM,19/07/2025,Atacado,2,419.8,229.9,94.95,Venda
SKU_1670_SAP,19/07/2025,Atacado,6,869.4,503.82,60.93,Venda
SKU_1724_PEA,19/07/2025,Varejo,1,1114.9,535.88,579.02,Venda
SKU_1797_GAR,19/07/2025,Atacado,4,1519.6,712.4,201.8,Venda
SKU_1546_PAS,19/07/2025,Atacado,3,524.7,228.21,98.83,Venda
SKU_1568_PIN,19/07/2025,Atacado,4,939.6,422.0,129.4,Venda
SKU_1643_PAS,19/07/2025,Atacado,2,449.8,206.28,121.76,Venda
SKU_1749_SNO,19/07/2025,Varejo,1,349.9,149.16,200.74,Venda
SKU_1797_BLU,19/07/2025,Atacado,6,2279.4,1067.46,201.99,Venda
SKU_1526_POW,19/07/2025,Atacado,5,849.5,430.35,83.83,Venda
SKU_1701_BLU,19/07/2025,Varejo,1,339.9,118.26,221.64,Venda
SKU_1762_BRI,19/07/2025,Atacado,6,1529.4,800.34,121.51,Venda
SKU_1697_PIS,19/07/2025,Varejo,1,219.9,66.13,153.77,Venda
SKU_1733_SAG,19/07/2025,Atacado,10,3499.0,2017.0,148.2,Venda
SKU_1406_SHO,19/07/2025,Atacado,5,1749.5,789.6,191.98,Venda
SKU_1798_OFF,19/07/2025,Varejo,1,419.9,157.02,262.88,Venda
SKU_1731_ARM,19/07/2025,Atacado,2,1819.8,767.96,525.92,Venda
SKU_1680_NAV,19/07/2025,Atacado,6,2009.4,1063.08,157.72,Venda
SKU_1741_PIN,19/07/2025,Atacado,3,719.7,363.18,118.84,Venda
SKU_1636_LIG,19/07/2025,Varejo,1,439.9,203.09,236.81,Venda
SKU_1634_NAV,19/07/2025,Atacado,4,3919.6,1781.64,534.49,Venda
SKU_1494_EGR,19/07/2025,Varejo,1,1084.9,359.72,725.18,Venda
SKU_1689_IVO,19/07/2025,Atacado,6,5789.4,3259.68,421.62,Venda
SKU_1749_SNO,19/07/2025,E-commerce,1,349.9,117.55,232.35,Venda
SKU_1610_MEX,19/07/2025,Atacado,5,924.5,484.3,88.04,Venda
SKU_1463_DUS,19/07/2025,Varejo,1,259.9,104.87,155.03,Venda
SKU_1788_MYS,19/07/2025,Varejo,1,249.9,105.31,144.59,Venda
SKU_1782_NAV,19/07/2025,Atacado,4,999.6,495.6,126.0,Venda
SKU_1682_BIR,19/07/2025,Atacado,2,469.8,222.7,123.55,Venda
SKU_1716_AQU,19/07/2025,Atacado,6,989.4,457.5,88.65,Venda
SKU_1740_OLI,19/07/2025,E-commerce,1,214.9,97.71,117.19,Venda
SKU_1728_MID,19/07/2025,Atacado,5,1649.5,815.8,166.74,Venda
SKU_1709_MAR,19/07/2025,E-commerce,1,209.9,98.37,111.53,Venda
SKU_1948_PAL,19/07/2025,Atacado,4,799.6,412.08,96.88,Venda
SKU_1767_FUC,19/07/2025,Varejo,3,614.7,266.55,116.05,Venda
SKU_1826_IVO,19/07/2025,Varejo,1,484.9,176.62,308.28,Venda
SKU_1797_GAR,19/07/2025,Varejo,1,379.9,122.26,257.64,Venda
SKU_1885_MAG,19/07/2025,Atacado,3,1649.7,805.26,281.48,Venda
SKU_1430_PEA,19/07/2025,Atacado,6,1079.4,522.6,92.8,Venda
SKU_1736_JAD,19/07/2025,Atacado,2,649.8,334.14,157.83,Venda
SKU_1609_SAP,19/07/2025,Atacado,3,809.7,425.28,128.14,Venda
SKU_1734_FRE,19/07/2025,Atacado,3,1049.7,508.71,180.33,Venda
SKU_1734_FRE,19/07/2025,E-commerce,1,349.9,172.09,177.81,Venda
SKU_1721_FRE,19/07/2025,Atacado,4,1679.6,829.44,212.54,Venda
SKU_1737_DEE,19/07/2025,E-commerce,1,769.9,308.02,461.88,Venda
SKU_1752_SNO,19/07/2025,E-commerce,1,429.9,194.08,235.82,Venda
SKU_1771_PIN,19/07/2025,Varejo,1,264.9,83.44,181.46,Venda
SKU_1785_HUN,19/07/2025,Atacado,3,734.7,325.65,136.35,Venda
SKU_1792_MIN,19/07/2025,Atacado,12,5278.8,2730.36,212.37,Venda
SKU_1692_BLU,19/07/2025,Atacado,8,1759.2,764.0,124.4,Venda
SKU_1719_WHI,19/07/2025,Atacado,3,959.7,414.81,181.63,Venda
SKU_1462_OFF,19/07/2025,Varejo,1,364.9,148.4,216.5,Venda
SKU_1781_CLE,19/07/2025,Varejo,1,129.9,41.04,88.86,Venda
SKU_1478_TEA,19/07/2025,Varejo,1,194.9,69.62,125.28,Venda
SKU_1763_HOT,19/07/2025,Varejo,1,299.9,140.4,159.5,Venda
SKU_1894_IVO,19/07/2025,Atacado,10,2749.0,1510.3,123.87,Venda
SKU_1471_ROS,19/07/2025,Varejo,1,204.9,88.74,116.16,Venda
SKU_1724_PIN,19/07/2025,Varejo,1,1114.9,486.44,628.46,Venda
SKU_1772_SNO,19/07/2025,Atacado,3,1244.7,544.32,233.46,Venda
SKU_1570_HON,19/07/2025,Atacado,4,2859.6,1270.32,397.32,Venda
SKU_1546_IVO,19/07/2025,E-commerce,1,174.9,66.52,108.38,Venda
SKU_1730_MIN,19/07/2025,Varejo,2,639.8,222.3,208.75,Venda
SKU_1697_PIS,19/07/2025,Varejo,2,439.8,164.16,137.82,Venda
SKU_2055_SAP,19/07/2025,Atacado,6,2759.4,1503.72,209.28,Venda
SKU_1776_BIR,19/07/2025,Atacado,4,1319.6,653.52,166.52,Venda
SKU_1463_LIG,19/07/2025,Atacado,8,2079.2,1001.28,134.74,Venda
SKU_1750_SNO,19/07/2025,Atacado,5,1849.5,944.2,181.06,Venda
SKU_1903_DUS,19/07/2025,Atacado,12,3958.8,1920.84,169.83,Venda
SKU_2028_PAL,19/07/2025,Atacado,8,1959.2,1018.88,117.54,Venda
SKU_1984_PAS,19/07/2025,Atacado,3,899.7,432.45,155.75,Venda
SKU_1715_JAD,19/07/2025,Varejo,4,879.6,414.68,116.23,Venda
SKU_1445_TEA,19/07/2025,E-commerce,1,409.9,198.32,211.58,Venda
SKU_1460_FUC,19/07/2025,Atacado,8,1399.2,778.72,77.56,Venda
SKU_1624_PRI,19/07/2025,E-commerce,1,209.9,70.76,139.14,Venda
SKU_1733_NAV,19/07/2025,Atacado,6,2099.4,1197.12,150.38,Venda
SKU_1681_PIS,19/07/2025,Atacado,8,1879.2,864.72,126.81,Venda
SKU_1787_BAB,19/07/2025,Atacado,3,869.7,449.7,140.0,Venda
SKU_1754_SER,19/07/2025,Varejo,1,339.9,115.38,224.52,Venda
SKU_1793_MIN,19/07/2025,Varejo,1,189.9,87.96,101.94,Venda
SKU_1581_COB,19/07/2025,Varejo,1,854.9,332.21,522.69,Venda
SKU_1631_SNO,19/07/2025,Varejo,1,179.9,78.52,101.38,Venda
SKU_1746_EME,19/07/2025,Varejo,1,179.9,65.35,114.55,Venda
SKU_1457_MAG,19/07/2025,Atacado,2,319.8,136.6,91.6,Venda
SKU_1705_SER,19/07/2025,Varejo,1,409.9,191.24,218.66,Venda
SKU_1692_OLI,19/07/2025,Atacado,5,1099.5,536.55,112.59,Venda
SKU_1728_MID,19/07/2025,Varejo,1,329.9,122.85,207.05,Venda
SKU_1686_SKY,19/07/2025,Varejo,2,429.8,137.12,146.34,Venda
SKU_1715_JAD,19/07/2025,Atacado,8,1759.2,895.04,108.02,Venda
SKU_1587_LIG,19/07/2025,E-commerce,1,229.9,95.73,134.17,Venda
SKU_1761_MOS,19/07/2025,Varejo,1,1104.9,537.2,567.7,Venda
SKU_1682_OLI,19/07/2025,Varejo,1,234.9,102.14,132.76,Venda
SKU_1717_CRE,19/07/2025,Varejo,1,259.9,114.06,145.84,Venda
SKU_1684_SHO,19/07/2025,E-commerce,1,184.9,58.55,126.35,Venda
SKU_1703_BLU,19/07/2025,Varejo,2,539.8,219.4,160.2,Venda
SKU_1731_ARM,19/07/2025,Atacado,5,4549.5,2304.8,448.94,Venda
SKU_1788_EME,19/07/2025,E-commerce,1,249.9,107.57,142.33,Venda
SKU_1798_OFF,19/07/2025,Atacado,6,2519.4,1454.34,177.51,Venda
SKU_2003_FOR,19/07/2025,Varejo,1,239.9,78.22,161.68,Venda
SKU_2005_FUC,19/07/2025,Varejo,1,179.9,66.78,113.12,Venda
SKU_1701_BLU,19/07/2025,Varejo,1,339.9,161.34,178.56,Venda
SKU_1680_NAV,19/07/2025,E-commerce,2,669.8,305.86,181.97,Venda
SKU_1911_LIG,19/07/2025,Atacado,6,1289.4,744.3,90.85,Venda
SKU_1536_FRE,19/07/2025,Varejo,1,344.9,165.01,179.89,Venda
SKU_1780_AQU,19/07/2025,Varejo,1,334.9,159.61,175.29,Venda
SKU_1999_SKY,19/07/2025,Atacado,5,1174.5,599.05,115.09,Venda
SKU_1674_PAS,19/07/2025,Varejo,1,229.9,73.0,156.9,Venda
SKU_1727_LIG,19/07/2025,Atacado,5,774.5,329.55,88.99,Venda
SKU_1919_PEA,19/07/2025,Varejo,1,679.9,248.02,431.88,Venda
SKU_1767_FUC,19/07/2025,Atacado,5,1024.5,575.2,89.86,Venda
SKU_1594_BAL,19/07/2025,E-commerce,3,1499.7,462.15,345.85,Venda
SKU_1766_MYS,19/07/2025,Varejo,2,789.8,269.44,260.18,Venda
SKU_1702_LIG,19/07/2025,Atacado,4,2479.6,1313.08,291.63,Venda
SKU_1710_OLI,19/07/2025,Atacado,12,9718.8,5138.04,381.73,Venda
SKU_1676_PIN,19/07/2025,Varejo,1,169.9,70.58,99.32,Venda
SKU_1610_PRI,19/07/2025,Atacado,3,554.7,279.9,91.6,Venda
SKU_1719_OFF,19/07/2025,Atacado,8,2559.2,1346.48,151.59,Venda
SKU_1757_TUR,19/07/2025,Atacado,4,1059.6,487.44,143.04,Venda
SKU_1700_PIS,19/07/2025,Varejo,2,1399.8,463.2,468.3,Venda
SKU_1454_BRI,19/07/2025,Atacado,8,1199.2,540.4,82.35,Venda
SKU_1624_PRI,19/07/2025,E-commerce,1,209.9,94.53,115.37,Venda
SKU_1713_SNO,19/07/2025,Varejo,1,504.9,160.65,344.25,Venda
SKU_1554_PIS,19/07/2025,Atacado,5,5174.5,2463.25,542.25,Venda
SKU_1666_FUC,19/07/2025,Atacado,6,4799.4,2471.16,388.04,Venda
SKU_1684_SHO,19/07/2025,Varejo,1,184.9,91.47,93.43,Venda
SKU_1731_ARM,19/07/2025,Atacado,2,1819.8,815.66,502.07,Venda
SKU_1725_BAB,19/07/2025,Varejo,1,244.9,91.63,153.27,Venda
SKU_1794_LIG,19/07/2025,Varejo,1,209.9,64.5,145.4,Venda
SKU_1745_FOR,19/07/2025,Atacado,12,4918.8,2543.76,197.92,Venda
SKU_1746_NAV,19/07/2025,Atacado,6,1079.4,535.98,90.57,Venda
SKU_1455_ROY,19/07/2025,Atacado,8,2679.2,1403.04,159.52,Venda
SKU_1501_SAL,19/07/2025,Atacado,5,849.5,426.15,84.67,Venda
SKU_1750_MIN,19/07/2025,Atacado,4,1479.6,876.48,150.78,Venda
SKU_1756_FLA,19/07/2025,E-commerce,1,179.9,74.9,105.0,Venda
SKU_1776_PAS,19/07/2025,Atacado,8,2639.2,1387.04,156.52,Venda
SKU_1435_SKY,19/07/2025,Varejo,2,2019.8,905.18,557.31,Venda
SKU_1482_SHO,19/07/2025,Atacado,6,2669.4,1250.7,236.45,Venda
SKU_1764_FUC,19/07/2025,Varejo,1,234.9,82.66,152.24,Venda
SKU_1420_EGR,19/07/2025,Varejo,1,989.9,323.48,666.42,Venda
SKU_1800_SKY,19/07/2025,Atacado,8,2239.2,1106.16,141.63,Venda
SKU_1710_OLI,19/07/2025,Varejo,1,809.9,319.32,490.58,Venda
SKU_1563_WHI,19/07/2025,Atacado,4,599.6,298.48,75.28,Venda
SKU_1822_ARM,19/07/2025,E-commerce,1,309.9,129.29,180.61,Venda
SKU_1801_MOS,19/07/2025,Atacado,3,1124.7,572.13,184.19,Venda
SKU_1891_MAR,19/07/2025,Atacado,4,1319.6,561.32,189.57,Venda
SKU_1767_FUC,19/07/2025,Atacado,6,1229.4,528.24,116.86,Venda
SKU_1390_SAP,19/07/2025,Atacado,6,1379.4,764.76,102.44,Venda
SKU_1692_BLU,19/07/2025,Atacado,4,879.6,421.24,114.59,Venda
SKU_1545_HOT,19/07/2025,Varejo,2,519.8,259.26,130.27,Venda
SKU_1723_MOS,19/07/2025,Atacado,3,1304.7,619.32,228.46,Venda
SKU_1644_PEA,19/07/2025,Atacado,6,1919.4,986.94,155.41,Venda
SKU_1778_TEA,19/07/2025,Atacado,3,854.7,385.17,156.51,Venda
SKU_1774_COB,19/07/2025,Atacado,10,2049.0,927.1,112.19,Venda
SKU_1778_MIN,19/07/2025,Varejo,1,284.9,101.45,183.45,Venda
SKU_1788_MYS,19/07/2025,Atacado,5,1249.5,571.3,135.64,Venda
SKU_1509_HOT,19/07/2025,Atacado,8,2559.2,1154.56,175.58,Venda
SKU_1748_COB,19/07/2025,Atacado,3,929.7,465.99,154.57,Venda
SKU_1690_MYS,19/07/2025,Varejo,1,539.9,263.65,276.25,Venda
SKU_1601_AQU,19/07/2025,Atacado,5,3674.5,1573.2,420.26,Venda
SKU_1798_MOS,19/07/2025,E-commerce,1,419.9,142.0,277.9,Venda
SKU_1731_MIN,19/07/2025,Atacado,4,3639.6,1873.2,441.6,Venda
SKU_1762_DEN,19/07/2025,Varejo,1,254.9,100.04,154.86,Venda
SKU_1541_AQU,19/07/2025,Varejo,1,674.9,239.42,435.48,Venda
SKU_1476_CLO,19/07/2025,Atacado,8,2199.2,959.92,154.91,Venda
SKU_1720_PAL,19/07/2025,Varejo,1,224.9,67.63,157.27,Venda
SKU_1435_OLI,19/07/2025,Atacado,2,2019.8,955.28,532.26,Venda
SKU_1715_HON,19/07/2025,Varejo,1,219.9,97.68,122.22,Venda
SKU_1680_SEA,19/07/2025,Atacado,4,1339.6,639.28,175.08,Venda
SKU_1696_SER,19/07/2025,Varejo,1,279.9,132.88,147.02,Venda
SKU_1737_SAG,19/07/2025,E-commerce,1,769.9,360.17,409.73,Venda
SKU_1698_SNO,19/07/2025,Atacado,10,4199.0,1876.7,232.23,Venda
SKU_1444_HUN,19/07/2025,Atacado,5,1199.5,681.6,103.58,Venda
SKU_1782_HUN,19/07/2025,Atacado,3,749.7,354.3,131.8,Venda
SKU_1791_IVO,19/07/2025,Varejo,2,529.8,198.9,165.45,Venda
SKU_1761_MOS,19/07/2025,Varejo,3,3314.7,1578.72,578.66,Venda
SKU_1755_AQU,19/07/2025,E-commerce,1,334.9,109.76,225.14,Venda
SKU_1500_MOS,19/07/2025,Varejo,1,259.9,105.01,154.89,Venda
SKU_1750_MIN,19/07/2025,E-commerce,1,369.9,165.98,203.92,Venda
SKU_1597_SHO,19/07/2025,E-commerce,1,529.9,175.96,353.94,Venda
SKU_1421_LIG,19/07/2025,E-commerce,2,459.8,215.08,122.36,Venda
SKU_1390_PAS,19/07/2025,Varejo,3,689.7,229.08,153.54,Venda
SKU_1724_PIN,19/07/2025,Varejo,2,2229.8,977.52,626.14,Venda
SKU_1423_JAD,19/07/2025,Atacado,8,9599.2,4852.4,593.35,Venda
SKU_1784_EGR,19/07/2025,Atacado,4,1239.6,587.56,163.01,Venda
SKU_2016_SAP,19/07/2025,E-commerce,1,224.9,73.81,151.09,Venda
SKU_1797_BLU,19/07/2025,Varejo,1,379.9,141.12,238.78,Venda
SKU_1725_BAB,19/07/2025,Atacado,6,1469.4,740.4,121.5,Venda
SKU_1937_BUB,19/07/2025,Varejo,1,209.9,92.72,117.18,Venda
SKU_1701_SPA,19/07/2025,E-commerce,2,679.8,289.52,195.14,Venda
SKU_1723_MOS,19/07/2025,Varejo,1,434.9,136.01,298.89,Venda
SKU_1740_OLI,19/07/2025,E-commerce,1,214.9,105.67,109.23,Venda
SKU_1770_JAD,19/07/2025,Varejo,3,659.7,286.05,124.55,Venda
SKU_1706_BLA,19/07/2025,Atacado,6,1109.4,562.92,91.08,Venda
SKU_1818_BRI,19/07/2025,Atacado,3,614.7,290.7,108.0,Venda
SKU_1778_TEA,19/07/2025,Atacado,6,1709.4,890.52,136.48,Venda
SKU_1684_HON,19/07/2025,Atacado,2,369.8,195.4,87.2,Venda
SKU_1798_MOS,19/07/2025,E-commerce,1,419.9,155.79,264.11,Venda
SKU_1693_MEX,19/07/2025,Varejo,1,204.9,97.68,107.22,Venda
SKU_1746_NAV,19/07/2025,Atacado,12,2158.8,1227.24,77.63,Venda
SKU_1751_MIN,20/07/2025,Varejo,1,329.9,135.19,194.71,Venda
SKU_1570_HON,20/07/2025,Atacado,6,4289.4,2121.54,361.31,Venda
SKU_1711_VAN,20/07/2025,E-commerce,1,994.9,411.71,583.19,Venda
SKU_1791_ARM,20/07/2025,Atacado,4,1059.6,478.92,145.17,Venda
SKU_1684_HON,20/07/2025,Atacado,12,2218.8,934.56,107.02,Venda
SKU_1719_OFF,20/07/2025,E-commerce,2,639.8,252.98,193.41,Venda
SKU_1769_WHI,20/07/2025,Atacado,6,1949.4,1223.76,120.94,Venda
SKU_1502_PEA,20/07/2025,Atacado,8,1679.2,923.92,94.41,Venda
SKU_1688_WHI,20/07/2025,E-commerce,1,429.9,195.73,234.17,Venda
SKU_1573_MIN,20/07/2025,Atacado,5,5124.5,2245.8,575.74,Venda
SKU_1653_BAB,20/07/2025,Atacado,10,3599.0,1951.3,164.77,Venda
SKU_1772_BLU,20/07/2025,Atacado,5,2074.5,1081.2,198.66,Venda
SKU_1783_BAB,20/07/2025,E-commerce,1,1199.9,380.73,819.17,Venda
SKU_1602_PAS,20/07/2025,E-commerce,2,459.8,225.0,117.4,Venda
SKU_1581_BIR,20/07/2025,Varejo,3,2564.7,952.65,537.35,Venda
SKU_1529_MIN,20/07/2025,Atacado,8,1959.2,921.52,129.71,Venda
SKU_2111_SNO,20/07/2025,Varejo,1,234.9,116.95,117.95,Venda
SKU_1773_OLI,20/07/2025,Atacado,2,649.8,307.94,170.93,Venda
SKU_1739_MOS,20/07/2025,Atacado,6,1529.4,787.32,123.68,Venda
SKU_1727_LIG,20/07/2025,Varejo,1,154.9,47.68,107.22,Venda
SKU_1443_BLU,20/07/2025,Atacado,3,809.7,396.0,137.9,Venda
SKU_1721_COR,20/07/2025,E-commerce,1,419.9,167.54,252.36,Venda
SKU_1451_WHI,20/07/2025,Atacado,8,1959.2,935.2,128.0,Venda
SKU_1683_PAL,20/07/2025,Varejo,2,629.8,205.88,211.96,Venda
SKU_1976_JAD,20/07/2025,Atacado,6,3239.4,1650.42,264.83,Venda
SKU_1719_OFF,20/07/2025,Varejo,1,319.9,101.42,218.48,Venda
SKU_1750_MIN,20/07/2025,Varejo,1,369.9,132.21,237.69,Venda
SKU_1691_HUN,20/07/2025,Atacado,5,1549.5,837.9,142.32,Venda
SKU_1733_NAV,20/07/2025,E-commerce,2,699.8,287.52,206.14,Venda
SKU_1619_IVO,20/07/2025,Atacado,8,1599.2,856.08,92.89,Venda
SKU_1768_MIN,20/07/2025,Atacado,3,1874.7,934.02,313.56,Venda
SKU_1433_SAP,20/07/2025,Atacado,8,2519.2,1130.16,173.63,Venda
SKU_1697_PIS,20/07/2025,Atacado,2,439.8,189.74,125.03,Venda
SKU_1944_PIS,20/07/2025,Atacado,5,1999.5,1127.75,174.35,Venda
SKU_1766_MYS,20/07/2025,Varejo,1,394.9,159.52,235.38,Venda
SKU_1591_HON,20/07/2025,Atacado,5,4449.5,2257.9,438.32,Venda
SKU_1777_TUR,20/07/2025,Varejo,1,239.9,111.89,128.01,Venda
SKU_1791_ARM,20/07/2025,Varejo,2,529.8,164.08,182.86,Venda
SKU_1763_HOT,20/07/2025,E-commerce,1,299.9,111.89,188.01,Venda
SKU_1620_SAG,20/07/2025,Varejo,1,264.9,86.65,178.25,Venda
SKU_1637_BLU,20/07/2025,Atacado,3,2759.7,1177.83,527.29,Venda
SKU_1450_MAG,20/07/2025,Atacado,10,4099.0,2155.9,194.31,Venda
SKU_1649_GAR,20/07/2025,Atacado,5,1174.5,533.9,128.12,Venda
SKU_1756_FLA,20/07/2025,Varejo,2,359.8,159.16,100.32,Venda
SKU_1742_DEN,20/07/2025,Atacado,8,2079.2,979.2,137.5,Venda
SKU_2030_SER,20/07/2025,Atacado,8,2759.2,1252.88,188.29,Venda
SKU_1756_FLA,20/07/2025,Varejo,1,179.9,77.09,102.81,Venda
SKU_1681_OFF,20/07/2025,Varejo,1,234.9,71.28,163.62,Venda
SKU_1577_FLA,20/07/2025,Varejo,1,159.9,62.7,97.2,Venda
SKU_1431_CRE,20/07/2025,Atacado,6,2219.4,1140.06,179.89,Venda
SKU_1738_BLU,20/07/2025,Atacado,4,779.6,406.8,93.2,Venda
SKU_1792_MIN,20/07/2025,E-commerce,2,879.8,269.68,305.06,Venda
SKU_1773_OLI,20/07/2025,Atacado,3,974.7,466.29,169.47,Venda
SKU_1811_BLU,20/07/2025,Atacado,5,3449.5,1887.25,312.45,Venda
SKU_1754_SER,20/07/2025,Varejo,1,339.9,118.86,221.04,Venda
SKU_1785_HUN,20/07/2025,Atacado,4,979.6,471.08,127.13,Venda
SKU_1720_PAS,20/07/2025,Atacado,4,899.6,385.8,128.45,Venda
SKU_1734_FRE,20/07/2025,Atacado,3,1049.7,601.77,149.31,Venda
SKU_1729_CLE,20/07/2025,Varejo,1,174.9,86.42,88.48,Venda
SKU_1683_SHO,20/07/2025,E-commerce,1,314.9,148.05,166.85,Venda
SKU_1402_VAN,20/07/2025,Atacado,5,1174.5,569.7,120.96,Venda
SKU_1397_BUB,20/07/2025,Atacado,6,1409.4,753.36,109.34,Venda
SKU_1902_HOT,20/07/2025,Atacado,5,4149.5,2578.8,314.14,Venda
SKU_1502_PEA,20/07/2025,E-commerce,1,209.9,97.77,112.13,Venda
SKU_1705_JAD,20/07/2025,Atacado,4,1639.6,827.96,202.91,Venda
SKU_1794_FLA,20/07/2025,E-commerce,1,209.9,78.67,131.23,Venda
SKU_1962_FRE,20/07/2025,E-commerce,1,214.9,103.11,111.79,Venda
SKU_1737_SAG,20/07/2025,Varejo,2,1539.8,759.94,389.93,Venda
SKU_1560_CRE,20/07/2025,Varejo,2,449.8,134.98,157.41,Venda
SKU_1797_GAR,20/07/2025,Atacado,8,3039.2,1304.72,216.81,Venda
SKU_1522_BIR,20/07/2025,Atacado,6,899.4,395.22,84.03,Venda
SKU_1760_PAS,20/07/2025,Varejo,1,249.9,120.81,129.09,Venda
SKU_1710_OLI,20/07/2025,Varejo,2,1619.8,725.34,447.23,Venda
SKU_1533_CER,20/07/2025,Varejo,1,164.9,59.19,105.71,Venda
SKU_1687_WHI,20/07/2025,Atacado,12,10798.8,4635.96,513.57,Venda
SKU_1754_SER,20/07/2025,Atacado,8,2719.2,1366.72,169.06,Venda
SKU_1702_COR,20/07/2025,Varejo,1,619.9,219.63,400.27,Venda
SKU_1693_FLA,20/07/2025,Varejo,1,204.9,95.22,109.68,Venda
SKU_1692_OLI,20/07/2025,Atacado,4,879.6,480.68,99.73,Venda
SKU_1530_HON,20/07/2025,Atacado,5,649.5,278.05,74.29,Venda
SKU_1705_SER,20/07/2025,Atacado,4,1639.6,730.2,227.35,Venda
SKU_1694_PIS,20/07/2025,Varejo,2,559.8,195.74,182.03,Venda
SKU_1693_MEX,20/07/2025,Atacado,2,409.8,193.76,108.02,Venda
SKU_1751_MIN,20/07/2025,Atacado,8,2639.2,1174.8,183.05,Venda
SKU_2026_HON,20/07/2025,Varejo,2,2059.8,783.02,638.39,Venda
SKU_1777_FRE,20/07/2025,Varejo,2,479.8,235.68,122.06,Venda
SKU_1699_CLO,20/07/2025,Varejo,1,329.9,106.75,223.15,Venda
SKU_1391_SEA,20/07/2025,Varejo,1,284.9,136.03,148.87,Venda
SKU_1575_JAD,20/07/2025,Atacado,8,6919.2,3076.08,480.39,Venda
SKU_1432_WHI,20/07/2025,Atacado,3,2159.7,1189.71,323.33,Venda
SKU_1885_MAG,20/07/2025,Atacado,5,2749.5,1438.25,262.25,Venda
SKU_1800_SKY,20/07/2025,Atacado,8,2239.2,1133.04,138.27,Venda
SKU_1608_WHI,20/07/2025,Atacado,10,3049.0,1628.8,142.02,Venda
SKU_1507_PAS,20/07/2025,E-commerce,1,179.9,54.21,125.69,Venda
SKU_1531_SNO,20/07/2025,Atacado,3,1649.7,743.64,302.02,Venda
SKU_1739_AQU,20/07/2025,Atacado,10,2549.0,1415.2,113.38,Venda
SKU_1408_FUC,20/07/2025,E-commerce,1,919.9,391.06,528.84,Venda
SKU_1725_OFF,20/07/2025,Atacado,6,1469.4,718.38,125.17,Venda
SKU_1783_BAB,20/07/2025,E-commerce,2,2399.8,1036.58,681.61,Venda
SKU_1746_NAV,20/07/2025,Atacado,6,1079.4,568.38,85.17,Venda
SKU_1462_MID,20/07/2025,Atacado,10,3649.0,1864.0,178.5,Venda
SKU_1781_AQU,20/07/2025,Atacado,5,649.5,322.95,65.31,Venda
SKU_1522_MOS,20/07/2025,E-commerce,2,299.8,98.88,100.46,Venda
SKU_1527_FUC,20/07/2025,Atacado,3,2729.7,1219.41,503.43,Venda
SKU_1685_COB,20/07/2025,E-commerce,2,1329.8,655.88,336.96,Venda
SKU_1801_MOS,20/07/2025,Atacado,5,1874.5,983.6,178.18,Venda
SKU_1780_LIG,20/07/2025,Varejo,1,334.9,119.17,215.73,Venda
SKU_1476_CLO,20/07/2025,Atacado,10,2749.0,1178.4,157.06,Venda
SKU_1685_COB,20/07/2025,Varejo,1,664.9,325.38,339.52,Venda
SKU_1761_MOS,20/07/2025,Varejo,1,1104.9,361.44,743.46,Venda
SKU_2041_MOS,20/07/2025,Atacado,8,1759.2,820.64,117.32,Venda
SKU_1748_COB,20/07/2025,Varejo,1,309.9,131.63,178.27,Venda
SKU_1433_SAP,20/07/2025,Atacado,12,3778.8,1858.92,159.99,Venda
SKU_1454_BUB,20/07/2025,Atacado,5,749.5,392.0,71.5,Venda
SKU_1755_BIR,20/07/2025,E-commerce,2,669.8,299.24,185.28,Venda
SKU_1676_NAV,20/07/2025,Atacado,4,679.6,358.6,80.25,Venda
SKU_1758_HON,20/07/2025,Varejo,1,179.9,81.09,98.81,Venda
SKU_1747_TEA,20/07/2025,E-commerce,1,174.9,73.33,101.57,Venda
SKU_1770_JAD,20/07/2025,Varejo,1,219.9,83.23,136.67,Venda
SKU_1743_DEE,20/07/2025,E-commerce,2,879.8,282.42,298.69,Venda
SKU_1755_AQU,20/07/2025,Atacado,5,1674.5,867.2,161.46,Venda
SKU_1397_SNO,20/07/2025,Atacado,3,704.7,333.33,123.79,Venda
SKU_2107_WHI,20/07/2025,Varejo,1,424.9,141.26,283.64,Venda
SKU_1776_BIR,20/07/2025,Atacado,8,2639.2,1228.24,176.37,Venda
SKU_1756_BUB,20/07/2025,Atacado,8,1439.2,649.36,98.73,Venda
SKU_1706_BLA,20/07/2025,E-commerce,1,184.9,60.29,124.61,Venda
SKU_1711_VAN,20/07/2025,Varejo,2,1989.8,882.18,553.81,Venda
SKU_1598_DUS,20/07/2025,Atacado,4,1959.6,910.2,262.35,Venda
SKU_1785_PAS,20/07/2025,Atacado,3,734.7,363.21,123.83,Venda
SKU_1552_CLE,20/07/2025,Atacado,5,3299.5,1538.75,352.15,Venda
SKU_1713_SNO,20/07/2025,Varejo,1,504.9,171.77,333.13,Venda
SKU_1470_WHI,20/07/2025,Varejo,1,919.9,302.16,617.74,Venda
SKU_1588_CRE,20/07/2025,Atacado,3,1469.7,677.55,264.05,Venda
SKU_1740_OLI,20/07/2025,Varejo,1,214.9,75.0,139.9,Venda
SKU_1714_DEE,20/07/2025,Atacado,12,3658.8,2046.72,134.34,Venda
SKU_1728_MID,20/07/2025,Varejo,1,329.9,137.34,192.56,Venda
SKU_1610_MEX,20/07/2025,Atacado,4,739.6,353.68,96.48,Venda
SKU_1756_BUB,20/07/2025,Varejo,1,179.9,58.25,121.65,Venda
SKU_1792_AQU,20/07/2025,Atacado,2,879.8,433.88,222.96,Venda
SKU_1752_SPA,20/07/2025,Atacado,10,4299.0,2029.7,226.93,Venda
SKU_1452_SKY,20/07/2025,Atacado,6,869.4,411.42,76.33,Venda
SKU_1612_SNO,20/07/2025,Varejo,1,329.9,143.92,185.98,Venda
SKU_1712_MOS,20/07/2025,Varejo,2,359.8,122.64,118.58,Venda
SKU_1721_COR,20/07/2025,Atacado,6,2519.4,1141.02,229.73,Venda
SKU_1720_PAS,20/07/2025,Atacado,2,449.8,213.66,118.07,Venda
SKU_1749_SNO,20/07/2025,E-commerce,1,349.9,108.5,241.4,Venda
SKU_2113_DUS,20/07/2025,Atacado,6,989.4,456.12,88.88,Venda
SKU_1537_BLA,20/07/2025,Atacado,5,1274.5,558.55,143.19,Venda
SKU_1444_OLI,20/07/2025,Atacado,2,479.8,202.12,138.84,Venda
SKU_1763_MAR,20/07/2025,Atacado,5,1499.5,792.55,141.39,Venda
SKU_1775_PAS,20/07/2025,Varejo,1,279.9,91.27,188.63,Venda
SKU_1500_MOS,20/07/2025,Varejo,1,259.9,118.69,141.21,Venda
SKU_1768_MIN,20/07/2025,Varejo,1,624.9,298.96,325.94,Venda
SKU_1785_PAS,20/07/2025,E-commerce,1,244.9,108.37,136.53,Venda
SKU_1526_POW,20/07/2025,Varejo,2,339.8,121.22,109.29,Venda
SKU_1638_SAP,20/07/2025,Varejo,3,3419.7,1556.04,621.22,Venda
SKU_1712_MOS,20/07/2025,Atacado,3,539.7,250.32,96.46,Venda
SKU_1703_PAS,20/07/2025,Atacado,5,1349.5,690.6,131.78,Venda
SKU_1620_BLU,20/07/2025,Varejo,1,264.9,84.37,180.53,Venda
SKU_1712_MOS,20/07/2025,E-commerce,1,179.9,77.97,101.93,Venda
SKU_1717_CRE,20/07/2025,E-commerce,1,259.9,122.18,137.72,Venda
SKU_1429_SPA,20/07/2025,E-commerce,1,189.9,85.57,104.33,Venda
SKU_1782_HUN,20/07/2025,Varejo,1,249.9,123.13,126.77,Venda
SKU_2066_BLA,20/07/2025,Atacado,8,3799.2,1791.36,250.98,Venda
SKU_1800_MOS,20/07/2025,Atacado,5,1399.5,752.3,129.44,Venda
SKU_1518_LIM,20/07/2025,Atacado,8,1879.2,964.4,114.35,Venda
SKU_1696_SHO,20/07/2025,E-commerce,1,279.9,124.12,155.78,Venda
SKU_1708_FLA,20/07/2025,Atacado,10,1699.0,769.8,92.92,Venda
SKU_1425_WHI,20/07/2025,Atacado,4,839.6,396.0,110.9,Venda
SKU_1799_POW,20/07/2025,Varejo,1,269.9,96.53,173.37,Venda
SKU_1987_CLO,20/07/2025,Atacado,12,13438.8,7279.68,513.26,Venda
SKU_1730_OFF,20/07/2025,Atacado,10,3199.0,1449.4,174.96,Venda
SKU_1463_LIG,20/07/2025,E-commerce,1,259.9,129.21,130.69,Venda
SKU_1800_MOS,20/07/2025,Atacado,10,2799.0,1481.3,131.77,Venda
SKU_1771_EME,20/07/2025,Atacado,8,2119.2,982.24,142.12,Venda
SKU_1800_MOS,20/07/2025,Atacado,5,1399.5,740.1,131.88,Venda
SKU_1607_MAR,20/07/2025,Varejo,1,299.9,108.41,191.49,Venda
SKU_1701_BLU,20/07/2025,Atacado,4,1359.6,769.56,147.51,Venda
SKU_1722_PAS,20/07/2025,Atacado,3,974.7,434.91,179.93,Venda
SKU_1773_FRE,20/07/2025,Varejo,2,649.8,208.68,220.56,Venda
SKU_1703_BLU,20/07/2025,Varejo,1,269.9,116.11,153.79,Venda
SKU_1798_MOS,20/07/2025,E-commerce,1,419.9,150.12,269.78,Venda
SKU_2018_BAB,20/07/2025,Varejo,1,479.9,191.47,288.43,Venda
SKU_1515_AQU,20/07/2025,Varejo,2,389.8,163.84,112.98,Venda
SKU_1794_LIG,20/07/2025,Atacado,10,2099.0,1007.1,109.19,Venda
SKU_1691_ROS,20/07/2025,Varejo,1,309.9,127.39,182.51,Venda
SKU_1729_FUC,20/07/2025,Varejo,2,349.8,134.44,107.68,Venda
SKU_1708_FLA,20/07/2025,E-commerce,1,169.9,64.78,105.12,Venda
SKU_1776_BIR,20/07/2025,Varejo,1,329.9,139.44,190.46,Venda
SKU_1963_IVO,20/07/2025,Atacado,4,2779.6,1547.76,307.96,Venda
SKU_1728_EGR,20/07/2025,Varejo,1,329.9,131.41,198.49,Venda
SKU_1840_FOR,20/07/2025,Varejo,3,644.7,247.95,132.25,Venda
SKU_1918_SKY,20/07/2025,E-commerce,2,399.8,130.86,134.47,Venda
SKU_1745_FOR,20/07/2025,Atacado,6,2459.4,1119.24,223.36,Venda
SKU_1792_AQU,20/07/2025,Atacado,8,3519.2,2198.0,165.15,Venda
SKU_1764_FUC,20/07/2025,Varejo,1,234.9,77.75,157.15,Venda
SKU_1491_CER,20/07/2025,Atacado,5,674.5,321.6,70.58,Venda
SKU_1467_FUC,20/07/2025,Atacado,8,1639.2,759.44,109.97,Venda
SKU_1584_AQU,20/07/2025,Varejo,2,369.8,159.5,105.15,Venda
SKU_1417_SNO,20/07/2025,Varejo,1,279.9,111.55,168.35,Venda
SKU_1709_CRE,20/07/2025,Atacado,4,839.6,357.88,120.43,Venda
SKU_1726_PAS,20/07/2025,Varejo,2,859.8,337.88,260.96,Venda
SKU_1723_COB,20/07/2025,Atacado,3,1304.7,616.47,229.41,Venda
SKU_1689_IVO,20/07/2025,Atacado,3,2894.7,1446.09,482.87,Venda
SKU_1715_HON,20/07/2025,Atacado,4,879.6,500.12,94.87,Venda
SKU_1795_RAS,20/07/2025,Atacado,3,899.7,517.14,127.52,Venda
SKU_1685_COB,20/07/2025,Varejo,2,1329.8,551.46,389.17,Venda
SKU_1774_MOS,20/07/2025,Varejo,2,409.8,189.42,110.19,Venda
SKU_2063_SHO,20/07/2025,Atacado,4,879.6,394.16,121.36,Venda
SKU_1564_NAV,20/07/2025,E-commerce,1,589.9,182.85,407.05,Venda
SKU_1713_SNO,20/07/2025,Varejo,1,504.9,169.99,334.91,Venda
SKU_1760_OFF,20/07/2025,E-commerce,2,499.8,244.46,127.67,Venda
SKU_1783_BAB,20/07/2025,E-commerce,1,1199.9,499.46,700.44,Venda
SKU_1702_COR,20/07/2025,Varejo,1,619.9,266.54,353.36,Venda
SKU_1787_BAB,20/07/2025,Varejo,1,289.9,144.65,145.25,Venda
SKU_1948_WHI,20/07/2025,E-commerce,1,199.9,96.75,103.15,Venda
SKU_1706_JAD,20/07/2025,Atacado,2,369.8,179.72,95.04,Venda
SKU_1806_ROS,20/07/2025,Atacado,5,974.5,486.2,97.66,Venda
SKU_1683_SHO,20/07/2025,Varejo,1,314.9,116.0,198.9,Venda
SKU_1748_BAB,20/07/2025,Atacado,4,1239.6,704.64,133.74,Venda
SKU_1783_EGR,20/07/2025,E-commerce,2,2399.8,1153.02,623.39,Venda
SKU_1719_WHI,20/07/2025,Atacado,8,2559.2,1339.52,152.46,Venda
SKU_1785_HUN,20/07/2025,E-commerce,1,244.9,80.36,164.54,Venda
SKU_1703_BLU,20/07/2025,Atacado,5,1349.5,745.65,120.77,Venda
SKU_1599_CER,20/07/2025,Varejo,1,469.9,225.04,244.86,Venda
SKU_1765_PAS,20/07/2025,Varejo,1,259.9,98.44,161.46,Venda
SKU_1644_BAB,20/07/2025,Atacado,4,1279.6,581.8,174.45,Venda
SKU_1742_DEN,20/07/2025,Atacado,2,519.8,258.5,130.65,Venda
SKU_1614_IVO,20/07/2025,Atacado,3,1334.7,630.69,234.67,Venda
SKU_1684_SHO,20/07/2025,Varejo,1,184.9,57.02,127.88,Venda
SKU_2065_DUS,20/07/2025,E-commerce,1,199.9,73.74,126.16,Venda
SKU_1624_PRI,20/07/2025,Varejo,1,209.9,65.72,144.18,Venda
SKU_1708_FLA,20/07/2025,Atacado,8,1359.2,632.64,90.82,Venda
SKU_1766_MYS,20/07/2025,Atacado,3,1184.7,610.89,191.27,Venda
SKU_1580_WHI,20/07/2025,Atacado,4,759.6,328.56,107.76,Venda
SKU_1726_BUB,20/07/2025,Varejo,1,429.9,150.9,279.0,Venda
SKU_1680_SEA,20/07/2025,Varejo,1,334.9,161.4,173.5,Venda
SKU_1749_BIR,20/07/2025,Varejo,1,349.9,115.52,234.38,Venda
SKU_1717_CRE,20/07/2025,Atacado,2,519.8,253.44,133.18,Venda
SKU_1690_MYS,20/07/2025,Atacado,5,2699.5,1271.0,285.7,Venda
SKU_1795_HUN,20/07/2025,Atacado,3,899.7,443.34,152.12,Venda
SKU_1747_TEA,20/07/2025,Atacado,5,874.5,368.2,101.26,Venda
SKU_1730_MIN,20/07/2025,Varejo,1,319.9,113.72,206.18,Venda
SKU_1722_PAS,20/07/2025,Atacado,4,1299.6,605.36,173.56,Venda
SKU_1736_JAD,20/07/2025,Varejo,2,649.8,228.42,210.69,Venda
SKU_1401_BLU,20/07/2025,Varejo,1,239.9,73.11,166.79,Venda
SKU_1784_EGR,20/07/2025,Varejo,1,309.9,118.76,191.14,Venda
SKU_1799_POW,20/07/2025,Atacado,10,2699.0,1143.8,155.52,Venda
SKU_1783_BAB,20/07/2025,Varejo,1,1199.9,476.23,723.67,Venda
SKU_1758_HON,20/07/2025,E-commerce,1,179.9,86.09,93.81,Venda
SKU_1760_OFF,20/07/2025,Atacado,6,1499.4,860.64,106.46,Venda
SKU_1632_SPA,20/07/2025,Varejo,1,184.9,61.44,123.46,Venda
SKU_1681_OFF,20/07/2025,Atacado,8,1879.2,868.0,126.4,Venda
SKU_1753_PAL,20/07/2025,Varejo,1,789.9,237.06,552.84,Venda
SKU_1700_HUN,20/07/2025,Atacado,2,1399.8,604.04,397.88,Venda
SKU_1691_HUN,20/07/2025,Varejo,1,309.9,101.12,208.78,Venda
SKU_1552_SAP,20/07/2025,Atacado,8,5279.2,2977.44,287.72,Venda
SKU_1758_CLO,20/07/2025,Atacado,10,1799.0,958.2,84.08,Venda
SKU_1797_GAR,20/07/2025,E-commerce,1,379.9,133.87,246.03,Venda
SKU_1757_TUR,20/07/2025,Atacado,5,1324.5,603.0,144.3,Venda
SKU_1726_BUB,20/07/2025,Atacado,5,2149.5,1078.1,214.28,Venda
SKU_1779_LIG,20/07/2025,Atacado,3,644.7,312.21,110.83,Venda
SKU_1597_FLA,20/07/2025,Varejo,2,1059.8,447.88,305.96,Venda
SKU_1639_FRE,20/07/2025,Varejo,2,379.8,162.24,108.78,Venda
SKU_1745_PEA,20/07/2025,Varejo,2,819.8,304.04,257.88,Venda
SKU_1741_PIN,20/07/2025,E-commerce,1,239.9,95.26,144.64,Venda
SKU_1739_AQU,20/07/2025,Atacado,6,1529.4,646.08,147.22,Venda
SKU_1699_COB,20/07/2025,Varejo,1,329.9,108.64,221.26,Venda
SKU_1654_NAV,20/07/2025,Varejo,1,309.9,129.55,180.35,Venda
SKU_1743_CLO,20/07/2025,Atacado,4,1759.6,892.08,216.88,Venda
SKU_1997_MID,20/07/2025,Atacado,6,1139.4,609.3,88.35,Venda
SKU_1486_OLI,20/07/2025,Atacado,5,1449.5,661.05,157.69,Venda
SKU_1550_PAL,20/07/2025,Atacado,5,824.5,418.35,81.23,Venda
SKU_1445_PRI,20/07/2025,E-commerce,1,409.9,204.78,205.12,Venda
SKU_1733_SAG,20/07/2025,Varejo,2,699.8,312.72,193.54,Venda
SKU_1782_HUN,20/07/2025,Varejo,1,249.9,98.43,151.47,Venda
SKU_1765_PAS,20/07/2025,E-commerce,1,259.9,125.08,134.82,Venda
SKU_1486_OLI,20/07/2025,E-commerce,1,289.9,144.77,145.13,Venda
SKU_1470_MAR,20/07/2025,Varejo,1,919.9,369.6,550.3,Venda
SKU_1502_PEA,20/07/2025,Atacado,4,839.6,398.0,110.4,Venda
SKU_1500_MOS,20/07/2025,Varejo,1,259.9,94.53,165.37,Venda
SKU_1798_MOS,20/07/2025,Atacado,5,2099.5,998.55,220.19,Venda
SKU_1665_SAG,20/07/2025,Varejo,1,249.9,97.7,152.2,Venda
SKU_1697_PIS,20/07/2025,Atacado,10,2199.0,1223.5,97.55,Venda
SKU_1542_PEA,20/07/2025,Atacado,8,3759.2,1855.6,237.95,Venda
SKU_1712_MOS,20/07/2025,Atacado,8,1439.2,703.6,91.95,Venda
SKU_1704_PEA,20/07/2025,Atacado,5,1674.5,791.95,176.51,Venda
SKU_1552_CLE,20/07/2025,E-commerce,1,659.9,216.55,443.35,Venda
SKU_1726_PAS,20/07/2025,Varejo,1,429.9,187.75,242.15,Venda
SKU_1578_PAS,20/07/2025,Atacado,5,624.5,299.15,65.07,Venda
SKU_1723_MOS,20/07/2025,Atacado,8,3479.2,1676.08,225.39,Venda
SKU_1752_SNO,20/07/2025,E-commerce,1,429.9,169.68,260.22,Venda
SKU_1751_MIN,20/07/2025,Atacado,4,1319.6,604.64,178.74,Venda
SKU_1727_WHI,20/07/2025,Varejo,1,154.9,71.91,82.99,Venda
SKU_1404_ARM,20/07/2025,E-commerce,2,2039.8,637.58,701.11,Venda
SKU_1763_MAR,20/07/2025,Varejo,1,299.9,146.66,153.24,Venda
SKU_1787_BAB,20/07/2025,Atacado,3,869.7,391.86,159.28,Venda
SKU_1760_PAS,20/07/2025,E-commerce,2,499.8,207.0,146.4,Venda
SKU_1768_MIN,20/07/2025,E-commerce,1,624.9,225.3,399.6,Venda
SKU_1698_PRI,20/07/2025,Atacado,8,3359.2,1759.44,199.97,Venda
SKU_1689_IVO,20/07/2025,Varejo,1,964.9,310.81,654.09,Venda
SKU_1750_SNO,20/07/2025,Atacado,5,1849.5,975.25,174.85,Venda
SKU_1682_OLI,20/07/2025,Varejo,1,234.9,108.47,126.43,Venda
SKU_1493_PEA,20/07/2025,Varejo,3,989.7,473.88,171.94,Venda
SKU_1795_HUN,20/07/2025,Varejo,1,299.9,148.19,151.71,Venda
SKU_1669_COR,20/07/2025,E-commerce,1,199.9,90.0,109.9,Venda
SKU_1839_BAB,20/07/2025,Atacado,2,589.8,261.64,164.08,Venda
SKU_1712_NAV,20/07/2025,Atacado,5,899.5,434.95,92.91,Venda
SKU_1754_IVO,20/07/2025,Atacado,6,2039.4,954.48,180.82,Venda
SKU_1741_PIN,20/07/2025,Atacado,6,1439.4,789.96,108.24,Venda
SKU_1537_BLA,20/07/2025,E-commerce,1,254.9,98.95,155.95,Venda
SKU_1751_MIN,20/07/2025,Varejo,1,329.9,126.34,203.56,Venda
SKU_1790_EGR,20/07/2025,E-commerce,1,259.9,104.56,155.34,Venda
SKU_1562_BLU,20/07/2025,Varejo,3,929.7,307.89,207.27,Venda
SKU_1726_PAS,20/07/2025,Varejo,2,859.8,376.26,241.77,Venda
SKU_1771_PIN,20/07/2025,Varejo,3,794.7,387.57,135.71,Venda
SKU_1684_SHO,20/07/2025,Atacado,3,554.7,239.7,105.0,Venda
SKU_1428_COB,20/07/2025,Varejo,1,489.9,162.89,327.01,Venda
SKU_1741_PIN,20/07/2025,Varejo,1,239.9,116.65,123.25,Venda
SKU_1696_SER,20/07/2025,Varejo,1,279.9,126.24,153.66,Venda
SKU_2049_PAS,20/07/2025,Varejo,1,214.9,79.31,135.59,Venda
SKU_1730_OFF,20/07/2025,E-commerce,2,639.8,281.66,179.07,Venda
SKU_1782_HUN,20/07/2025,Atacado,10,2499.0,1075.9,142.31,Venda
SKU_1814_PAS,20/07/2025,Atacado,2,759.8,347.0,206.4,Venda
SKU_1736_JAD,20/07/2025,Varejo,1,324.9,146.16,178.74,Venda
SKU_1636_SHO,20/07/2025,E-commerce,1,439.9,174.83,265.07,Venda
SKU_1419_FLA,20/07/2025,Atacado,6,1499.4,713.46,130.99,Venda
SKU_1785_HUN,20/07/2025,Atacado,4,979.6,478.84,125.19,Venda
SKU_1794_LIG,20/07/2025,Atacado,3,629.7,346.92,94.26,Venda
SKU_1826_SAP,20/07/2025,Atacado,3,1454.7,626.31,276.13,Venda
SKU_1572_MAR,20/07/2025,Varejo,1,139.9,69.61,70.29,Venda
SKU_1537_BLA,20/07/2025,E-commerce,1,254.9,87.8,167.1,Venda
SKU_1766_MYS,20/07/2025,Atacado,5,1974.5,1041.45,186.61,Venda
SKU_1776_PAS,20/07/2025,Varejo,1,329.9,110.94,218.96,Venda
SKU_1783_BAB,20/07/2025,Varejo,1,1199.9,477.26,722.64,Venda
SKU_1511_SKY,20/07/2025,Atacado,8,7479.2,3609.28,483.74,Venda
SKU_1952_TUR,20/07/2025,Varejo,1,204.9,69.14,135.76,Venda
SKU_1742_EME,20/07/2025,Varejo,2,519.8,251.16,134.32,Venda
SKU_1691_HUN,20/07/2025,Atacado,4,1239.6,656.84,145.69,Venda
SKU_1514_SPA,20/07/2025,Varejo,1,829.9,391.42,438.48,Venda
SKU_1695_LIM,20/07/2025,E-commerce,1,209.9,80.95,128.95,Venda
SKU_1780_AQU,20/07/2025,Varejo,1,334.9,132.33,202.57,Venda
SKU_1772_BLU,20/07/2025,Atacado,4,1659.6,810.52,212.27,Venda
SKU_1776_PAS,20/07/2025,E-commerce,1,329.9,147.67,182.23,Venda
SKU_1680_SEA,20/07/2025,Atacado,3,1004.7,500.76,167.98,Venda
SKU_1765_PAS,20/07/2025,Varejo,3,779.7,320.31,153.13,Venda
SKU_1725_BAB,20/07/2025,Varejo,1,244.9,106.47,138.43,Venda
SKU_1735_MOS,20/07/2025,Varejo,1,269.9,131.51,138.39,Venda
SKU_1429_MAG,20/07/2025,Varejo,1,189.9,71.77,118.13,Venda
SKU_1898_WHI,20/07/2025,Varejo,2,969.8,315.0,327.4,Venda
SKU_1701_SPA,20/07/2025,Atacado,3,1019.7,438.93,193.59,Venda
SKU_1779_LIG,20/07/2025,Atacado,2,429.8,213.54,108.13,Venda
SKU_1724_PIN,20/07/2025,Varejo,1,1114.9,532.73,582.17,Venda
SKU_1525_OLI,20/07/2025,E-commerce,1,289.9,110.48,179.42,Venda
SKU_1413_SAG,20/07/2025,Varejo,1,184.9,84.47,100.43,Venda
SKU_1709_MAR,20/07/2025,Varejo,1,209.9,66.74,143.16,Venda
SKU_2101_PAS,20/07/2025,Atacado,8,1959.2,866.96,136.53,Venda
SKU_1398_SPA,20/07/2025,Atacado,3,2024.7,985.29,346.47,Venda
SKU_1740_FRE,20/07/2025,Atacado,2,429.8,214.5,107.65,Venda
SKU_1707_SAP,20/07/2025,Varejo,2,559.8,173.64,193.08,Venda
SKU_1707_ARM,20/07/2025,Varejo,2,559.8,203.96,177.92,Venda
SKU_1737_SAG,20/07/2025,Varejo,1,769.9,313.35,456.55,Venda
SKU_1428_SKY,20/07/2025,Atacado,3,1469.7,739.5,243.4,Venda
SKU_1712_NAV,20/07/2025,Varejo,1,179.9,82.37,97.53,Venda
SKU_1898_EME,20/07/2025,E-commerce,1,484.9,211.39,273.51,Venda
SKU_1635_SAG,20/07/2025,Atacado,6,3629.4,1685.58,323.97,Venda
SKU_1922_TEA,20/07/2025,Atacado,3,2084.7,1021.83,354.29,Venda
SKU_1745_PEA,20/07/2025,Varejo,1,409.9,154.49,255.41,Venda
SKU_1544_PEA,20/07/2025,Atacado,4,799.6,461.16,84.61,Venda
SKU_1790_EGR,20/07/2025,Atacado,2,519.8,274.96,122.42,Venda
SKU_1724_PIN,20/07/2025,Atacado,6,6689.4,3192.66,582.79,Venda
SKU_1797_BLU,20/07/2025,Atacado,4,1519.6,677.32,210.57,Venda
SKU_1397_BUB,20/07/2025,Varejo,2,469.8,154.1,157.85,Venda
SKU_1734_BRI,20/07/2025,Varejo,1,349.9,119.54,230.36,Venda
SKU_1419_FLA,20/07/2025,Atacado,10,2499.0,1223.4,127.56,Venda
SKU_1695_LIM,20/07/2025,E-commerce,1,209.9,77.91,131.99,Venda
SKU_1722_AQU,20/07/2025,Varejo,2,649.8,271.28,189.26,Venda
SKU_1494_EGR,20/07/2025,Varejo,1,1084.9,483.71,601.19,Venda
SKU_1694_PIS,20/07/2025,Atacado,12,3358.8,1478.76,156.67,Venda
SKU_1777_FRE,20/07/2025,E-commerce,1,239.9,84.78,155.12,Venda
SKU_1801_MOS,20/07/2025,Varejo,1,374.9,183.43,191.47,Venda
SKU_1462_MID,20/07/2025,Atacado,3,1094.7,516.63,192.69,Venda
SKU_1800_MOS,20/07/2025,Varejo,2,559.8,245.1,157.35,Venda
SKU_1597_SHO,20/07/2025,Varejo,3,1589.7,525.0,354.9,Venda
SKU_1760_OFF,20/07/2025,Atacado,5,1249.5,672.15,115.47,Venda
SKU_1727_WHI,20/07/2025,Atacado,3,464.7,215.67,83.01,Venda
SKU_1702_LIG,20/07/2025,Atacado,8,4959.2,2453.68,313.19,Venda
SKU_1750_SNO,20/07/2025,Atacado,5,1849.5,809.95,207.91,Venda
SKU_1779_LIG,20/07/2025,Atacado,4,859.6,423.12,109.12,Venda
SKU_1767_PRI,20/07/2025,E-commerce,2,409.8,125.88,141.96,Venda
SKU_1755_BIR,20/07/2025,Varejo,1,334.9,135.45,199.45,Venda
SKU_1718_DUS,20/07/2025,Varejo,1,369.9,159.86,210.04,Venda
SKU_1782_NAV,20/07/2025,E-commerce,1,249.9,121.67,128.23,Venda
SKU_1693_MEX,20/07/2025,Atacado,6,1229.4,559.38,111.67,Venda
SKU_1573_MIN,20/07/2025,E-commerce,2,2049.8,985.16,532.32,Venda
SKU_1520_ROY,20/07/2025,Atacado,2,449.8,238.22,105.79,Venda
SKU_1441_IVO,20/07/2025,E-commerce,1,1154.9,489.23,665.67,Venda
SKU_1554_PIS,20/07/2025,E-commerce,1,1034.9,406.21,628.69,Venda
SKU_1764_FUC,20/07/2025,Atacado,3,704.7,327.27,125.81,Venda
SKU_1800_MOS,20/07/2025,Atacado,3,839.7,410.34,143.12,Venda
SKU_1455_ROY,20/07/2025,Atacado,5,1674.5,807.9,173.32,Venda
SKU_1687_FOR,20/07/2025,Varejo,3,2699.7,1191.93,502.59,Venda
SKU_1761_SAP,20/07/2025,Atacado,10,11049.0,5628.1,542.09,Venda
SKU_1671_MIN,20/07/2025,Atacado,2,699.8,329.62,185.09,Venda
SKU_1688_LIG,20/07/2025,Atacado,4,1719.6,875.48,211.03,Venda
SKU_1705_JAD,20/07/2025,E-commerce,1,409.9,179.56,230.34,Venda
SKU_1740_FRE,20/07/2025,Atacado,12,2578.8,1290.12,107.39,Venda
SKU_1751_BLU,20/07/2025,E-commerce,1,329.9,150.95,178.95,Venda
SKU_1717_MIN,20/07/2025,Varejo,1,259.9,80.11,179.79,Venda
SKU_1700_PIS,20/07/2025,Varejo,1,699.9,266.44,433.46,Venda
SKU_1879_COR,20/07/2025,Varejo,1,304.9,127.8,177.1,Venda
SKU_1744_EME,20/07/2025,Varejo,1,264.9,80.95,183.95,Venda
SKU_1696_SER,20/07/2025,Atacado,4,1119.6,506.24,153.34,Venda
SKU_1699_COB,20/07/2025,Varejo,3,989.7,332.94,218.92,Venda
SKU_1767_PRI,20/07/2025,Atacado,6,1229.4,551.1,113.05,Venda
SKU_1832_COR,20/07/2025,Atacado,4,1179.6,499.76,169.96,Venda
SKU_1777_FRE,20/07/2025,Atacado,8,1919.2,901.12,127.26,Venda
SKU_1732_OFF,20/07/2025,E-commerce,1,1114.9,442.33,672.57,Venda
SKU_1776_BIR,20/07/2025,E-commerce,1,329.9,123.72,206.18,Venda
SKU_1711_VAN,20/07/2025,Atacado,6,5969.4,2778.66,531.79,Venda
SKU_1582_PAS,20/07/2025,Varejo,1,229.9,93.79,136.11,Venda
SKU_1760_PAS,20/07/2025,Atacado,3,749.7,379.02,123.56,Venda
SKU_1705_JAD,20/07/2025,Varejo,1,409.9,152.48,257.42,Venda
SKU_1782_HUN,20/07/2025,E-commerce,1,249.9,79.68,170.22,Venda
SKU_1720_PAL,20/07/2025,Varejo,4,899.6,313.84,146.44,Venda
SKU_1796_SHO,20/07/2025,Atacado,10,5049.0,2580.4,246.86,Venda
SKU_1761_SAP,20/07/2025,Varejo,1,1104.9,489.04,615.86,Venda
SKU_2102_WHI,20/07/2025,Varejo,1,744.9,264.35,480.55,Venda
SKU_1474_BRI,20/07/2025,Atacado,2,2119.8,1028.6,545.6,Venda
SKU_1558_CLE,20/07/2025,Atacado,3,989.7,463.08,175.54,Venda
SKU_1765_PAS,20/07/2025,Varejo,1,259.9,119.5,140.4,Venda
SKU_1693_MEX,20/07/2025,Varejo,1,204.9,65.82,139.08,Venda
SKU_1739_AQU,20/07/2025,Varejo,1,254.9,101.09,153.81,Venda
SKU_1741_PEA,20/07/2025,Varejo,1,239.9,98.23,141.67,Venda
SKU_1791_ARM,20/07/2025,Varejo,1,264.9,127.08,137.82,Venda
SKU_1783_BAB,20/07/2025,Varejo,2,2399.8,905.98,746.91,Venda
SKU_1567_POW,20/07/2025,Varejo,2,1379.8,478.82,450.49,Venda
SKU_1681_PIS,20/07/2025,Varejo,1,234.9,109.2,125.7,Venda
SKU_1694_PIS,20/07/2025,E-commerce,1,279.9,97.03,182.87,Venda
SKU_1726_BUB,20/07/2025,Varejo,1,429.9,184.73,245.17,Venda
SKU_1728_MID,20/07/2025,Varejo,1,329.9,126.39,203.51,Venda
SKU_1731_MIN,20/07/2025,Varejo,1,909.9,301.84,608.06,Venda
SKU_1728_EGR,20/07/2025,Atacado,6,1979.4,972.3,167.85,Venda
SKU_1693_FLA,20/07/2025,E-commerce,1,204.9,76.87,128.03,Venda
SKU_1766_MYS,20/07/2025,Atacado,2,789.8,383.7,203.05,Venda
SKU_2001_MAR,20/07/2025,Atacado,5,1924.5,950.35,194.83,Venda
SKU_1774_MOS,20/07/2025,E-commerce,1,204.9,75.22,129.68,Venda
SKU_1692_BLU,20/07/2025,Varejo,2,439.8,155.44,142.18,Venda
SKU_1690_MYS,20/07/2025,Atacado,4,2159.6,1089.04,267.64,Venda
SKU_1577_FLA,20/07/2025,Atacado,8,1279.2,598.64,85.07,Venda
SKU_1405_CLO,20/07/2025,Varejo,3,644.7,219.03,141.89,Venda
SKU_1746_NAV,20/07/2025,Atacado,5,899.5,440.15,91.87,Venda
SKU_1512_TEA,20/07/2025,Atacado,5,1124.5,648.45,95.21,Venda
SKU_1713_SNO,20/07/2025,Varejo,1,504.9,173.18,331.72,Venda
SKU_1699_COB,20/07/2025,Varejo,2,659.8,256.88,201.46,Venda
SKU_1687_WHI,20/07/2025,Atacado,6,5399.4,2482.44,486.16,Venda
SKU_1743_CLO,20/07/2025,Atacado,2,879.8,424.2,227.8,Venda
SKU_2092_FUC,20/07/2025,Atacado,6,1649.4,881.82,127.93,Venda
SKU_1740_OLI,20/07/2025,E-commerce,1,214.9,92.29,122.61,Venda
SKU_1417_SNO,20/07/2025,Varejo,1,279.9,116.98,162.92,Venda
SKU_1996_SHO,20/07/2025,Varejo,1,244.9,91.22,153.68,Venda
SKU_1727_LIG,20/07/2025,Varejo,1,154.9,50.43,104.47,Venda
SKU_1761_SAP,20/07/2025,Varejo,1,1104.9,529.12,575.78,Venda
SKU_1692_OLI,20/07/2025,Atacado,5,1099.5,472.05,125.49,Venda
SKU_1600_LIG,20/07/2025,Varejo,1,394.9,122.46,272.44,Venda
SKU_1691_HUN,20/07/2025,Atacado,6,1859.4,884.34,162.51,Venda
SKU_1771_PIN,20/07/2025,Atacado,8,2119.2,1117.6,125.2,Venda
SKU_1722_PAS,20/07/2025,Varejo,2,649.8,248.9,200.45,Venda
SKU_1476_WHI,20/07/2025,Varejo,3,824.7,386.82,145.96,Venda
SKU_1449_NAV,20/07/2025,Varejo,1,324.9,158.01,166.89,Venda
SKU_1767_PRI,20/07/2025,Varejo,1,204.9,97.54,107.36,Venda
SKU_1681_OFF,20/07/2025,Varejo,2,469.8,177.74,146.03,Venda
SKU_1695_LIM,20/07/2025,Varejo,2,419.8,144.44,137.68,Venda
SKU_2010_BIR,20/07/2025,Varejo,1,919.9,391.73,528.17,Venda
SKU_1724_PIN,20/07/2025,Atacado,6,6689.4,2847.78,640.27,Venda
SKU_1766_CLE,20/07/2025,Atacado,4,1579.6,804.8,193.7,Venda
SKU_1643_PAS,20/07/2025,Varejo,1,224.9,73.66,151.24,Venda
SKU_1577_HUN,20/07/2025,Varejo,1,159.9,74.18,85.72,Venda
SKU_1445_TEA,20/07/2025,Varejo,1,409.9,128.73,281.17,Venda
SKU_1545_TEA,20/07/2025,Atacado,4,1039.6,592.72,111.72,Venda
SKU_1787_BAB,20/07/2025,Varejo,1,289.9,105.9,184.0,Venda
SKU_1710_MEX,20/07/2025,Atacado,6,4859.4,2539.14,386.71,Venda
SKU_1389_BAB,20/07/2025,Varejo,1,139.9,45.47,94.43,Venda
SKU_1535_MOS,20/07/2025,Varejo,3,914.7,323.22,197.16,Venda
SKU_1800_MOS,20/07/2025,Atacado,5,1399.5,777.65,124.37,Venda
SKU_1450_MAG,20/07/2025,Atacado,6,2459.4,1157.16,217.04,Venda
SKU_1760_PAS,20/07/2025,Atacado,6,1499.4,786.06,118.89,Venda
SKU_1707_SAP,20/07/2025,Atacado,5,1399.5,726.25,134.65,Venda
SKU_1787_BAB,20/07/2025,Varejo,1,289.9,87.98,201.92,Venda
SKU_1716_AQU,20/07/2025,Varejo,2,329.8,147.32,91.24,Venda
SKU_1742_DEN,20/07/2025,Varejo,1,259.9,113.1,146.8,Venda
SKU_1688_WHI,20/07/2025,Varejo,1,429.9,200.25,229.65,Venda
SKU_1726_PAS,20/07/2025,Varejo,1,429.9,138.37,291.53,Venda
SKU_1787_BAB,20/07/2025,Atacado,4,1159.6,510.44,162.29,Venda
SKU_1775_PAL,20/07/2025,E-commerce,1,279.9,138.05,141.85,Venda
SKU_1696_SHO,20/07/2025,Atacado,3,839.7,415.83,141.29,Venda
SKU_1766_CLE,20/07/2025,Varejo,1,394.9,166.2,228.7,Venda
SKU_1690_MAG,20/07/2025,Atacado,6,3239.4,1572.72,277.78,Venda
SKU_1515_SEA,20/07/2025,E-commerce,1,194.9,81.1,113.8,Venda
SKU_1742_EME,20/07/2025,E-commerce,1,259.9,80.71,179.19,Venda
SKU_1799_DEN,20/07/2025,E-commerce,2,539.8,266.3,136.75,Venda
SKU_1765_PAS,20/07/2025,Atacado,6,1559.4,662.4,149.5,Venda
SKU_1564_BLA,20/07/2025,E-commerce,1,589.9,194.32,395.58,Venda
SKU_1565_LIG,20/07/2025,Varejo,1,359.9,146.8,213.1,Venda
SKU_1730_MIN,20/07/2025,E-commerce,1,319.9,141.87,178.03,Venda
SKU_1728_EGR,20/07/2025,Atacado,3,989.7,614.82,124.96,Venda
SKU_1738_BLU,20/07/2025,Atacado,4,779.6,404.84,93.69,Venda
SKU_1874_JAD,20/07/2025,E-commerce,1,219.9,103.36,116.54,Venda
SKU_1800_MOS,20/07/2025,E-commerce,1,279.9,89.31,190.59,Venda
SKU_1677_VAN,20/07/2025,E-commerce,1,569.9,187.18,382.72,Venda
SKU_1531_TEA,20/07/2025,Atacado,4,2199.6,1016.92,295.67,Venda
SKU_2013_TEA,20/07/2025,Atacado,8,1479.2,760.96,89.78,Venda
SKU_1703_BLU,20/07/2025,Varejo,1,269.9,109.28,160.62,Venda
SKU_1711_ARM,20/07/2025,E-commerce,2,1989.8,606.54,691.63,Venda
SKU_1796_SHO,20/07/2025,Atacado,5,2524.5,1225.1,259.88,Venda
SKU_1758_CLO,20/07/2025,Atacado,5,899.5,503.0,79.3,Venda
SKU_1685_COB,20/07/2025,Varejo,1,664.9,331.59,333.31,Venda
SKU_1710_MEX,20/07/2025,Varejo,1,809.9,278.87,531.03,Venda
SKU_1842_SAG,20/07/2025,Atacado,2,1069.8,501.28,284.26,Venda
SKU_1759_CLE,20/07/2025,Atacado,4,1079.6,610.24,117.34,Venda
SKU_1456_EME,20/07/2025,Atacado,3,944.7,430.02,171.56,Venda
SKU_1537_SAP,20/07/2025,Atacado,6,1529.4,799.2,121.7,Venda
SKU_1741_PIN,20/07/2025,Atacado,3,719.7,317.88,133.94,Venda
SKU_1720_PAL,20/07/2025,Varejo,3,674.7,306.96,122.58,Venda
SKU_1728_MID,20/07/2025,Atacado,5,1649.5,827.15,164.47,Venda
SKU_1740_FRE,20/07/2025,Varejo,2,429.8,180.04,124.88,Venda
SKU_1449_NAV,20/07/2025,Atacado,3,974.7,499.95,158.25,Venda
SKU_1781_CLE,20/07/2025,E-commerce,1,129.9,48.84,81.06,Venda
SKU_1671_MIN,20/07/2025,Atacado,5,1749.5,838.25,182.25,Venda
SKU_1777_FRE,20/07/2025,E-commerce,1,239.9,83.45,156.45,Venda
SKU_1782_HUN,20/07/2025,Varejo,1,249.9,114.45,135.45,Venda
SKU_1495_BLA,20/07/2025,Varejo,1,329.9,120.99,208.91,Venda
SKU_1722_AQU,20/07/2025,E-commerce,1,324.9,112.74,212.16,Venda
SKU_1698_PRI,20/07/2025,E-commerce,1,419.9,157.17,262.73,Venda
SKU_1681_PIS,20/07/2025,Atacado,5,1174.5,613.95,112.11,Venda
SKU_1734_BRI,20/07/2025,Varejo,1,349.9,152.82,197.08,Venda
SKU_2116_BLA,20/07/2025,Varejo,1,379.9,143.05,236.85,Venda
SKU_1798_OFF,20/07/2025,Varejo,1,419.9,149.78,270.12,Venda
SKU_1507_PAS,20/07/2025,Varejo,2,359.8,137.26,111.27,Venda
SKU_1758_HON,20/07/2025,E-commerce,2,359.8,161.1,99.35,Venda
SKU_1602_PAS,20/07/2025,E-commerce,1,229.9,99.38,130.52,Venda
SKU_1799_POW,20/07/2025,Varejo,1,269.9,95.66,174.24,Venda
SKU_1797_BLU,20/07/2025,E-commerce,1,379.9,159.9,220.0,Venda
SKU_1598_NAV,20/07/2025,Atacado,6,2939.4,1403.46,255.99,Venda
SKU_1793_MIN,20/07/2025,E-commerce,1,189.9,63.53,126.37,Venda
SKU_1606_COB,20/07/2025,Varejo,1,1084.9,474.49,610.41,Venda
SKU_1731_MIN,20/07/2025,Atacado,10,9099.0,3899.6,519.94,Venda
SKU_1785_PAS,20/07/2025,Atacado,3,734.7,346.41,129.43,Venda
SKU_1629_ARM,20/07/2025,E-commerce,1,254.9,92.62,162.28,Venda
SKU_1735_COR,20/07/2025,Atacado,12,3238.8,1678.8,130.0,Venda
SKU_2106_FUC,20/07/2025,Atacado,8,1879.2,890.88,123.54,Venda
SKU_1723_COB,20/07/2025,Varejo,1,434.9,141.15,293.75,Venda
SKU_1682_BIR,20/07/2025,Varejo,1,234.9,101.97,132.93,Venda
SKU_1772_BLU,20/07/2025,Varejo,1,414.9,190.93,223.97,Venda
SKU_1760_OFF,20/07/2025,Varejo,2,499.8,198.6,150.6,Venda
SKU_1671_MIN,20/07/2025,Atacado,4,1399.6,865.36,133.56,Venda
SKU_1714_MID,20/07/2025,E-commerce,1,304.9,105.17,199.73,Venda
SKU_1785_HUN,20/07/2025,E-commerce,1,244.9,84.03,160.87,Venda
SKU_1712_MOS,20/07/2025,Atacado,5,899.5,419.95,95.91,Venda
SKU_1696_SER,20/07/2025,Varejo,1,279.9,112.06,167.84,Venda
SKU_1684_SHO,20/07/2025,Atacado,5,924.5,443.2,96.26,Venda
SKU_1728_MID,20/07/2025,Varejo,1,329.9,154.13,175.77,Venda
SKU_1753_PAL,20/07/2025,Varejo,1,789.9,260.22,529.68,Venda
SKU_1593_FUC,20/07/2025,Varejo,3,434.7,133.65,100.35,Venda
SKU_1769_EME,20/07/2025,Atacado,3,974.7,427.77,182.31,Venda
SKU_1759_COB,20/07/2025,Varejo,1,269.9,114.18,155.72,Venda
SKU_1739_MOS,20/07/2025,Varejo,1,254.9,101.73,153.17,Venda
SKU_1696_SHO,20/07/2025,E-commerce,1,279.9,113.55,166.35,Venda
SKU_1437_AQU,20/07/2025,E-commerce,1,164.9,59.67,105.23,Venda
SKU_1642_SAL,20/07/2025,Atacado,8,1799.2,905.6,111.7,Venda
SKU_1764_MAR,20/07/2025,Atacado,8,1879.2,992.0,110.9,Venda
SKU_1736_JAD,20/07/2025,Varejo,3,974.7,365.25,203.15,Venda
SKU_1759_CLE,20/07/2025,Varejo,1,269.9,112.89,157.01,Venda
SKU_1773_OLI,20/07/2025,Varejo,1,324.9,156.23,168.67,Venda
SKU_1673_FUC,20/07/2025,Varejo,2,819.8,265.74,277.03,Venda
SKU_1716_AQU,20/07/2025,Atacado,5,824.5,411.35,82.63,Venda
SKU_1509_HOT,20/07/2025,Atacado,8,2559.2,1104.72,181.81,Venda
SKU_1745_FOR,20/07/2025,Atacado,12,4918.8,2102.4,234.7,Venda
SKU_1707_SAP,20/07/2025,Varejo,1,279.9,110.78,169.12,Venda
SKU_1520_GAR,20/07/2025,Varejo,1,224.9,72.49,152.41,Venda
SKU_1716_SAL,20/07/2025,Varejo,2,329.8,153.82,87.99,Venda
SKU_1618_SAL,20/07/2025,Atacado,8,1439.2,747.04,86.52,Venda
SKU_1713_SAL,20/07/2025,Varejo,1,504.9,181.35,323.55,Venda
SKU_1728_EGR,20/07/2025,Varejo,1,329.9,159.69,170.21,Venda
SKU_1698_PRI,20/07/2025,Varejo,2,839.8,358.98,240.41,Venda
SKU_1548_HOT,20/07/2025,Atacado,10,4749.0,2235.2,251.38,Venda
SKU_1775_PAL,20/07/2025,E-commerce,2,559.8,220.48,169.66,Venda
SKU_1726_BUB,20/07/2025,E-commerce,1,429.9,145.31,284.59,Venda
SKU_1688_LIG,20/07/2025,Atacado,12,5158.8,2785.32,197.79,Venda
SKU_1710_MEX,20/07/2025,Varejo,4,3239.6,1462.92,444.17,Venda
SKU_1683_SHO,20/07/2025,E-commerce,1,314.9,99.95,214.95,Venda
SKU_1725_BAB,20/07/2025,E-commerce,1,244.9,75.72,169.18,Venda
SKU_1780_AQU,20/07/2025,E-commerce,1,334.9,104.57,230.33,Venda
SKU_1659_MOS,20/07/2025,Atacado,6,6149.4,2628.54,586.81,Venda
SKU_1722_AQU,20/07/2025,Atacado,10,3249.0,1665.1,158.39,Venda
SKU_1641_MEX,20/07/2025,Varejo,1,324.9,132.56,192.34,Venda
SKU_1700_PIS,20/07/2025,Varejo,1,699.9,215.32,484.58,Venda
SKU_1655_SNO,20/07/2025,Varejo,1,644.9,248.89,396.01,Venda
SKU_1753_PAL,20/07/2025,Varejo,1,789.9,254.69,535.21,Venda
SKU_1705_JAD,20/07/2025,Atacado,3,1229.7,532.98,232.24,Venda
SKU_1788_MYS,20/07/2025,Varejo,1,249.9,109.68,140.22,Venda
SKU_1780_AQU,20/07/2025,Atacado,10,3349.0,1757.5,159.15,Venda
SKU_1615_SHO,20/07/2025,E-commerce,1,464.9,176.2,288.7,Venda
SKU_1743_DEE,20/07/2025,E-commerce,2,879.8,422.5,228.65,Venda
SKU_1692_BLU,20/07/2025,Atacado,6,1319.4,691.44,104.66,Venda
SKU_1709_CRE,20/07/2025,Varejo,2,419.8,174.58,122.61,Venda
SKU_1686_SKY,20/07/2025,Varejo,1,214.9,75.05,139.85,Venda
SKU_1552_SAP,20/07/2025,E-commerce,1,659.9,261.34,398.56,Venda
SKU_1773_OLI,20/07/2025,Varejo,1,324.9,122.55,202.35,Venda
SKU_1721_COR,20/07/2025,E-commerce,1,419.9,177.04,242.86,Venda
SKU_1623_EGR,20/07/2025,Atacado,4,3659.6,1846.56,453.26,Venda
SKU_1757_TUR,20/07/2025,Atacado,12,3178.8,1440.36,144.87,Venda
SKU_1752_SNO,20/07/2025,Atacado,3,1289.7,569.55,240.05,Venda
SKU_1755_AQU,20/07/2025,Varejo,1,334.9,158.5,176.4,Venda
SKU_1505_SNO,20/07/2025,Varejo,1,234.9,105.38,129.52,Venda
SKU_1690_MYS,20/07/2025,Atacado,5,2699.5,1353.0,269.3,Venda
SKU_1785_HUN,20/07/2025,Atacado,4,979.6,484.52,123.77,Venda
SKU_1538_MAG,20/07/2025,Varejo,1,209.9,101.01,108.89,Venda
SKU_2031_NAV,20/07/2025,Varejo,1,349.9,136.71,213.19,Venda
SKU_1753_PAL,20/07/2025,E-commerce,1,789.9,304.54,485.36,Venda
SKU_1667_LIG,20/07/2025,Varejo,1,209.9,101.51,108.39,Venda
SKU_1404_SAP,20/07/2025,Atacado,6,6119.4,2648.58,578.47,Venda
SKU_1733_NAV,20/07/2025,Varejo,1,349.9,125.61,224.29,Venda
SKU_1796_SHO,20/07/2025,E-commerce,1,504.9,213.5,291.4,Venda
SKU_1776_PAS,20/07/2025,Varejo,1,329.9,104.59,225.31,Venda
SKU_1769_EME,20/07/2025,Atacado,4,1299.6,746.6,138.25,Venda
SKU_1754_IVO,20/07/2025,E-commerce,1,339.9,109.18,230.72,Venda
SKU_2056_DEN,20/07/2025,Atacado,4,4139.6,1965.84,543.44,Venda
SKU_1686_MOS,20/07/2025,Varejo,2,429.8,176.0,126.9,Venda
SKU_1783_BAB,20/07/2025,Varejo,1,1199.9,558.28,641.62,Venda
SKU_1750_SNO,20/07/2025,Varejo,4,1479.6,623.36,214.06,Venda
SKU_1528_DEN,20/07/2025,E-commerce,1,214.9,90.98,123.92,Venda
SKU_1407_EME,20/07/2025,Varejo,2,429.8,196.72,116.54,Venda
SKU_1753_WHI,20/07/2025,Atacado,4,3159.6,1543.08,404.13,Venda
SKU_1726_PAS,20/07/2025,Atacado,12,5158.8,2275.8,240.25,Venda
SKU_1777_FRE,20/07/2025,Varejo,1,239.9,88.22,151.68,Venda
SKU_1726_BUB,20/07/2025,E-commerce,1,429.9,129.59,300.31,Venda
SKU_1758_CLO,20/07/2025,Atacado,6,1079.4,543.06,89.39,Venda
SKU_1637_WHI,20/07/2025,E-commerce,1,919.9,406.84,513.06,Venda
SKU_1719_OFF,20/07/2025,Atacado,6,1919.4,993.48,154.32,Venda
SKU_1568_FRE,20/07/2025,Varejo,1,234.9,76.95,157.95,Venda
SKU_1938_PAS,20/07/2025,Varejo,1,899.9,362.9,537.0,Venda
SKU_1700_PIS,20/07/2025,Atacado,3,2099.7,1038.03,353.89,Venda
SKU_1709_MAR,20/07/2025,Varejo,1,209.9,68.14,141.76,Venda
SKU_1785_PAS,20/07/2025,Varejo,1,244.9,111.41,133.49,Venda
SKU_1690_MYS,20/07/2025,E-commerce,1,539.9,203.99,335.91,Venda
SKU_1711_VAN,20/07/2025,E-commerce,1,994.9,381.97,612.93,Venda
SKU_1726_PAS,20/07/2025,Atacado,6,2579.4,1510.32,178.18,Venda
SKU_1761_SAP,20/07/2025,Atacado,3,3314.7,1579.92,578.26,Venda
SKU_1730_OFF,20/07/2025,Atacado,6,1919.4,946.38,162.17,Venda
SKU_1677_POW,20/07/2025,E-commerce,1,569.9,188.85,381.05,Venda
SKU_1792_AQU,20/07/2025,Varejo,1,439.9,133.16,306.74,Venda
SKU_1693_FLA,20/07/2025,Varejo,2,409.8,204.2,102.8,Venda
SKU_2050_MOS,20/07/2025,E-commerce,1,454.9,189.59,265.31,Venda
SKU_1725_BAB,20/07/2025,Atacado,12,2938.8,1361.16,131.47,Venda
SKU_1686_SKY,20/07/2025,Atacado,5,1074.5,566.4,101.62,Venda
SKU_1697_MIN,20/07/2025,Varejo,1,219.9,96.94,122.96,Venda
SKU_1786_TEA,20/07/2025,E-commerce,2,359.8,132.34,113.73,Venda
SKU_1855_FLA,20/07/2025,Varejo,1,274.9,109.29,165.61,Venda
SKU_1765_MYS,20/07/2025,Atacado,3,779.7,398.91,126.93,Venda
SKU_1780_LIG,20/07/2025,E-commerce,1,334.9,109.62,225.28,Venda
SKU_1701_SPA,20/07/2025,Varejo,1,339.9,135.08,204.82,Venda
SKU_1508_LIM,20/07/2025,E-commerce,1,209.9,84.81,125.09,Venda
SKU_1499_HOT,20/07/2025,Atacado,4,1039.6,478.68,140.23,Venda
SKU_1770_JAD,20/07/2025,Varejo,1,219.9,101.87,118.03,Venda
SKU_1767_FUC,20/07/2025,Atacado,12,2458.8,1310.28,95.71,Venda
SKU_1801_MOS,20/07/2025,E-commerce,1,374.9,143.13,231.77,Venda
SKU_1773_FRE,20/07/2025,Atacado,3,974.7,419.97,184.91,Venda
SKU_1767_PRI,20/07/2025,Atacado,2,409.8,235.82,86.99,Venda
SKU_1689_IVO,20/07/2025,Varejo,1,964.9,458.75,506.15,Venda
SKU_1738_BLU,20/07/2025,Atacado,5,974.5,536.8,87.54,Venda
SKU_2005_TEA,20/07/2025,E-commerce,1,179.9,74.39,105.51,Venda
SKU_1707_SAP,20/07/2025,Atacado,5,1399.5,626.95,154.51,Venda
SKU_1747_TEA,20/07/2025,Varejo,1,174.9,87.04,87.86,Venda
SKU_1454_BRI,20/07/2025,E-commerce,1,149.9,55.49,94.41,Venda
SKU_1777_FRE,20/07/2025,Atacado,8,1919.2,910.72,126.06,Venda
SKU_1853_BLU,20/07/2025,Atacado,6,5399.4,2582.04,469.56,Venda
SKU_1799_DEN,20/07/2025,Varejo,1,269.9,128.83,141.07,Venda
SKU_1508_LIM,20/07/2025,Varejo,1,209.9,102.61,107.29,Venda
SKU_1532_BRI,20/07/2025,Atacado,12,11758.8,5710.32,504.04,Venda
SKU_1891_MAR,20/07/2025,Varejo,2,659.8,213.96,222.92,Venda
SKU_1411_RAS,20/07/2025,Atacado,2,449.8,224.04,112.88,Venda
SKU_1795_HUN,20/07/2025,Varejo,1,299.9,140.37,159.53,Venda
SKU_1650_EGR,20/07/2025,Atacado,5,5024.5,2364.05,532.09,Venda
SKU_1573_MIN,20/07/2025,Atacado,6,6149.4,3288.66,476.79,Venda
SKU_1748_COB,20/07/2025,Varejo,1,309.9,131.46,178.44,Venda
SKU_2071_PAS,20/07/2025,Atacado,10,2599.0,1324.8,127.42,Venda
SKU_1490_EME,20/07/2025,Atacado,3,944.7,451.65,164.35,Venda
SKU_1782_NAV,20/07/2025,Varejo,1,249.9,94.89,155.01,Venda
SKU_1506_PAL,20/07/2025,Atacado,6,1379.4,636.06,123.89,Venda
SKU_1798_OFF,20/07/2025,Atacado,4,1679.6,952.32,181.82,Venda
SKU_1727_WHI,20/07/2025,Atacado,3,464.7,215.19,83.17,Venda
SKU_1729_FUC,20/07/2025,Atacado,8,1399.2,679.68,89.94,Venda
SKU_1787_BAB,20/07/2025,Varejo,2,579.8,190.88,194.46,Venda
SKU_1738_ROY,20/07/2025,E-commerce,1,194.9,84.98,109.92,Venda
SKU_1694_SER,20/07/2025,E-commerce,1,279.9,108.23,171.67,Venda
SKU_1902_HOT,20/07/2025,Varejo,1,829.9,276.81,553.09,Venda
SKU_1790_EGR,20/07/2025,Atacado,4,1039.6,536.24,125.84,Venda
SKU_1778_TEA,20/07/2025,Atacado,2,569.8,321.34,124.23,Venda
SKU_1576_AQU,20/07/2025,Atacado,6,1469.4,668.04,133.56,Venda
SKU_1741_PEA,20/07/2025,E-commerce,1,239.9,115.35,124.55,Venda
SKU_1757_TUR,20/07/2025,Varejo,2,529.8,196.44,166.68,Venda
SKU_1735_MOS,20/07/2025,Atacado,8,2159.2,1019.76,142.43,Venda
SKU_1691_ROS,20/07/2025,Varejo,1,309.9,141.92,167.98,Venda
SKU_1786_POW,20/07/2025,Varejo,1,179.9,82.58,97.32,Venda
SKU_1715_HON,20/07/2025,Varejo,1,219.9,76.47,143.43,Venda
SKU_1736_JAD,20/07/2025,Varejo,1,324.9,154.91,169.99,Venda
SKU_1535_NAV,20/07/2025,Varejo,1,304.9,98.79,206.11,Venda
SKU_1735_COR,20/07/2025,Varejo,1,269.9,123.05,146.85,Venda
SKU_1549_PAS,20/07/2025,Varejo,1,184.9,72.27,112.63,Venda
SKU_1763_MAR,20/07/2025,Atacado,6,1799.4,881.7,152.95,Venda
SKU_1743_DEE,20/07/2025,Varejo,1,439.9,193.25,246.65,Venda
SKU_1724_PIN,20/07/2025,Atacado,4,4459.6,2463.6,499.0,Venda
SKU_1699_CLO,20/07/2025,Atacado,4,1319.6,736.68,145.73,Venda
SKU_1622_CLO,20/07/2025,E-commerce,1,269.9,121.82,148.08,Venda
SKU_1792_AQU,20/07/2025,Varejo,1,439.9,207.1,232.8,Venda
SKU_1795_HUN,20/07/2025,Atacado,8,2399.2,1151.84,155.92,Venda
SKU_1724_PEA,20/07/2025,Varejo,1,1114.9,348.73,766.17,Venda
SKU_1684_SHO,20/07/2025,Atacado,6,1109.4,639.72,78.28,Venda
SKU_1795_RAS,20/07/2025,Varejo,1,299.9,91.2,208.7,Venda
SKU_1789_EME,20/07/2025,Atacado,8,2159.2,1042.64,139.57,Venda
SKU_1723_MOS,20/07/2025,Varejo,2,869.8,305.72,282.04,Venda
SKU_1745_FOR,20/07/2025,Atacado,4,1639.6,861.28,194.58,Venda
SKU_1689_MAG,20/07/2025,Atacado,6,5789.4,2830.68,493.12,Venda
SKU_1727_WHI,20/07/2025,Atacado,4,619.6,267.8,87.95,Venda
SKU_1783_EGR,20/07/2025,Atacado,4,4799.6,2539.88,564.93,Venda
SKU_1759_COB,20/07/2025,Atacado,4,1079.6,604.44,118.79,Venda
SKU_1988_WHI,20/07/2025,Atacado,2,849.8,358.66,245.57,Venda
SKU_1701_BLU,20/07/2025,E-commerce,1,339.9,162.94,176.96,Venda
SKU_1717_CRE,20/07/2025,E-commerce,1,259.9,107.88,152.02,Venda
SKU_1443_PRI,20/07/2025,E-commerce,1,269.9,96.07,173.83,Venda
SKU_1760_PAS,20/07/2025,Varejo,1,249.9,100.74,149.16,Venda
SKU_1818_EGR,20/07/2025,Atacado,8,1639.2,857.36,97.73,Venda
SKU_1973_SKY,20/07/2025,Varejo,1,319.9,129.07,190.83,Venda
SKU_1757_TUR,20/07/2025,Atacado,6,1589.4,846.66,123.79,Venda
SKU_1702_LIG,20/07/2025,Atacado,3,1859.7,933.3,308.8,Venda
SKU_1783_EGR,20/07/2025,Varejo,3,3599.7,1357.53,747.39,Venda
SKU_1801_FLA,20/07/2025,E-commerce,1,374.9,143.14,231.76,Venda
SKU_1497_VAN,20/07/2025,E-commerce,1,134.9,47.69,87.21,Venda
SKU_1795_RAS,20/07/2025,Varejo,3,899.7,338.79,186.97,Venda
SKU_1752_SPA,20/07/2025,Atacado,6,2579.4,1316.82,210.43,Venda
SKU_1682_BIR,20/07/2025,E-commerce,1,234.9,94.15,140.75,Venda
SKU_1754_SER,20/07/2025,Atacado,4,1359.6,577.92,195.42,Venda
SKU_1730_MIN,20/07/2025,Atacado,8,2559.2,1298.8,157.55,Venda
SKU_1692_BLU,20/07/2025,E-commerce,2,439.8,210.24,114.78,Venda
SKU_1775_PAS,20/07/2025,Atacado,4,1119.6,525.68,148.48,Venda
SKU_1736_PAS,20/07/2025,Varejo,1,324.9,147.16,177.74,Venda
SKU_1801_MOS,20/07/2025,Atacado,8,2999.2,1421.12,197.26,Venda
SKU_1691_HUN,20/07/2025,Varejo,1,309.9,136.7,173.2,Venda
SKU_1553_HOT,20/07/2025,Atacado,4,1019.6,510.56,127.26,Venda
SKU_1762_BRI,20/07/2025,Varejo,1,254.9,92.35,162.55,Venda
SKU_1560_CRE,20/07/2025,Varejo,1,224.9,75.21,149.69,Venda
SKU_1409_PEA,20/07/2025,Varejo,1,209.9,96.15,113.75,Venda
SKU_1736_JAD,20/07/2025,Varejo,1,324.9,148.86,176.04,Venda
SKU_1678_MAG,20/07/2025,Varejo,1,714.9,320.51,394.39,Venda
SKU_1741_PIN,20/07/2025,Atacado,3,719.7,326.85,130.95,Venda
SKU_1625_GAR,20/07/2025,Atacado,2,409.8,216.48,96.66,Venda
SKU_1731_ARM,20/07/2025,Varejo,1,909.9,407.49,502.41,Venda
SKU_2015_OLI,20/07/2025,Varejo,2,629.8,243.88,192.96,Venda
SKU_1569_PAS,20/07/2025,E-commerce,1,219.9,95.59,124.31,Venda
SKU_1746_EME,20/07/2025,Atacado,12,2158.8,1164.36,82.87,Venda
SKU_2002_WHI,20/07/2025,Varejo,1,204.9,84.74,120.16,Venda
SKU_1788_MYS,20/07/2025,Atacado,5,1249.5,610.8,127.74,Venda
SKU_1561_VAN,20/07/2025,Atacado,12,4198.8,2180.88,168.16,Venda
SKU_1715_JAD,20/07/2025,Varejo,1,219.9,97.91,121.99,Venda
SKU_1770_DEE,20/07/2025,Varejo,3,659.7,325.32,111.46,Venda
SKU_1968_JAD,20/07/2025,Atacado,6,1049.4,476.94,95.41,Venda
SKU_1700_PIS,20/07/2025,Atacado,8,5599.2,2376.72,402.81,Venda
SKU_1744_LIG,20/07/2025,Varejo,1,264.9,95.76,169.14,Venda
SKU_1708_FLA,20/07/2025,E-commerce,3,509.7,228.27,93.81,Venda
SKU_2079_TUR,20/07/2025,Atacado,3,3209.7,1513.47,565.41,Venda
SKU_1512_MYS,20/07/2025,Varejo,1,224.9,96.17,128.73,Venda
SKU_1702_COR,20/07/2025,Varejo,2,1239.8,613.24,313.28,Venda
SKU_1755_BIR,20/07/2025,Varejo,1,334.9,111.89,223.01,Venda
SKU_1754_SER,20/07/2025,Atacado,4,1359.6,697.44,165.54,Venda
SKU_1742_EME,20/07/2025,Atacado,3,779.7,409.14,123.52,Venda
SKU_1778_MIN,20/07/2025,Varejo,2,569.8,254.5,157.65,Venda
SKU_1699_CLO,20/07/2025,Varejo,1,329.9,138.01,191.89,Venda
SKU_1623_SER,20/07/2025,E-commerce,3,2744.7,1311.0,477.9,Venda
SKU_1696_SER,20/07/2025,Atacado,6,1679.4,788.46,148.49,Venda
SKU_1600_SHO,20/07/2025,Varejo,1,394.9,165.16,229.74,Venda
SKU_1721_FRE,20/07/2025,Varejo,1,419.9,193.16,226.74,Venda
SKU_1696_SHO,20/07/2025,Varejo,1,279.9,108.77,171.13,Venda
SKU_1754_IVO,20/07/2025,Varejo,1,339.9,124.98,214.92,Venda
SKU_1775_PAS,20/07/2025,Varejo,2,559.8,260.64,149.58,Venda
SKU_1552_SAP,20/07/2025,Varejo,2,1319.8,406.26,456.77,Venda
SKU_1558_CLE,20/07/2025,Varejo,2,659.8,231.94,213.93,Venda
SKU_1754_IVO,20/07/2025,Atacado,4,1359.6,846.32,128.32,Venda
SKU_1762_DEN,20/07/2025,Varejo,1,254.9,122.21,132.69,Venda
SKU_2038_OFF,20/07/2025,Atacado,3,3404.7,1531.65,624.35,Venda
SKU_1681_PIS,20/07/2025,Varejo,2,469.8,224.08,122.86,Venda
SKU_1773_OLI,20/07/2025,Atacado,8,2599.2,1209.36,173.73,Venda
SKU_1933_GAR,20/07/2025,E-commerce,1,224.9,86.88,138.02,Venda
SKU_1557_TUR,20/07/2025,Atacado,3,599.7,302.49,99.07,Venda
SKU_1523_CRE,20/07/2025,Varejo,2,749.8,357.16,196.32,Venda
SKU_1696_SER,20/07/2025,Atacado,5,1399.5,682.95,143.31,Venda
SKU_1762_BRI,20/07/2025,Atacado,3,764.7,327.9,145.6,Venda
SKU_1690_MYS,20/07/2025,Atacado,12,6478.8,2864.64,301.18,Venda
SKU_2041_MOS,20/07/2025,Varejo,1,219.9,83.07,136.83,Venda
SKU_1766_MYS,20/07/2025,Atacado,6,2369.4,1271.4,183.0,Venda
SKU_1695_LIM,20/07/2025,Atacado,6,1259.4,618.72,106.78,Venda
SKU_1636_SHO,20/07/2025,Varejo,1,439.9,180.27,259.63,Venda
SKU_1534_HUN,20/07/2025,Varejo,1,199.9,61.71,138.19,Venda
SKU_1744_EME,20/07/2025,Atacado,6,1589.4,719.16,145.04,Venda
SKU_1706_BLA,20/07/2025,Atacado,3,554.7,237.12,105.86,Venda
SKU_1731_ARM,20/07/2025,Atacado,3,2729.7,1296.45,477.75,Venda
SKU_1452_DEE,20/07/2025,Atacado,6,869.4,384.24,80.86,Venda
SKU_1430_PEA,20/07/2025,Atacado,3,539.7,258.3,93.8,Venda
SKU_1685_BIR,20/07/2025,Atacado,5,3324.5,1822.45,300.41,Venda
SKU_1789_EME,20/07/2025,Varejo,1,269.9,98.86,171.04,Venda
SKU_1787_BAB,20/07/2025,Varejo,1,289.9,126.2,163.7,Venda
SKU_1780_AQU,20/07/2025,Atacado,2,669.8,318.68,175.56,Venda
SKU_1778_TEA,20/07/2025,E-commerce,1,284.9,130.22,154.68,Venda
SKU_1784_BLA,20/07/2025,Varejo,1,309.9,122.39,187.51,Venda
SKU_1721_FRE,20/07/2025,Varejo,1,419.9,198.59,221.31,Venda
SKU_1745_PEA,20/07/2025,Atacado,2,819.8,345.82,236.99,Venda
SKU_1546_PAS,20/07/2025,Varejo,1,174.9,74.01,100.89,Venda
SKU_1738_ROY,20/07/2025,Atacado,5,974.5,428.05,109.29,Venda
SKU_1790_ROY,20/07/2025,Varejo,2,519.8,243.26,138.27,Venda
SKU_1763_MAR,20/07/2025,Varejo,1,299.9,93.83,206.07,Venda
SKU_1620_SAG,20/07/2025,E-commerce,1,264.9,94.38,170.52,Venda
SKU_1563_MEX,20/07/2025,E-commerce,1,149.9,60.14,89.76,Venda
SKU_1851_DEE,20/07/2025,Atacado,6,1289.4,691.02,99.73,Venda
SKU_1699_COB,20/07/2025,Atacado,3,989.7,569.13,140.19,Venda
SKU_1763_MAR,20/07/2025,Varejo,3,899.7,307.59,197.37,Venda
SKU_1584_AQU,20/07/2025,Atacado,5,924.5,474.7,89.96,Venda
SKU_1677_POW,20/07/2025,Varejo,1,569.9,218.59,351.31,Venda
SKU_1725_BAB,20/07/2025,E-commerce,1,244.9,121.65,123.25,Venda
SKU_1758_HON,20/07/2025,Atacado,5,899.5,508.7,78.16,Venda
SKU_1784_BLA,20/07/2025,Atacado,4,1239.6,707.12,133.12,Venda
SKU_1782_HUN,20/07/2025,Varejo,1,249.9,105.4,144.5,Venda
SKU_1448_SKY,21/07/2025,Atacado,2,359.8,153.54,103.13,Venda
SKU_1700_PIS,21/07/2025,Varejo,1,699.9,279.97,419.93,Venda
SKU_1792_AQU,21/07/2025,Varejo,1,439.9,153.41,286.49,Venda
SKU_1790_EGR,21/07/2025,Varejo,1,259.9,97.99,161.91,Venda
SKU_1549_PAS,21/07/2025,E-commerce,2,369.8,170.18,99.81,Venda
SKU_1704_PEA,21/07/2025,Atacado,4,1339.6,585.44,188.54,Venda
SKU_1790_ROY,21/07/2025,Atacado,5,1299.5,599.55,139.99,Venda
SKU_1687_WHI,21/07/2025,Varejo,1,899.9,310.4,589.5,Venda
SKU_1744_EME,21/07/2025,Varejo,1,264.9,81.9,183.0,Venda
SKU_1916_HOT,21/07/2025,Varejo,1,254.9,86.75,168.15,Venda
SKU_1790_ROY,21/07/2025,Varejo,1,259.9,88.04,171.86,Venda
SKU_1430_JAD,21/07/2025,Atacado,8,1439.2,863.44,71.97,Venda
SKU_1890_TEA,21/07/2025,Atacado,2,509.8,241.52,134.14,Venda
SKU_1726_BUB,21/07/2025,Varejo,1,429.9,195.88,234.02,Venda
SKU_1914_SNO,21/07/2025,Varejo,2,399.8,185.8,107.0,Venda
SKU_2024_LIG,21/07/2025,Varejo,2,769.8,250.42,259.69,Venda
SKU_1798_OFF,21/07/2025,E-commerce,1,419.9,190.17,229.73,Venda
SKU_1766_CLE,21/07/2025,Varejo,1,394.9,195.8,199.1,Venda
SKU_1561_LIM,21/07/2025,Atacado,2,699.8,335.04,182.38,Venda
SKU_1737_DEE,21/07/2025,Atacado,3,2309.7,1086.81,407.63,Venda
SKU_1732_OFF,21/07/2025,E-commerce,1,1114.9,443.29,671.61,Venda
SKU_1770_JAD,21/07/2025,Varejo,1,219.9,86.15,133.75,Venda
SKU_1914_BIR,21/07/2025,Varejo,1,199.9,80.49,119.41,Venda
SKU_1723_COB,21/07/2025,Varejo,2,869.8,419.82,224.99,Venda
SKU_1506_PAL,21/07/2025,Atacado,2,459.8,257.48,101.16,Venda
SKU_1787_BAB,21/07/2025,Varejo,2,579.8,235.58,172.11,Venda
SKU_1753_WHI,21/07/2025,Atacado,10,7899.0,3871.6,402.74,Venda
SKU_1464_BIR,21/07/2025,E-commerce,1,229.9,82.48,147.42,Venda
SKU_1796_OLI,21/07/2025,E-commerce,1,504.9,236.35,268.55,Venda
SKU_1781_AQU,21/07/2025,Varejo,2,259.8,114.8,72.5,Venda
SKU_1763_MAR,21/07/2025,Atacado,6,1799.4,842.64,159.46,Venda
SKU_1756_BUB,21/07/2025,Varejo,4,719.6,239.76,119.96,Venda
SKU_1706_BLA,21/07/2025,E-commerce,1,184.9,76.14,108.76,Venda
SKU_1784_EGR,21/07/2025,Atacado,5,1549.5,794.25,151.05,Venda
SKU_1796_OLI,21/07/2025,E-commerce,1,504.9,179.04,325.86,Venda
SKU_1766_MYS,21/07/2025,Atacado,5,1974.5,839.85,226.93,Venda
SKU_1697_MIN,21/07/2025,Varejo,1,219.9,66.67,153.23,Venda
SKU_1752_SNO,21/07/2025,Atacado,5,2149.5,1026.55,224.59,Venda
SKU_1777_TUR,21/07/2025,Atacado,6,1439.4,757.32,113.68,Venda
SKU_1694_PIS,21/07/2025,Varejo,1,279.9,133.12,146.78,Venda
SKU_1731_ARM,21/07/2025,Atacado,6,5459.4,2864.88,432.42,Venda
SKU_1730_OFF,21/07/2025,Atacado,6,1919.4,949.14,161.71,Venda
SKU_1681_PIS,21/07/2025,Atacado,2,469.8,225.32,122.24,Venda
SKU_1416_AQU,21/07/2025,E-commerce,1,279.9,117.8,162.1,Venda
SKU_1641_SER,21/07/2025,Varejo,1,324.9,143.82,181.08,Venda
SKU_1594_WHI,21/07/2025,Atacado,3,1499.7,636.06,287.88,Venda
SKU_1682_BIR,21/07/2025,Atacado,3,704.7,347.88,118.94,Venda
SKU_1704_PEA,21/07/2025,Varejo,1,334.9,111.77,223.13,Venda
SKU_1749_SNO,21/07/2025,Atacado,12,4198.8,1942.08,188.06,Venda
SKU_1901_MIN,21/07/2025,Atacado,4,939.6,540.24,99.84,Venda
SKU_1712_MOS,21/07/2025,Varejo,1,179.9,76.1,103.8,Venda
SKU_1767_FUC,21/07/2025,Atacado,8,1639.2,860.56,97.33,Venda
SKU_1669_TEA,21/07/2025,Varejo,1,199.9,84.57,115.33,Venda
SKU_1742_EME,21/07/2025,Atacado,5,1299.5,721.45,115.61,Venda
SKU_1703_PAS,21/07/2025,Varejo,2,539.8,211.42,164.19,Venda
SKU_1779_LIG,21/07/2025,Atacado,4,859.6,391.36,117.06,Venda
SKU_1729_FUC,21/07/2025,Atacado,4,699.6,328.44,92.79,Venda
SKU_1798_MOS,21/07/2025,Varejo,3,1259.7,448.98,270.24,Venda
SKU_1759_COB,21/07/2025,Varejo,1,269.9,112.15,157.75,Venda
SKU_1448_SKY,21/07/2025,Atacado,12,2158.8,1214.76,78.67,Venda
SKU_1764_MAR,21/07/2025,Varejo,2,469.8,192.34,138.73,Venda
SKU_1799_DEN,21/07/2025,E-commerce,1,269.9,87.21,182.69,Venda
SKU_1708_FRE,21/07/2025,E-commerce,1,169.9,79.05,90.85,Venda
SKU_1883_BLU,21/07/2025,Varejo,1,224.9,96.88,128.02,Venda
SKU_1693_FLA,21/07/2025,Varejo,1,204.9,66.53,138.37,Venda
SKU_1741_PEA,21/07/2025,Varejo,2,479.8,181.82,148.99,Venda
SKU_1752_SPA,21/07/2025,Atacado,2,859.8,409.1,225.35,Venda
SKU_1792_AQU,21/07/2025,Varejo,1,439.9,212.08,227.82,Venda
SKU_1763_MAR,21/07/2025,Atacado,2,599.8,285.98,156.91,Venda
SKU_1583_BLU,21/07/2025,Atacado,5,1274.5,589.9,136.92,Venda
SKU_1683_SHO,21/07/2025,Varejo,1,314.9,102.05,212.85,Venda
SKU_1744_EME,21/07/2025,Varejo,1,264.9,95.87,169.03,Venda
SKU_1755_AQU,21/07/2025,Atacado,8,2679.2,1157.28,190.24,Venda
SKU_1736_JAD,21/07/2025,Varejo,1,324.9,145.24,179.66,Venda
SKU_1563_MEX,21/07/2025,Atacado,2,299.8,169.5,65.15,Venda
SKU_1687_WHI,21/07/2025,E-commerce,1,899.9,330.69,569.21,Venda
SKU_1685_COB,21/07/2025,E-commerce,1,664.9,207.24,457.66,Venda
SKU_1685_COB,21/07/2025,Varejo,1,664.9,253.81,411.09,Venda
SKU_1723_MOS,21/07/2025,Atacado,8,3479.2,1550.72,241.06,Venda
SKU_1793_MIN,21/07/2025,Atacado,8,1519.2,659.68,107.44,Venda
SKU_1708_FLA,21/07/2025,E-commerce,1,169.9,70.36,99.54,Venda
SKU_1745_PEA,21/07/2025,Atacado,8,3279.2,1862.8,177.05,Venda
SKU_1740_FRE,21/07/2025,Atacado,3,644.7,321.15,107.85,Venda
SKU_1692_OLI,21/07/2025,Varejo,1,219.9,98.44,121.46,Venda
SKU_1753_WHI,21/07/2025,Atacado,8,6319.2,3187.68,391.44,Venda
SKU_1741_PIN,21/07/2025,Atacado,4,959.6,423.76,133.96,Venda
SKU_1774_COB,21/07/2025,E-commerce,1,204.9,80.91,123.99,Venda
SKU_2098_EME,21/07/2025,Varejo,1,294.9,118.59,176.31,Venda
SKU_1738_BLU,21/07/2025,Varejo,1,194.9,82.63,112.27,Venda
SKU_1877_TEA,21/07/2025,Varejo,1,574.9,237.8,337.1,Venda
SKU_1722_PAS,21/07/2025,Atacado,10,3249.0,1682.2,156.68,Venda
SKU_1781_CLE,21/07/2025,E-commerce,1,129.9,45.61,84.29,Venda
SKU_1745_PEA,21/07/2025,Varejo,2,819.8,301.96,258.92,Venda
SKU_1691_ROS,21/07/2025,Atacado,6,1859.4,884.04,162.56,Venda
SKU_1412_SHO,21/07/2025,Varejo,1,894.9,394.95,499.95,Venda
SKU_1735_COR,21/07/2025,Varejo,1,269.9,95.44,174.46,Venda
SKU_1709_CRE,21/07/2025,Atacado,3,629.7,311.7,106.0,Venda
SKU_1732_WHI,21/07/2025,E-commerce,1,1114.9,402.96,711.94,Venda
SKU_1619_IVO,21/07/2025,Atacado,6,1199.4,643.62,92.63,Venda
SKU_1953_IVO,21/07/2025,Atacado,6,1409.4,698.94,118.41,Venda
SKU_1477_EME,21/07/2025,E-commerce,2,449.8,180.8,134.5,Venda
SKU_1735_MOS,21/07/2025,Varejo,2,539.8,262.44,138.68,Venda
SKU_1730_MIN,21/07/2025,Atacado,2,639.8,289.36,175.22,Venda
SKU_1760_PAS,21/07/2025,Atacado,5,1249.5,695.3,110.84,Venda
SKU_1797_GAR,21/07/2025,Varejo,1,379.9,180.53,199.37,Venda
SKU_1739_MOS,21/07/2025,Atacado,3,764.7,436.65,109.35,Venda
SKU_1759_CLE,21/07/2025,Varejo,1,269.9,90.46,179.44,Venda
SKU_1691_HUN,21/07/2025,Atacado,5,1549.5,818.8,146.14,Venda
SKU_1733_SAG,21/07/2025,Atacado,8,2799.2,1348.08,181.39,Venda
SKU_1773_FRE,21/07/2025,Varejo,2,649.8,306.52,171.64,Venda
SKU_1892_AQU,21/07/2025,Atacado,8,2319.2,1105.36,151.73,Venda
SKU_1604_CLE,21/07/2025,Atacado,3,1814.7,808.14,335.52,Venda
SKU_1512_TEA,21/07/2025,Atacado,5,1124.5,523.8,120.14,Venda
SKU_1698_SNO,21/07/2025,Atacado,5,2099.5,1118.8,196.14,Venda
SKU_1796_SHO,21/07/2025,Atacado,4,2019.6,1186.32,208.32,Venda
SKU_1709_MAR,21/07/2025,Atacado,5,1049.5,471.25,115.65,Venda
SKU_1728_EGR,21/07/2025,Atacado,4,1319.6,663.28,164.08,Venda
SKU_1455_ROY,21/07/2025,Varejo,1,334.9,142.3,192.6,Venda
SKU_1981_SEA,21/07/2025,Varejo,2,1029.8,448.9,290.45,Venda
SKU_1579_DEN,21/07/2025,Atacado,4,919.6,442.2,119.35,Venda
SKU_1873_BLA,21/07/2025,E-commerce,1,449.9,222.77,227.13,Venda
SKU_1760_OFF,21/07/2025,Varejo,1,249.9,98.94,150.96,Venda
SKU_2076_MIN,21/07/2025,Varejo,1,474.9,214.38,260.52,Venda
SKU_1717_MIN,21/07/2025,Atacado,5,1299.5,653.65,129.17,Venda
SKU_1772_BLU,21/07/2025,Atacado,5,2074.5,1015.8,211.74,Venda
SKU_1723_COB,21/07/2025,Varejo,2,869.8,391.68,239.06,Venda
SKU_1730_OFF,21/07/2025,Varejo,1,319.9,123.16,196.74,Venda
SKU_1752_SNO,21/07/2025,Varejo,1,429.9,187.93,241.97,Venda
SKU_1715_JAD,21/07/2025,Varejo,1,219.9,98.75,121.15,Venda
SKU_1499_RAS,21/07/2025,Atacado,6,1559.4,809.04,125.06,Venda
SKU_1783_BAB,21/07/2025,Atacado,2,2399.8,1183.02,608.39,Venda
SKU_1469_SAL,21/07/2025,Atacado,2,589.8,339.94,124.93,Venda
SKU_1713_SAL,21/07/2025,Atacado,5,2524.5,1173.05,270.29,Venda
SKU_1740_OLI,21/07/2025,Atacado,4,859.6,453.64,101.49,Venda
SKU_1756_BUB,21/07/2025,Atacado,8,1439.2,742.24,87.12,Venda
SKU_1751_BLU,21/07/2025,E-commerce,1,329.9,127.52,202.38,Venda
SKU_1727_WHI,21/07/2025,Varejo,1,154.9,68.65,86.25,Venda
SKU_1732_WHI,21/07/2025,Varejo,1,1114.9,457.93,656.97,Venda
SKU_1680_SEA,21/07/2025,E-commerce,1,334.9,151.13,183.77,Venda
SKU_1799_POW,21/07/2025,Varejo,1,269.9,98.71,171.19,Venda
SKU_1651_PAS,21/07/2025,Varejo,3,794.7,384.69,136.67,Venda
SKU_1764_FUC,21/07/2025,Atacado,3,704.7,339.33,121.79,Venda
SKU_1700_HUN,21/07/2025,Varejo,1,699.9,329.15,370.75,Venda
SKU_1556_HUN,21/07/2025,Atacado,2,409.8,213.92,97.94,Venda
SKU_1778_TEA,21/07/2025,E-commerce,1,284.9,114.99,169.91,Venda
SKU_1795_HUN,21/07/2025,Varejo,1,299.9,134.07,165.83,Venda
SKU_1682_BIR,21/07/2025,E-commerce,1,234.9,88.59,146.31,Venda
SKU_1742_DEN,21/07/2025,Atacado,10,2599.0,1220.9,137.81,Venda
SKU_1736_PAS,21/07/2025,E-commerce,2,649.8,302.72,173.54,Venda
SKU_1692_BLU,21/07/2025,Atacado,8,1759.2,791.12,121.01,Venda
SKU_1744_EME,21/07/2025,Varejo,1,264.9,85.79,179.11,Venda
SKU_2058_BUB,21/07/2025,Atacado,2,419.8,217.36,101.22,Venda
SKU_1595_FLA,21/07/2025,Varejo,2,599.8,276.92,161.44,Venda
SKU_1797_GAR,21/07/2025,Atacado,2,759.8,420.64,169.58,Venda
SKU_1764_MAR,21/07/2025,Atacado,4,939.6,419.4,130.05,Venda
SKU_1755_BIR,21/07/2025,Atacado,5,1674.5,856.95,163.51,Venda
SKU_1745_PEA,21/07/2025,Atacado,5,2049.5,986.45,212.61,Venda
SKU_1688_WHI,21/07/2025,Atacado,6,2579.4,1334.76,207.44,Venda
SKU_1766_CLE,21/07/2025,Varejo,1,394.9,132.07,262.83,Venda
SKU_1648_RAS,21/07/2025,Atacado,4,2799.6,1394.0,351.4,Venda
SKU_1767_FUC,21/07/2025,Varejo,2,409.8,176.04,116.88,Venda
SKU_1746_EME,21/07/2025,Varejo,3,539.7,255.3,94.8,Venda
SKU_1476_WHI,21/07/2025,Varejo,1,274.9,104.23,170.67,Venda
SKU_1807_IVO,21/07/2025,Atacado,6,2729.4,1350.12,229.88,Venda
SKU_1857_IVO,21/07/2025,E-commerce,1,239.9,80.9,159.0,Venda
SKU_1580_MOS,21/07/2025,Varejo,1,189.9,70.68,119.22,Venda
SKU_1791_ARM,21/07/2025,Varejo,1,264.9,103.15,161.75,Venda
SKU_1826_SAP,21/07/2025,E-commerce,1,484.9,154.54,330.36,Venda
SKU_2087_CER,21/07/2025,Atacado,5,1249.5,650.45,119.81,Venda
SKU_1694_SER,21/07/2025,Atacado,5,1399.5,650.75,149.75,Venda
SKU_1502_PEA,21/07/2025,Atacado,5,1049.5,456.65,118.57,Venda
SKU_1733_SAG,21/07/2025,Atacado,5,1749.5,853.3,179.24,Venda
SKU_1611_MID,21/07/2025,Varejo,1,219.9,107.13,112.77,Venda
SKU_1792_AQU,21/07/2025,Atacado,8,3519.2,1767.84,218.92,Venda
SKU_1865_CRE,21/07/2025,Varejo,1,249.9,114.67,135.23,Venda
SKU_1690_MYS,21/07/2025,Varejo,3,1619.7,804.45,271.75,Venda
SKU_1566_POW,21/07/2025,Varejo,2,2069.8,627.86,720.97,Venda
SKU_1783_EGR,21/07/2025,Varejo,1,1199.9,565.15,634.75,Venda
SKU_1779_LIG,21/07/2025,Atacado,4,859.6,370.48,122.28,Venda
SKU_1753_PAL,21/07/2025,Varejo,1,789.9,367.76,422.14,Venda
SKU_1576_BLU,21/07/2025,E-commerce,3,734.7,315.36,139.78,Venda
SKU_1738_BLU,21/07/2025,Atacado,2,389.8,183.66,103.07,Venda
SKU_1677_VAN,21/07/2025,Atacado,3,1709.7,813.21,298.83,Venda
SKU_1613_BIR,21/07/2025,Atacado,5,949.5,442.85,101.33,Venda
SKU_1786_POW,21/07/2025,Varejo,1,179.9,87.13,92.77,Venda
SKU_1778_TEA,21/07/2025,Varejo,1,284.9,118.33,166.57,Venda
SKU_1651_SAL,21/07/2025,Varejo,1,264.9,88.35,176.55,Venda
SKU_1727_WHI,21/07/2025,Atacado,5,774.5,446.05,65.69,Venda
SKU_1797_BLU,21/07/2025,Atacado,10,3799.0,2159.9,163.91,Venda
SKU_1529_MIN,21/07/2025,E-commerce,1,244.9,114.61,130.29,Venda
SKU_1619_IVO,21/07/2025,Varejo,1,199.9,97.91,101.99,Venda
SKU_1743_DEE,21/07/2025,Atacado,4,1759.6,941.64,204.49,Venda
SKU_1781_CLE,21/07/2025,Atacado,10,1299.0,578.8,72.02,Venda
SKU_1752_SNO,21/07/2025,Atacado,3,1289.7,635.4,218.1,Venda
SKU_1738_BLU,21/07/2025,Varejo,2,389.8,122.94,133.43,Venda
SKU_1778_MIN,21/07/2025,Atacado,4,1139.6,496.36,160.81,Venda
SKU_1723_MOS,21/07/2025,Varejo,1,434.9,206.67,228.23,Venda
SKU_1766_MYS,21/07/2025,Varejo,1,394.9,174.36,220.54,Venda
SKU_1800_MOS,21/07/2025,Varejo,1,279.9,84.41,195.49,Venda
SKU_1769_WHI,21/07/2025,Atacado,6,1949.4,961.02,164.73,Venda
SKU_1715_HON,21/07/2025,Atacado,3,659.7,290.76,122.98,Venda
SKU_1510_ROS,21/07/2025,Atacado,5,4174.5,1906.75,453.55,Venda
SKU_1727_LIG,21/07/2025,Varejo,1,154.9,60.2,94.7,Venda
SKU_1764_FUC,21/07/2025,E-commerce,1,234.9,114.79,120.11,Venda
SKU_1797_GAR,21/07/2025,Atacado,3,1139.7,529.05,203.55,Venda
SKU_1727_LIG,21/07/2025,Atacado,4,619.6,354.8,66.2,Venda
SKU_1544_PEA,21/07/2025,Atacado,3,599.7,319.44,93.42,Venda
SKU_1694_SER,21/07/2025,Atacado,5,1399.5,611.6,157.58,Venda
SKU_1739_MOS,21/07/2025,Atacado,5,1274.5,575.95,139.71,Venda
SKU_1801_MOS,21/07/2025,Varejo,1,374.9,164.98,209.92,Venda
SKU_2056_SKY,21/07/2025,Varejo,1,1034.9,342.04,692.86,Venda
SKU_1760_OFF,21/07/2025,Varejo,1,249.9,112.12,137.78,Venda
SKU_1755_AQU,21/07/2025,Atacado,10,3349.0,1509.1,183.99,Venda
SKU_1433_SAP,21/07/2025,E-commerce,1,314.9,115.46,199.44,Venda
SKU_1622_VAN,21/07/2025,Varejo,1,269.9,114.17,155.73,Venda
SKU_1692_BLU,21/07/2025,E-commerce,1,219.9,75.65,144.25,Venda
SKU_1690_MAG,21/07/2025,Atacado,4,2159.6,1129.6,257.5,Venda
SKU_1681_PIS,21/07/2025,Varejo,1,234.9,100.23,134.67,Venda
SKU_1746_EME,21/07/2025,Atacado,5,899.5,413.0,97.3,Venda
SKU_1916_HOT,21/07/2025,Atacado,8,2039.2,965.92,134.16,Venda
SKU_1671_MIN,21/07/2025,Varejo,1,349.9,150.08,199.82,Venda
SKU_1882_SPA,21/07/2025,Atacado,5,1199.5,579.25,124.05,Venda
SKU_1796_SHO,21/07/2025,Varejo,1,504.9,236.78,268.12,Venda
SKU_1764_MAR,21/07/2025,Atacado,2,469.8,199.7,135.05,Venda
SKU_1642_SAL,21/07/2025,E-commerce,1,224.9,102.7,122.2,Venda
SKU_1435_OLI,21/07/2025,E-commerce,1,1009.9,358.14,651.76,Venda
SKU_2093_SKY,21/07/2025,Atacado,5,1124.5,594.2,106.06,Venda
SKU_1707_ARM,21/07/2025,E-commerce,2,559.8,276.78,141.51,Venda
SKU_1715_JAD,21/07/2025,Varejo,2,439.8,140.52,149.64,Venda
SKU_1756_BUB,21/07/2025,Varejo,1,179.9,58.61,121.29,Venda
SKU_1661_WHI,21/07/2025,Atacado,5,4949.5,2612.4,467.42,Venda
SKU_1404_ARM,21/07/2025,Atacado,10,10199.0,4711.6,548.74,Venda
SKU_1687_WHI,21/07/2025,Atacado,3,2699.7,1303.35,465.45,Venda
SKU_1598_DUS,21/07/2025,Atacado,4,1959.6,835.92,280.92,Venda
SKU_1720_PAS,21/07/2025,Varejo,1,224.9,110.26,114.64,Venda
SKU_1741_PEA,21/07/2025,E-commerce,1,239.9,88.59,151.31,Venda
SKU_1994_LIM,21/07/2025,Varejo,1,269.9,82.68,187.22,Venda
SKU_1771_EME,21/07/2025,Varejo,2,529.8,223.18,153.31,Venda
SKU_1799_POW,21/07/2025,Varejo,1,269.9,108.95,160.95,Venda
SKU_1763_MAR,21/07/2025,Atacado,12,3598.8,1883.28,142.96,Venda
SKU_1561_LIM,21/07/2025,Varejo,1,349.9,114.33,235.57,Venda
SKU_1658_BAB,21/07/2025,Varejo,1,879.9,329.49,550.41,Venda
SKU_1762_BRI,21/07/2025,Atacado,10,2549.0,1270.5,127.85,Venda
SKU_1724_PIN,21/07/2025,Atacado,4,4459.6,2126.24,583.34,Venda
SKU_1645_MYS,21/07/2025,E-commerce,1,399.9,155.14,244.76,Venda
SKU_1766_MYS,21/07/2025,Varejo,1,394.9,183.16,211.74,Venda
SKU_1775_PAL,21/07/2025,Varejo,1,279.9,123.72,156.18,Venda
SKU_1723_MOS,21/07/2025,Varejo,1,434.9,201.1,233.8,Venda
SKU_1695_LIM,21/07/2025,Varejo,1,209.9,97.24,112.66,Venda
SKU_1789_EME,21/07/2025,E-commerce,1,269.9,133.4,136.5,Venda
SKU_1788_MYS,21/07/2025,Atacado,6,1499.4,727.44,128.66,Venda
SKU_1736_JAD,21/07/2025,Varejo,1,324.9,129.59,195.31,Venda
SKU_1793_WHI,21/07/2025,Varejo,1,189.9,73.54,116.36,Venda
SKU_1699_CLO,21/07/2025,Varejo,1,329.9,131.94,197.96,Venda
SKU_1704_PEA,21/07/2025,Atacado,5,1674.5,794.55,175.99,Venda
SKU_1772_BLU,21/07/2025,Varejo,1,414.9,171.66,243.24,Venda
SKU_1472_MYS,21/07/2025,Atacado,6,2819.4,1327.08,248.72,Venda
SKU_1574_COB,21/07/2025,Varejo,4,2419.6,968.84,362.69,Venda
SKU_1494_HOT,21/07/2025,Varejo,1,1084.9,431.77,653.13,Venda
SKU_1999_COB,21/07/2025,Atacado,5,1174.5,616.9,111.52,Venda
SKU_1703_PAS,21/07/2025,Atacado,6,1619.4,906.18,118.87,Venda
SKU_1779_LIG,21/07/2025,Atacado,6,1289.4,642.96,107.74,Venda
SKU_1741_PEA,21/07/2025,E-commerce,1,239.9,80.47,159.43,Venda
SKU_1732_WHI,21/07/2025,Atacado,5,5574.5,2842.25,546.45,Venda
SKU_1641_MEX,21/07/2025,Varejo,1,324.9,118.36,206.54,Venda
SKU_1775_PAL,21/07/2025,Varejo,1,279.9,126.07,153.83,Venda
SKU_1422_PIN,21/07/2025,E-commerce,1,314.9,148.86,166.04,Venda
SKU_1703_BLU,21/07/2025,Atacado,3,809.7,425.04,128.22,Venda
SKU_1746_NAV,21/07/2025,Varejo,1,179.9,86.63,93.27,Venda
SKU_1709_CRE,21/07/2025,Varejo,1,209.9,95.44,114.46,Venda
SKU_1665_RAS,21/07/2025,E-commerce,1,249.9,113.92,135.98,Venda
SKU_1651_SAL,21/07/2025,Varejo,1,264.9,89.54,175.36,Venda
SKU_2044_COB,21/07/2025,Varejo,1,249.9,83.68,166.22,Venda
SKU_1605_VAN,21/07/2025,Atacado,8,1759.2,1005.12,94.26,Venda
SKU_1754_SER,21/07/2025,Varejo,1,339.9,114.74,225.16,Venda
SKU_1482_MOS,21/07/2025,Atacado,4,1779.6,823.88,238.93,Venda
SKU_1761_SAP,21/07/2025,Atacado,5,5524.5,2760.35,552.83,Venda
SKU_1718_SEA,21/07/2025,Varejo,2,739.8,274.48,232.66,Venda
SKU_1393_SKY,21/07/2025,Atacado,4,1239.6,624.52,153.77,Venda
SKU_1789_SNO,21/07/2025,Varejo,1,269.9,107.72,162.18,Venda
SKU_1542_PEA,21/07/2025,Atacado,3,1409.7,735.69,224.67,Venda
SKU_1711_ARM,21/07/2025,Atacado,2,1989.8,981.06,504.37,Venda
SKU_1743_CLO,21/07/2025,Varejo,3,1319.7,420.96,299.58,Venda
SKU_1762_DEN,21/07/2025,Varejo,2,509.8,246.6,131.6,Venda
SKU_1636_LIG,21/07/2025,Varejo,4,1759.6,616.72,285.72,Venda
SKU_1547_FUC,21/07/2025,Varejo,1,329.9,124.84,205.06,Venda
SKU_1785_PAS,21/07/2025,Varejo,1,244.9,112.27,132.63,Venda
SKU_1742_DEN,21/07/2025,Atacado,2,519.8,227.7,146.05,Venda
SKU_1880_DUS,21/07/2025,Varejo,1,849.9,409.33,440.57,Venda
SKU_1597_SHO,21/07/2025,Atacado,6,3179.4,1415.28,294.02,Venda
SKU_1607_MAR,21/07/2025,Varejo,2,599.8,263.96,167.92,Venda
SKU_1816_WHI,21/07/2025,Atacado,10,2399.0,1265.4,113.36,Venda
SKU_1772_BLU,21/07/2025,Varejo,1,414.9,134.09,280.81,Venda
SKU_1593_FUC,21/07/2025,Varejo,1,144.9,61.66,83.24,Venda
SKU_2001_DEN,21/07/2025,Varejo,2,769.8,373.14,198.33,Venda
SKU_1773_OLI,21/07/2025,Atacado,12,3898.8,1912.32,165.54,Venda
SKU_1778_MIN,21/07/2025,Atacado,4,1139.6,491.0,162.15,Venda
SKU_1752_SNO,21/07/2025,Varejo,1,429.9,137.89,292.01,Venda
SKU_1682_BIR,21/07/2025,Atacado,4,939.6,422.4,129.3,Venda
SKU_1929_PEA,21/07/2025,Atacado,5,1474.5,764.85,141.93,Venda
SKU_1713_SNO,21/07/2025,Varejo,1,504.9,179.97,324.93,Venda
SKU_1758_HON,21/07/2025,Varejo,2,359.8,136.1,111.85,Venda
SKU_2005_FUC,21/07/2025,Atacado,2,359.8,157.64,101.08,Venda
SKU_1449_NAV,21/07/2025,Atacado,2,649.8,350.36,149.72,Venda
SKU_1420_EGR,21/07/2025,Varejo,1,989.9,390.27,599.63,Venda
SKU_1538_PAS,21/07/2025,Atacado,6,1259.4,534.9,120.75,Venda
SKU_1553_DEN,21/07/2025,Atacado,4,1019.6,430.44,147.29,Venda
SKU_1771_PIN,21/07/2025,Varejo,2,529.8,213.2,158.3,Venda
SKU_1680_SEA,21/07/2025,Atacado,2,669.8,387.94,140.93,Venda
SKU_1747_FUC,21/07/2025,E-commerce,1,174.9,85.45,89.45,Venda
SKU_1760_OFF,21/07/2025,Atacado,12,2998.8,1303.68,141.26,Venda
SKU_1657_EME,21/07/2025,Varejo,1,214.9,65.16,149.74,Venda
SKU_1772_SNO,21/07/2025,Atacado,8,3319.2,1517.92,225.16,Venda
SKU_1677_VAN,21/07/2025,Varejo,2,1139.8,539.12,300.34,Venda
SKU_1692_BLU,21/07/2025,Atacado,10,2199.0,1233.8,96.52,Venda
SKU_1863_MOS,21/07/2025,Varejo,2,509.8,192.32,158.74,Venda
SKU_1690_MAG,21/07/2025,Atacado,3,1619.7,692.19,309.17,Venda
SKU_1743_DEE,21/07/2025,Atacado,4,1759.6,875.32,221.07,Venda
SKU_1611_BRI,21/07/2025,Atacado,6,1319.4,719.46,99.99,Venda
SKU_1795_HUN,21/07/2025,Varejo,1,299.9,136.52,163.38,Venda
SKU_1772_BLU,21/07/2025,Varejo,1,414.9,190.78,224.12,Venda
SKU_1540_BAL,21/07/2025,Varejo,2,339.8,111.78,114.01,Venda
SKU_1632_SAP,21/07/2025,E-commerce,2,369.8,163.6,103.1,Venda
SKU_1613_AQU,21/07/2025,Atacado,5,949.5,458.95,98.11,Venda
SKU_1793_MIN,21/07/2025,Atacado,4,759.6,357.4,100.55,Venda
SKU_1752_SPA,21/07/2025,Varejo,1,429.9,168.31,261.59,Venda
SKU_1769_EME,21/07/2025,Atacado,4,1299.6,625.04,168.64,Venda
SKU_1777_FRE,21/07/2025,Varejo,1,239.9,75.83,164.07,Venda
SKU_1752_SNO,21/07/2025,Varejo,2,859.8,374.46,242.67,Venda
SKU_1775_PAL,21/07/2025,Varejo,1,279.9,119.24,160.66,Venda
SKU_1510_ROS,21/07/2025,Varejo,1,834.9,360.77,474.13,Venda
SKU_1752_SPA,21/07/2025,Varejo,1,429.9,154.7,275.2,Venda
SKU_1686_MOS,21/07/2025,Atacado,3,644.7,339.54,101.72,Venda
SKU_1702_COR,21/07/2025,Varejo,2,1239.8,397.0,421.4,Venda
SKU_1761_SAP,21/07/2025,Atacado,4,4419.6,1917.6,625.5,Venda
SKU_1496_PEA,21/07/2025,E-commerce,1,1134.9,400.92,733.98,Venda
SKU_1625_GAR,21/07/2025,E-commerce,1,204.9,69.25,135.65,Venda
SKU_1728_MID,21/07/2025,Atacado,3,989.7,496.44,164.42,Venda
SKU_1692_OLI,21/07/2025,Varejo,1,219.9,85.82,134.08,Venda
SKU_1704_BAB,21/07/2025,Varejo,1,334.9,142.19,192.71,Venda
SKU_1717_MIN,21/07/2025,Atacado,6,1559.4,795.06,127.39,Venda
SKU_1456_EME,21/07/2025,Atacado,6,1889.4,840.48,174.82,Venda
SKU_1401_BLU,21/07/2025,Varejo,1,239.9,74.49,165.41,Venda
SKU_1772_SNO,21/07/2025,Varejo,3,1244.7,482.64,254.02,Venda
SKU_2015_OLI,21/07/2025,Atacado,5,1574.5,897.6,135.38,Venda
SKU_1786_TEA,21/07/2025,Varejo,3,539.7,262.5,92.4,Venda
SKU_1732_OFF,21/07/2025,Atacado,10,11149.0,6391.6,475.74,Venda
SKU_1723_COB,21/07/2025,Varejo,2,869.8,286.44,291.68,Venda
SKU_1796_OLI,21/07/2025,Varejo,1,504.9,235.69,269.21,Venda
SKU_1743_DEE,21/07/2025,E-commerce,2,879.8,367.08,256.36,Venda
SKU_1882_TUR,21/07/2025,Atacado,8,1919.2,985.28,116.74,Venda
SKU_1733_SAG,21/07/2025,Atacado,3,1049.7,502.2,182.5,Venda
SKU_1412_SHO,21/07/2025,E-commerce,1,894.9,440.07,454.83,Venda
SKU_1763_MAR,21/07/2025,Atacado,6,1799.4,771.54,171.31,Venda
SKU_1678_MAG,21/07/2025,Atacado,3,2144.7,1083.57,353.71,Venda
SKU_1800_SKY,21/07/2025,E-commerce,1,279.9,139.28,140.62,Venda
SKU_1440_PIS,21/07/2025,Varejo,1,1199.9,530.1,669.8,Venda
SKU_1778_MIN,21/07/2025,Varejo,1,284.9,131.77,153.13,Venda
SKU_1781_CLE,21/07/2025,Atacado,4,519.6,314.16,51.36,Venda
SKU_1780_LIG,21/07/2025,Varejo,1,334.9,114.97,219.93,Venda
SKU_1738_BLU,21/07/2025,Atacado,6,1169.4,645.72,87.28,Venda
SKU_1722_AQU,21/07/2025,Varejo,1,324.9,110.02,214.88,Venda
SKU_1772_SNO,21/07/2025,Varejo,2,829.8,346.56,241.62,Venda
SKU_1732_OFF,21/07/2025,Atacado,3,3344.7,2043.99,433.57,Venda
SKU_1777_FRE,21/07/2025,Atacado,2,479.8,247.96,115.92,Venda
SKU_1698_SNO,21/07/2025,Varejo,3,1259.7,415.8,281.3,Venda
SKU_1721_COR,21/07/2025,Atacado,4,1679.6,707.4,243.05,Venda
SKU_1798_MOS,21/07/2025,Varejo,1,419.9,147.84,272.06,Venda
SKU_1437_AQU,21/07/2025,Atacado,4,659.6,365.76,73.46,Venda
SKU_1748_BAB,21/07/2025,Atacado,3,929.7,465.03,154.89,Venda
SKU_1700_PIS,21/07/2025,Varejo,1,699.9,249.5,450.4,Venda
SKU_1723_MOS,21/07/2025,Atacado,3,1304.7,629.37,225.11,Venda
SKU_1595_FLA,21/07/2025,Atacado,3,899.7,407.07,164.21,Venda
SKU_1741_PEA,21/07/2025,Atacado,5,1199.5,706.8,98.54,Venda
SKU_1771_EME,21/07/2025,Atacado,4,1059.6,511.76,136.96,Venda
SKU_1745_FOR,21/07/2025,Varejo,1,409.9,195.58,214.32,Venda
SKU_2049_TEA,21/07/2025,Varejo,1,214.9,97.19,117.71,Venda
SKU_1745_FOR,21/07/2025,Atacado,5,2049.5,1076.5,194.6,Venda
SKU_1758_HON,21/07/2025,Atacado,12,2158.8,1226.64,77.68,Venda
SKU_1487_BRI,21/07/2025,E-commerce,1,334.9,133.47,201.43,Venda
SKU_1750_MIN,21/07/2025,Atacado,4,1479.6,777.48,175.53,Venda
SKU_1769_WHI,21/07/2025,Varejo,1,324.9,145.86,179.04,Venda
SKU_1681_PIS,21/07/2025,Atacado,5,1174.5,668.35,101.23,Venda
SKU_1788_MYS,21/07/2025,Varejo,1,249.9,104.83,145.07,Venda
SKU_1726_BUB,21/07/2025,Atacado,5,2149.5,951.7,239.56,Venda
SKU_1651_SAL,21/07/2025,E-commerce,1,264.9,105.08,159.82,Venda
SKU_1510_ROS,21/07/2025,Varejo,3,2504.7,1072.44,477.42,Venda
SKU_1777_TUR,21/07/2025,Atacado,8,1919.2,1099.68,102.44,Venda
SKU_1723_MOS,21/07/2025,Varejo,2,869.8,309.72,280.04,Venda
SKU_2082_HON,21/07/2025,Varejo,1,509.9,244.79,265.11,Venda
SKU_1702_COR,21/07/2025,E-commerce,1,619.9,262.78,357.12,Venda
SKU_1413_JAD,21/07/2025,Atacado,10,1849.0,907.6,94.14,Venda
SKU_1782_HUN,21/07/2025,Varejo,3,749.7,295.53,151.39,Venda
SKU_1754_IVO,21/07/2025,Atacado,8,2719.2,1395.84,165.42,Venda
SKU_1589_CER,21/07/2025,E-commerce,1,679.9,332.5,347.4,Venda
SKU_1722_AQU,21/07/2025,E-commerce,1,324.9,104.42,220.48,Venda
SKU_1769_WHI,21/07/2025,Atacado,5,1624.5,933.65,138.17,Venda
SKU_1775_PAL,21/07/2025,E-commerce,1,279.9,137.72,142.18,Venda
SKU_1751_MIN,21/07/2025,Varejo,1,329.9,116.05,213.85,Venda
SKU_1770_DEE,21/07/2025,Varejo,1,219.9,66.45,153.45,Venda
SKU_1710_MEX,21/07/2025,Atacado,8,6479.2,3083.68,424.44,Venda
SKU_1771_PIN,21/07/2025,E-commerce,1,264.9,80.86,184.04,Venda
SKU_1690_MAG,21/07/2025,Atacado,12,6478.8,3107.4,280.95,Venda
SKU_2007_SAG,21/07/2025,E-commerce,1,209.9,66.51,143.39,Venda
SKU_2072_MIN,21/07/2025,Atacado,2,539.8,268.2,135.8,Venda
SKU_1684_SHO,21/07/2025,Atacado,4,739.6,349.68,97.48,Venda
SKU_1988_WHI,21/07/2025,Varejo,1,424.9,155.82,269.08,Venda
SKU_1729_CLE,21/07/2025,E-commerce,1,174.9,72.18,102.72,Venda
SKU_1762_BRI,21/07/2025,Atacado,8,2039.2,931.12,138.51,Venda
SKU_1795_HUN,21/07/2025,Varejo,1,299.9,117.15,182.75,Venda
SKU_1696_SHO,21/07/2025,Varejo,2,559.8,190.86,184.47,Venda
SKU_1711_ARM,21/07/2025,Atacado,4,3979.6,1861.0,529.65,Venda
SKU_1673_FUC,21/07/2025,E-commerce,2,819.8,397.8,211.0,Venda
SKU_1785_HUN,21/07/2025,Varejo,1,244.9,121.85,123.05,Venda
SKU_1466_PRI,21/07/2025,Atacado,8,2159.2,1137.92,127.66,Venda
SKU_1729_CLE,21/07/2025,E-commerce,1,174.9,80.14,94.76,Venda
SKU_1743_CLO,21/07/2025,Atacado,2,879.8,449.28,215.26,Venda
SKU_1763_HOT,21/07/2025,Atacado,10,2999.0,1787.3,121.17,Venda
SKU_1754_SER,21/07/2025,Varejo,3,1019.7,481.56,179.38,Venda
SKU_1713_SNO,21/07/2025,E-commerce,1,504.9,215.42,289.48,Venda
SKU_1712_NAV,21/07/2025,Atacado,6,1079.4,568.44,85.16,Venda
SKU_1731_ARM,21/07/2025,Atacado,4,3639.6,1601.56,509.51,Venda
SKU_1718_DUS,21/07/2025,Varejo,1,369.9,134.53,235.37,Venda
SKU_1716_AQU,21/07/2025,E-commerce,1,164.9,52.08,112.82,Venda
SKU_1682_OLI,21/07/2025,Atacado,3,704.7,348.48,118.74,Venda
SKU_1790_ROY,21/07/2025,Atacado,8,2079.2,944.4,141.85,Venda
SKU_1739_AQU,21/07/2025,Atacado,5,1274.5,621.55,130.59,Venda
SKU_1597_SHO,21/07/2025,Atacado,3,1589.7,759.06,276.88,Venda
SKU_1894_IVO,21/07/2025,Varejo,1,274.9,136.9,138.0,Venda
SKU_1770_JAD,21/07/2025,Varejo,1,219.9,96.51,123.39,Venda
SKU_1800_MOS,21/07/2025,Atacado,10,2799.0,1300.8,149.82,Venda
SKU_1813_RAS,21/07/2025,Varejo,2,509.8,189.04,160.38,Venda
SKU_1667_MID,21/07/2025,E-commerce,1,209.9,98.8,111.1,Venda
SKU_1687_FOR,21/07/2025,E-commerce,1,899.9,272.08,627.82,Venda
SKU_1467_OLI,21/07/2025,Atacado,3,614.7,323.91,96.93,Venda
SKU_1705_JAD,21/07/2025,Varejo,1,409.9,123.31,286.59,Venda
SKU_1728_MID,21/07/2025,Atacado,2,659.8,287.66,186.07,Venda
SKU_1711_VAN,21/07/2025,Atacado,8,7959.2,3661.28,537.24,Venda
SKU_1702_LIG,21/07/2025,Atacado,4,2479.6,1046.64,358.24,Venda
SKU_1810_OFF,21/07/2025,Varejo,1,159.9,70.67,89.23,Venda
SKU_1706_JAD,21/07/2025,Varejo,1,184.9,68.98,115.92,Venda
SKU_1717_MIN,21/07/2025,Varejo,2,519.8,231.28,144.26,Venda
SKU_1775_PAL,21/07/2025,Varejo,1,279.9,99.05,180.85,Venda
SKU_1751_BLU,21/07/2025,Atacado,3,989.7,497.4,164.1,Venda
SKU_1740_FRE,21/07/2025,Atacado,3,644.7,365.37,93.11,Venda
SKU_1727_WHI,21/07/2025,Atacado,8,1239.2,662.88,72.04,Venda
SKU_2021_NAV,21/07/2025,Varejo,2,379.8,153.94,112.93,Venda
SKU_1765_MYS,21/07/2025,Atacado,8,2079.2,1079.12,125.01,Venda
SKU_1684_HON,21/07/2025,E-commerce,1,184.9,79.14,105.76,Venda
SKU_1739_MOS,21/07/2025,Varejo,3,764.7,282.93,160.59,Venda
SKU_1760_OFF,21/07/2025,E-commerce,1,249.9,80.53,169.37,Venda
SKU_1711_ARM,21/07/2025,Atacado,5,4974.5,2231.45,548.61,Venda
SKU_1472_MYS,21/07/2025,Varejo,1,469.9,178.69,291.21,Venda
SKU_1683_PAL,21/07/2025,Atacado,5,1574.5,767.2,161.46,Venda
SKU_1800_MOS,21/07/2025,Varejo,2,559.8,242.98,158.41,Venda
SKU_1738_ROY,21/07/2025,E-commerce,1,194.9,73.52,121.38,Venda
SKU_1737_SAG,21/07/2025,Varejo,1,769.9,318.83,451.07,Venda
SKU_1741_PEA,21/07/2025,Varejo,1,239.9,82.1,157.8,Venda
SKU_1682_OLI,21/07/2025,Varejo,2,469.8,174.46,147.67,Venda
SKU_1986_BUB,21/07/2025,Atacado,4,839.6,429.32,102.57,Venda
SKU_1738_ROY,21/07/2025,Atacado,10,1949.0,1013.3,93.57,Venda
SKU_1713_SNO,21/07/2025,Atacado,6,3029.4,1420.32,268.18,Venda
SKU_1784_BLA,21/07/2025,Varejo,2,619.8,286.78,166.51,Venda
SKU_1862_PAS,21/07/2025,Varejo,2,449.8,184.4,132.7,Venda
SKU_1424_BAB,21/07/2025,Varejo,2,1989.8,891.94,548.93,Venda
SKU_1716_AQU,21/07/2025,Varejo,1,164.9,79.06,85.84,Venda
SKU_1718_SEA,21/07/2025,Atacado,10,3699.0,1933.0,176.6,Venda
SKU_1708_FLA,21/07/2025,Atacado,2,339.8,161.82,88.99,Venda
SKU_1724_PIN,21/07/2025,Atacado,4,4459.6,2298.16,540.36,Venda
SKU_1655_SNO,21/07/2025,Varejo,1,644.9,240.91,403.99,Venda
SKU_1492_BIR,21/07/2025,Atacado,4,1499.6,776.32,180.82,Venda
SKU_1794_FLA,21/07/2025,Varejo,3,629.7,287.58,114.04,Venda
SKU_1543_FLA,21/07/2025,E-commerce,1,734.9,280.37,454.53,Venda
SKU_1726_PAS,21/07/2025,E-commerce,1,429.9,165.43,264.47,Venda
SKU_1771_PIN,21/07/2025,Varejo,1,264.9,98.01,166.89,Venda
SKU_1699_CLO,21/07/2025,Varejo,1,329.9,154.56,175.34,Venda
SKU_1604_CLE,21/07/2025,Atacado,6,3629.4,1674.84,325.76,Venda
SKU_1859_LIG,21/07/2025,E-commerce,1,429.9,170.74,259.16,Venda
SKU_1765_MYS,21/07/2025,Atacado,2,519.8,271.5,124.15,Venda
SKU_1920_GAR,21/07/2025,Atacado,10,2549.0,1429.6,111.94,Venda
SKU_1699_COB,21/07/2025,Atacado,12,3958.8,2147.28,150.96,Venda
SKU_2043_WHI,21/07/2025,Atacado,5,1749.5,822.9,185.32,Venda
SKU_1690_MYS,21/07/2025,Varejo,1,539.9,260.81,279.09,Venda
SKU_1568_FRE,21/07/2025,Atacado,3,704.7,332.7,124.0,Venda
SKU_1718_DUS,21/07/2025,Atacado,5,1849.5,897.1,190.48,Venda
SKU_1705_JAD,21/07/2025,Atacado,12,4918.8,2143.8,231.25,Venda
SKU_1775_PAS,21/07/2025,Varejo,1,279.9,139.32,140.58,Venda
SKU_1693_FLA,21/07/2025,Varejo,1,204.9,76.2,128.7,Venda
SKU_1687_FOR,21/07/2025,Atacado,4,3599.6,2079.84,379.94,Venda
SKU_1760_PAS,21/07/2025,Varejo,1,249.9,78.34,171.56,Venda
SKU_1785_PAS,21/07/2025,E-commerce,1,244.9,93.4,151.5,Venda
SKU_1699_CLO,21/07/2025,Atacado,5,1649.5,827.45,164.41,Venda
SKU_1689_IVO,21/07/2025,E-commerce,1,964.9,310.15,654.75,Venda
SKU_1784_EGR,21/07/2025,Varejo,1,309.9,133.17,176.73,Venda
SKU_1801_MOS,21/07/2025,Varejo,4,1499.6,678.68,205.23,Venda
SKU_1441_IVO,21/07/2025,Atacado,3,3464.7,1862.64,534.02,Venda
SKU_1697_PIS,21/07/2025,E-commerce,1,219.9,94.87,125.03,Venda
SKU_1758_HON,21/07/2025,Varejo,1,179.9,84.01,95.89,Venda
SKU_1744_EME,21/07/2025,Varejo,1,264.9,119.88,145.02,Venda
SKU_1650_OLI,21/07/2025,Atacado,5,5024.5,2825.75,439.75,Venda
SKU_1965_GAR,21/07/2025,Atacado,4,939.6,449.56,122.51,Venda
SKU_1927_CER,21/07/2025,Atacado,8,2399.2,1130.0,158.65,Venda
SKU_1798_MOS,21/07/2025,Atacado,6,2519.4,1452.3,177.85,Venda
SKU_1774_MOS,21/07/2025,Varejo,2,409.8,202.34,103.73,Venda
SKU_1494_HOT,21/07/2025,Atacado,10,10849.0,5212.3,563.67,Venda
SKU_1773_FRE,21/07/2025,E-commerce,3,974.7,444.87,176.61,Venda
SKU_2061_BRI,21/07/2025,Atacado,4,839.6,388.4,112.8,Venda
SKU_1796_SHO,21/07/2025,Atacado,5,2524.5,1195.55,265.79,Venda
SKU_1784_EGR,21/07/2025,Atacado,3,929.7,439.5,163.4,Venda
SKU_1729_CLE,21/07/2025,Atacado,4,699.6,330.56,92.26,Venda
SKU_1747_TEA,21/07/2025,Atacado,6,1049.4,488.04,93.56,Venda
SKU_1722_AQU,21/07/2025,E-commerce,1,324.9,125.65,199.25,Venda
SKU_1773_FRE,21/07/2025,Varejo,1,324.9,138.52,186.38,Venda
SKU_1755_BIR,21/07/2025,Atacado,12,4018.8,2049.6,164.1,Venda
SKU_1423_SAG,21/07/2025,Varejo,1,1199.9,426.72,773.18,Venda
SKU_1843_BIR,21/07/2025,Atacado,4,1219.6,622.68,149.23,Venda
SKU_1722_AQU,21/07/2025,E-commerce,1,324.9,103.8,221.1,Venda
SKU_1708_FLA,21/07/2025,Atacado,6,1019.4,511.56,84.64,Venda
SKU_1539_BLA,21/07/2025,Atacado,6,2099.4,941.58,192.97,Venda
SKU_1773_FRE,21/07/2025,E-commerce,1,324.9,108.71,216.19,Venda
SKU_1757_TUR,21/07/2025,Atacado,4,1059.6,541.36,129.56,Venda
SKU_1698_SNO,21/07/2025,Atacado,6,2519.4,1347.3,195.35,Venda
SKU_1723_MOS,21/07/2025,Varejo,1,434.9,147.33,287.57,Venda
SKU_1717_CRE,21/07/2025,E-commerce,3,779.7,285.33,164.79,Venda
SKU_1750_MIN,21/07/2025,Varejo,1,369.9,174.08,195.82,Venda
SKU_1770_DEE,21/07/2025,E-commerce,1,219.9,78.31,141.59,Venda
SKU_1755_BIR,21/07/2025,Varejo,1,334.9,165.56,169.34,Venda
SKU_1719_WHI,21/07/2025,Varejo,3,959.7,462.09,165.87,Venda
SKU_1715_HON,21/07/2025,Atacado,2,439.8,194.92,122.44,Venda
SKU_1750_SNO,21/07/2025,Atacado,5,1849.5,860.3,197.84,Venda
SKU_1755_BIR,21/07/2025,E-commerce,1,334.9,140.15,194.75,Venda
SKU_1787_BAB,21/07/2025,Atacado,2,579.8,271.92,153.94,Venda
SKU_1828_FLA,21/07/2025,Varejo,3,734.7,298.65,145.35,Venda
SKU_1681_PIS,21/07/2025,Varejo,1,234.9,89.35,145.55,Venda
SKU_1680_SEA,21/07/2025,Varejo,1,334.9,149.89,185.01,Venda
SKU_1557_SAG,21/07/2025,E-commerce,1,199.9,88.13,111.77,Venda
SKU_1417_BIR,21/07/2025,Atacado,5,1399.5,740.05,131.89,Venda
SKU_1713_SAL,21/07/2025,Varejo,1,504.9,152.86,352.04,Venda
SKU_1682_OLI,21/07/2025,Atacado,2,469.8,229.88,119.96,Venda
SKU_1697_MIN,21/07/2025,Varejo,1,219.9,81.21,138.69,Venda
SKU_1447_OLI,21/07/2025,Atacado,6,1439.4,709.8,121.6,Venda
SKU_1765_PAS,21/07/2025,Varejo,1,259.9,122.28,137.62,Venda
SKU_1770_DEE,21/07/2025,Atacado,8,1759.2,883.28,109.49,Venda
SKU_1563_MEX,21/07/2025,E-commerce,1,149.9,50.02,99.88,Venda
SKU_1389_BAB,21/07/2025,Atacado,4,559.6,300.12,64.87,Venda
SKU_1775_PAS,21/07/2025,Varejo,4,1119.6,423.68,173.98,Venda
SKU_1801_FLA,21/07/2025,Varejo,1,374.9,121.45,253.45,Venda
SKU_1712_MOS,21/07/2025,Varejo,1,179.9,58.75,121.15,Venda
SKU_2057_VAN,21/07/2025,Atacado,4,3779.6,1597.08,545.63,Venda
SKU_1719_OFF,21/07/2025,E-commerce,1,319.9,126.97,192.93,Venda
SKU_1699_COB,21/07/2025,Varejo,1,329.9,100.17,229.73,Venda
SKU_1614_IVO,21/07/2025,Varejo,2,889.8,312.32,288.74,Venda
SKU_1487_BRI,21/07/2025,Varejo,1,334.9,116.89,218.01,Venda
SKU_1791_IVO,21/07/2025,Varejo,1,264.9,116.04,148.86,Venda
SKU_1766_MYS,21/07/2025,Varejo,2,789.8,285.04,252.38,Venda
SKU_1798_MOS,21/07/2025,E-commerce,1,419.9,194.37,225.53,Venda
SKU_1693_FLA,21/07/2025,E-commerce,1,204.9,87.12,117.78,Venda
SKU_1581_COB,21/07/2025,E-commerce,1,854.9,418.23,436.67,Venda
SKU_1751_MIN,21/07/2025,Atacado,2,659.8,305.66,177.07,Venda
SKU_1796_SHO,21/07/2025,Varejo,1,504.9,236.19,268.71,Venda
SKU_1737_DEE,21/07/2025,Atacado,8,6159.2,2898.96,407.53,Venda
SKU_1776_BIR,21/07/2025,E-commerce,1,329.9,116.12,213.78,Venda
SKU_1758_HON,21/07/2025,Atacado,3,539.7,272.55,89.05,Venda
SKU_1877_TEA,21/07/2025,Atacado,6,3449.4,1716.9,288.75,Venda
SKU_1944_PIS,21/07/2025,E-commerce,1,399.9,124.12,275.78,Venda
SKU_1488_PEA,21/07/2025,Atacado,4,1359.6,762.96,149.16,Venda
SKU_1761_SAP,21/07/2025,Atacado,3,3314.7,1677.81,545.63,Venda
SKU_1685_BIR,21/07/2025,Atacado,4,2659.6,1415.2,311.1,Venda
SKU_1800_SKY,21/07/2025,Atacado,8,2239.2,1086.96,144.03,Venda
SKU_1656_FUC,21/07/2025,Atacado,10,2349.0,1161.4,118.76,Venda
SKU_1739_MOS,21/07/2025,Varejo,1,254.9,104.26,150.64,Venda
SKU_1727_WHI,21/07/2025,E-commerce,2,309.8,134.28,87.76,Venda
SKU_1781_AQU,21/07/2025,Varejo,1,129.9,44.81,85.09,Venda
SKU_1750_SNO,21/07/2025,Varejo,1,369.9,135.38,234.52,Venda
SKU_1631_BAL,21/07/2025,Atacado,4,719.6,355.04,91.14,Venda
SKU_1745_PEA,21/07/2025,Atacado,8,3279.2,1729.92,193.66,Venda
SKU_1680_NAV,21/07/2025,E-commerce,1,334.9,155.82,179.08,Venda
SKU_1998_COR,21/07/2025,E-commerce,1,354.9,145.9,209.0,Venda
SKU_1771_EME,21/07/2025,Varejo,1,264.9,98.37,166.53,Venda
SKU_1632_SPA,21/07/2025,E-commerce,1,184.9,69.61,115.29,Venda
SKU_1784_EGR,21/07/2025,Atacado,3,929.7,451.71,159.33,Venda
SKU_1659_MOS,21/07/2025,Varejo,1,1024.9,470.94,553.96,Venda
SKU_1911_RAS,21/07/2025,Varejo,1,214.9,104.76,110.14,Venda
SKU_1799_DEN,21/07/2025,Varejo,1,269.9,107.29,162.61,Venda
SKU_1682_OLI,21/07/2025,E-commerce,1,234.9,107.46,127.44,Venda
SKU_1712_NAV,21/07/2025,Varejo,1,179.9,63.33,116.57,Venda
SKU_1800_SKY,21/07/2025,Varejo,1,279.9,92.2,187.7,Venda
SKU_1721_FRE,21/07/2025,Atacado,2,839.8,387.76,226.02,Venda
SKU_1394_FOR,21/07/2025,Varejo,1,469.9,211.49,258.41,Venda
SKU_1794_FLA,21/07/2025,E-commerce,1,209.9,65.89,144.01,Venda
SKU_1501_OLI,21/07/2025,Atacado,6,1019.4,487.14,88.71,Venda
SKU_1732_WHI,21/07/2025,E-commerce,1,1114.9,430.29,684.61,Venda
SKU_1495_BLA,21/07/2025,Atacado,6,1979.4,1126.74,142.11,Venda
SKU_1726_PAS,21/07/2025,Atacado,6,2579.4,1227.0,225.4,Venda
SKU_1641_MEX,21/07/2025,Atacado,8,2599.2,1236.32,170.36,Venda
SKU_1683_PAL,21/07/2025,Atacado,8,2519.2,1363.52,144.46,Venda
SKU_1850_DEE,21/07/2025,Atacado,3,614.7,273.27,113.81,Venda
SKU_1687_WHI,21/07/2025,Atacado,4,3599.6,1765.72,458.47,Venda
SKU_1507_FLA,21/07/2025,E-commerce,1,179.9,87.61,92.29,Venda
SKU_1760_OFF,21/07/2025,Atacado,6,1499.4,710.16,131.54,Venda
SKU_1407_EME,21/07/2025,Atacado,6,1289.4,560.94,121.41,Venda
SKU_1744_EME,21/07/2025,Atacado,2,529.8,232.3,148.75,Venda
SKU_1781_CLE,21/07/2025,Varejo,2,259.8,109.14,75.33,Venda
SKU_1615_MOS,21/07/2025,Atacado,5,2324.5,1107.05,243.49,Venda
SKU_1709_CRE,21/07/2025,Varejo,1,209.9,72.97,136.93,Venda
SKU_1762_DEN,21/07/2025,Atacado,6,1529.4,778.74,125.11,Venda
SKU_1746_NAV,21/07/2025,Atacado,3,539.7,264.78,91.64,Venda
SKU_1721_COR,21/07/2025,E-commerce,1,419.9,209.88,210.02,Venda
SKU_1722_PAS,21/07/2025,Varejo,1,324.9,127.57,197.33,Venda
SKU_1541_POW,21/07/2025,Atacado,4,2699.6,1227.84,367.94,Venda
SKU_1721_COR,21/07/2025,Varejo,1,419.9,187.1,232.8,Venda
SKU_1776_PAS,21/07/2025,Atacado,5,1649.5,902.45,149.41,Venda
SKU_1763_MAR,21/07/2025,Atacado,4,1199.6,597.16,150.61,Venda
SKU_1662_LIG,21/07/2025,E-commerce,1,199.9,70.67,129.23,Venda
SKU_1725_BAB,21/07/2025,E-commerce,1,244.9,101.97,142.93,Venda
SKU_1755_BIR,21/07/2025,E-commerce,1,334.9,158.16,176.74,Venda
SKU_1465_OFF,21/07/2025,Atacado,3,944.7,455.73,162.99,Venda
SKU_1781_CLE,21/07/2025,E-commerce,1,129.9,53.85,76.05,Venda
SKU_1954_WHI,21/07/2025,Atacado,3,629.7,352.68,92.34,Venda
SKU_1726_PAS,21/07/2025,Atacado,8,3439.2,1660.08,222.39,Venda
SKU_1532_BRI,21/07/2025,E-commerce,1,979.9,346.78,633.12,Venda
SKU_1692_BLU,21/07/2025,Varejo,1,219.9,75.17,144.73,Venda
SKU_1778_TEA,21/07/2025,Atacado,5,1424.5,642.0,156.5,Venda
SKU_1741_PEA,21/07/2025,Atacado,5,1199.5,640.4,111.82,Venda
SKU_1772_BLU,21/07/2025,Varejo,2,829.8,413.28,208.26,Venda
SKU_1691_HUN,21/07/2025,Varejo,1,309.9,117.63,192.27,Venda
SKU_1678_LIG,21/07/2025,Varejo,2,1429.8,582.82,423.49,Venda
SKU_1566_PEA,21/07/2025,Varejo,2,2069.8,910.78,579.51,Venda
SKU_1680_NAV,21/07/2025,Varejo,2,669.8,310.76,179.52,Venda
SKU_1746_NAV,21/07/2025,Atacado,6,1079.4,618.84,76.76,Venda
SKU_1412_BAB,21/07/2025,Atacado,5,4474.5,2339.4,427.02,Venda
SKU_1770_DEE,21/07/2025,Atacado,3,659.7,323.97,111.91,Venda
SKU_1424_BAB,21/07/2025,Varejo,1,994.9,398.45,596.45,Venda
SKU_1718_SEA,21/07/2025,Varejo,2,739.8,349.0,195.4,Venda
SKU_1763_MAR,21/07/2025,E-commerce,1,299.9,106.2,193.7,Venda
SKU_1684_HON,21/07/2025,Varejo,1,184.9,92.26,92.64,Venda
SKU_1597_SHO,21/07/2025,Atacado,12,6358.8,3009.6,279.1,Venda
SKU_1683_SHO,21/07/2025,Atacado,3,944.7,426.96,172.58,Venda
SKU_1768_MIN,21/07/2025,Atacado,10,6249.0,2745.1,350.39,Venda
SKU_1797_BLU,21/07/2025,Atacado,12,4558.8,2619.24,161.63,Venda
SKU_1780_LIG,21/07/2025,Atacado,8,2679.2,1132.0,193.4,Venda
SKU_1609_SAP,21/07/2025,Varejo,1,269.9,127.42,142.48,Venda
SKU_1699_CLO,21/07/2025,Varejo,1,329.9,135.03,194.87,Venda
SKU_1682_BIR,21/07/2025,Atacado,5,1174.5,614.35,112.03,Venda
SKU_1491_CER,21/07/2025,Atacado,6,809.4,424.08,64.22,Venda
SKU_1787_BAB,21/07/2025,Varejo,1,289.9,135.87,154.03,Venda
SKU_1694_SER,21/07/2025,Varejo,1,279.9,108.3,171.6,Venda
SKU_1458_PEA,21/07/2025,Varejo,1,349.9,128.06,221.84,Venda
SKU_1433_OLI,21/07/2025,Atacado,8,2519.2,1170.8,168.55,Venda
SKU_1751_MIN,21/07/2025,E-commerce,1,329.9,143.85,186.05,Venda
SKU_1526_FOR,21/07/2025,Atacado,10,1699.0,864.6,83.44,Venda
SKU_1692_BLU,21/07/2025,Atacado,8,1759.2,937.84,102.67,Venda
SKU_1708_FLA,21/07/2025,Atacado,5,849.5,415.95,86.71,Venda
SKU_1923_TUR,21/07/2025,Varejo,1,189.9,66.4,123.5,Venda
SKU_1699_CLO,21/07/2025,Varejo,1,329.9,110.48,219.42,Venda
SKU_1764_MAR,21/07/2025,Varejo,1,234.9,113.53,121.37,Venda
SKU_1738_ROY,21/07/2025,Atacado,6,1169.4,531.48,106.32,Venda
SKU_1751_BLU,21/07/2025,Atacado,3,989.7,451.74,179.32,Venda
SKU_1573_MIN,21/07/2025,E-commerce,1,1024.9,495.72,529.18,Venda
SKU_1762_DEN,21/07/2025,Atacado,6,1529.4,849.84,113.26,Venda
SKU_1787_BAB,21/07/2025,Atacado,5,1449.5,753.25,139.25,Venda
SKU_1694_PIS,21/07/2025,Atacado,4,1119.6,580.96,134.66,Venda
SKU_1452_SKY,21/07/2025,Varejo,1,144.9,52.58,92.32,Venda
SKU_1760_OFF,21/07/2025,Varejo,1,249.9,96.98,152.92,Venda
SKU_1531_TEA,21/07/2025,Varejo,2,1099.8,525.0,287.4,Venda
SKU_1599_CER,21/07/2025,Atacado,8,3759.2,1696.72,257.81,Venda
SKU_1850_DEE,21/07/2025,E-commerce,1,204.9,101.57,103.33,Venda
SKU_1589_TUR,21/07/2025,E-commerce,1,679.9,221.2,458.7,Venda
SKU_1742_DEN,21/07/2025,E-commerce,1,259.9,83.32,176.58,Venda
SKU_1968_PAS,21/07/2025,Varejo,1,174.9,80.11,94.79,Venda
SKU_1798_OFF,21/07/2025,Varejo,1,419.9,171.53,248.37,Venda
SKU_1768_MIN,21/07/2025,Atacado,12,7498.8,4051.56,287.27,Venda
SKU_1553_DEN,21/07/2025,Varejo,3,764.7,358.8,135.3,Venda
SKU_1723_COB,21/07/2025,Varejo,1,434.9,181.87,253.03,Venda
SKU_1801_MOS,21/07/2025,Atacado,3,1124.7,477.84,215.62,Venda
SKU_1772_BLU,21/07/2025,Varejo,2,829.8,312.04,258.88,Venda
SKU_1524_DEN,21/07/2025,Atacado,6,2219.4,1132.56,181.14,Venda
SKU_1796_SHO,21/07/2025,E-commerce,1,504.9,239.27,265.63,Venda
SKU_1400_PAL,21/07/2025,Atacado,8,1679.2,705.92,121.66,Venda
SKU_1756_BUB,21/07/2025,Atacado,4,719.6,345.64,93.49,Venda
SKU_1750_SNO,21/07/2025,Varejo,2,739.8,346.16,196.82,Venda
SKU_1757_TUR,21/07/2025,Varejo,2,529.8,211.3,159.25,Venda
SKU_1709_MAR,21/07/2025,E-commerce,1,209.9,99.36,110.54,Venda
SKU_1714_DEE,21/07/2025,E-commerce,2,609.8,219.44,195.18,Venda
SKU_1745_PEA,21/07/2025,E-commerce,2,819.8,312.98,253.41,Venda
SKU_1694_PIS,21/07/2025,E-commerce,1,279.9,86.62,193.28,Venda
SKU_1723_COB,21/07/2025,E-commerce,1,434.9,190.98,243.92,Venda
SKU_1622_VAN,21/07/2025,Atacado,4,1079.6,566.56,128.26,Venda
SKU_1636_SHO,21/07/2025,Varejo,1,439.9,174.05,265.85,Venda
SKU_1938_PAS,21/07/2025,E-commerce,1,899.9,409.59,490.31,Venda
SKU_1461_NAV,21/07/2025,Varejo,1,1069.9,322.74,747.16,Venda
SKU_1537_SAP,21/07/2025,Varejo,2,509.8,191.38,159.21,Venda
SKU_1446_GAR,21/07/2025,Varejo,1,269.9,113.95,155.95,Venda
SKU_1760_PAS,21/07/2025,Varejo,3,749.7,284.46,155.08,Venda
SKU_1794_LIG,21/07/2025,Varejo,1,209.9,104.1,105.8,Venda
SKU_1449_BLA,21/07/2025,Atacado,2,649.8,340.76,154.52,Venda
SKU_1987_CLO,21/07/2025,Varejo,2,2239.8,1008.16,615.82,Venda
SKU_1754_IVO,21/07/2025,E-commerce,1,339.9,115.94,223.96,Venda
SKU_2048_MAR,21/07/2025,E-commerce,1,384.9,150.59,234.31,Venda
SKU_1963_IVO,21/07/2025,Varejo,1,694.9,313.83,381.07,Venda
SKU_1780_LIG,21/07/2025,E-commerce,1,334.9,166.86,168.04,Venda
SKU_1745_PEA,21/07/2025,Varejo,1,409.9,150.19,259.71,Venda
SKU_1691_ROS,21/07/2025,Atacado,4,1239.6,591.84,161.94,Venda
SKU_1704_BAB,21/07/2025,Atacado,5,1674.5,964.6,141.98,Venda
SKU_1753_WHI,21/07/2025,Atacado,2,1579.8,678.3,450.75,Venda
SKU_1607_GAR,21/07/2025,Atacado,3,899.7,506.4,131.1,Venda
SKU_1748_COB,21/07/2025,Varejo,1,309.9,144.31,165.59,Venda
SKU_1844_BAL,21/07/2025,Varejo,1,249.9,107.96,141.94,Venda
SKU_1685_COB,21/07/2025,Atacado,6,3989.4,2276.64,285.46,Venda
SKU_1766_MYS,21/07/2025,E-commerce,1,394.9,194.98,199.92,Venda
SKU_1713_SNO,21/07/2025,Varejo,1,504.9,197.66,307.24,Venda
SKU_1444_OLI,21/07/2025,Atacado,5,1199.5,540.1,131.88,Venda
SKU_1808_PAS,21/07/2025,Varejo,3,2879.7,1053.9,608.6,Venda
SKU_1710_MEX,21/07/2025,Varejo,1,809.9,309.4,500.5,Venda
SKU_1458_MIN,21/07/2025,Varejo,1,349.9,167.75,182.15,Venda
SKU_1722_AQU,21/07/2025,Atacado,2,649.8,378.86,135.47,Venda
SKU_1745_PEA,21/07/2025,Varejo,1,409.9,167.32,242.58,Venda
SKU_1450_JAD,21/07/2025,Atacado,2,819.8,432.4,193.7,Venda
SKU_1740_OLI,21/07/2025,Varejo,3,644.7,252.66,130.68,Venda
SKU_1402_WHI,21/07/2025,Varejo,2,469.8,155.8,157.0,Venda
SKU_2067_DUS,21/07/2025,Atacado,6,2099.4,926.22,195.53,Venda
SKU_1397_SNO,21/07/2025,Atacado,5,1174.5,553.25,124.25,Venda
SKU_1698_PRI,21/07/2025,Atacado,5,2099.5,888.35,242.23,Venda
SKU_1768_PEA,21/07/2025,Atacado,8,4999.2,2216.16,347.88,Venda
SKU_1433_SAP,21/07/2025,Atacado,5,1574.5,839.55,146.99,Venda
SKU_1607_GAR,21/07/2025,Varejo,1,299.9,149.23,150.67,Venda
SKU_1700_HUN,21/07/2025,Varejo,1,699.9,335.38,364.52,Venda
SKU_1902_HOT,21/07/2025,Varejo,1,829.9,315.16,514.74,Venda
SKU_1740_FRE,21/07/2025,Atacado,2,429.8,203.68,113.06,Venda
SKU_1757_TUR,21/07/2025,Atacado,3,794.7,358.77,145.31,Venda
SKU_2015_OLI,21/07/2025,Atacado,10,3149.0,1773.6,137.54,Venda
SKU_1791_ARM,21/07/2025,E-commerce,1,264.9,101.53,163.37,Venda
SKU_1736_PAS,21/07/2025,Varejo,1,324.9,106.3,218.6,Venda
SKU_1727_WHI,21/07/2025,Varejo,1,154.9,76.53,78.37,Venda
SKU_1682_BIR,21/07/2025,Varejo,2,469.8,225.84,121.98,Venda
SKU_1479_FUC,21/07/2025,Varejo,1,554.9,177.86,377.04,Venda
SKU_1442_EME,21/07/2025,Atacado,6,1739.4,737.1,167.05,Venda
SKU_1391_SEA,21/07/2025,Atacado,3,854.7,449.31,135.13,Venda
SKU_1654_NAV,21/07/2025,Varejo,1,309.9,127.83,182.07,Venda
SKU_1796_OLI,21/07/2025,Varejo,1,504.9,216.17,288.73,Venda
SKU_1726_BUB,21/07/2025,Varejo,1,429.9,210.31,219.59,Venda
SKU_1711_ARM,21/07/2025,Varejo,1,994.9,416.35,578.55,Venda
SKU_1683_SHO,21/07/2025,E-commerce,1,314.9,150.76,164.14,Venda
SKU_1770_DEE,21/07/2025,E-commerce,1,219.9,106.13,113.77,Venda
SKU_1719_WHI,21/07/2025,Varejo,1,319.9,131.55,188.35,Venda
SKU_1794_LIG,21/07/2025,Atacado,5,1049.5,502.0,109.5,Venda
SKU_1707_ARM,21/07/2025,Atacado,4,1119.6,638.2,120.35,Venda
SKU_1720_PAS,21/07/2025,Atacado,6,1349.4,715.2,105.7,Venda
SKU_1689_IVO,21/07/2025,Atacado,6,5789.4,3078.54,451.81,Venda
SKU_1719_WHI,21/07/2025,E-commerce,1,319.9,158.86,161.04,Venda
SKU_1912_PAS,21/07/2025,Varejo,2,769.8,258.66,255.57,Venda
SKU_1583_WHI,21/07/2025,Atacado,4,1019.6,573.56,111.51,Venda
SKU_2056_SKY,21/07/2025,E-commerce,1,1034.9,313.83,721.07,Venda
SKU_1723_COB,21/07/2025,Varejo,1,434.9,171.3,263.6,Venda
SKU_1542_DEE,21/07/2025,Varejo,1,469.9,219.76,250.14,Venda
SKU_1784_BLA,21/07/2025,Atacado,4,1239.6,682.8,139.2,Venda
SKU_1588_CRE,21/07/2025,Atacado,6,2939.4,1422.84,252.76,Venda
SKU_1793_MIN,21/07/2025,Atacado,2,379.8,170.14,104.83,Venda
SKU_1638_SAP,21/07/2025,Varejo,2,2279.8,1005.26,637.27,Venda
SKU_2055_SAP,21/07/2025,Atacado,8,3679.2,1689.92,248.66,Venda
SKU_1680_SEA,21/07/2025,E-commerce,1,334.9,124.24,210.66,Venda
SKU_1730_OFF,21/07/2025,Atacado,8,2559.2,1454.48,138.09,Venda
SKU_1557_SAG,21/07/2025,E-commerce,2,399.8,169.74,115.03,Venda
SKU_1604_CLE,21/07/2025,Varejo,1,604.9,297.53,307.37,Venda
SKU_1758_CLO,21/07/2025,Atacado,4,719.6,372.04,86.89,Venda
SKU_1752_SPA,21/07/2025,Varejo,1,429.9,137.53,292.37,Venda
SKU_1413_JAD,21/07/2025,Varejo,1,184.9,69.79,115.11,Venda
SKU_1472_EME,21/07/2025,Atacado,2,939.8,530.46,204.67,Venda
SKU_1762_BRI,21/07/2025,Atacado,4,1019.6,521.04,124.64,Venda
SKU_1719_OFF,21/07/2025,Atacado,10,3199.0,1691.0,150.8,Venda
SKU_1479_MIN,21/07/2025,E-commerce,1,554.9,242.25,312.65,Venda
SKU_1459_OFF,21/07/2025,Varejo,1,209.9,77.65,132.25,Venda
SKU_1752_SPA,21/07/2025,Atacado,4,1719.6,986.76,183.21,Venda
SKU_1896_ARM,21/07/2025,Atacado,5,5049.5,2576.95,494.51,Venda
SKU_1712_MOS,21/07/2025,Atacado,4,719.6,372.68,86.73,Venda
SKU_1797_BLU,21/07/2025,Atacado,5,1899.5,851.95,209.51,Venda
SKU_1610_MEX,21/07/2025,Varejo,1,184.9,75.5,109.4,Venda
SKU_1747_TEA,21/07/2025,Varejo,1,174.9,74.06,100.84,Venda
SKU_1732_OFF,21/07/2025,Varejo,1,1114.9,520.35,594.55,Venda
SKU_1429_SPA,21/07/2025,Atacado,3,569.7,266.13,101.19,Venda
SKU_1685_COB,21/07/2025,Varejo,1,664.9,221.11,443.79,Venda
SKU_1717_CRE,21/07/2025,E-commerce,1,259.9,123.18,136.72,Venda
SKU_1746_EME,21/07/2025,Varejo,2,359.8,163.28,98.26,Venda
SKU_1633_DEN,21/07/2025,Varejo,1,234.9,105.82,129.08,Venda
SKU_1579_DEN,21/07/2025,E-commerce,1,229.9,96.68,133.22,Venda
SKU_1416_AQU,21/07/2025,Varejo,1,279.9,113.99,165.91,Venda
SKU_1799_POW,21/07/2025,Varejo,1,269.9,100.71,169.19,Venda
SKU_1683_PAL,21/07/2025,Varejo,1,314.9,139.38,175.52,Venda
SKU_1767_FUC,21/07/2025,E-commerce,1,204.9,101.64,103.26,Venda
SKU_1697_MIN,21/07/2025,Atacado,3,659.7,362.25,99.15,Venda
SKU_1459_CRE,21/07/2025,Varejo,1,209.9,67.58,142.32,Venda
SKU_1745_PEA,21/07/2025,Atacado,5,2049.5,1179.75,173.95,Venda
SKU_1721_COR,21/07/2025,Atacado,6,2519.4,1428.9,181.75,Venda
SKU_1461_PRI,21/07/2025,Varejo,1,1069.9,498.26,571.64,Venda
SKU_1702_COR,21/07/2025,Atacado,6,3719.4,1907.34,302.01,Venda
SKU_1685_BIR,21/07/2025,Varejo,1,664.9,329.27,335.63,Venda
SKU_1487_CLE,21/07/2025,Varejo,1,334.9,139.2,195.7,Venda
SKU_1771_EME,21/07/2025,Varejo,1,264.9,103.33,161.57,Venda
SKU_1755_AQU,21/07/2025,Varejo,1,334.9,148.01,186.89,Venda
SKU_1796_SHO,21/07/2025,E-commerce,1,504.9,230.52,274.38,Venda
SKU_1526_FOR,21/07/2025,Varejo,1,169.9,72.88,97.02,Venda
SKU_1780_LIG,21/07/2025,E-commerce,1,334.9,125.25,209.65,Venda
SKU_1749_SNO,21/07/2025,Varejo,4,1399.6,580.56,204.76,Venda
SKU_1519_TEA,21/07/2025,Atacado,12,7558.8,3847.92,309.24,Venda
SKU_1696_SER,21/07/2025,Atacado,3,839.7,478.56,120.38,Venda
SKU_2063_SHO,21/07/2025,Varejo,1,219.9,96.41,123.49,Venda
SKU_1889_BIR,21/07/2025,Varejo,1,269.9,98.68,171.22,Venda
SKU_1400_FOR,21/07/2025,E-commerce,1,209.9,67.98,141.92,Venda
SKU_1700_PIS,21/07/2025,Varejo,2,1399.8,477.74,461.03,Venda
SKU_1542_DEE,21/07/2025,Varejo,2,939.8,398.4,270.7,Venda
SKU_1766_CLE,21/07/2025,Atacado,6,2369.4,1145.52,203.98,Venda
SKU_1985_PAS,21/07/2025,Varejo,1,409.9,129.6,280.3,Venda
SKU_1409_PEA,21/07/2025,Varejo,1,209.9,86.23,123.67,Venda
SKU_1729_FUC,21/07/2025,Varejo,1,174.9,79.05,95.85,Venda
SKU_1713_SAL,21/07/2025,Atacado,5,2524.5,1275.95,249.71,Venda
SKU_1754_SER,21/07/2025,Atacado,3,1019.7,471.87,182.61,Venda
SKU_1772_BLU,21/07/2025,Varejo,1,414.9,153.12,261.78,Venda
SKU_1394_FOR,21/07/2025,Varejo,1,469.9,228.56,241.34,Venda
SKU_1540_BAL,21/07/2025,Atacado,5,849.5,418.05,86.29,Venda
SKU_1744_EME,21/07/2025,Atacado,3,794.7,344.07,150.21,Venda
SKU_1758_CLO,21/07/2025,Atacado,8,1439.2,617.36,102.73,Venda
SKU_1443_BLU,21/07/2025,Varejo,1,269.9,107.77,162.13,Venda
SKU_1764_MAR,21/07/2025,E-commerce,2,469.8,185.4,142.2,Venda
SKU_1782_NAV,21/07/2025,Atacado,5,1249.5,621.55,125.59,Venda
SKU_1900_HON,21/07/2025,Atacado,4,1699.6,890.04,202.39,Venda
SKU_1751_MIN,21/07/2025,E-commerce,2,659.8,285.58,187.11,Venda
SKU_1774_MOS,22/07/2025,Atacado,4,819.6,423.36,99.06,Venda
SKU_1392_BLU,22/07/2025,Atacado,12,3538.8,1751.16,148.97,Venda
SKU_1702_LIG,22/07/2025,Varejo,1,619.9,217.88,402.02,Venda
SKU_1646_BLU,22/07/2025,Atacado,6,1229.4,744.3,80.85,Venda
SKU_1797_BLU,22/07/2025,Atacado,6,2279.4,1048.38,205.17,Venda
SKU_1703_PAS,22/07/2025,Atacado,6,1619.4,712.74,151.11,Venda
SKU_1769_WHI,22/07/2025,Varejo,1,324.9,102.95,221.95,Venda
SKU_1561_LIM,22/07/2025,E-commerce,1,349.9,127.33,222.57,Venda
SKU_1441_IVO,22/07/2025,Atacado,3,3464.7,1604.73,619.99,Venda
SKU_1730_OFF,22/07/2025,Varejo,1,319.9,106.56,213.34,Venda
SKU_1786_POW,22/07/2025,E-commerce,1,179.9,86.99,92.91,Venda
SKU_1486_PAL,22/07/2025,Atacado,12,3478.8,1910.28,130.71,Venda
SKU_1698_SNO,22/07/2025,Varejo,1,419.9,200.74,219.16,Venda
SKU_1506_BRI,22/07/2025,Varejo,2,459.8,204.74,127.53,Venda
SKU_1741_PEA,22/07/2025,Varejo,1,239.9,119.15,120.75,Venda
SKU_1713_SNO,22/07/2025,E-commerce,1,504.9,240.92,263.98,Venda
SKU_1673_FUC,22/07/2025,Atacado,3,1229.7,527.55,234.05,Venda
SKU_1998_SAL,22/07/2025,Varejo,1,354.9,154.39,200.51,Venda
SKU_1697_PIS,22/07/2025,Atacado,6,1319.4,612.42,117.83,Venda
SKU_1534_HUN,22/07/2025,Atacado,3,599.7,253.77,115.31,Venda
SKU_1779_LIG,22/07/2025,Varejo,1,214.9,93.64,121.26,Venda
SKU_1610_PRI,22/07/2025,E-commerce,1,184.9,77.03,107.87,Venda
SKU_1796_SHO,22/07/2025,E-commerce,1,504.9,246.08,258.82,Venda
SKU_1676_PIN,22/07/2025,Atacado,10,1699.0,881.5,81.75,Venda
SKU_2113_NAV,22/07/2025,E-commerce,1,164.9,79.58,85.32,Venda
SKU_1503_CER,22/07/2025,Atacado,3,689.7,325.8,121.3,Venda
SKU_1764_MAR,22/07/2025,E-commerce,1,234.9,107.83,127.07,Venda
SKU_1538_MAG,22/07/2025,Atacado,3,629.7,326.64,101.02,Venda
SKU_1790_ROY,22/07/2025,Varejo,1,259.9,107.98,151.92,Venda
SKU_1715_HON,22/07/2025,Atacado,5,1099.5,512.0,117.5,Venda
SKU_1752_SPA,22/07/2025,Varejo,1,429.9,168.9,261.0,Venda
SKU_2091_BIR,22/07/2025,Varejo,1,239.9,102.2,137.7,Venda
SKU_1756_FLA,22/07/2025,Atacado,5,899.5,434.65,92.97,Venda
SKU_1773_FRE,22/07/2025,Varejo,1,324.9,123.16,201.74,Venda
SKU_1788_MYS,22/07/2025,E-commerce,2,499.8,157.96,170.92,Venda
SKU_1416_CLE,22/07/2025,Varejo,1,279.9,97.36,182.54,Venda
SKU_1720_PAL,22/07/2025,Atacado,3,674.7,375.42,99.76,Venda
SKU_1721_FRE,22/07/2025,Varejo,3,1259.7,469.53,263.39,Venda
SKU_1521_FRE,22/07/2025,Atacado,5,949.5,456.5,98.6,Venda
SKU_1768_PEA,22/07/2025,E-commerce,1,624.9,247.15,377.75,Venda
SKU_1463_LIG,22/07/2025,E-commerce,1,259.9,113.61,146.29,Venda
SKU_1577_HUN,22/07/2025,Atacado,3,479.7,272.01,69.23,Venda
SKU_1781_CLE,22/07/2025,Atacado,10,1299.0,671.1,62.79,Venda
SKU_1708_FRE,22/07/2025,Varejo,1,169.9,57.22,112.68,Venda
SKU_1977_NAV,22/07/2025,Atacado,3,644.7,339.9,101.6,Venda
SKU_1631_BAL,22/07/2025,Varejo,2,359.8,114.64,122.58,Venda
SKU_1719_OFF,22/07/2025,Varejo,1,319.9,143.01,176.89,Venda
SKU_1692_OLI,22/07/2025,Varejo,1,219.9,103.89,116.01,Venda
SKU_1394_FOR,22/07/2025,E-commerce,1,469.9,158.2,311.7,Venda
SKU_1680_NAV,22/07/2025,Varejo,1,334.9,125.52,209.38,Venda
SKU_1537_SAP,22/07/2025,Atacado,3,764.7,334.8,143.3,Venda
SKU_1764_FUC,22/07/2025,Varejo,1,234.9,74.33,160.57,Venda
SKU_1688_WHI,22/07/2025,Varejo,1,429.9,146.33,283.57,Venda
SKU_1600_LIG,22/07/2025,E-commerce,2,789.8,272.0,258.9,Venda
SKU_1967_PAL,22/07/2025,Atacado,8,1559.2,696.48,107.84,Venda
SKU_1618_SAP,22/07/2025,Atacado,12,2158.8,943.08,101.31,Venda
SKU_1700_HUN,22/07/2025,Atacado,5,3499.5,2141.8,271.54,Venda
SKU_1744_EME,22/07/2025,Varejo,2,529.8,179.22,175.29,Venda
SKU_1760_OFF,22/07/2025,Atacado,5,1249.5,688.55,112.19,Venda
SKU_1417_SNO,22/07/2025,E-commerce,1,279.9,102.51,177.39,Venda
SKU_1901_MIN,22/07/2025,Varejo,1,234.9,104.62,130.28,Venda
SKU_1774_MOS,22/07/2025,E-commerce,1,204.9,65.8,139.1,Venda
SKU_1582_WHI,22/07/2025,Atacado,6,1379.4,717.48,110.32,Venda
SKU_1411_RAS,22/07/2025,Atacado,6,1349.4,573.36,129.34,Venda
SKU_1693_FLA,22/07/2025,Atacado,4,819.6,345.04,118.64,Venda
SKU_1496_PAS,22/07/2025,Varejo,1,1134.9,544.59,590.31,Venda
SKU_1787_BAB,22/07/2025,Atacado,5,1449.5,656.75,158.55,Venda
SKU_1855_AQU,22/07/2025,Atacado,4,1099.6,581.92,129.42,Venda
SKU_1750_SNO,22/07/2025,Varejo,1,369.9,138.38,231.52,Venda
SKU_1794_FLA,22/07/2025,Atacado,4,839.6,519.84,79.94,Venda
SKU_1749_BIR,22/07/2025,Varejo,4,1399.6,621.16,194.61,Venda
SKU_1754_IVO,22/07/2025,Varejo,1,339.9,139.53,200.37,Venda
SKU_1761_SAP,22/07/2025,Varejo,1,1104.9,548.75,556.15,Venda
SKU_1809_SHO,22/07/2025,Atacado,8,1919.2,1014.96,113.03,Venda
SKU_1718_SEA,22/07/2025,Varejo,1,369.9,179.42,190.48,Venda
SKU_1704_BAB,22/07/2025,Varejo,1,334.9,107.24,227.66,Venda
SKU_1780_AQU,22/07/2025,Atacado,10,3349.0,1752.9,159.61,Venda
SKU_1680_NAV,22/07/2025,Varejo,2,669.8,244.08,212.86,Venda
SKU_1698_PRI,22/07/2025,Atacado,10,4199.0,2073.6,212.54,Venda
SKU_1800_SKY,22/07/2025,Atacado,5,1399.5,834.35,113.03,Venda
SKU_1988_WHI,22/07/2025,Atacado,3,1274.7,708.6,188.7,Venda
SKU_1745_PEA,22/07/2025,Varejo,1,409.9,151.91,257.99,Venda
SKU_1541_POW,22/07/2025,E-commerce,1,674.9,251.82,423.08,Venda
SKU_1721_FRE,22/07/2025,Varejo,1,419.9,134.09,285.81,Venda
SKU_1701_BLU,22/07/2025,Varejo,1,339.9,164.08,175.82,Venda
SKU_1728_MID,22/07/2025,Varejo,1,329.9,115.21,214.69,Venda
SKU_1729_FUC,22/07/2025,Atacado,5,874.5,493.0,76.3,Venda
SKU_1730_MIN,22/07/2025,Atacado,10,3199.0,1685.2,151.38,Venda
SKU_1732_WHI,22/07/2025,Atacado,10,11149.0,5188.4,596.06,Venda
SKU_1793_MIN,22/07/2025,E-commerce,1,189.9,74.0,115.9,Venda
SKU_1761_SAP,22/07/2025,Atacado,6,6629.4,3421.32,534.68,Venda
SKU_1427_BLA,22/07/2025,Atacado,4,799.6,375.16,106.11,Venda
SKU_1709_MAR,22/07/2025,Varejo,1,209.9,70.57,139.33,Venda
SKU_1681_PIS,22/07/2025,Atacado,2,469.8,204.72,132.54,Venda
SKU_1651_PAS,22/07/2025,Atacado,5,1324.5,684.2,128.06,Venda
SKU_2003_BAL,22/07/2025,E-commerce,1,239.9,109.8,130.1,Venda
SKU_1797_GAR,22/07/2025,Atacado,5,1899.5,1149.8,149.94,Venda
SKU_1754_IVO,22/07/2025,Varejo,1,339.9,121.5,218.4,Venda
SKU_1768_MIN,22/07/2025,Varejo,2,1249.8,445.56,402.12,Venda
SKU_1499_HOT,22/07/2025,Varejo,1,259.9,79.88,180.02,Venda
SKU_1774_COB,22/07/2025,Atacado,5,1024.5,450.45,114.81,Venda
SKU_1751_MIN,22/07/2025,Atacado,3,989.7,471.63,172.69,Venda
SKU_1717_MIN,22/07/2025,Atacado,5,1299.5,628.4,134.22,Venda
SKU_1793_WHI,22/07/2025,Atacado,8,1519.2,774.64,93.07,Venda
SKU_1716_AQU,22/07/2025,Varejo,1,164.9,71.54,93.36,Venda
SKU_1685_BIR,22/07/2025,Varejo,2,1329.8,494.26,417.77,Venda
SKU_1536_MOS,22/07/2025,Atacado,10,3449.0,1811.2,163.78,Venda
SKU_1758_HON,22/07/2025,Varejo,1,179.9,65.79,114.11,Venda
SKU_1684_HON,22/07/2025,Atacado,3,554.7,240.3,104.8,Venda
SKU_1703_BLU,22/07/2025,Atacado,8,2159.2,954.72,150.56,Venda
SKU_1728_MID,22/07/2025,Atacado,6,1979.4,910.8,178.1,Venda
SKU_1765_PAS,22/07/2025,Varejo,2,519.8,242.8,138.5,Venda
SKU_1787_BAB,22/07/2025,Varejo,2,579.8,188.72,195.54,Venda
SKU_1986_BUB,22/07/2025,Atacado,10,2099.0,1188.1,91.09,Venda
SKU_1733_NAV,22/07/2025,Atacado,10,3499.0,1954.1,154.49,Venda
SKU_1703_BLU,22/07/2025,Atacado,4,1079.6,563.8,128.95,Venda
SKU_1581_COB,22/07/2025,Atacado,2,1709.8,897.7,406.05,Venda
SKU_1604_SNO,22/07/2025,Varejo,2,1209.8,476.06,366.87,Venda
SKU_1982_PIS,22/07/2025,Atacado,5,1124.5,576.85,109.53,Venda
SKU_1733_NAV,22/07/2025,Atacado,2,699.8,333.6,183.1,Venda
SKU_1694_SER,22/07/2025,Atacado,6,1679.4,793.86,147.59,Venda
SKU_1760_OFF,22/07/2025,Varejo,1,249.9,110.74,139.16,Venda
SKU_1913_MYS,22/07/2025,E-commerce,1,194.9,89.43,105.47,Venda
SKU_1756_FLA,22/07/2025,Varejo,1,179.9,74.69,105.21,Venda
SKU_1739_MOS,22/07/2025,Atacado,2,509.8,215.66,147.07,Venda
SKU_1697_PIS,22/07/2025,E-commerce,1,219.9,82.92,136.98,Venda
SKU_1791_ARM,22/07/2025,Atacado,3,794.7,401.28,131.14,Venda
SKU_1714_MID,22/07/2025,E-commerce,1,304.9,150.71,154.19,Venda
SKU_1644_PEA,22/07/2025,Atacado,4,1279.6,638.0,160.4,Venda
SKU_1757_PIN,22/07/2025,Atacado,12,3178.8,1592.04,132.23,Venda
SKU_1689_MAG,22/07/2025,Atacado,2,1929.8,814.2,557.8,Venda
SKU_1768_PEA,22/07/2025,Varejo,1,624.9,268.13,356.77,Venda
SKU_1462_MID,22/07/2025,Atacado,5,1824.5,780.5,208.8,Venda
SKU_1455_TEA,22/07/2025,Atacado,6,2009.4,1105.56,150.64,Venda
SKU_1582_WHI,22/07/2025,Varejo,1,229.9,70.02,159.88,Venda
SKU_1529_MIN,22/07/2025,E-commerce,1,244.9,73.97,170.93,Venda
SKU_1726_PAS,22/07/2025,Atacado,2,859.8,417.0,221.4,Venda
SKU_1698_SNO,22/07/2025,E-commerce,1,419.9,137.52,282.38,Venda
SKU_1727_WHI,22/07/2025,Varejo,3,464.7,206.07,86.21,Venda
SKU_1916_TUR,22/07/2025,Varejo,3,764.7,306.18,152.84,Venda
SKU_1728_MID,22/07/2025,Varejo,1,329.9,114.55,215.35,Venda
SKU_1738_BLU,22/07/2025,E-commerce,2,389.8,140.08,124.86,Venda
SKU_1788_MYS,22/07/2025,Varejo,1,249.9,122.77,127.13,Venda
SKU_1908_BLA,22/07/2025,Varejo,1,314.9,110.45,204.45,Venda
SKU_1625_DUS,22/07/2025,Varejo,2,409.8,192.1,108.85,Venda
SKU_1849_BAB,22/07/2025,Atacado,6,1979.4,1018.86,160.09,Venda
SKU_1855_AQU,22/07/2025,E-commerce,2,549.8,230.3,159.75,Venda
SKU_1697_MIN,22/07/2025,E-commerce,1,219.9,74.97,144.93,Venda
SKU_1602_PAS,22/07/2025,Atacado,3,689.7,361.23,109.49,Venda
SKU_1554_PIS,22/07/2025,Varejo,1,1034.9,349.72,685.18,Venda
SKU_1681_OFF,22/07/2025,Atacado,12,2818.8,1449.0,114.15,Venda
SKU_1531_SNO,22/07/2025,Atacado,2,1099.8,567.62,266.09,Venda
SKU_1796_OLI,22/07/2025,Varejo,1,504.9,161.86,343.04,Venda
SKU_1502_PEA,22/07/2025,Varejo,3,629.7,309.45,106.75,Venda
SKU_1434_ARM,22/07/2025,Varejo,1,209.9,68.42,141.48,Venda
SKU_1734_FRE,22/07/2025,Atacado,3,1049.7,462.66,195.68,Venda
SKU_1703_BLU,22/07/2025,Atacado,6,1619.4,688.14,155.21,Venda
SKU_1737_SAG,22/07/2025,Atacado,5,3849.5,1994.8,370.94,Venda
SKU_1763_MAR,22/07/2025,Atacado,5,1499.5,764.9,146.92,Venda
SKU_1590_MYS,22/07/2025,Atacado,4,759.6,435.04,81.14,Venda
SKU_1737_DEE,22/07/2025,Varejo,2,1539.8,633.98,452.91,Venda
SKU_1748_COB,22/07/2025,Atacado,4,1239.6,643.28,149.08,Venda
SKU_1705_SER,22/07/2025,E-commerce,1,409.9,165.89,244.01,Venda
SKU_2090_BUB,22/07/2025,Varejo,1,264.9,106.15,158.75,Venda
SKU_1733_NAV,22/07/2025,Varejo,1,349.9,119.93,229.97,Venda
SKU_1788_EME,22/07/2025,Atacado,4,999.6,464.76,133.71,Venda
SKU_1778_TEA,22/07/2025,Atacado,10,2849.0,1353.9,149.51,Venda
SKU_1771_PIN,22/07/2025,Varejo,1,264.9,108.94,155.96,Venda
SKU_1714_DEE,22/07/2025,Varejo,1,304.9,98.01,206.89,Venda
SKU_1440_BLU,22/07/2025,E-commerce,1,1199.9,585.82,614.08,Venda
SKU_1771_EME,22/07/2025,Varejo,2,529.8,256.6,136.6,Venda
SKU_1996_BLA,22/07/2025,Varejo,2,489.8,209.94,139.93,Venda
SKU_1490_VAN,22/07/2025,Varejo,1,314.9,117.59,197.31,Venda
SKU_1891_MAR,22/07/2025,Atacado,6,1979.4,1093.44,147.66,Venda
SKU_1721_COR,22/07/2025,E-commerce,1,419.9,201.34,218.56,Venda
SKU_1724_PEA,22/07/2025,E-commerce,1,1114.9,435.33,679.57,Venda
SKU_1704_PEA,22/07/2025,Atacado,5,1674.5,707.05,193.49,Venda
SKU_1901_MIN,22/07/2025,Atacado,8,1879.2,994.32,110.61,Venda
SKU_1723_MOS,22/07/2025,Atacado,2,869.8,484.68,192.56,Venda
SKU_1757_TUR,22/07/2025,E-commerce,1,264.9,86.44,178.46,Venda
SKU_1791_ARM,22/07/2025,Atacado,10,2649.0,1470.5,117.85,Venda
SKU_1703_PAS,22/07/2025,E-commerce,2,539.8,182.62,178.59,Venda
SKU_1607_MAR,22/07/2025,Atacado,12,3598.8,1786.32,151.04,Venda
SKU_1779_LIG,22/07/2025,E-commerce,1,214.9,87.82,127.08,Venda
SKU_1402_WHI,22/07/2025,Varejo,1,234.9,93.0,141.9,Venda
SKU_1938_CRE,22/07/2025,E-commerce,1,899.9,420.73,479.17,Venda
SKU_1591_MYS,22/07/2025,Varejo,2,1779.8,857.76,461.02,Venda
SKU_1457_SNO,22/07/2025,Atacado,2,319.8,142.52,88.64,Venda
SKU_1718_SEA,22/07/2025,Varejo,3,1109.7,438.48,223.74,Venda
SKU_1726_BUB,22/07/2025,Atacado,12,5158.8,2864.28,191.21,Venda
SKU_1700_PIS,22/07/2025,Varejo,1,699.9,333.3,366.6,Venda
SKU_1749_SNO,22/07/2025,Atacado,5,1749.5,834.35,183.03,Venda
SKU_1726_BUB,22/07/2025,Varejo,1,429.9,153.75,276.15,Venda
SKU_1835_BIR,22/07/2025,Varejo,2,369.8,164.24,102.78,Venda
SKU_1672_FOR,22/07/2025,Atacado,3,884.7,423.06,153.88,Venda
SKU_1707_ARM,22/07/2025,Atacado,4,1119.6,493.84,156.44,Venda
SKU_1704_BAB,22/07/2025,Varejo,1,334.9,130.44,204.46,Venda
SKU_1773_FRE,22/07/2025,E-commerce,1,324.9,139.78,185.12,Venda
SKU_1744_EME,22/07/2025,Varejo,1,264.9,120.55,144.35,Venda
SKU_1762_BRI,22/07/2025,Varejo,4,1019.6,384.92,158.67,Venda
SKU_2046_BLA,22/07/2025,Atacado,6,3089.4,1392.48,282.82,Venda
SKU_1778_TEA,22/07/2025,Atacado,3,854.7,383.64,157.02,Venda
SKU_1756_FLA,22/07/2025,Varejo,4,719.6,250.4,117.3,Venda
SKU_1729_FUC,22/07/2025,Atacado,5,874.5,449.25,85.05,Venda
SKU_1685_COB,22/07/2025,Varejo,1,664.9,245.18,419.72,Venda
SKU_1711_ARM,22/07/2025,Varejo,1,994.9,396.85,598.05,Venda
SKU_1771_PIN,22/07/2025,Atacado,8,2119.2,1032.56,135.83,Venda
SKU_1817_BUB,22/07/2025,Varejo,1,219.9,80.93,138.97,Venda
SKU_1724_PEA,22/07/2025,Varejo,1,1114.9,431.76,683.14,Venda
SKU_1748_BAB,22/07/2025,Atacado,10,3099.0,1480.4,161.86,Venda
SKU_1735_COR,22/07/2025,Varejo,1,269.9,92.59,177.31,Venda
SKU_1700_PIS,22/07/2025,Varejo,1,699.9,278.87,421.03,Venda
SKU_1738_ROY,22/07/2025,E-commerce,1,194.9,87.45,107.45,Venda
SKU_1783_BAB,22/07/2025,Varejo,1,1199.9,599.62,600.28,Venda
SKU_1749_BIR,22/07/2025,Varejo,1,349.9,173.14,176.76,Venda
SKU_1691_HUN,22/07/2025,Varejo,2,619.8,187.24,216.28,Venda
SKU_1618_SAP,22/07/2025,Atacado,4,719.6,344.12,93.87,Venda
SKU_1476_WHI,22/07/2025,Atacado,5,1374.5,735.7,127.76,Venda
SKU_1737_SAG,22/07/2025,E-commerce,2,1539.8,582.14,478.83,Venda
SKU_1768_PEA,22/07/2025,Atacado,8,4999.2,2416.96,322.78,Venda
SKU_1768_PEA,22/07/2025,Atacado,4,2499.6,1233.92,316.42,Venda
SKU_1732_WHI,22/07/2025,Varejo,1,1114.9,488.27,626.63,Venda
SKU_1762_DEN,22/07/2025,E-commerce,1,254.9,87.5,167.4,Venda
SKU_1765_MYS,22/07/2025,Varejo,1,259.9,88.57,171.33,Venda
SKU_1610_PRI,22/07/2025,Atacado,4,739.6,351.0,97.15,Venda
SKU_1742_DEN,22/07/2025,Varejo,1,259.9,128.81,131.09,Venda
SKU_1393_COB,22/07/2025,Atacado,12,3718.8,1859.76,154.92,Venda
SKU_1547_IVO,22/07/2025,Atacado,5,1649.5,834.5,163.0,Venda
SKU_1573_MIN,22/07/2025,Atacado,5,5124.5,2617.65,501.37,Venda
SKU_1735_MOS,22/07/2025,Atacado,6,1619.4,826.8,132.1,Venda
SKU_1780_AQU,22/07/2025,E-commerce,1,334.9,141.16,193.74,Venda
SKU_1706_BLA,22/07/2025,Varejo,2,369.8,180.52,94.64,Venda
SKU_1585_COR,22/07/2025,Atacado,5,1599.5,759.7,167.96,Venda
SKU_1592_SAG,22/07/2025,Varejo,2,419.8,200.0,109.9,Venda
SKU_1661_WHI,22/07/2025,Atacado,5,4949.5,2464.5,497.0,Venda
SKU_1449_NAV,22/07/2025,Atacado,6,1949.4,924.3,170.85,Venda
SKU_1848_BAL,22/07/2025,Varejo,2,439.8,189.98,124.91,Venda
SKU_1552_SAP,22/07/2025,Atacado,2,1319.8,625.36,347.22,Venda
SKU_1752_SNO,22/07/2025,Varejo,1,429.9,170.02,259.88,Venda
SKU_1710_MEX,22/07/2025,Atacado,5,4049.5,2236.85,362.53,Venda
SKU_1568_FRE,22/07/2025,Atacado,5,1174.5,660.3,102.84,Venda
SKU_1716_AQU,22/07/2025,E-commerce,1,164.9,71.06,93.84,Venda
SKU_1736_PAS,22/07/2025,Varejo,1,324.9,145.48,179.42,Venda
SKU_1398_SPA,22/07/2025,Varejo,2,1349.8,546.58,401.61,Venda
SKU_1401_GAR,22/07/2025,Varejo,1,239.9,90.06,149.84,Venda
SKU_1752_SNO,22/07/2025,E-commerce,2,859.8,290.82,284.49,Venda
SKU_1625_DUS,22/07/2025,Atacado,8,1639.2,747.84,111.42,Venda
SKU_1791_ARM,22/07/2025,E-commerce,1,264.9,104.4,160.5,Venda
SKU_1984_PIN,22/07/2025,Atacado,4,1199.6,544.72,163.72,Venda
SKU_1787_BAB,22/07/2025,Atacado,5,1449.5,777.7,134.36,Venda
SKU_1640_IVO,22/07/2025,Varejo,3,659.7,226.47,144.41,Venda
SKU_1689_IVO,22/07/2025,Atacado,5,4824.5,2497.4,465.42,Venda
SKU_1566_PEA,22/07/2025,Atacado,6,6209.4,3550.62,443.13,Venda
SKU_1723_MOS,22/07/2025,Varejo,1,434.9,213.13,221.77,Venda
SKU_1698_PRI,22/07/2025,Varejo,1,419.9,170.78,249.12,Venda
SKU_1776_PAS,22/07/2025,Atacado,2,659.8,342.98,158.41,Venda
SKU_1765_MYS,22/07/2025,Varejo,2,519.8,223.46,148.17,Venda
SKU_1608_MID,22/07/2025,Atacado,3,914.7,430.29,161.47,Venda
SKU_1772_BLU,22/07/2025,Atacado,3,1244.7,630.84,204.62,Venda
SKU_1762_BRI,22/07/2025,Varejo,1,254.9,86.6,168.3,Venda
SKU_1785_HUN,22/07/2025,Varejo,1,244.9,119.21,125.69,Venda
SKU_1410_JAD,22/07/2025,E-commerce,1,1139.9,547.49,592.41,Venda
SKU_1488_PEA,22/07/2025,Atacado,5,1699.5,873.55,165.19,Venda
SKU_1683_SHO,22/07/2025,Varejo,2,629.8,226.1,201.85,Venda
SKU_1709_CRE,22/07/2025,E-commerce,1,209.9,99.3,110.6,Venda
SKU_1534_MYS,22/07/2025,Varejo,2,399.8,187.74,106.03,Venda
SKU_1948_PAL,22/07/2025,Atacado,3,599.7,338.07,87.21,Venda
SKU_1712_NAV,22/07/2025,Atacado,8,1439.2,665.44,96.72,Venda
SKU_1778_MIN,22/07/2025,Atacado,5,1424.5,710.35,142.83,Venda
SKU_1789_EME,22/07/2025,Varejo,1,269.9,114.35,155.55,Venda
SKU_1740_FRE,22/07/2025,Atacado,6,1289.4,602.76,114.44,Venda
SKU_1777_FRE,22/07/2025,Varejo,2,479.8,235.12,122.34,Venda
SKU_1503_CER,22/07/2025,Atacado,3,689.7,357.03,110.89,Venda
SKU_1758_HON,22/07/2025,Varejo,2,359.8,112.22,123.79,Venda
SKU_1765_PAS,22/07/2025,Atacado,6,1559.4,802.32,126.18,Venda
SKU_1695_CRE,22/07/2025,Atacado,5,1049.5,498.25,110.25,Venda
SKU_1797_BLU,22/07/2025,Varejo,1,379.9,174.89,205.01,Venda
SKU_1780_LIG,22/07/2025,Varejo,1,334.9,151.06,183.84,Venda
SKU_1973_MYS,22/07/2025,Varejo,2,639.8,313.94,162.93,Venda
SKU_1724_PEA,22/07/2025,Varejo,1,1114.9,364.58,750.32,Venda
SKU_1736_PAS,22/07/2025,Atacado,5,1624.5,772.7,170.36,Venda
SKU_1778_TEA,22/07/2025,Atacado,8,2279.2,1287.52,123.96,Venda
SKU_1720_PAS,22/07/2025,Varejo,1,224.9,91.5,133.4,Venda
SKU_1716_SAL,22/07/2025,Varejo,1,164.9,79.08,85.82,Venda
SKU_1554_PIS,22/07/2025,Atacado,3,3104.7,1720.08,461.54,Venda
SKU_1676_PIN,22/07/2025,Varejo,1,169.9,70.58,99.32,Venda
SKU_1876_AQU,22/07/2025,Atacado,3,599.7,266.79,110.97,Venda
SKU_1554_PIS,22/07/2025,Atacado,3,3104.7,1643.91,486.93,Venda
SKU_1746_NAV,22/07/2025,Atacado,4,719.6,365.8,88.45,Venda
SKU_1550_PAL,22/07/2025,Varejo,1,164.9,63.05,101.85,Venda
SKU_1674_PAS,22/07/2025,Varejo,1,229.9,100.23,129.67,Venda
SKU_1689_IVO,22/07/2025,Varejo,1,964.9,399.79,565.11,Venda
SKU_1708_FRE,22/07/2025,E-commerce,1,169.9,68.3,101.6,Venda
SKU_1747_FUC,22/07/2025,Atacado,4,699.6,334.56,91.26,Venda
SKU_1699_COB,22/07/2025,Varejo,1,329.9,156.63,173.27,Venda
SKU_1542_DEE,22/07/2025,Atacado,8,3759.2,1829.28,241.24,Venda
SKU_1686_SKY,22/07/2025,Atacado,8,1719.2,836.16,110.38,Venda
SKU_1752_SPA,22/07/2025,Atacado,3,1289.7,634.44,218.42,Venda
SKU_1721_FRE,22/07/2025,Varejo,1,419.9,168.48,251.42,Venda
SKU_1729_FUC,22/07/2025,Atacado,4,699.6,321.68,94.48,Venda
SKU_1436_BLU,22/07/2025,Varejo,1,279.9,108.74,171.16,Venda
SKU_1793_MIN,22/07/2025,Atacado,3,569.7,249.36,106.78,Venda
SKU_1742_EME,22/07/2025,Atacado,2,519.8,259.66,130.07,Venda
SKU_1683_SHO,22/07/2025,Atacado,4,1259.6,550.72,177.22,Venda
SKU_1703_BLU,22/07/2025,Atacado,8,2159.2,991.2,146.0,Venda
SKU_1420_LIM,22/07/2025,Varejo,1,989.9,481.8,508.1,Venda
SKU_1689_MAG,22/07/2025,Atacado,3,2894.7,1454.34,480.12,Venda
SKU_1719_OFF,22/07/2025,Atacado,3,959.7,451.14,169.52,Venda
SKU_1683_PAL,22/07/2025,Varejo,1,314.9,124.2,190.7,Venda
SKU_1869_CRE,22/07/2025,Varejo,2,979.8,462.48,258.66,Venda
SKU_2035_AQU,22/07/2025,Atacado,4,899.6,463.64,108.99,Venda
SKU_1749_BIR,22/07/2025,E-commerce,1,349.9,131.39,218.51,Venda
SKU_1458_MIN,22/07/2025,Atacado,6,2099.4,910.02,198.23,Venda
SKU_1715_HON,22/07/2025,Atacado,4,879.6,414.08,116.38,Venda
SKU_2012_SKY,22/07/2025,Varejo,1,819.9,306.14,513.76,Venda
SKU_1755_AQU,22/07/2025,Varejo,1,334.9,106.03,228.87,Venda
SKU_1693_FLA,22/07/2025,E-commerce,1,204.9,82.98,121.92,Venda
SKU_1703_PAS,22/07/2025,Atacado,8,2159.2,993.84,145.67,Venda
SKU_1392_BLU,22/07/2025,Varejo,1,294.9,122.63,172.27,Venda
SKU_1727_WHI,22/07/2025,E-commerce,1,154.9,47.49,107.41,Venda
SKU_1720_PAS,22/07/2025,Atacado,6,1349.4,696.54,108.81,Venda
SKU_1795_RAS,22/07/2025,Atacado,5,1499.5,778.7,144.16,Venda
SKU_1684_HON,22/07/2025,Atacado,3,554.7,251.04,101.22,Venda
SKU_1685_BIR,22/07/2025,Atacado,10,6649.0,3177.8,347.12,Venda
SKU_1768_PEA,22/07/2025,Varejo,2,1249.8,561.7,344.05,Venda
SKU_1742_EME,22/07/2025,Varejo,1,259.9,100.24,159.66,Venda
SKU_1621_FUC,22/07/2025,Atacado,8,1879.2,988.16,111.38,Venda
SKU_2088_DUS,22/07/2025,Atacado,5,5474.5,3156.0,463.7,Venda
SKU_1401_GAR,22/07/2025,Atacado,3,719.7,343.05,125.55,Venda
SKU_1699_CLO,22/07/2025,Atacado,6,1979.4,849.54,188.31,Venda
SKU_1680_SEA,22/07/2025,Varejo,2,669.8,223.2,223.3,Venda
SKU_1412_SHO,22/07/2025,Atacado,5,4474.5,2233.35,448.23,Venda
SKU_1965_GAR,22/07/2025,Varejo,2,469.8,198.3,135.75,Venda
SKU_1649_FLA,22/07/2025,E-commerce,1,234.9,111.95,122.95,Venda
SKU_1683_SHO,22/07/2025,Atacado,3,944.7,409.38,178.44,Venda
SKU_1706_JAD,22/07/2025,Varejo,3,554.7,214.05,113.55,Venda
SKU_1690_MAG,22/07/2025,Varejo,3,1619.7,663.36,318.78,Venda
SKU_1495_FUC,22/07/2025,Atacado,12,3958.8,1919.64,169.93,Venda
SKU_1688_LIG,22/07/2025,E-commerce,1,429.9,169.51,260.39,Venda
SKU_1671_SEA,22/07/2025,Varejo,1,349.9,149.8,200.1,Venda
SKU_1718_SEA,22/07/2025,Varejo,2,739.8,255.42,242.19,Venda
SKU_1792_AQU,22/07/2025,Varejo,1,439.9,198.63,241.27,Venda
SKU_1846_SEA,22/07/2025,Varejo,4,1399.6,616.08,195.88,Venda
SKU_1437_AQU,22/07/2025,Varejo,1,164.9,62.24,102.66,Venda
SKU_1718_DUS,22/07/2025,Varejo,1,369.9,160.62,209.28,Venda
SKU_1583_WHI,22/07/2025,Varejo,1,254.9,91.14,163.76,Venda
SKU_1818_EGR,22/07/2025,Varejo,1,204.9,85.99,118.91,Venda
SKU_1778_MIN,22/07/2025,Varejo,1,284.9,134.11,150.79,Venda
SKU_1509_HOT,22/07/2025,Atacado,6,1919.4,958.5,160.15,Venda
SKU_1789_SNO,22/07/2025,Varejo,1,269.9,121.8,148.1,Venda
SKU_1736_PAS,22/07/2025,Atacado,4,1299.6,588.52,177.77,Venda
SKU_1728_EGR,22/07/2025,Atacado,6,1979.4,1047.66,155.29,Venda
SKU_1707_SAP,22/07/2025,Atacado,3,839.7,407.16,144.18,Venda
SKU_1697_MIN,22/07/2025,Atacado,2,439.8,195.3,122.25,Venda
SKU_1583_BLU,22/07/2025,Varejo,1,254.9,107.21,147.69,Venda
SKU_1548_CLO,22/07/2025,Varejo,1,474.9,186.71,288.19,Venda
SKU_1799_DEN,22/07/2025,Varejo,1,269.9,93.85,176.05,Venda
SKU_1748_COB,22/07/2025,E-commerce,1,309.9,137.35,172.55,Venda
SKU_1729_CLE,22/07/2025,Atacado,12,2098.8,950.64,95.68,Venda
SKU_2078_ARM,22/07/2025,E-commerce,1,239.9,85.08,154.82,Venda
SKU_1631_BAL,22/07/2025,Atacado,4,719.6,320.68,99.73,Venda
SKU_1747_TEA,22/07/2025,Varejo,1,174.9,84.99,89.91,Venda
SKU_1725_OFF,22/07/2025,Atacado,5,1224.5,640.85,116.73,Venda
SKU_1789_SNO,22/07/2025,Varejo,3,809.7,398.43,137.09,Venda
SKU_1738_BLU,22/07/2025,Atacado,10,1949.0,1064.6,88.44,Venda
SKU_1543_BAB,22/07/2025,Varejo,2,1469.8,678.32,395.74,Venda
SKU_1705_SER,22/07/2025,Atacado,5,2049.5,1051.15,199.67,Venda
SKU_1714_DEE,22/07/2025,Atacado,8,2439.2,1222.24,152.12,Venda
SKU_1994_COB,22/07/2025,E-commerce,1,269.9,95.37,174.53,Venda
SKU_1698_SNO,22/07/2025,Varejo,1,419.9,147.08,272.82,Venda
SKU_1768_MIN,22/07/2025,Atacado,6,3749.4,1712.22,339.53,Venda
SKU_1748_COB,22/07/2025,Varejo,1,309.9,95.76,214.14,Venda
SKU_1684_HON,22/07/2025,Atacado,3,554.7,293.76,86.98,Venda
SKU_1944_FUC,22/07/2025,E-commerce,3,1199.7,401.55,266.05,Venda
SKU_1868_SEA,22/07/2025,Varejo,2,1579.8,474.9,552.45,Venda
SKU_1734_FRE,22/07/2025,Atacado,6,2099.4,884.04,202.56,Venda
SKU_1697_MIN,22/07/2025,Atacado,6,1319.4,671.7,107.95,Venda
SKU_1796_OLI,22/07/2025,E-commerce,1,504.9,165.98,338.92,Venda
SKU_1749_SNO,22/07/2025,Atacado,4,1399.6,670.56,182.26,Venda
SKU_1774_COB,22/07/2025,E-commerce,1,204.9,67.81,137.09,Venda
SKU_1454_BUB,22/07/2025,Varejo,1,149.9,47.22,102.68,Venda
SKU_1743_CLO,22/07/2025,Atacado,6,2639.4,1377.9,210.25,Venda
SKU_1717_CRE,22/07/2025,Atacado,3,779.7,347.79,143.97,Venda
SKU_1436_BLU,22/07/2025,Atacado,4,1119.6,557.64,140.49,Venda
SKU_1713_SNO,22/07/2025,Atacado,5,2524.5,1227.5,259.4,Venda
SKU_1779_MIN,22/07/2025,Varejo,2,429.8,187.02,121.39,Venda
SKU_1692_OLI,22/07/2025,Varejo,1,219.9,78.39,141.51,Venda
SKU_1728_MID,22/07/2025,Atacado,10,3299.0,1630.8,166.82,Venda
SKU_1685_COB,22/07/2025,E-commerce,1,664.9,299.41,365.49,Venda
SKU_1524_BLU,22/07/2025,Varejo,3,1109.7,548.97,186.91,Venda
SKU_1688_LIG,22/07/2025,Atacado,8,3439.2,1545.2,236.75,Venda
SKU_1656_SNO,22/07/2025,Varejo,1,234.9,81.62,153.28,Venda
SKU_1441_IVO,22/07/2025,Varejo,1,1154.9,567.81,587.09,Venda
SKU_1682_OLI,22/07/2025,Atacado,2,469.8,223.5,123.15,Venda
SKU_1398_AQU,22/07/2025,Varejo,4,2699.6,1331.76,341.96,Venda
SKU_1783_BAB,22/07/2025,Varejo,1,1199.9,546.99,652.91,Venda
SKU_1724_PEA,22/07/2025,E-commerce,1,1114.9,384.85,730.05,Venda
SKU_1697_PIS,22/07/2025,E-commerce,1,219.9,102.48,117.42,Venda
SKU_1709_CRE,22/07/2025,E-commerce,1,209.9,85.09,124.81,Venda
SKU_1590_HOT,22/07/2025,Varejo,2,379.8,168.58,105.61,Venda
SKU_1738_BLU,22/07/2025,Varejo,2,389.8,176.4,106.7,Venda
SKU_1763_HOT,22/07/2025,E-commerce,1,299.9,127.83,172.07,Venda
SKU_1713_SAL,22/07/2025,E-commerce,1,504.9,244.43,260.47,Venda
SKU_1798_OFF,22/07/2025,Varejo,1,419.9,130.81,289.09,Venda
SKU_1730_OFF,22/07/2025,Varejo,1,319.9,145.54,174.36,Venda
SKU_1745_FOR,22/07/2025,Varejo,1,409.9,184.75,225.15,Venda
SKU_1846_SEA,22/07/2025,E-commerce,1,349.9,172.97,176.93,Venda
SKU_1791_IVO,22/07/2025,Varejo,1,264.9,101.14,163.76,Venda
SKU_1692_OLI,22/07/2025,Atacado,8,1759.2,840.24,114.87,Venda
SKU_1729_CLE,22/07/2025,Varejo,4,699.6,245.76,113.46,Venda
SKU_1665_RAS,22/07/2025,Atacado,2,499.8,212.2,143.8,Venda
SKU_1743_CLO,22/07/2025,E-commerce,1,439.9,196.6,243.3,Venda
SKU_1798_MOS,22/07/2025,Atacado,6,2519.4,1152.06,227.89,Venda
SKU_1565_LIG,22/07/2025,Atacado,5,1799.5,838.8,192.14,Venda
SKU_1735_MOS,22/07/2025,E-commerce,1,269.9,126.91,142.99,Venda
SKU_1774_MOS,22/07/2025,Atacado,10,2049.0,1065.8,98.32,Venda
SKU_2100_MAG,22/07/2025,Varejo,1,1014.9,479.3,535.6,Venda
SKU_1688_LIG,22/07/2025,Atacado,8,3439.2,1618.08,227.64,Venda
SKU_1781_CLE,22/07/2025,Atacado,6,779.4,451.26,54.69,Venda
SKU_1764_MAR,22/07/2025,Varejo,1,234.9,110.84,124.06,Venda
SKU_1540_BAL,22/07/2025,Atacado,6,1019.4,540.24,79.86,Venda
SKU_1737_DEE,22/07/2025,Atacado,3,2309.7,1024.98,428.24,Venda
SKU_1528_DEN,22/07/2025,Atacado,10,2149.0,1087.9,106.11,Venda
SKU_1741_PIN,22/07/2025,Varejo,1,239.9,90.72,149.18,Venda
SKU_1763_HOT,22/07/2025,Atacado,4,1199.6,504.96,173.66,Venda
SKU_1701_SPA,22/07/2025,Atacado,4,1359.6,710.48,162.28,Venda
SKU_1687_FOR,22/07/2025,E-commerce,1,899.9,398.39,501.51,Venda
SKU_1758_CLO,22/07/2025,Varejo,1,179.9,83.7,96.2,Venda
SKU_1771_PIN,22/07/2025,Varejo,1,264.9,95.82,169.08,Venda
SKU_1702_COR,22/07/2025,Atacado,4,2479.6,1048.28,357.83,Venda
SKU_1724_PIN,22/07/2025,Varejo,2,2229.8,937.52,646.14,Venda
SKU_1681_OFF,22/07/2025,Varejo,2,469.8,157.38,156.21,Venda
SKU_1708_FLA,22/07/2025,Atacado,8,1359.2,651.2,88.5,Venda
SKU_1688_LIG,22/07/2025,Atacado,8,3439.2,1707.04,216.52,Venda
SKU_1787_BAB,22/07/2025,Atacado,8,2319.2,1245.84,134.17,Venda
SKU_2005_FUC,22/07/2025,Varejo,1,179.9,77.44,102.46,Venda
SKU_1762_BRI,22/07/2025,Atacado,3,764.7,401.19,121.17,Venda
SKU_1688_LIG,22/07/2025,Varejo,3,1289.7,527.94,253.92,Venda
SKU_1707_SAP,22/07/2025,Varejo,2,559.8,187.88,185.96,Venda
SKU_1683_PAL,22/07/2025,Varejo,1,314.9,139.04,175.86,Venda
SKU_1586_JAD,22/07/2025,Atacado,3,914.7,420.6,164.7,Venda
SKU_2083_GAR,22/07/2025,E-commerce,1,234.9,114.66,120.24,Venda
SKU_1680_SEA,22/07/2025,Atacado,5,1674.5,799.4,175.02,Venda
SKU_1577_HUN,22/07/2025,Atacado,5,799.5,430.05,73.89,Venda
SKU_1800_MOS,22/07/2025,Varejo,1,279.9,103.3,176.6,Venda
SKU_1750_SNO,22/07/2025,Atacado,5,1849.5,1045.1,160.88,Venda
SKU_1760_PAS,22/07/2025,E-commerce,1,249.9,110.34,139.56,Venda
SKU_1549_PAS,22/07/2025,Varejo,1,184.9,68.1,116.8,Venda
SKU_1620_SAG,22/07/2025,Varejo,1,264.9,99.61,165.29,Venda
SKU_1799_DEN,22/07/2025,Varejo,1,269.9,83.2,186.7,Venda
SKU_1716_SAL,22/07/2025,Varejo,2,329.8,116.98,106.41,Venda
SKU_1743_CLO,22/07/2025,Atacado,4,1759.6,854.08,226.38,Venda
SKU_1829_HUN,22/07/2025,Varejo,1,259.9,101.1,158.8,Venda
SKU_1777_TUR,22/07/2025,Varejo,1,239.9,90.44,149.46,Venda
SKU_1680_NAV,22/07/2025,E-commerce,1,334.9,125.41,209.49,Venda
SKU_1754_SER,22/07/2025,Atacado,8,2719.2,1382.48,167.09,Venda
SKU_1455_ROY,22/07/2025,Atacado,2,669.8,337.76,166.02,Venda
SKU_1684_SHO,22/07/2025,E-commerce,1,184.9,80.51,104.39,Venda
SKU_1796_SHO,22/07/2025,Atacado,8,4039.2,1928.48,263.84,Venda
SKU_1800_MOS,22/07/2025,Atacado,10,2799.0,1624.4,117.46,Venda
SKU_1759_COB,22/07/2025,Atacado,4,1079.6,585.6,123.5,Venda
SKU_2080_FLA,22/07/2025,Varejo,1,239.9,117.85,122.05,Venda
SKU_1787_BAB,22/07/2025,Atacado,4,1159.6,624.24,133.84,Venda
SKU_1625_GAR,22/07/2025,Atacado,8,1639.2,725.76,114.18,Venda
SKU_1862_PAS,22/07/2025,Atacado,3,674.7,323.49,117.07,Venda
SKU_1685_COB,22/07/2025,Atacado,4,2659.6,1274.4,346.3,Venda
SKU_1778_MIN,22/07/2025,Varejo,3,854.7,372.3,160.8,Venda
SKU_1786_POW,22/07/2025,Atacado,6,1079.4,535.02,90.73,Venda
SKU_1788_MYS,22/07/2025,Atacado,6,1499.4,833.1,111.05,Venda
SKU_1747_TEA,22/07/2025,Varejo,1,174.9,72.3,102.6,Venda
SKU_1719_OFF,22/07/2025,Atacado,4,1279.6,608.72,167.72,Venda
SKU_1397_BUB,22/07/2025,E-commerce,1,234.9,81.93,152.97,Venda
SKU_1731_ARM,22/07/2025,Varejo,1,909.9,308.14,601.76,Venda
SKU_1709_MAR,22/07/2025,Atacado,8,1679.2,888.56,98.83,Venda
SKU_1828_FLA,22/07/2025,Varejo,3,734.7,319.35,138.45,Venda
SKU_1733_NAV,22/07/2025,E-commerce,1,349.9,135.45,214.45,Venda
SKU_1752_SNO,22/07/2025,Atacado,8,3439.2,1744.8,211.8,Venda
SKU_1885_MAG,22/07/2025,Atacado,5,2749.5,1593.55,231.19,Venda
SKU_1621_PAS,22/07/2025,Varejo,1,234.9,73.2,161.7,Venda
SKU_1720_PAS,22/07/2025,Atacado,10,2249.0,1298.7,95.03,Venda
SKU_1730_OFF,22/07/2025,Varejo,2,639.8,237.9,200.95,Venda
SKU_1787_BAB,22/07/2025,E-commerce,1,289.9,87.74,202.16,Venda
SKU_1704_PEA,22/07/2025,Varejo,1,334.9,104.77,230.13,Venda
SKU_1434_ARM,22/07/2025,Atacado,8,1679.2,856.8,102.8,Venda
SKU_1525_MYS,22/07/2025,Varejo,1,289.9,118.51,171.39,Venda
SKU_1790_ROY,22/07/2025,Varejo,1,259.9,93.0,166.9,Venda
SKU_1493_PEA,22/07/2025,Varejo,3,989.7,363.48,208.74,Venda
SKU_1698_SNO,22/07/2025,Atacado,8,3359.2,1861.12,187.26,Venda
SKU_1764_MAR,22/07/2025,Varejo,1,234.9,88.25,146.65,Venda
SKU_1716_SAL,22/07/2025,Atacado,5,824.5,434.45,78.01,Venda
SKU_2101_BUB,22/07/2025,E-commerce,1,244.9,105.02,139.88,Venda
SKU_1691_ROS,22/07/2025,Atacado,2,619.8,321.8,149.0,Venda
SKU_1770_DEE,22/07/2025,Varejo,1,219.9,80.72,139.18,Venda
SKU_1390_SAP,22/07/2025,Atacado,8,1839.2,829.28,126.24,Venda
SKU_1755_BIR,22/07/2025,Atacado,10,3349.0,1539.4,180.96,Venda
SKU_1776_PAS,22/07/2025,Varejo,1,329.9,114.08,215.82,Venda
SKU_1759_COB,22/07/2025,Atacado,3,809.7,342.69,155.67,Venda
SKU_1483_POW,22/07/2025,Varejo,1,324.9,122.08,202.82,Venda
SKU_1791_IVO,22/07/2025,Atacado,6,1589.4,684.24,150.86,Venda
SKU_1717_CRE,22/07/2025,Atacado,6,1559.4,777.42,130.33,Venda
SKU_1716_SAL,22/07/2025,Atacado,6,989.4,418.68,95.12,Venda
SKU_1720_PAL,22/07/2025,Varejo,1,224.9,96.59,128.31,Venda
SKU_1713_SNO,22/07/2025,Varejo,1,504.9,178.51,326.39,Venda
SKU_1747_TEA,22/07/2025,Atacado,3,524.7,285.45,79.75,Venda
SKU_1708_FRE,22/07/2025,Atacado,5,849.5,424.45,85.01,Venda
SKU_1697_MIN,22/07/2025,Atacado,8,1759.2,753.84,125.67,Venda
SKU_1795_HUN,22/07/2025,Varejo,1,299.9,91.07,208.83,Venda
SKU_1877_SAP,22/07/2025,Varejo,1,574.9,254.48,320.42,Venda
SKU_1783_BAB,22/07/2025,Atacado,5,5999.5,3010.2,597.86,Venda
SKU_1707_ARM,22/07/2025,Atacado,5,1399.5,662.9,147.32,Venda
SKU_1745_FOR,22/07/2025,Atacado,6,2459.4,1289.76,194.94,Venda
SKU_1753_WHI,22/07/2025,Atacado,5,3949.5,2056.8,378.54,Venda
SKU_1720_PAS,22/07/2025,Atacado,5,1124.5,551.4,114.62,Venda
SKU_1753_WHI,22/07/2025,Varejo,1,789.9,373.47,416.43,Venda
SKU_1755_BIR,22/07/2025,Atacado,8,2679.2,1660.32,127.36,Venda
SKU_1467_FUC,22/07/2025,Atacado,8,1639.2,788.4,106.35,Venda
SKU_1442_OFF,22/07/2025,Atacado,3,869.7,416.64,151.02,Venda
SKU_1790_EGR,22/07/2025,Atacado,12,3118.8,1630.68,124.01,Venda
SKU_1497_FUC,22/07/2025,Atacado,3,404.7,214.35,63.45,Venda
SKU_1799_POW,22/07/2025,Varejo,2,539.8,200.02,169.89,Venda
SKU_1726_BUB,22/07/2025,Atacado,8,3439.2,1494.0,243.15,Venda
SKU_1707_ARM,22/07/2025,E-commerce,1,279.9,115.17,164.73,Venda
SKU_1819_AQU,22/07/2025,Varejo,1,344.9,162.24,182.66,Venda
SKU_1775_PAL,22/07/2025,Varejo,1,279.9,90.61,189.29,Venda
SKU_1453_PRI,22/07/2025,Varejo,4,939.6,398.64,135.24,Venda
SKU_2048_FOR,22/07/2025,E-commerce,1,384.9,120.74,264.16,Venda
SKU_1925_PIN,22/07/2025,Atacado,5,1824.5,933.9,178.12,Venda
SKU_2079_TUR,22/07/2025,Varejo,1,1069.9,361.26,708.64,Venda
SKU_1757_TUR,22/07/2025,Atacado,3,794.7,360.84,144.62,Venda
SKU_1735_COR,22/07/2025,Varejo,1,269.9,88.28,181.62,Venda
SKU_1754_SER,22/07/2025,Varejo,1,339.9,112.4,227.5,Venda
SKU_1704_BAB,22/07/2025,E-commerce,1,334.9,112.36,222.54,Venda
SKU_1786_TEA,22/07/2025,Atacado,6,1079.4,564.96,85.74,Venda
SKU_1694_SER,22/07/2025,Varejo,2,559.8,215.98,171.91,Venda
SKU_1800_SKY,22/07/2025,Atacado,6,1679.4,803.82,145.93,Venda
SKU_1984_PAS,22/07/2025,Varejo,2,599.8,240.66,179.57,Venda
SKU_1789_EME,22/07/2025,Varejo,3,809.7,340.08,156.54,Venda
SKU_1762_BRI,22/07/2025,Varejo,1,254.9,114.08,140.82,Venda
SKU_1617_DEN,22/07/2025,E-commerce,1,164.9,64.88,100.02,Venda
SKU_1688_WHI,22/07/2025,Atacado,5,2149.5,1302.85,169.33,Venda
SKU_1717_CRE,22/07/2025,Atacado,3,779.7,420.57,119.71,Venda
SKU_1597_FLA,22/07/2025,Varejo,1,529.9,170.64,359.26,Venda
SKU_1543_BAB,22/07/2025,Atacado,6,4409.4,2622.9,297.75,Venda
SKU_1774_MOS,22/07/2025,Varejo,1,204.9,77.09,127.81,Venda
SKU_1795_RAS,22/07/2025,Atacado,8,2399.2,1328.96,133.78,Venda
SKU_1627_MOS,22/07/2025,Atacado,5,1649.5,736.5,182.6,Venda
SKU_1616_SER,22/07/2025,Atacado,6,6149.4,3182.22,494.53,Venda
SKU_1555_FUC,22/07/2025,Atacado,5,949.5,538.65,82.17,Venda
SKU_1789_EME,22/07/2025,Varejo,1,269.9,104.18,165.72,Venda
SKU_1575_AQU,22/07/2025,Atacado,6,5189.4,2197.68,498.62,Venda
SKU_1700_HUN,22/07/2025,E-commerce,1,699.9,317.61,382.29,Venda
SKU_1559_SKY,22/07/2025,Varejo,1,1199.9,552.49,647.41,Venda
SKU_1741_PEA,22/07/2025,Varejo,1,239.9,101.94,137.96,Venda
SKU_1577_HUN,22/07/2025,Atacado,4,639.6,295.32,86.07,Venda
SKU_1743_DEE,22/07/2025,Varejo,1,439.9,180.1,259.8,Venda
SKU_1745_PEA,22/07/2025,Atacado,12,4918.8,2084.04,236.23,Venda
SKU_1709_MAR,22/07/2025,E-commerce,1,209.9,104.72,105.18,Venda
SKU_1751_BLU,22/07/2025,Varejo,1,329.9,114.52,215.38,Venda
SKU_1400_FOR,22/07/2025,Varejo,4,839.6,367.92,117.92,Venda
SKU_2053_DEN,22/07/2025,Atacado,8,2799.2,1335.6,182.95,Venda
SKU_1693_MEX,22/07/2025,Varejo,1,204.9,88.13,116.77,Venda
SKU_1697_PIS,22/07/2025,Atacado,5,1099.5,578.45,104.21,Venda
SKU_1795_HUN,22/07/2025,Varejo,2,599.8,206.42,196.69,Venda
SKU_1687_FOR,22/07/2025,Varejo,1,899.9,314.97,584.93,Venda
SKU_1763_HOT,22/07/2025,Varejo,1,299.9,91.44,208.46,Venda
SKU_1726_PAS,22/07/2025,Atacado,5,2149.5,1020.45,225.81,Venda
SKU_1970_TUR,22/07/2025,E-commerce,1,769.9,253.03,516.87,Venda
SKU_1714_MID,22/07/2025,Varejo,1,304.9,140.58,164.32,Venda
SKU_1703_PAS,22/07/2025,Atacado,2,539.8,302.4,118.7,Venda
SKU_1784_BLA,22/07/2025,E-commerce,2,619.8,256.88,181.46,Venda
SKU_1795_HUN,22/07/2025,Varejo,3,899.7,449.19,150.17,Venda
SKU_1603_BUB,22/07/2025,Atacado,5,3724.5,1706.75,403.55,Venda
SKU_1795_RAS,22/07/2025,E-commerce,1,299.9,148.4,151.5,Venda
SKU_1724_PEA,22/07/2025,Atacado,4,4459.6,2023.2,609.1,Venda
SKU_1678_LIG,22/07/2025,Atacado,8,5719.2,3378.32,292.61,Venda
SKU_1723_COB,22/07/2025,Atacado,2,869.8,382.54,243.63,Venda
SKU_1739_AQU,22/07/2025,Atacado,3,764.7,398.34,122.12,Venda
SKU_1762_BRI,22/07/2025,E-commerce,1,254.9,102.12,152.78,Venda
SKU_1524_DEN,22/07/2025,Varejo,2,739.8,289.1,225.35,Venda
SKU_2097_SPA,22/07/2025,Atacado,4,799.6,392.88,101.68,Venda
SKU_1400_PAL,22/07/2025,Atacado,4,839.6,406.8,108.2,Venda
SKU_1627_BAB,22/07/2025,Varejo,1,329.9,127.77,202.13,Venda
SKU_1773_FRE,22/07/2025,E-commerce,1,324.9,137.9,187.0,Venda
SKU_1785_HUN,22/07/2025,Varejo,1,244.9,104.57,140.33,Venda
SKU_1795_HUN,22/07/2025,Atacado,3,899.7,500.1,133.2,Venda
SKU_1713_SNO,22/07/2025,Varejo,1,504.9,209.65,295.25,Venda
SKU_1719_WHI,22/07/2025,Varejo,1,319.9,108.48,211.42,Venda
SKU_1767_PRI,22/07/2025,Atacado,10,2049.0,985.3,106.37,Venda
SKU_1694_PIS,22/07/2025,Varejo,2,559.8,232.02,163.89,Venda
SKU_1706_BLA,22/07/2025,Varejo,1,184.9,62.8,122.1,Venda
SKU_1793_WHI,22/07/2025,Atacado,12,2278.8,1025.76,104.42,Venda
SKU_1758_HON,22/07/2025,Atacado,10,1799.0,953.1,84.59,Venda
SKU_1515_SEA,22/07/2025,Atacado,5,974.5,409.6,112.98,Venda
SKU_1793_WHI,22/07/2025,Atacado,5,949.5,421.1,105.68,Venda
SKU_1772_SNO,22/07/2025,Atacado,6,2489.4,1190.58,216.47,Venda
SKU_1772_SNO,22/07/2025,Varejo,3,1244.7,464.88,259.94,Venda
SKU_2085_OLI,22/07/2025,Varejo,1,454.9,205.02,249.88,Venda
SKU_1928_COR,22/07/2025,E-commerce,1,314.9,110.79,204.11,Venda
SKU_1512_MYS,22/07/2025,E-commerce,1,224.9,88.96,135.94,Venda
SKU_1811_PIN,22/07/2025,Atacado,8,5519.2,3243.92,284.41,Venda
SKU_1743_CLO,22/07/2025,Varejo,1,439.9,162.64,277.26,Venda
SKU_1696_SER,22/07/2025,Varejo,1,279.9,83.98,195.92,Venda
SKU_1560_CRE,22/07/2025,Varejo,1,224.9,89.53,135.37,Venda
SKU_1682_OLI,22/07/2025,Varejo,1,234.9,99.11,135.79,Venda
SKU_1569_PAS,22/07/2025,Varejo,1,219.9,78.94,140.96,Venda
SKU_1928_COR,22/07/2025,Atacado,10,3149.0,1537.6,161.14,Venda
SKU_1718_DUS,22/07/2025,Atacado,5,1849.5,808.8,208.14,Venda
SKU_1743_DEE,22/07/2025,Atacado,6,2639.4,1399.56,206.64,Venda
SKU_1793_WHI,22/07/2025,Varejo,1,189.9,75.05,114.85,Venda
SKU_1770_JAD,22/07/2025,Atacado,4,879.6,384.64,123.74,Venda
SKU_1731_ARM,22/07/2025,Varejo,3,2729.7,1267.65,487.35,Venda
SKU_1427_BLA,22/07/2025,Varejo,1,199.9,78.03,121.87,Venda
SKU_1747_TEA,22/07/2025,Atacado,3,524.7,248.31,92.13,Venda
SKU_1628_PEA,22/07/2025,Varejo,1,549.9,243.24,306.66,Venda
SKU_1564_BLA,22/07/2025,Atacado,2,1179.8,508.58,335.61,Venda
SKU_1862_PAS,22/07/2025,Varejo,1,224.9,108.21,116.69,Venda
SKU_1757_PIN,22/07/2025,Varejo,1,264.9,117.12,147.78,Venda
SKU_1565_BAB,22/07/2025,E-commerce,1,359.9,134.37,225.53,Venda
SKU_1747_TEA,22/07/2025,Varejo,1,174.9,66.39,108.51,Venda
SKU_1730_MIN,22/07/2025,Atacado,3,959.7,550.17,136.51,Venda
SKU_1712_MOS,22/07/2025,Varejo,1,179.9,63.26,116.64,Venda
SKU_1869_AQU,22/07/2025,Atacado,6,2939.4,1463.58,245.97,Venda
SKU_1726_PAS,22/07/2025,Atacado,2,859.8,412.06,223.87,Venda
SKU_1794_FLA,22/07/2025,Atacado,6,1259.4,572.46,114.49,Venda
SKU_1823_MIN,22/07/2025,Atacado,12,2338.8,1230.6,92.35,Venda
SKU_1534_MYS,22/07/2025,Atacado,12,2398.8,1164.6,102.85,Venda
SKU_1791_IVO,22/07/2025,Atacado,5,1324.5,675.45,129.81,Venda
SKU_1903_PAS,22/07/2025,Atacado,6,1979.4,1046.52,155.48,Venda
SKU_1719_WHI,22/07/2025,Varejo,1,319.9,124.74,195.16,Venda
SKU_1500_PAS,22/07/2025,Atacado,6,1559.4,824.58,122.47,Venda
SKU_1393_SKY,22/07/2025,Varejo,1,309.9,120.86,189.04,Venda
SKU_1722_PAS,22/07/2025,E-commerce,1,324.9,109.76,215.14,Venda
SKU_1484_EGR,22/07/2025,Varejo,2,919.8,373.92,272.94,Venda
SKU_1617_DEN,22/07/2025,Varejo,1,164.9,64.87,100.03,Venda
SKU_1759_COB,22/07/2025,Atacado,4,1079.6,679.16,100.11,Venda
SKU_1693_FLA,22/07/2025,Varejo,1,204.9,69.35,135.55,Venda
SKU_1734_FRE,22/07/2025,Varejo,1,349.9,139.95,209.95,Venda
SKU_1846_PAS,22/07/2025,Atacado,5,1749.5,922.35,165.43,Venda
SKU_1720_PAS,22/07/2025,Atacado,6,1349.4,648.0,116.9,Venda
SKU_2018_OFF,22/07/2025,Atacado,10,4799.0,2034.4,276.46,Venda
SKU_1797_BLU,22/07/2025,Varejo,1,379.9,137.92,241.98,Venda
SKU_1760_OFF,22/07/2025,Atacado,6,1499.4,699.24,133.36,Venda
SKU_1762_BRI,22/07/2025,Varejo,2,509.8,209.42,150.19,Venda
SKU_1780_AQU,22/07/2025,Atacado,10,3349.0,1918.9,143.01,Venda
SKU_1707_SAP,22/07/2025,Atacado,8,2239.2,1074.32,145.61,Venda
SKU_1708_FLA,22/07/2025,Atacado,10,1699.0,890.0,80.9,Venda
SKU_1742_DEN,22/07/2025,Varejo,2,519.8,160.64,179.58,Venda
SKU_1695_CRE,22/07/2025,Varejo,3,629.7,231.6,132.7,Venda
SKU_1745_FOR,22/07/2025,Varejo,1,409.9,200.1,209.8,Venda
SKU_1733_NAV,22/07/2025,Atacado,6,2099.4,1184.52,152.48,Venda
SKU_1705_JAD,22/07/2025,E-commerce,1,409.9,203.77,206.13,Venda
SKU_1752_SPA,22/07/2025,Varejo,1,429.9,172.11,257.79,Venda
SKU_1745_FOR,22/07/2025,Atacado,8,3279.2,1524.32,219.36,Venda
SKU_1756_FLA,22/07/2025,E-commerce,2,359.8,148.68,105.56,Venda
SKU_1762_BRI,22/07/2025,Varejo,2,509.8,239.0,135.4,Venda
SKU_1728_MID,22/07/2025,E-commerce,1,329.9,115.42,214.48,Venda
SKU_2111_ARM,22/07/2025,Varejo,1,234.9,105.48,129.42,Venda
SKU_1721_COR,22/07/2025,E-commerce,1,419.9,156.47,263.43,Venda
SKU_1767_FUC,22/07/2025,Varejo,1,204.9,70.9,134.0,Venda
SKU_1703_PAS,22/07/2025,Varejo,2,539.8,250.76,144.52,Venda
SKU_1402_VAN,22/07/2025,Varejo,3,704.7,336.15,122.85,Venda
SKU_1523_HOT,22/07/2025,Varejo,1,374.9,164.55,210.35,Venda
SKU_1756_BUB,22/07/2025,Varejo,1,179.9,77.53,102.37,Venda
SKU_1712_MOS,22/07/2025,Varejo,1,179.9,66.25,113.65,Venda
SKU_1753_PAL,22/07/2025,Varejo,3,2369.7,1157.4,404.1,Venda
SKU_1761_MOS,22/07/2025,Varejo,1,1104.9,437.66,667.24,Venda
SKU_1787_BAB,22/07/2025,Atacado,8,2319.2,1189.84,141.17,Venda
SKU_1834_MAG,22/07/2025,Varejo,2,799.8,367.18,216.31,Venda
SKU_1533_CER,22/07/2025,Varejo,1,164.9,55.64,109.26,Venda
SKU_1733_SAG,22/07/2025,Atacado,3,1049.7,494.13,185.19,Venda
SKU_1723_COB,22/07/2025,E-commerce,1,434.9,194.34,240.56,Venda
SKU_1496_PEA,22/07/2025,Atacado,6,6809.4,3009.66,633.29,Venda
SKU_1716_AQU,22/07/2025,E-commerce,3,494.7,188.28,102.14,Venda
SKU_1820_PEA,22/07/2025,Atacado,5,1449.5,708.45,148.21,Venda
SKU_1580_MOS,22/07/2025,E-commerce,1,189.9,63.06,126.84,Venda
SKU_2084_MAR,22/07/2025,E-commerce,1,254.9,95.97,158.93,Venda
SKU_1574_COB,22/07/2025,Varejo,1,604.9,242.73,362.17,Venda
SKU_1761_MOS,22/07/2025,Varejo,1,1104.9,450.88,654.02,Venda
SKU_1763_MAR,22/07/2025,E-commerce,1,299.9,105.92,193.98,Venda
SKU_1756_FLA,22/07/2025,Varejo,1,179.9,58.17,121.73,Venda
SKU_1778_TEA,22/07/2025,Varejo,4,1139.6,509.8,157.45,Venda
SKU_1625_GAR,22/07/2025,Varejo,1,204.9,74.98,129.92,Venda
SKU_1750_MIN,22/07/2025,Atacado,5,1849.5,998.85,170.13,Venda
SKU_1496_PEA,22/07/2025,Varejo,1,1134.9,353.87,781.03,Venda
SKU_1704_BAB,22/07/2025,Atacado,5,1674.5,847.6,165.38,Venda
SKU_1775_PAS,22/07/2025,Varejo,1,279.9,86.34,193.56,Venda
SKU_1711_ARM,22/07/2025,Atacado,10,9949.0,6196.8,375.22,Venda
SKU_1413_SAG,22/07/2025,Varejo,2,369.8,117.76,126.02,Venda
SKU_1639_WHI,22/07/2025,Atacado,4,759.6,376.12,95.87,Venda
SKU_1799_POW,22/07/2025,Varejo,1,269.9,92.28,177.62,Venda
SKU_1770_JAD,22/07/2025,E-commerce,1,219.9,97.32,122.58,Venda
SKU_1777_FRE,22/07/2025,Varejo,3,719.7,301.29,139.47,Venda
SKU_1607_GAR,22/07/2025,Atacado,10,2999.0,1445.0,155.4,Venda
SKU_1743_CLO,22/07/2025,Atacado,5,2199.5,1159.95,207.91,Venda
SKU_1477_EME,22/07/2025,Varejo,1,224.9,78.24,146.66,Venda
SKU_1557_TUR,22/07/2025,Varejo,2,399.8,176.06,111.87,Venda
SKU_1685_COB,22/07/2025,E-commerce,1,664.9,275.17,389.73,Venda
SKU_1617_DEN,22/07/2025,Varejo,1,164.9,67.78,97.12,Venda
SKU_1469_ARM,22/07/2025,E-commerce,1,294.9,107.94,186.96,Venda
SKU_1587_DEE,22/07/2025,E-commerce,1,229.9,80.95,148.95,Venda
SKU_1714_DEE,22/07/2025,Varejo,1,304.9,108.49,196.41,Venda
SKU_1552_CLE,22/07/2025,Atacado,6,3959.4,2034.12,320.88,Venda
SKU_1697_PIS,22/07/2025,Atacado,12,2638.8,1178.64,121.68,Venda
SKU_1796_OLI,22/07/2025,Varejo,2,1009.8,344.82,332.49,Venda
SKU_1416_AQU,22/07/2025,Atacado,2,559.8,286.52,136.64,Venda
SKU_2033_RAS,22/07/2025,Atacado,8,2479.2,1090.16,173.63,Venda
SKU_1478_COB,22/07/2025,E-commerce,1,194.9,74.32,120.58,Venda
SKU_1562_CLO,22/07/2025,E-commerce,1,309.9,96.42,213.48,Venda
SKU_1766_MYS,22/07/2025,Varejo,2,789.8,263.82,262.99,Venda
SKU_1787_BAB,22/07/2025,E-commerce,1,289.9,133.55,156.35,Venda
SKU_1573_MIN,22/07/2025,Atacado,12,12298.8,6457.32,486.79,Venda
SKU_1943_FUC,22/07/2025,Atacado,6,1679.4,735.6,157.3,Venda
SKU_1717_CRE,22/07/2025,Atacado,5,1299.5,652.25,129.45,Venda
SKU_2057_VAN,22/07/2025,Atacado,10,9449.0,4661.0,478.8,Venda
SKU_1574_GAR,22/07/2025,Atacado,5,3024.5,1321.0,340.7,Venda
SKU_1815_WHI,22/07/2025,Varejo,3,1319.7,559.56,253.38,Venda
SKU_1768_MIN,22/07/2025,E-commerce,3,1874.7,868.8,335.3,Venda
SKU_1777_TUR,22/07/2025,Atacado,8,1919.2,967.44,118.97,Venda
SKU_2081_PAL,22/07/2025,Atacado,5,1949.5,1177.9,154.32,Venda
SKU_1722_PAS,22/07/2025,Varejo,1,324.9,127.7,197.2,Venda
SKU_1681_OFF,22/07/2025,Atacado,4,939.6,543.0,99.15,Venda
SKU_1742_EME,22/07/2025,E-commerce,1,259.9,119.61,140.29,Venda
SKU_1781_CLE,22/07/2025,E-commerce,1,129.9,46.87,83.03,Venda
SKU_1781_AQU,22/07/2025,Varejo,1,129.9,49.09,80.81,Venda
SKU_1752_SPA,22/07/2025,Atacado,4,1719.6,798.76,230.21,Venda
SKU_1684_SHO,22/07/2025,Atacado,2,369.8,168.12,100.84,Venda
SKU_1788_MYS,22/07/2025,E-commerce,1,249.9,83.55,166.35,Venda
SKU_2050_MOS,22/07/2025,E-commerce,1,454.9,179.26,275.64,Venda
SKU_1446_GAR,22/07/2025,E-commerce,1,269.9,127.66,142.24,Venda
SKU_1614_VAN,22/07/2025,Varejo,1,444.9,149.65,295.25,Venda
SKU_1717_CRE,22/07/2025,Atacado,6,1559.4,735.36,137.34,Venda
SKU_1711_VAN,22/07/2025,Atacado,5,4974.5,2398.95,515.11,Venda
SKU_1699_CLO,22/07/2025,Varejo,1,329.9,153.26,176.64,Venda
SKU_1786_POW,22/07/2025,Atacado,5,899.5,453.5,89.2,Venda
SKU_1502_VAN,22/07/2025,E-commerce,1,209.9,90.85,119.05,Venda
SKU_1756_FLA,22/07/2025,Atacado,4,719.6,338.08,95.38,Venda
SKU_1583_WHI,22/07/2025,Atacado,2,509.8,260.2,124.8,Venda
SKU_1717_MIN,22/07/2025,E-commerce,1,259.9,112.33,147.57,Venda
SKU_1794_FLA,22/07/2025,Atacado,12,2518.8,1199.28,109.96,Venda
SKU_1404_SAP,22/07/2025,E-commerce,1,1019.9,441.22,578.68,Venda
SKU_1712_MOS,22/07/2025,Atacado,4,719.6,341.84,94.44,Venda
SKU_1531_SNO,22/07/2025,Varejo,1,549.9,222.56,327.34,Venda
SKU_1711_VAN,22/07/2025,Atacado,5,4974.5,2685.65,457.77,Venda
SKU_1748_COB,22/07/2025,Atacado,8,2479.2,1166.8,164.05,Venda
SKU_1731_MIN,22/07/2025,Atacado,8,7279.2,3416.56,482.83,Venda
SKU_1800_MOS,22/07/2025,E-commerce,1,279.9,120.34,159.56,Venda
SKU_1565_LIG,22/07/2025,Atacado,10,3599.0,1847.7,175.13,Venda
SKU_1733_SAG,22/07/2025,Varejo,1,349.9,159.27,190.63,Venda
SKU_1789_EME,22/07/2025,Atacado,4,1079.6,484.76,148.71,Venda
SKU_1590_MYS,22/07/2025,Atacado,8,1519.2,721.44,99.72,Venda
SKU_1773_FRE,22/07/2025,Atacado,3,974.7,532.08,147.54,Venda
SKU_1542_PEA,22/07/2025,Varejo,1,469.9,164.44,305.46,Venda
SKU_1762_DEN,22/07/2025,Atacado,10,2549.0,1209.1,133.99,Venda
SKU_1730_OFF,22/07/2025,Varejo,1,319.9,145.48,174.42,Venda
SKU_1668_VAN,22/07/2025,Atacado,2,539.8,250.0,144.9,Venda
SKU_1539_PEA,22/07/2025,E-commerce,1,349.9,135.08,214.82,Venda
SKU_1637_WHI,22/07/2025,Varejo,1,919.9,381.34,538.56,Venda
SKU_1751_BLU,22/07/2025,Varejo,2,659.8,271.1,194.35,Venda
SKU_1605_VAN,22/07/2025,Varejo,2,439.8,207.52,116.14,Venda
SKU_1790_ROY,22/07/2025,Atacado,8,2079.2,1041.52,129.71,Venda
SKU_1478_TEA,22/07/2025,Varejo,2,389.8,151.6,119.1,Venda
SKU_1710_MEX,22/07/2025,E-commerce,1,809.9,332.81,477.09,Venda
SKU_2027_CLE,22/07/2025,Varejo,1,349.9,124.67,225.23,Venda
SKU_1499_HOT,22/07/2025,Atacado,6,1559.4,739.68,136.62,Venda
SKU_1480_MEX,22/07/2025,Atacado,6,2219.4,1096.86,187.09,Venda
SKU_1774_COB,22/07/2025,Atacado,5,1024.5,590.2,86.86,Venda
SKU_1643_EGR,22/07/2025,E-commerce,1,224.9,92.23,132.67,Venda
SKU_1774_MOS,22/07/2025,E-commerce,1,204.9,92.21,112.69,Venda
SKU_1788_MYS,22/07/2025,Varejo,1,249.9,88.86,161.04,Venda
SKU_1775_PAS,22/07/2025,Varejo,1,279.9,104.07,175.83,Venda
SKU_1746_EME,22/07/2025,Atacado,3,539.7,266.31,91.13,Venda
SKU_1744_LIG,22/07/2025,Atacado,3,794.7,397.74,132.32,Venda
SKU_1800_SKY,22/07/2025,Atacado,5,1399.5,627.65,154.37,Venda
SKU_1762_DEN,22/07/2025,Varejo,1,254.9,110.05,144.85,Venda
SKU_1607_GAR,22/07/2025,Varejo,2,599.8,243.72,178.04,Venda
SKU_1624_PRI,22/07/2025,Atacado,3,629.7,302.1,109.2,Venda
SKU_1455_ROY,22/07/2025,Varejo,1,334.9,145.03,189.87,Venda
SKU_1772_SNO,22/07/2025,Atacado,5,2074.5,1084.25,198.05,Venda
SKU_1510_ROS,22/07/2025,Atacado,5,4174.5,1984.65,437.97,Venda
SKU_1713_SNO,22/07/2025,Varejo,1,504.9,180.77,324.13,Venda
SKU_1778_TEA,22/07/2025,Atacado,3,854.7,430.53,141.39,Venda
SKU_1758_CLO,22/07/2025,Atacado,3,539.7,239.52,100.06,Venda
SKU_1714_MID,22/07/2025,E-commerce,1,304.9,129.13,175.77,Venda
SKU_1630_LIM,22/07/2025,Varejo,1,334.9,141.44,193.46,Venda
SKU_1554_PIS,22/07/2025,Atacado,10,10349.0,4378.9,597.01,Venda
SKU_1792_MIN,22/07/2025,E-commerce,2,879.8,279.4,300.2,Venda
SKU_1764_MAR,22/07/2025,E-commerce,1,234.9,104.1,130.8,Venda
SKU_1705_JAD,22/07/2025,E-commerce,1,409.9,143.11,266.79,Venda
SKU_1686_MOS,22/07/2025,Atacado,5,1074.5,491.75,116.55,Venda
SKU_1793_MIN,22/07/2025,Atacado,3,569.7,242.7,109.0,Venda
SKU_1750_SNO,22/07/2025,E-commerce,1,369.9,113.09,256.81,Venda
SKU_1730_MIN,22/07/2025,Varejo,1,319.9,132.63,187.27,Venda
SKU_1709_MAR,22/07/2025,Varejo,1,209.9,70.01,139.89,Venda
SKU_1705_SER,22/07/2025,Varejo,1,409.9,181.02,228.88,Venda
SKU_1729_FUC,22/07/2025,Varejo,3,524.7,190.47,111.41,Venda
SKU_1785_PAS,22/07/2025,Atacado,5,1224.5,525.65,139.77,Venda
SKU_1724_PIN,22/07/2025,Atacado,5,5574.5,2433.55,628.19,Venda
SKU_1703_PAS,22/07/2025,E-commerce,1,269.9,96.38,173.52,Venda
SKU_1778_MIN,22/07/2025,E-commerce,1,284.9,98.48,186.42,Venda
SKU_1704_PEA,22/07/2025,Atacado,6,2009.4,1147.38,143.67,Venda
SKU_1610_MEX,22/07/2025,Varejo,1,184.9,72.9,112.0,Venda
SKU_1699_CLO,22/07/2025,Atacado,8,2639.2,1390.88,156.04,Venda
SKU_1681_OFF,22/07/2025,Varejo,1,234.9,109.61,125.29,Venda
SKU_1798_MOS,22/07/2025,Atacado,4,1679.6,867.52,203.02,Venda
SKU_1735_COR,22/07/2025,Atacado,6,1619.4,845.28,129.02,Venda
SKU_1613_BIR,22/07/2025,Atacado,5,949.5,431.1,103.68,Venda
SKU_2066_TEA,22/07/2025,E-commerce,1,474.9,197.05,277.85,Venda
SKU_1712_NAV,22/07/2025,Atacado,6,1079.4,493.02,97.73,Venda
SKU_1417_BIR,22/07/2025,Atacado,3,839.7,414.93,141.59,Venda
SKU_1770_DEE,22/07/2025,E-commerce,1,219.9,90.95,128.95,Venda
SKU_1732_WHI,22/07/2025,Varejo,1,1114.9,363.37,751.53,Venda
SKU_1684_HON,22/07/2025,E-commerce,1,184.9,80.15,104.75,Venda
SKU_1752_SPA,22/07/2025,Varejo,3,1289.7,607.77,227.31,Venda
SKU_1486_OLI,22/07/2025,Varejo,1,289.9,94.56,195.34,Venda
SKU_1691_ROS,22/07/2025,Atacado,8,2479.2,1281.12,149.76,Venda
SKU_1712_NAV,22/07/2025,Atacado,4,719.6,373.76,86.46,Venda
SKU_1762_DEN,22/07/2025,Atacado,5,1274.5,648.9,125.12,Venda
SKU_1809_PRI,22/07/2025,E-commerce,1,239.9,74.62,165.28,Venda
SKU_1690_MAG,22/07/2025,Varejo,1,539.9,263.58,276.32,Venda
SKU_1717_CRE,22/07/2025,Atacado,4,1039.6,526.68,128.23,Venda
SKU_1863_MOS,22/07/2025,E-commerce,1,254.9,95.1,159.8,Venda
SKU_1695_LIM,22/07/2025,Varejo,1,209.9,76.11,133.79,Venda
SKU_1504_NAV,22/07/2025,Atacado,3,1019.7,486.9,177.6,Venda
SKU_1684_SHO,22/07/2025,Atacado,5,924.5,437.15,97.47,Venda
SKU_1790_ROY,22/07/2025,Varejo,1,259.9,85.99,173.91,Venda
SKU_1781_AQU,22/07/2025,Varejo,1,129.9,58.2,71.7,Venda
SKU_1704_BAB,22/07/2025,Varejo,1,334.9,106.4,228.5,Venda
SKU_1737_DEE,22/07/2025,E-commerce,1,769.9,244.37,525.53,Venda
SKU_1417_SNO,22/07/2025,Varejo,3,839.7,312.18,175.84,Venda
SKU_1758_CLO,22/07/2025,Atacado,8,1439.2,738.64,87.57,Venda
SKU_1731_ARM,22/07/2025,Varejo,1,909.9,384.14,525.76,Venda
SKU_1786_POW,22/07/2025,Atacado,5,899.5,429.2,94.06,Venda
SKU_1704_BAB,22/07/2025,Atacado,6,2009.4,873.24,189.36,Venda
SKU_1614_IVO,22/07/2025,E-commerce,1,444.9,221.2,223.7,Venda
SKU_1684_HON,23/07/2025,Varejo,2,369.8,183.62,93.09,Venda
SKU_1461_PRI,23/07/2025,Varejo,1,1069.9,507.07,562.83,Venda
SKU_1717_MIN,23/07/2025,Atacado,3,779.7,451.89,109.27,Venda
SKU_1691_HUN,23/07/2025,Atacado,4,1239.6,609.36,157.56,Venda
SKU_1788_EME,23/07/2025,Atacado,2,499.8,253.54,123.13,Venda
SKU_1978_ROS,23/07/2025,Varejo,1,249.9,77.69,172.21,Venda
SKU_1772_BLU,23/07/2025,Atacado,4,1659.6,931.88,181.93,Venda
SKU_1656_FUC,23/07/2025,Varejo,2,469.8,141.08,164.36,Venda
SKU_1761_MOS,23/07/2025,Varejo,1,1104.9,439.19,665.71,Venda
SKU_1784_BLA,23/07/2025,Varejo,2,619.8,210.3,204.75,Venda
SKU_1593_FUC,23/07/2025,Atacado,6,869.4,413.46,75.99,Venda
SKU_1543_FLA,23/07/2025,Varejo,3,2204.7,734.88,489.94,Venda
SKU_1661_WHI,23/07/2025,Atacado,4,3959.6,2232.32,431.82,Venda
SKU_1769_EME,23/07/2025,E-commerce,1,324.9,105.93,218.97,Venda
SKU_1752_SPA,23/07/2025,Varejo,1,429.9,188.41,241.49,Venda
SKU_1703_BLU,23/07/2025,Atacado,6,1619.4,846.0,128.9,Venda
SKU_1785_HUN,23/07/2025,Varejo,1,244.9,91.84,153.06,Venda
SKU_1456_DEN,23/07/2025,Atacado,4,1259.6,704.48,138.78,Venda
SKU_1783_EGR,23/07/2025,Atacado,3,3599.7,1875.42,574.76,Venda
SKU_1687_FOR,23/07/2025,Varejo,1,899.9,424.13,475.77,Venda
SKU_1458_PEA,23/07/2025,Atacado,8,2799.2,1339.2,182.5,Venda
SKU_1586_JAD,23/07/2025,Varejo,1,304.9,119.31,185.59,Venda
SKU_1736_JAD,23/07/2025,Atacado,5,1624.5,864.9,151.92,Venda
SKU_1475_VAN,23/07/2025,Atacado,4,999.6,471.56,132.01,Venda
SKU_1418_CLE,23/07/2025,Varejo,1,844.9,408.5,436.4,Venda
SKU_1741_PIN,23/07/2025,E-commerce,1,239.9,88.23,151.67,Venda
SKU_1713_SAL,23/07/2025,Atacado,8,4039.2,1725.76,289.18,Venda
SKU_2074_ARM,23/07/2025,Atacado,6,1589.4,855.18,122.37,Venda
SKU_1764_MAR,23/07/2025,E-commerce,2,469.8,197.9,135.95,Venda
SKU_1791_IVO,23/07/2025,Atacado,6,1589.4,849.48,123.32,Venda
SKU_1766_CLE,23/07/2025,Varejo,2,789.8,261.84,263.98,Venda
SKU_1760_PAS,23/07/2025,E-commerce,1,249.9,122.63,127.27,Venda
SKU_2072_BAB,23/07/2025,Atacado,6,1619.4,843.18,129.37,Venda
SKU_1776_BIR,23/07/2025,E-commerce,1,329.9,148.78,181.12,Venda
SKU_1745_FOR,23/07/2025,Varejo,1,409.9,136.25,273.65,Venda
SKU_1491_GAR,23/07/2025,Atacado,3,404.7,224.13,60.19,Venda
SKU_1789_EME,23/07/2025,Varejo,1,269.9,118.77,151.13,Venda
SKU_1683_PAL,23/07/2025,Varejo,1,314.9,129.76,185.14,Venda
SKU_1612_PAL,23/07/2025,Varejo,1,329.9,105.83,224.07,Venda
SKU_1685_COB,23/07/2025,Atacado,6,3989.4,1943.22,341.03,Venda
SKU_1733_NAV,23/07/2025,Atacado,3,1049.7,543.9,168.6,Venda
SKU_1784_BLA,23/07/2025,Varejo,3,929.7,446.97,160.91,Venda
SKU_1401_GAR,23/07/2025,Atacado,3,719.7,393.0,108.9,Venda
SKU_1427_AQU,23/07/2025,Varejo,2,399.8,197.6,101.1,Venda
SKU_1524_DEN,23/07/2025,Varejo,1,369.9,130.47,239.43,Venda
SKU_1769_WHI,23/07/2025,Varejo,1,324.9,137.82,187.08,Venda
SKU_1500_PAS,23/07/2025,Varejo,1,259.9,85.41,174.49,Venda
SKU_1406_SHO,23/07/2025,Varejo,2,699.8,305.26,197.27,Venda
SKU_1727_WHI,23/07/2025,Atacado,12,1858.8,1031.52,68.94,Venda
SKU_2102_CLO,23/07/2025,Atacado,12,8938.8,4234.08,392.06,Venda
SKU_1790_EGR,23/07/2025,Varejo,1,259.9,78.85,181.05,Venda
SKU_1408_FUC,23/07/2025,Atacado,6,5519.4,2541.96,496.24,Venda
SKU_1794_LIG,23/07/2025,Varejo,1,209.9,93.88,116.02,Venda
SKU_1688_WHI,23/07/2025,Varejo,1,429.9,129.58,300.32,Venda
SKU_1706_BLA,23/07/2025,Atacado,2,369.8,172.26,98.77,Venda
SKU_1707_ARM,23/07/2025,Atacado,4,1119.6,568.16,137.86,Venda
SKU_1427_BLA,23/07/2025,Atacado,10,1999.0,903.4,109.56,Venda
SKU_1720_PAL,23/07/2025,Varejo,4,899.6,378.24,130.34,Venda
SKU_1452_DEE,23/07/2025,Varejo,1,144.9,53.82,91.08,Venda
SKU_1584_AQU,23/07/2025,Atacado,4,739.6,340.52,99.77,Venda
SKU_1682_BIR,23/07/2025,Atacado,4,939.6,403.8,133.95,Venda
SKU_1744_EME,23/07/2025,Atacado,3,794.7,396.18,132.84,Venda
SKU_1693_FLA,23/07/2025,Atacado,4,819.6,392.0,106.9,Venda
SKU_1798_MOS,23/07/2025,E-commerce,1,419.9,195.27,224.63,Venda
SKU_1731_ARM,23/07/2025,Varejo,1,909.9,304.9,605.0,Venda
SKU_2108_MAR,23/07/2025,Varejo,1,299.9,137.22,162.68,Venda
SKU_1964_SAL,23/07/2025,Atacado,5,1474.5,785.2,137.86,Venda
SKU_1746_EME,23/07/2025,E-commerce,1,179.9,64.0,115.9,Venda
SKU_1770_DEE,23/07/2025,Atacado,12,2638.8,1401.6,103.1,Venda
SKU_1746_EME,23/07/2025,Varejo,3,539.7,249.54,96.72,Venda
SKU_1473_BAB,23/07/2025,Atacado,6,1079.4,509.46,94.99,Venda
SKU_1752_SNO,23/07/2025,E-commerce,2,859.8,318.08,270.86,Venda
SKU_1729_FUC,23/07/2025,Atacado,8,1399.2,651.28,93.49,Venda
SKU_1754_SER,23/07/2025,Atacado,5,1699.5,726.2,194.66,Venda
SKU_1634_NAV,23/07/2025,Atacado,5,4899.5,2139.45,552.01,Venda
SKU_1479_MIN,23/07/2025,Atacado,12,6658.8,3114.36,295.37,Venda
SKU_1789_EME,23/07/2025,Atacado,6,1619.4,852.84,127.76,Venda
SKU_1739_AQU,23/07/2025,Varejo,1,254.9,107.44,147.46,Venda
SKU_1710_MEX,23/07/2025,Varejo,1,809.9,373.72,436.18,Venda
SKU_1778_TEA,23/07/2025,Varejo,3,854.7,355.59,166.37,Venda
SKU_1789_SNO,23/07/2025,Atacado,3,809.7,361.8,149.3,Venda
SKU_1798_OFF,23/07/2025,Atacado,4,1679.6,865.68,203.48,Venda
SKU_1788_MYS,23/07/2025,E-commerce,1,249.9,105.04,144.86,Venda
SKU_1780_AQU,23/07/2025,Atacado,4,1339.6,744.76,148.71,Venda
SKU_1718_DUS,23/07/2025,Varejo,1,369.9,120.03,249.87,Venda
SKU_1774_COB,23/07/2025,Varejo,4,819.6,323.44,124.04,Venda
SKU_1774_COB,23/07/2025,Varejo,2,409.8,165.52,122.14,Venda
SKU_1677_VAN,23/07/2025,Atacado,6,3419.4,1774.56,274.14,Venda
SKU_1874_JAD,23/07/2025,E-commerce,1,219.9,80.12,139.78,Venda
SKU_2053_DEN,23/07/2025,Varejo,2,699.8,228.14,235.83,Venda
SKU_1478_COB,23/07/2025,Varejo,1,194.9,88.27,106.63,Venda
SKU_1680_SEA,23/07/2025,Atacado,3,1004.7,425.01,193.23,Venda
SKU_1778_MIN,23/07/2025,Varejo,3,854.7,299.64,185.02,Venda
SKU_1728_EGR,23/07/2025,Atacado,8,2639.2,1356.56,160.33,Venda
SKU_1846_SEA,23/07/2025,Varejo,1,349.9,155.18,194.72,Venda
SKU_1592_CER,23/07/2025,Atacado,10,2099.0,1033.0,106.6,Venda
SKU_1791_ARM,23/07/2025,Atacado,2,529.8,290.46,119.67,Venda
SKU_1660_MAG,23/07/2025,Varejo,2,629.8,227.78,201.01,Venda
SKU_1492_SKY,23/07/2025,Varejo,1,374.9,137.14,237.76,Venda
SKU_1796_OLI,23/07/2025,E-commerce,1,504.9,162.51,342.39,Venda
SKU_1406_SHO,23/07/2025,E-commerce,1,349.9,155.84,194.06,Venda
SKU_1727_WHI,23/07/2025,E-commerce,3,464.7,139.53,108.39,Venda
SKU_1759_COB,23/07/2025,Atacado,8,2159.2,1092.16,133.38,Venda
SKU_1571_WHI,23/07/2025,Atacado,6,1499.4,786.48,118.82,Venda
SKU_1800_SKY,23/07/2025,E-commerce,1,279.9,130.53,149.37,Venda
SKU_1442_EME,23/07/2025,Atacado,2,579.8,276.26,151.77,Venda
SKU_1764_MAR,23/07/2025,Atacado,4,939.6,540.12,99.87,Venda
SKU_1759_COB,23/07/2025,Atacado,5,1349.5,777.75,114.35,Venda
SKU_1465_CLE,23/07/2025,E-commerce,1,314.9,110.74,204.16,Venda
SKU_1554_PIS,23/07/2025,Varejo,2,2069.8,858.14,605.83,Venda
SKU_1746_EME,23/07/2025,Atacado,10,1799.0,766.3,103.27,Venda
SKU_1791_IVO,23/07/2025,Varejo,2,529.8,201.86,163.97,Venda
SKU_1701_SPA,23/07/2025,Atacado,5,1699.5,898.4,160.22,Venda
SKU_1754_SER,23/07/2025,E-commerce,2,679.8,316.64,181.58,Venda
SKU_1794_LIG,23/07/2025,Atacado,2,419.8,249.3,85.25,Venda
SKU_1537_BLA,23/07/2025,Atacado,5,1274.5,710.6,112.78,Venda
SKU_1686_SKY,23/07/2025,Varejo,1,214.9,72.08,142.82,Venda
SKU_1801_FLA,23/07/2025,Atacado,4,1499.6,631.4,217.05,Venda
SKU_1856_PAS,23/07/2025,Atacado,5,1624.5,773.35,170.23,Venda
SKU_1730_OFF,23/07/2025,Atacado,5,1599.5,684.65,182.97,Venda
SKU_1609_SAP,23/07/2025,Varejo,1,269.9,89.85,180.05,Venda
SKU_1716_AQU,23/07/2025,Varejo,1,164.9,66.74,98.16,Venda
SKU_1801_FLA,23/07/2025,E-commerce,1,374.9,179.24,195.66,Venda
SKU_1783_BAB,23/07/2025,Atacado,4,4799.6,2170.68,657.23,Venda
SKU_1721_FRE,23/07/2025,Varejo,1,419.9,143.17,276.73,Venda
SKU_1548_CLO,23/07/2025,Varejo,1,474.9,160.33,314.57,Venda
SKU_1703_PAS,23/07/2025,Atacado,2,539.8,254.74,142.53,Venda
SKU_1432_WHI,23/07/2025,Varejo,1,719.9,272.04,447.86,Venda
SKU_1477_EME,23/07/2025,E-commerce,1,224.9,75.78,149.12,Venda
SKU_1681_PIS,23/07/2025,Atacado,8,1879.2,985.92,111.66,Venda
SKU_1778_MIN,23/07/2025,Varejo,1,284.9,115.34,169.56,Venda
SKU_2076_MIN,23/07/2025,Varejo,1,474.9,159.0,315.9,Venda
SKU_1769_EME,23/07/2025,Atacado,10,3249.0,1606.9,164.21,Venda
SKU_1677_POW,23/07/2025,Varejo,1,569.9,257.8,312.1,Venda
SKU_1716_AQU,23/07/2025,Varejo,1,164.9,73.56,91.34,Venda
SKU_1719_WHI,23/07/2025,Atacado,5,1599.5,831.15,153.67,Venda
SKU_1753_PAL,23/07/2025,Varejo,1,789.9,270.49,519.41,Venda
SKU_1788_EME,23/07/2025,Atacado,3,749.7,326.97,140.91,Venda
SKU_1785_PAS,23/07/2025,Varejo,1,244.9,84.3,160.6,Venda
SKU_1731_MIN,23/07/2025,Atacado,4,3639.6,1829.88,452.43,Venda
SKU_1692_OLI,23/07/2025,Atacado,6,1319.4,586.38,122.17,Venda
SKU_1751_MIN,23/07/2025,Atacado,2,659.8,332.66,163.57,Venda
SKU_1576_AQU,23/07/2025,Varejo,1,244.9,94.08,150.82,Venda
SKU_1724_PIN,23/07/2025,Varejo,1,1114.9,550.99,563.91,Venda
SKU_1639_FRE,23/07/2025,E-commerce,1,189.9,79.06,110.84,Venda
SKU_1691_HUN,23/07/2025,Varejo,1,309.9,136.67,173.23,Venda
SKU_1757_TUR,23/07/2025,Varejo,1,264.9,83.74,181.16,Venda
SKU_1423_JAD,23/07/2025,Atacado,12,14398.8,7631.16,563.97,Venda
SKU_1869_AQU,23/07/2025,Varejo,1,489.9,232.99,256.91,Venda
SKU_1785_HUN,23/07/2025,Atacado,2,489.8,231.56,129.12,Venda
SKU_1889_MAR,23/07/2025,Varejo,2,539.8,242.64,148.58,Venda
SKU_1598_NAV,23/07/2025,E-commerce,1,489.9,230.57,259.33,Venda
SKU_1989_MAG,23/07/2025,Varejo,1,349.9,129.9,220.0,Venda
SKU_1697_PIS,23/07/2025,Atacado,6,1319.4,623.7,115.95,Venda
SKU_1756_FLA,23/07/2025,Varejo,1,179.9,61.95,117.95,Venda
SKU_1785_HUN,23/07/2025,Varejo,1,244.9,83.82,161.08,Venda
SKU_1593_LIG,23/07/2025,Atacado,8,1159.2,505.92,81.66,Venda
SKU_1763_HOT,23/07/2025,Atacado,5,1499.5,657.75,168.35,Venda
SKU_1686_SKY,23/07/2025,Varejo,1,214.9,74.0,140.9,Venda
SKU_1687_FOR,23/07/2025,Atacado,4,3599.6,1587.2,503.1,Venda
SKU_1495_BLA,23/07/2025,Varejo,1,329.9,122.17,207.73,Venda
SKU_1714_DEE,23/07/2025,Atacado,5,1524.5,648.3,175.24,Venda
SKU_1745_PEA,23/07/2025,Varejo,1,409.9,145.23,264.67,Venda
SKU_1747_TEA,23/07/2025,Varejo,1,174.9,70.16,104.74,Venda
SKU_2001_DEN,23/07/2025,Varejo,3,1154.7,501.39,217.77,Venda
SKU_1603_PEA,23/07/2025,Atacado,6,4469.4,2265.96,367.24,Venda
SKU_1681_OFF,23/07/2025,Atacado,8,1879.2,790.16,136.13,Venda
SKU_1758_CLO,23/07/2025,Varejo,1,179.9,61.59,118.31,Venda
SKU_1721_COR,23/07/2025,Varejo,3,1259.7,594.72,221.66,Venda
SKU_1768_MIN,23/07/2025,Atacado,10,6249.0,2643.9,360.51,Venda
SKU_1783_EGR,23/07/2025,Varejo,1,1199.9,392.15,807.75,Venda
SKU_1531_SNO,23/07/2025,Varejo,1,549.9,252.4,297.5,Venda
SKU_1470_MAR,23/07/2025,Atacado,12,11038.8,5264.28,481.21,Venda
SKU_1946_PEA,23/07/2025,Varejo,2,809.8,301.26,254.27,Venda
SKU_1744_LIG,23/07/2025,Atacado,4,1059.6,555.56,126.01,Venda
SKU_1868_SEA,23/07/2025,E-commerce,1,789.9,381.57,408.33,Venda
SKU_1801_FLA,23/07/2025,Atacado,5,1874.5,902.9,194.32,Venda
SKU_1737_DEE,23/07/2025,Varejo,2,1539.8,589.72,475.04,Venda
SKU_1731_ARM,23/07/2025,Varejo,1,909.9,352.49,557.41,Venda
SKU_1766_MYS,23/07/2025,Varejo,2,789.8,313.34,238.23,Venda
SKU_1728_EGR,23/07/2025,Atacado,8,2639.2,1245.44,174.22,Venda
SKU_1616_SER,23/07/2025,Varejo,2,2049.8,874.3,587.75,Venda
SKU_1756_FLA,23/07/2025,Varejo,1,179.9,68.17,111.73,Venda
SKU_1703_PAS,23/07/2025,Atacado,4,1079.6,542.92,134.17,Venda
SKU_2051_FOR,23/07/2025,Atacado,2,1539.8,773.6,383.1,Venda
SKU_1694_SER,23/07/2025,E-commerce,1,279.9,114.4,165.5,Venda
SKU_1752_SPA,23/07/2025,Varejo,2,859.8,348.3,255.75,Venda
SKU_1483_WHI,23/07/2025,E-commerce,1,324.9,145.76,179.14,Venda
SKU_1713_SNO,23/07/2025,Atacado,4,2019.6,908.32,277.82,Venda
SKU_1699_CLO,23/07/2025,Atacado,3,989.7,516.36,157.78,Venda
SKU_1923_PEA,23/07/2025,E-commerce,1,189.9,78.82,111.08,Venda
SKU_1727_LIG,23/07/2025,Atacado,4,619.6,262.0,89.4,Venda
SKU_1441_IVO,23/07/2025,Atacado,10,11549.0,5803.5,574.55,Venda
SKU_1794_FLA,23/07/2025,Atacado,6,1259.4,722.1,89.55,Venda
SKU_1443_PRI,23/07/2025,Varejo,2,539.8,265.32,137.24,Venda
SKU_1902_BLU,23/07/2025,Atacado,8,6639.2,3554.64,385.57,Venda
SKU_1796_SHO,23/07/2025,E-commerce,1,504.9,185.35,319.55,Venda
SKU_1704_PEA,23/07/2025,Varejo,1,334.9,109.36,225.54,Venda
SKU_1553_HOT,23/07/2025,Atacado,3,764.7,411.0,117.9,Venda
SKU_1541_POW,23/07/2025,Varejo,1,674.9,249.43,425.47,Venda
SKU_1585_BLA,23/07/2025,Atacado,8,2559.2,1280.0,159.9,Venda
SKU_1958_BLU,23/07/2025,Varejo,2,369.8,113.14,128.33,Venda
SKU_1760_OFF,23/07/2025,Atacado,4,999.6,558.36,110.31,Venda
SKU_1722_PAS,23/07/2025,E-commerce,1,324.9,100.63,224.27,Venda
SKU_1712_MOS,23/07/2025,Atacado,5,899.5,423.35,95.23,Venda
SKU_1792_AQU,23/07/2025,E-commerce,1,439.9,136.74,303.16,Venda
SKU_1697_PIS,23/07/2025,Atacado,3,659.7,335.94,107.92,Venda
SKU_1785_HUN,23/07/2025,E-commerce,1,244.9,122.19,122.71,Venda
SKU_1644_BAB,23/07/2025,Varejo,2,639.8,236.18,201.81,Venda
SKU_1704_PEA,23/07/2025,Atacado,4,1339.6,681.48,164.53,Venda
SKU_1687_WHI,23/07/2025,Varejo,1,899.9,334.61,565.29,Venda
SKU_1766_MYS,23/07/2025,Varejo,1,394.9,157.79,237.11,Venda
SKU_1781_CLE,23/07/2025,Varejo,4,519.6,210.44,77.29,Venda
SKU_1799_DEN,23/07/2025,Varejo,1,269.9,100.58,169.32,Venda
SKU_1780_LIG,23/07/2025,E-commerce,1,334.9,132.22,202.68,Venda
SKU_1557_TUR,23/07/2025,Varejo,1,199.9,63.38,136.52,Venda
SKU_1636_LIG,23/07/2025,Varejo,1,439.9,196.77,243.13,Venda
SKU_1689_IVO,23/07/2025,Varejo,1,964.9,325.97,638.93,Venda
SKU_2047_HUN,23/07/2025,Atacado,5,5624.5,3229.25,479.05,Venda
SKU_1749_BIR,23/07/2025,Varejo,2,699.8,241.66,229.07,Venda
SKU_1800_SKY,23/07/2025,Atacado,12,3358.8,1541.28,151.46,Venda
SKU_1876_AQU,23/07/2025,Varejo,1,199.9,72.76,127.14,Venda
SKU_1717_MIN,23/07/2025,Atacado,8,2079.2,1108.72,121.31,Venda
SKU_1396_FUC,23/07/2025,Atacado,8,1079.2,476.32,75.36,Venda
SKU_1637_BLU,23/07/2025,Atacado,5,4599.5,2481.25,423.65,Venda
SKU_1759_CLE,23/07/2025,Atacado,6,1619.4,870.6,124.8,Venda
SKU_1706_JAD,23/07/2025,Atacado,10,1849.0,972.4,87.66,Venda
SKU_1751_BLU,23/07/2025,Atacado,6,1979.4,905.22,179.03,Venda
SKU_1462_MID,23/07/2025,Varejo,2,729.8,246.7,241.55,Venda
SKU_1398_AQU,23/07/2025,Atacado,6,4049.4,1848.54,366.81,Venda
SKU_1717_MIN,23/07/2025,E-commerce,1,259.9,89.82,170.08,Venda
SKU_1461_NAV,23/07/2025,Atacado,8,8559.2,4358.24,525.12,Venda
SKU_1740_FRE,23/07/2025,Varejo,1,214.9,80.66,134.24,Venda
SKU_1764_MAR,23/07/2025,Varejo,1,234.9,83.81,151.09,Venda
SKU_1604_SNO,23/07/2025,Atacado,12,7258.8,3728.52,294.19,Venda
SKU_1736_PAS,23/07/2025,Atacado,6,1949.4,1104.36,140.84,Venda
SKU_1689_MAG,23/07/2025,Varejo,2,1929.8,845.26,542.27,Venda
SKU_1718_SEA,23/07/2025,Varejo,1,369.9,163.07,206.83,Venda
SKU_1692_BLU,23/07/2025,Atacado,5,1099.5,520.15,115.87,Venda
SKU_1577_FLA,23/07/2025,E-commerce,2,319.8,117.34,101.23,Venda
SKU_1795_HUN,23/07/2025,Varejo,1,299.9,142.91,156.99,Venda
SKU_1774_MOS,23/07/2025,E-commerce,2,409.8,195.72,107.04,Venda
SKU_1690_MYS,23/07/2025,Atacado,4,2159.6,1097.96,265.41,Venda
SKU_1734_BRI,23/07/2025,Varejo,1,349.9,126.61,223.29,Venda
SKU_1540_BAL,23/07/2025,Atacado,5,849.5,402.3,89.44,Venda
SKU_1428_SKY,23/07/2025,Atacado,3,1469.7,771.12,232.86,Venda
SKU_1601_AQU,23/07/2025,Atacado,8,5879.2,3258.0,327.65,Venda
SKU_1791_IVO,23/07/2025,Varejo,1,264.9,82.93,181.97,Venda
SKU_1760_OFF,23/07/2025,Atacado,6,1499.4,758.64,123.46,Venda
SKU_1786_POW,23/07/2025,Atacado,6,1079.4,455.16,104.04,Venda
SKU_1720_PAL,23/07/2025,E-commerce,1,224.9,93.92,130.98,Venda
SKU_1766_CLE,23/07/2025,E-commerce,1,394.9,167.47,227.43,Venda
SKU_1793_MIN,23/07/2025,Varejo,3,569.7,173.79,131.97,Venda
SKU_1577_HUN,23/07/2025,E-commerce,3,479.7,207.54,90.72,Venda
SKU_1704_BAB,23/07/2025,Varejo,1,334.9,148.01,186.89,Venda
SKU_1757_TUR,23/07/2025,Atacado,2,529.8,257.66,136.07,Venda
SKU_1693_FLA,23/07/2025,Varejo,1,204.9,75.47,129.43,Venda
SKU_1469_ARM,23/07/2025,Atacado,6,1769.4,895.56,145.64,Venda
SKU_1735_COR,23/07/2025,Varejo,2,539.8,236.9,151.45,Venda
SKU_1893_BIR,23/07/2025,Atacado,5,3149.5,1420.95,345.71,Venda
SKU_1775_PAS,23/07/2025,Atacado,8,2239.2,1108.08,141.39,Venda
SKU_1756_BUB,23/07/2025,Atacado,5,899.5,426.4,94.62,Venda
SKU_2012_SKY,23/07/2025,Atacado,6,4919.4,2085.72,472.28,Venda
SKU_1456_DEN,23/07/2025,Varejo,1,314.9,153.26,161.64,Venda
SKU_1744_EME,23/07/2025,Atacado,8,2119.2,1054.64,133.07,Venda
SKU_1741_PIN,23/07/2025,Varejo,2,479.8,223.5,128.15,Venda
SKU_1531_SNO,23/07/2025,Atacado,5,2749.5,1450.75,259.75,Venda
SKU_1719_WHI,23/07/2025,Varejo,3,959.7,316.5,214.4,Venda
SKU_1801_FLA,23/07/2025,E-commerce,1,374.9,150.1,224.8,Venda
SKU_1614_VAN,23/07/2025,Atacado,3,1334.7,695.55,213.05,Venda
SKU_1782_HUN,23/07/2025,E-commerce,1,249.9,97.8,152.1,Venda
SKU_1686_MOS,23/07/2025,Atacado,8,1719.2,908.16,101.38,Venda
SKU_1682_BIR,23/07/2025,Atacado,8,1879.2,961.84,114.67,Venda
SKU_1869_AQU,23/07/2025,Varejo,1,489.9,212.2,277.7,Venda
SKU_1799_POW,23/07/2025,Atacado,10,2699.0,1528.9,117.01,Venda
SKU_1559_BLU,23/07/2025,Varejo,1,1199.9,395.96,803.94,Venda
SKU_1703_BLU,23/07/2025,Varejo,1,269.9,97.22,172.68,Venda
SKU_1685_BIR,23/07/2025,Atacado,8,5319.2,2386.88,366.54,Venda
SKU_1755_AQU,23/07/2025,Atacado,3,1004.7,565.74,146.32,Venda
SKU_1783_EGR,23/07/2025,Atacado,3,3599.7,1879.41,573.43,Venda
SKU_1781_AQU,23/07/2025,Varejo,1,129.9,49.53,80.37,Venda
SKU_1694_PIS,23/07/2025,Varejo,1,279.9,138.52,141.38,Venda
SKU_1407_EME,23/07/2025,Atacado,3,644.7,298.74,115.32,Venda
SKU_2038_COB,23/07/2025,Atacado,10,11349.0,5199.1,614.99,Venda
SKU_1786_TEA,23/07/2025,E-commerce,1,179.9,60.77,119.13,Venda
SKU_1754_SER,23/07/2025,Varejo,1,339.9,127.0,212.9,Venda
SKU_1689_IVO,23/07/2025,Atacado,6,5789.4,2711.82,512.93,Venda
SKU_1982_VAN,23/07/2025,Varejo,1,224.9,86.79,138.11,Venda
SKU_1778_TEA,23/07/2025,Atacado,5,1424.5,755.9,133.72,Venda
SKU_1708_FLA,23/07/2025,Atacado,2,339.8,147.66,96.07,Venda
SKU_1752_SPA,23/07/2025,Varejo,1,429.9,213.77,216.13,Venda
SKU_1695_LIM,23/07/2025,E-commerce,1,209.9,100.24,109.66,Venda
SKU_1757_TUR,23/07/2025,Varejo,1,264.9,106.22,158.68,Venda
SKU_1748_COB,23/07/2025,Atacado,12,3718.8,1703.64,167.93,Venda
SKU_2104_PEA,23/07/2025,Varejo,1,224.9,91.37,133.53,Venda
SKU_1728_MID,23/07/2025,Atacado,10,3299.0,1865.3,143.37,Venda
SKU_1686_MOS,23/07/2025,Atacado,5,1074.5,540.05,106.89,Venda
SKU_1717_CRE,23/07/2025,Atacado,5,1299.5,644.05,131.09,Venda
SKU_1748_COB,23/07/2025,Atacado,4,1239.6,576.88,165.68,Venda
SKU_1793_MIN,23/07/2025,Atacado,5,949.5,452.25,99.45,Venda
SKU_1764_FUC,23/07/2025,Atacado,3,704.7,334.53,123.39,Venda
SKU_1734_BRI,23/07/2025,E-commerce,1,349.9,113.79,236.11,Venda
SKU_1701_BLU,23/07/2025,E-commerce,1,339.9,109.32,230.58,Venda
SKU_1762_BRI,23/07/2025,Varejo,2,509.8,174.86,167.47,Venda
SKU_1904_CLE,23/07/2025,Atacado,5,3724.5,1736.8,397.54,Venda
SKU_1797_GAR,23/07/2025,E-commerce,2,759.8,270.94,244.43,Venda
SKU_1481_TEA,23/07/2025,Atacado,5,4049.5,1888.45,432.21,Venda
SKU_1767_FUC,23/07/2025,Varejo,1,204.9,70.1,134.8,Venda
SKU_1770_DEE,23/07/2025,Atacado,5,1099.5,509.1,118.08,Venda
SKU_1697_PIS,23/07/2025,Varejo,1,219.9,75.36,144.54,Venda
SKU_1999_SKY,23/07/2025,Atacado,2,469.8,224.76,122.52,Venda
SKU_1796_SHO,23/07/2025,E-commerce,1,504.9,235.47,269.43,Venda
SKU_1752_SNO,23/07/2025,Varejo,1,429.9,204.91,224.99,Venda
SKU_1732_OFF,23/07/2025,Varejo,2,2229.8,1097.8,566.0,Venda
SKU_1580_MOS,23/07/2025,E-commerce,1,189.9,88.74,101.16,Venda
SKU_1785_HUN,23/07/2025,Atacado,4,979.6,474.64,126.24,Venda
SKU_2111_SNO,23/07/2025,Varejo,1,234.9,72.08,162.82,Venda
SKU_1763_HOT,23/07/2025,Atacado,4,1199.6,552.36,161.81,Venda
SKU_1731_MIN,23/07/2025,E-commerce,1,909.9,330.52,579.38,Venda
SKU_1927_CER,23/07/2025,Varejo,4,1199.6,550.96,162.16,Venda
SKU_1690_MYS,23/07/2025,Varejo,1,539.9,205.34,334.56,Venda
SKU_1487_CLE,23/07/2025,Atacado,5,1674.5,723.5,190.2,Venda
SKU_1491_GAR,23/07/2025,Atacado,3,404.7,187.44,72.42,Venda
SKU_1718_DUS,23/07/2025,Atacado,10,3699.0,1732.4,196.66,Venda
SKU_1752_SPA,23/07/2025,Varejo,1,429.9,181.39,248.51,Venda
SKU_1498_OLI,23/07/2025,Atacado,5,1699.5,975.1,144.88,Venda
SKU_2045_AQU,23/07/2025,Atacado,4,779.6,412.72,91.72,Venda
SKU_1777_TUR,23/07/2025,E-commerce,1,239.9,83.63,156.27,Venda
SKU_1401_BLU,23/07/2025,E-commerce,2,479.8,238.74,120.53,Venda
SKU_1735_COR,23/07/2025,Varejo,1,269.9,105.05,164.85,Venda
SKU_1741_PIN,23/07/2025,E-commerce,1,239.9,81.6,158.3,Venda
SKU_1794_FLA,23/07/2025,Varejo,1,209.9,70.26,139.64,Venda
SKU_1577_HUN,23/07/2025,Atacado,5,799.5,413.7,77.16,Venda
SKU_1741_PIN,23/07/2025,Varejo,2,479.8,175.52,152.14,Venda
SKU_1772_BLU,23/07/2025,Atacado,3,1244.7,597.3,215.8,Venda
SKU_1626_BAB,23/07/2025,Atacado,6,3239.4,1413.24,304.36,Venda
SKU_1795_RAS,23/07/2025,Atacado,10,2999.0,1281.2,171.78,Venda
SKU_1800_SKY,23/07/2025,Atacado,8,2239.2,1146.48,136.59,Venda
SKU_1777_TUR,23/07/2025,Varejo,2,479.8,226.62,126.59,Venda
SKU_1628_POW,23/07/2025,Atacado,4,2199.6,1220.16,244.86,Venda
SKU_1778_MIN,23/07/2025,Atacado,3,854.7,396.72,152.66,Venda
SKU_1684_HON,23/07/2025,Atacado,6,1109.4,560.04,91.56,Venda
SKU_1842_SAG,23/07/2025,Atacado,4,2139.6,901.08,309.63,Venda
SKU_1462_MID,23/07/2025,Atacado,3,1094.7,461.58,211.04,Venda
SKU_1637_WHI,23/07/2025,Atacado,2,1839.8,918.02,460.89,Venda
SKU_1446_GAR,23/07/2025,E-commerce,1,269.9,81.93,187.97,Venda
SKU_1696_SHO,23/07/2025,E-commerce,1,279.9,105.62,174.28,Venda
SKU_1766_CLE,23/07/2025,Atacado,3,1184.7,638.85,181.95,Venda
SKU_1759_CLE,23/07/2025,Atacado,4,1079.6,522.96,139.16,Venda
SKU_1796_SHO,23/07/2025,Varejo,2,1009.8,430.94,289.43,Venda
SKU_1727_WHI,23/07/2025,Atacado,2,309.8,139.88,84.96,Venda
SKU_1774_MOS,23/07/2025,E-commerce,1,204.9,94.95,109.95,Venda
SKU_1703_BLU,23/07/2025,E-commerce,2,539.8,219.18,160.31,Venda
SKU_1795_RAS,23/07/2025,Atacado,4,1199.6,573.44,156.54,Venda
SKU_1776_BIR,23/07/2025,Varejo,3,989.7,413.91,191.93,Venda
SKU_1739_AQU,23/07/2025,Atacado,8,2039.2,927.92,138.91,Venda
SKU_1705_JAD,23/07/2025,Atacado,3,1229.7,582.45,215.75,Venda
SKU_1731_ARM,23/07/2025,Atacado,6,5459.4,2406.78,508.77,Venda
SKU_1635_SAG,23/07/2025,Atacado,5,3024.5,1419.2,321.06,Venda
SKU_1974_JAD,23/07/2025,Varejo,1,199.9,66.71,133.19,Venda
SKU_1721_FRE,23/07/2025,Atacado,5,2099.5,995.65,220.77,Venda
SKU_1693_MEX,23/07/2025,Varejo,1,204.9,90.65,114.25,Venda
SKU_1984_PAS,23/07/2025,Varejo,1,299.9,98.19,201.71,Venda
SKU_1687_FOR,23/07/2025,E-commerce,1,899.9,291.27,608.63,Venda
SKU_1864_VAN,23/07/2025,Atacado,10,1699.0,891.1,80.79,Venda
SKU_1784_BLA,23/07/2025,E-commerce,1,309.9,148.46,161.44,Venda
SKU_1754_SER,23/07/2025,Atacado,10,3399.0,1564.1,183.49,Venda
SKU_1403_AQU,23/07/2025,Varejo,1,384.9,117.63,267.27,Venda
SKU_1548_CLO,23/07/2025,Varejo,1,474.9,235.0,239.9,Venda
SKU_1506_PAL,23/07/2025,Varejo,1,229.9,81.22,148.68,Venda
SKU_1688_LIG,23/07/2025,Atacado,5,2149.5,1116.8,206.54,Venda
SKU_1733_SAG,23/07/2025,Varejo,1,349.9,116.89,233.01,Venda
SKU_1527_TEA,23/07/2025,E-commerce,1,909.9,273.87,636.03,Venda
SKU_1731_ARM,23/07/2025,Atacado,8,7279.2,3248.56,503.83,Venda
SKU_2044_PAS,23/07/2025,Atacado,8,1999.2,959.6,129.95,Venda
SKU_1748_COB,23/07/2025,Atacado,4,1239.6,550.56,172.26,Venda
SKU_2103_FUC,23/07/2025,Atacado,3,1409.7,609.72,266.66,Venda
SKU_1446_SHO,23/07/2025,Atacado,4,1079.6,571.36,127.06,Venda
SKU_1816_MOS,23/07/2025,Atacado,5,1199.5,676.1,104.68,Venda
SKU_1539_BLA,23/07/2025,Varejo,1,349.9,110.21,239.69,Venda
SKU_1781_CLE,23/07/2025,E-commerce,2,259.8,92.02,83.89,Venda
SKU_1639_FRE,23/07/2025,Atacado,4,759.6,383.12,94.12,Venda
SKU_1692_OLI,23/07/2025,Atacado,3,659.7,348.24,103.82,Venda
SKU_1599_CER,23/07/2025,E-commerce,2,939.8,436.18,251.81,Venda
SKU_1735_COR,23/07/2025,E-commerce,1,269.9,121.18,148.72,Venda
SKU_1737_DEE,23/07/2025,E-commerce,1,769.9,295.34,474.56,Venda
SKU_1664_PIN,23/07/2025,E-commerce,1,329.9,107.32,222.58,Venda
SKU_1718_DUS,23/07/2025,E-commerce,3,1109.7,503.34,202.12,Venda
SKU_1691_ROS,23/07/2025,Atacado,5,1549.5,791.65,151.57,Venda
SKU_2087_DEN,23/07/2025,Atacado,6,1499.4,754.02,124.23,Venda
SKU_1767_PRI,23/07/2025,E-commerce,1,204.9,69.66,135.24,Venda
SKU_1503_CER,23/07/2025,Varejo,2,459.8,223.16,118.32,Venda
SKU_1977_TEA,23/07/2025,E-commerce,1,214.9,98.57,116.33,Venda
SKU_1719_WHI,23/07/2025,Varejo,1,319.9,132.73,187.17,Venda
SKU_1715_JAD,23/07/2025,Varejo,1,219.9,72.84,147.06,Venda
SKU_1793_WHI,23/07/2025,E-commerce,2,379.8,152.56,113.62,Venda
SKU_1746_NAV,23/07/2025,Atacado,2,359.8,153.28,103.26,Venda
SKU_1622_VAN,23/07/2025,Varejo,2,539.8,214.26,162.77,Venda
SKU_1745_FOR,23/07/2025,Atacado,2,819.8,390.32,214.74,Venda
SKU_1973_MYS,23/07/2025,Varejo,1,319.9,147.07,172.83,Venda
SKU_1708_FLA,23/07/2025,Atacado,3,509.7,267.3,80.8,Venda
SKU_1789_EME,23/07/2025,Varejo,3,809.7,319.41,163.43,Venda
SKU_1603_BUB,23/07/2025,Atacado,5,3724.5,1583.15,428.27,Venda
SKU_1395_BLA,23/07/2025,Varejo,3,869.7,265.59,201.37,Venda
SKU_1755_BIR,23/07/2025,Atacado,4,1339.6,709.76,157.46,Venda
SKU_1459_CRE,23/07/2025,Atacado,10,2099.0,1106.1,99.29,Venda
SKU_1451_BIR,23/07/2025,Atacado,3,734.7,401.97,110.91,Venda
SKU_2112_MID,23/07/2025,Varejo,1,334.9,141.76,193.14,Venda
SKU_1770_DEE,23/07/2025,Atacado,3,659.7,289.29,123.47,Venda
SKU_1429_SPA,23/07/2025,Atacado,3,569.7,281.49,96.07,Venda
SKU_1701_BLU,23/07/2025,Varejo,1,339.9,110.74,229.16,Venda
SKU_1698_SNO,23/07/2025,Atacado,2,839.8,412.82,213.49,Venda
SKU_1775_PAS,23/07/2025,Varejo,1,279.9,126.89,153.01,Venda
SKU_1774_COB,23/07/2025,Varejo,1,204.9,93.42,111.48,Venda
SKU_1477_CLE,23/07/2025,Atacado,10,2249.0,956.3,129.27,Venda
SKU_1795_RAS,23/07/2025,Varejo,1,299.9,92.22,207.68,Venda
SKU_1666_FUC,23/07/2025,Atacado,12,9598.8,5479.8,343.25,Venda
SKU_1762_BRI,23/07/2025,Atacado,8,2039.2,920.08,139.89,Venda
SKU_1689_MAG,23/07/2025,E-commerce,1,964.9,405.77,559.13,Venda
SKU_1680_NAV,23/07/2025,E-commerce,1,334.9,135.08,199.82,Venda
SKU_1702_LIG,23/07/2025,Varejo,2,1239.8,415.78,412.01,Venda
SKU_1788_MYS,23/07/2025,Atacado,4,999.6,436.04,140.89,Venda
SKU_1404_ARM,23/07/2025,Atacado,8,8159.2,3581.6,572.2,Venda
SKU_1795_HUN,23/07/2025,Varejo,2,599.8,229.5,185.15,Venda
SKU_1406_SHO,23/07/2025,Varejo,1,349.9,139.38,210.52,Venda
SKU_1522_BIR,23/07/2025,Varejo,1,149.9,51.52,98.38,Venda
SKU_1740_OLI,23/07/2025,Atacado,8,1719.2,867.28,106.49,Venda
SKU_1498_LIG,23/07/2025,Atacado,2,679.8,316.88,181.46,Venda
SKU_1656_SNO,23/07/2025,Varejo,1,234.9,111.37,123.53,Venda
SKU_1754_SER,23/07/2025,Atacado,3,1019.7,536.4,161.1,Venda
SKU_1786_TEA,23/07/2025,E-commerce,1,179.9,80.77,99.13,Venda
SKU_1782_NAV,23/07/2025,Varejo,3,749.7,299.73,149.99,Venda
SKU_1723_MOS,23/07/2025,E-commerce,1,434.9,131.5,303.4,Venda
SKU_1472_MYS,23/07/2025,Atacado,5,2349.5,1018.15,266.27,Venda
SKU_1795_RAS,23/07/2025,Varejo,1,299.9,147.82,152.08,Venda
SKU_1723_MOS,23/07/2025,Varejo,2,869.8,320.88,274.46,Venda
SKU_1716_AQU,23/07/2025,Varejo,1,164.9,60.1,104.8,Venda
SKU_1723_COB,23/07/2025,Varejo,1,434.9,157.83,277.07,Venda
SKU_1682_BIR,23/07/2025,Varejo,1,234.9,98.76,136.14,Venda
SKU_1736_JAD,23/07/2025,E-commerce,2,649.8,202.22,223.79,Venda
SKU_1799_POW,23/07/2025,E-commerce,1,269.9,113.32,156.58,Venda
SKU_1390_SAP,23/07/2025,Varejo,1,229.9,85.35,144.55,Venda
SKU_1753_WHI,23/07/2025,Varejo,1,789.9,358.48,431.42,Venda
SKU_1761_SAP,23/07/2025,Atacado,6,6629.4,3169.14,576.71,Venda
SKU_1987_MYS,23/07/2025,Atacado,6,6719.4,3419.94,549.91,Venda
SKU_1773_FRE,23/07/2025,Varejo,1,324.9,155.57,169.33,Venda
SKU_1791_IVO,23/07/2025,Varejo,1,264.9,132.01,132.89,Venda
SKU_1730_OFF,23/07/2025,Atacado,5,1599.5,680.95,183.71,Venda
SKU_1748_BAB,23/07/2025,Varejo,2,619.8,236.52,191.64,Venda
SKU_1469_ARM,23/07/2025,Varejo,1,294.9,97.02,197.88,Venda
SKU_1937_MIN,23/07/2025,Atacado,3,629.7,312.81,105.63,Venda
SKU_1754_SER,23/07/2025,Atacado,12,4078.8,1926.6,179.35,Venda
SKU_1739_MOS,23/07/2025,Varejo,4,1019.6,351.56,167.01,Venda
SKU_1764_MAR,23/07/2025,E-commerce,1,234.9,97.79,137.11,Venda
SKU_1707_ARM,23/07/2025,Varejo,1,279.9,99.08,180.82,Venda
SKU_1502_VAN,23/07/2025,Atacado,6,1259.4,595.98,110.57,Venda
SKU_1711_ARM,23/07/2025,E-commerce,1,994.9,428.37,566.53,Venda
SKU_1819_AQU,23/07/2025,Atacado,4,1379.6,702.32,169.32,Venda
SKU_1561_LIM,23/07/2025,E-commerce,1,349.9,122.9,227.0,Venda
SKU_1767_FUC,23/07/2025,Atacado,8,1639.2,780.56,107.33,Venda
SKU_1463_DUS,23/07/2025,Varejo,2,519.8,185.6,167.1,Venda
SKU_1798_OFF,23/07/2025,Atacado,4,1679.6,764.96,228.66,Venda
SKU_1791_IVO,23/07/2025,Atacado,5,1324.5,720.05,120.89,Venda
SKU_1406_PRI,23/07/2025,Varejo,1,349.9,134.4,215.5,Venda
SKU_1797_BLU,23/07/2025,Atacado,6,2279.4,981.48,216.32,Venda
SKU_1707_SAP,23/07/2025,Varejo,1,279.9,126.79,153.11,Venda
SKU_1431_CRE,23/07/2025,Varejo,1,369.9,157.31,212.59,Venda
SKU_1571_WHI,23/07/2025,Varejo,1,249.9,112.4,137.5,Venda
SKU_1909_PEA,23/07/2025,Varejo,1,449.9,142.08,307.82,Venda
SKU_1661_CER,23/07/2025,Atacado,8,7919.2,3502.96,552.03,Venda
SKU_1506_PAL,23/07/2025,Atacado,2,459.8,219.68,120.06,Venda
SKU_1797_BLU,23/07/2025,Atacado,5,1899.5,894.3,201.04,Venda
SKU_1604_CLE,23/07/2025,Atacado,8,4839.2,2374.64,308.07,Venda
SKU_1781_AQU,23/07/2025,Atacado,3,389.7,203.04,62.22,Venda
SKU_1601_EME,23/07/2025,Varejo,4,2939.6,1025.16,478.61,Venda
SKU_2066_TEA,23/07/2025,Atacado,3,1424.7,803.31,207.13,Venda
SKU_1766_MYS,23/07/2025,Atacado,6,2369.4,1181.4,198.0,Venda
SKU_1775_PAS,23/07/2025,Atacado,5,1399.5,683.45,143.21,Venda
SKU_1782_HUN,23/07/2025,Atacado,2,499.8,234.16,132.82,Venda
SKU_1694_PIS,23/07/2025,Atacado,2,559.8,258.04,150.88,Venda
SKU_1736_PAS,23/07/2025,Varejo,1,324.9,129.31,195.59,Venda
SKU_1764_FUC,23/07/2025,Atacado,4,939.6,494.96,111.16,Venda
SKU_1682_OLI,23/07/2025,E-commerce,2,469.8,231.18,119.31,Venda
SKU_1617_DEN,23/07/2025,E-commerce,1,164.9,77.67,87.23,Venda
SKU_1610_PRI,23/07/2025,E-commerce,1,184.9,66.68,118.22,Venda
SKU_1612_PAL,23/07/2025,Varejo,1,329.9,160.52,169.38,Venda
SKU_1688_WHI,23/07/2025,Atacado,8,3439.2,1479.2,245.0,Venda
SKU_1653_BAB,23/07/2025,Atacado,6,2159.4,1202.04,159.56,Venda
SKU_1786_POW,23/07/2025,E-commerce,1,179.9,82.12,97.78,Venda
SKU_1789_EME,23/07/2025,Varejo,2,539.8,169.52,185.14,Venda
SKU_1707_ARM,23/07/2025,Varejo,1,279.9,126.24,153.66,Venda
SKU_2059_WHI,23/07/2025,Varejo,1,639.9,233.98,405.92,Venda
SKU_1714_MID,23/07/2025,Atacado,6,1829.4,1005.48,137.32,Venda
SKU_1795_RAS,23/07/2025,E-commerce,1,299.9,140.96,158.94,Venda
SKU_1734_BRI,23/07/2025,Varejo,3,1049.7,479.19,190.17,Venda
SKU_1680_NAV,23/07/2025,Varejo,3,1004.7,408.21,198.83,Venda
SKU_1792_AQU,23/07/2025,E-commerce,1,439.9,132.88,307.02,Venda
SKU_1646_CLE,23/07/2025,Atacado,5,1024.5,560.5,92.8,Venda
SKU_1719_OFF,23/07/2025,Atacado,5,1599.5,859.7,147.96,Venda
SKU_1683_SHO,23/07/2025,Atacado,4,1259.6,672.72,146.72,Venda
SKU_1599_WHI,23/07/2025,Atacado,5,2349.5,1014.2,267.06,Venda
SKU_1599_CER,23/07/2025,Varejo,1,469.9,195.27,274.63,Venda
SKU_1918_SKY,23/07/2025,Atacado,3,599.7,252.57,115.71,Venda
SKU_1693_FLA,23/07/2025,Atacado,10,2049.0,1043.2,100.58,Venda
SKU_1687_FOR,23/07/2025,Atacado,10,8999.0,4770.6,422.84,Venda
SKU_1792_MIN,23/07/2025,Atacado,4,1759.6,883.0,219.15,Venda
SKU_1740_FRE,23/07/2025,Varejo,3,644.7,311.07,111.21,Venda
SKU_1756_FLA,23/07/2025,Atacado,3,539.7,303.96,78.58,Venda
SKU_1790_EGR,23/07/2025,Atacado,3,779.7,335.13,148.19,Venda
SKU_1667_MID,23/07/2025,Varejo,1,209.9,95.85,114.05,Venda
SKU_1941_MIN,23/07/2025,Varejo,1,1049.9,340.48,709.42,Venda
SKU_1490_EME,23/07/2025,Varejo,1,314.9,127.56,187.34,Venda
SKU_1718_SEA,23/07/2025,Varejo,2,739.8,283.8,228.0,Venda
SKU_1680_NAV,23/07/2025,Atacado,6,2009.4,955.2,175.7,Venda
SKU_1764_MAR,23/07/2025,Varejo,1,234.9,106.51,128.39,Venda
SKU_1748_COB,23/07/2025,Atacado,3,929.7,398.34,177.12,Venda
SKU_1745_PEA,23/07/2025,E-commerce,1,409.9,148.46,261.44,Venda
SKU_1395_TUR,23/07/2025,Atacado,4,1159.6,582.56,144.26,Venda
SKU_1783_BAB,23/07/2025,Varejo,1,1199.9,588.4,611.5,Venda
SKU_1743_DEE,23/07/2025,Atacado,5,2199.5,1051.7,229.56,Venda
SKU_1623_EGR,23/07/2025,Atacado,4,3659.6,1650.2,502.35,Venda
SKU_1791_IVO,23/07/2025,Varejo,1,264.9,101.18,163.72,Venda
SKU_1423_SAG,23/07/2025,Atacado,4,4799.6,2298.92,625.17,Venda
SKU_1718_DUS,23/07/2025,Atacado,5,1849.5,936.55,182.59,Venda
SKU_1491_CER,23/07/2025,E-commerce,1,134.9,56.75,78.15,Venda
SKU_1968_PAS,23/07/2025,Atacado,5,874.5,381.2,98.66,Venda
SKU_1688_WHI,23/07/2025,Atacado,10,4299.0,1866.7,243.23,Venda
SKU_1789_SNO,23/07/2025,Varejo,1,269.9,120.07,149.83,Venda
SKU_1707_ARM,23/07/2025,Atacado,5,1399.5,658.05,148.29,Venda
SKU_1743_CLO,23/07/2025,E-commerce,1,439.9,212.51,227.39,Venda
SKU_1737_SAG,23/07/2025,E-commerce,1,769.9,240.24,529.66,Venda
SKU_1746_NAV,23/07/2025,Atacado,2,359.8,188.52,85.64,Venda
SKU_1575_AQU,23/07/2025,Atacado,4,3459.6,1659.44,450.04,Venda
SKU_1520_GAR,23/07/2025,Atacado,5,1124.5,681.45,88.61,Venda
SKU_1773_FRE,23/07/2025,E-commerce,1,324.9,127.58,197.32,Venda
SKU_1749_BIR,23/07/2025,Atacado,5,1749.5,814.5,187.0,Venda
SKU_1564_BLA,23/07/2025,Varejo,1,589.9,239.89,350.01,Venda
SKU_1735_MOS,23/07/2025,Varejo,1,269.9,112.16,157.74,Venda
SKU_1981_SEA,23/07/2025,Atacado,6,3089.4,1463.76,270.94,Venda
SKU_1528_DEN,23/07/2025,Atacado,4,859.6,438.68,105.23,Venda
SKU_1395_BLA,23/07/2025,Varejo,2,579.8,283.16,148.32,Venda
SKU_1655_SNO,23/07/2025,Atacado,12,7738.8,3666.84,339.33,Venda
SKU_1686_SKY,23/07/2025,Atacado,6,1289.4,641.88,107.92,Venda
SKU_1758_CLO,23/07/2025,Varejo,1,179.9,74.09,105.81,Venda
SKU_1440_BLU,23/07/2025,Varejo,1,1199.9,552.2,647.7,Venda
SKU_1684_HON,23/07/2025,Varejo,4,739.6,269.56,117.51,Venda
SKU_1627_MOS,23/07/2025,Atacado,6,1979.4,1123.14,142.71,Venda
SKU_1472_MYS,23/07/2025,Varejo,1,469.9,144.85,325.05,Venda
SKU_1697_PIS,23/07/2025,Varejo,1,219.9,101.97,117.93,Venda
SKU_1784_BLA,23/07/2025,Varejo,3,929.7,395.94,177.92,Venda
SKU_1448_SEA,23/07/2025,Varejo,1,179.9,63.3,116.6,Venda
SKU_1790_ROY,23/07/2025,Varejo,1,259.9,105.62,154.28,Venda
SKU_1686_SKY,23/07/2025,Atacado,4,859.6,396.12,115.87,Venda
SKU_1553_HOT,23/07/2025,Atacado,6,1529.4,697.44,138.66,Venda
SKU_1769_EME,23/07/2025,Atacado,10,3249.0,1714.5,153.45,Venda
SKU_1825_MIN,23/07/2025,Atacado,3,524.7,248.43,92.09,Venda
SKU_1855_AQU,23/07/2025,Atacado,3,824.7,350.16,158.18,Venda
SKU_1698_PRI,23/07/2025,Atacado,4,1679.6,904.12,193.87,Venda
SKU_1674_WHI,23/07/2025,Atacado,4,919.6,439.96,119.91,Venda
SKU_1565_LIG,23/07/2025,Atacado,6,2159.4,1242.12,152.88,Venda
SKU_1832_MIN,23/07/2025,Varejo,1,294.9,114.8,180.1,Venda
SKU_1896_ARM,23/07/2025,Atacado,4,4039.6,1816.12,555.87,Venda
SKU_1729_CLE,23/07/2025,Varejo,2,349.8,159.42,95.19,Venda
SKU_1681_PIS,23/07/2025,Varejo,2,469.8,159.64,155.08,Venda
SKU_2039_OLI,23/07/2025,Atacado,12,12298.8,6344.4,496.2,Venda
SKU_1797_GAR,23/07/2025,E-commerce,1,379.9,160.16,219.74,Venda
SKU_1743_CLO,23/07/2025,Atacado,3,1319.7,564.18,251.84,Venda
SKU_1700_PIS,23/07/2025,Varejo,1,699.9,285.13,414.77,Venda
SKU_1418_MOS,23/07/2025,E-commerce,1,844.9,294.69,550.21,Venda
SKU_1647_BLA,23/07/2025,Atacado,4,1359.6,697.12,165.62,Venda
SKU_1701_SPA,23/07/2025,Varejo,1,339.9,159.92,179.98,Venda
SKU_1642_OFF,23/07/2025,Varejo,1,224.9,102.03,122.87,Venda
SKU_1744_LIG,23/07/2025,Atacado,8,2119.2,973.92,143.16,Venda
SKU_1766_CLE,23/07/2025,Atacado,4,1579.6,747.88,207.93,Venda
SKU_1411_RAS,23/07/2025,Varejo,1,224.9,90.66,134.24,Venda
SKU_1681_OFF,23/07/2025,Atacado,6,1409.4,626.46,130.49,Venda
SKU_1684_HON,23/07/2025,Varejo,2,369.8,136.06,116.87,Venda
SKU_1450_JAD,23/07/2025,Atacado,3,1229.7,530.79,232.97,Venda
SKU_1664_PIN,23/07/2025,Varejo,2,659.8,222.34,218.73,Venda
SKU_1685_BIR,23/07/2025,Atacado,3,1994.7,1009.53,328.39,Venda
SKU_1774_MOS,23/07/2025,Varejo,1,204.9,70.11,134.79,Venda
SKU_1568_FRE,23/07/2025,Varejo,4,939.6,310.8,157.2,Venda
SKU_1783_EGR,23/07/2025,Varejo,1,1199.9,385.27,814.63,Venda
SKU_1665_RAS,23/07/2025,Atacado,2,499.8,246.46,126.67,Venda
SKU_2102_CLO,23/07/2025,Varejo,1,744.9,240.13,504.77,Venda
SKU_1756_FLA,23/07/2025,Varejo,4,719.6,277.28,110.58,Venda
SKU_1776_BIR,23/07/2025,Varejo,1,329.9,125.95,203.95,Venda
SKU_1463_DUS,23/07/2025,Varejo,1,259.9,85.81,174.09,Venda
SKU_1759_CLE,23/07/2025,Varejo,2,539.8,201.78,169.01,Venda
SKU_1729_FUC,23/07/2025,Varejo,1,174.9,62.74,112.16,Venda
SKU_1752_SPA,23/07/2025,Varejo,2,859.8,319.3,270.25,Venda
SKU_1769_EME,23/07/2025,Atacado,5,1624.5,832.0,158.5,Venda
SKU_1735_MOS,23/07/2025,Atacado,8,2159.2,1001.2,144.75,Venda
SKU_1576_BLU,23/07/2025,E-commerce,1,244.9,101.27,143.63,Venda
SKU_1472_EME,23/07/2025,Atacado,4,1879.6,1033.68,211.48,Venda
SKU_1391_SEA,23/07/2025,Varejo,3,854.7,337.77,172.31,Venda
SKU_1799_POW,23/07/2025,E-commerce,1,269.9,132.45,137.45,Venda
SKU_1471_LIG,23/07/2025,Varejo,1,204.9,86.39,118.51,Venda
SKU_1718_SEA,23/07/2025,Varejo,1,369.9,170.05,199.85,Venda
SKU_1795_RAS,23/07/2025,Atacado,6,1799.4,918.42,146.83,Venda
SKU_1716_AQU,23/07/2025,Atacado,5,824.5,431.7,78.56,Venda
SKU_1667_LIG,23/07/2025,Atacado,4,839.6,428.76,102.71,Venda
SKU_1788_MYS,23/07/2025,Varejo,1,249.9,106.05,143.85,Venda
SKU_1587_DEE,23/07/2025,Varejo,1,229.9,83.68,146.22,Venda
SKU_1933_SNO,23/07/2025,Varejo,2,449.8,219.2,115.3,Venda
SKU_1743_CLO,23/07/2025,Atacado,10,4399.0,2325.6,207.34,Venda
SKU_1779_MIN,23/07/2025,Varejo,1,214.9,99.76,115.14,Venda
SKU_1703_PAS,23/07/2025,E-commerce,1,269.9,112.33,157.57,Venda
SKU_1758_CLO,23/07/2025,E-commerce,1,179.9,88.25,91.65,Venda
SKU_1445_PRI,23/07/2025,Atacado,2,819.8,418.2,200.8,Venda
SKU_1796_OLI,23/07/2025,Atacado,5,2524.5,1322.65,240.37,Venda
SKU_1756_BUB,23/07/2025,E-commerce,1,179.9,86.31,93.59,Venda
SKU_1667_LIG,23/07/2025,Atacado,12,2518.8,1233.84,107.08,Venda
SKU_1501_SAL,23/07/2025,Varejo,1,169.9,83.69,86.21,Venda
SKU_1794_LIG,23/07/2025,Atacado,4,839.6,436.72,100.72,Venda
SKU_1689_IVO,23/07/2025,Atacado,10,9649.0,4206.5,544.25,Venda
SKU_1712_MOS,23/07/2025,Atacado,3,539.7,291.9,82.6,Venda
SKU_1443_BLU,23/07/2025,E-commerce,1,269.9,95.6,174.3,Venda
SKU_1688_WHI,23/07/2025,Varejo,2,859.8,414.5,222.65,Venda
SKU_1396_FUC,23/07/2025,E-commerce,1,134.9,59.72,75.18,Venda
SKU_1683_SHO,23/07/2025,E-commerce,1,314.9,134.9,180.0,Venda
SKU_1657_SPA,23/07/2025,Varejo,2,429.8,136.14,146.83,Venda
SKU_1767_FUC,23/07/2025,Atacado,8,1639.2,754.96,110.53,Venda
SKU_1726_PAS,23/07/2025,E-commerce,1,429.9,202.79,227.11,Venda
SKU_1853_ROS,23/07/2025,Atacado,5,4499.5,2071.6,485.58,Venda
SKU_1772_SNO,23/07/2025,Atacado,8,3319.2,1394.72,240.56,Venda
SKU_1693_MEX,23/07/2025,Atacado,10,2049.0,862.9,118.61,Venda
SKU_1771_EME,23/07/2025,E-commerce,1,264.9,98.72,166.18,Venda
SKU_1778_MIN,23/07/2025,Varejo,1,284.9,123.6,161.3,Venda
SKU_1763_HOT,23/07/2025,Varejo,2,599.8,214.88,192.46,Venda
SKU_1735_MOS,23/07/2025,Varejo,1,269.9,97.17,172.73,Venda
SKU_1689_IVO,23/07/2025,Atacado,2,1929.8,907.5,511.15,Venda
SKU_1724_PIN,23/07/2025,Varejo,1,1114.9,396.68,718.22,Venda
SKU_1692_BLU,23/07/2025,Varejo,4,879.6,316.76,140.71,Venda
SKU_1795_RAS,23/07/2025,Atacado,8,2399.2,1135.68,157.94,Venda
SKU_1598_DUS,23/07/2025,Atacado,10,4899.0,2495.9,240.31,Venda
SKU_1773_OLI,23/07/2025,Atacado,6,1949.4,958.44,165.16,Venda
SKU_2011_TUR,23/07/2025,E-commerce,1,254.9,88.6,166.3,Venda
SKU_2003_FOR,23/07/2025,Varejo,2,479.8,167.28,156.26,Venda
SKU_1694_PIS,23/07/2025,Varejo,1,279.9,100.59,179.31,Venda
SKU_1755_BIR,23/07/2025,Varejo,3,1004.7,465.36,179.78,Venda
SKU_1571_BIR,23/07/2025,Varejo,1,249.9,120.59,129.31,Venda
SKU_1694_PIS,23/07/2025,E-commerce,3,839.7,255.66,194.68,Venda
SKU_1775_PAS,23/07/2025,Varejo,4,1119.6,382.48,184.28,Venda
SKU_1393_SKY,23/07/2025,Atacado,5,1549.5,865.0,136.9,Venda
SKU_1779_MIN,23/07/2025,Atacado,5,1074.5,477.1,119.48,Venda
SKU_1431_CRE,23/07/2025,Varejo,1,369.9,162.48,207.42,Venda
SKU_1790_ROY,23/07/2025,Atacado,4,1039.6,530.56,127.26,Venda
SKU_1689_IVO,23/07/2025,Atacado,4,3859.6,1880.04,494.89,Venda
SKU_1595_MYS,23/07/2025,Varejo,2,599.8,253.28,173.26,Venda
SKU_1746_EME,23/07/2025,Atacado,10,1799.0,1028.3,77.07,Venda
SKU_1704_BAB,23/07/2025,Varejo,1,334.9,137.34,197.56,Venda
SKU_1744_LIG,23/07/2025,Atacado,5,1324.5,635.8,137.74,Venda
SKU_1769_WHI,23/07/2025,Atacado,4,1299.6,704.92,148.67,Venda
SKU_1819_DEE,23/07/2025,Varejo,1,344.9,140.05,204.85,Venda
SKU_1957_PEA,23/07/2025,Atacado,6,1139.4,596.94,90.41,Venda
SKU_1732_WHI,23/07/2025,Varejo,2,2229.8,749.66,740.07,Venda
SKU_1688_LIG,23/07/2025,Varejo,1,429.9,149.53,280.37,Venda
SKU_1731_ARM,23/07/2025,Atacado,5,4549.5,2451.65,419.57,Venda
SKU_1764_FUC,23/07/2025,Varejo,1,234.9,115.2,119.7,Venda
SKU_1718_DUS,23/07/2025,E-commerce,1,369.9,171.41,198.49,Venda
SKU_1747_FUC,23/07/2025,Varejo,1,174.9,76.87,98.03,Venda
SKU_1772_SNO,23/07/2025,Atacado,10,4149.0,2321.9,182.71,Venda
SKU_1758_HON,23/07/2025,Varejo,1,179.9,77.85,102.05,Venda
SKU_1694_SER,23/07/2025,Varejo,2,559.8,173.02,193.39,Venda
SKU_1579_SAG,23/07/2025,Atacado,4,919.6,441.64,119.49,Venda
SKU_1763_HOT,23/07/2025,Atacado,4,1199.6,626.92,143.17,Venda
SKU_1713_SAL,23/07/2025,Atacado,2,1009.8,478.66,265.57,Venda
SKU_1625_DUS,23/07/2025,Varejo,1,204.9,78.19,126.71,Venda
SKU_1704_PEA,23/07/2025,Atacado,3,1004.7,478.5,175.4,Venda
SKU_1719_OFF,23/07/2025,Varejo,1,319.9,124.17,195.73,Venda
SKU_1403_DUS,23/07/2025,Varejo,3,1154.7,425.82,242.96,Venda
SKU_1699_COB,23/07/2025,Varejo,1,329.9,148.66,181.24,Venda
SKU_1727_LIG,23/07/2025,Atacado,12,1858.8,922.08,78.06,Venda
SKU_1709_CRE,23/07/2025,Varejo,1,209.9,65.64,144.26,Venda
SKU_1761_SAP,23/07/2025,E-commerce,1,1104.9,500.01,604.89,Venda
SKU_1840_LIM,23/07/2025,Varejo,1,214.9,86.03,128.87,Venda
SKU_1770_DEE,23/07/2025,Atacado,3,659.7,281.13,126.19,Venda
SKU_1719_OFF,23/07/2025,Varejo,2,639.8,250.34,194.73,Venda
SKU_1784_EGR,23/07/2025,Varejo,2,619.8,280.28,169.76,Venda
SKU_1671_SEA,23/07/2025,Varejo,2,699.8,227.16,236.32,Venda
SKU_1585_BLA,23/07/2025,Atacado,12,3838.8,1790.4,170.7,Venda
SKU_1588_PAS,23/07/2025,E-commerce,3,1469.7,624.42,281.76,Venda
SKU_1756_FLA,23/07/2025,Varejo,1,179.9,75.61,104.29,Venda
SKU_1757_PIN,23/07/2025,Varejo,1,264.9,93.7,171.2,Venda
SKU_1389_SHO,23/07/2025,Atacado,6,839.4,367.92,78.58,Venda
SKU_1762_DEN,23/07/2025,Atacado,8,2039.2,986.96,131.53,Venda
SKU_1761_MOS,23/07/2025,Atacado,5,5524.5,2622.1,580.48,Venda
SKU_1702_LIG,23/07/2025,Atacado,5,3099.5,1340.9,351.72,Venda
SKU_1771_EME,23/07/2025,Atacado,3,794.7,393.0,133.9,Venda
SKU_1557_SAG,23/07/2025,Atacado,4,799.6,342.84,114.19,Venda
SKU_1787_BAB,23/07/2025,Varejo,1,289.9,113.66,176.24,Venda
SKU_1784_EGR,23/07/2025,Varejo,2,619.8,201.52,209.14,Venda
SKU_1738_BLU,23/07/2025,Varejo,4,779.6,351.24,107.09,Venda
SKU_1742_DEN,23/07/2025,E-commerce,2,519.8,185.86,166.97,Venda
SKU_1691_ROS,23/07/2025,Atacado,8,2479.2,1282.72,149.56,Venda
SKU_1755_BIR,23/07/2025,Atacado,6,2009.4,993.9,169.25,Venda
SKU_1785_PAS,23/07/2025,Varejo,1,244.9,95.89,149.01,Venda
SKU_1652_TEA,23/07/2025,Varejo,2,439.8,209.88,114.96,Venda
SKU_1680_SEA,23/07/2025,Atacado,4,1339.6,594.6,186.25,Venda
SKU_1596_CER,23/07/2025,Atacado,6,1649.4,967.86,113.59,Venda
SKU_1772_BLU,23/07/2025,Varejo,2,829.8,274.76,277.52,Venda
SKU_1795_RAS,23/07/2025,Varejo,1,299.9,121.05,178.85,Venda
SKU_1792_MIN,23/07/2025,Varejo,1,439.9,161.64,278.26,Venda
SKU_1693_MEX,23/07/2025,Atacado,8,1639.2,757.52,110.21,Venda
SKU_1706_JAD,23/07/2025,Atacado,4,739.6,366.36,93.31,Venda
SKU_1724_PIN,23/07/2025,Atacado,3,3344.7,1617.96,575.58,Venda
SKU_1795_RAS,23/07/2025,Atacado,5,1499.5,691.85,161.53,Venda
SKU_1462_MID,23/07/2025,E-commerce,1,364.9,141.76,223.14,Venda
SKU_1425_LIG,23/07/2025,Atacado,8,1679.2,897.92,97.66,Venda
SKU_1609_SAP,23/07/2025,Varejo,1,269.9,112.12,157.78,Venda
SKU_1717_MIN,23/07/2025,Atacado,5,1299.5,746.35,110.63,Venda
SKU_1715_HON,23/07/2025,Atacado,6,1319.4,574.44,124.16,Venda
SKU_1702_COR,23/07/2025,E-commerce,1,619.9,256.11,363.79,Venda
SKU_1792_AQU,23/07/2025,E-commerce,1,439.9,208.09,231.81,Venda
SKU_1797_BLU,23/07/2025,Atacado,5,1899.5,856.25,208.65,Venda
SKU_1785_HUN,23/07/2025,Atacado,3,734.7,388.98,115.24,Venda
SKU_1708_FLA,23/07/2025,Varejo,1,169.9,59.99,109.91,Venda
SKU_1587_DEE,23/07/2025,Atacado,4,919.6,484.24,108.84,Venda
SKU_1518_LIM,23/07/2025,Varejo,3,704.7,310.89,131.27,Venda
SKU_1734_BRI,23/07/2025,Varejo,1,349.9,139.42,210.48,Venda
SKU_1563_MEX,23/07/2025,Varejo,2,299.8,111.34,94.23,Venda
SKU_1789_EME,23/07/2025,Atacado,4,1079.6,568.32,127.82,Venda
SKU_1499_RAS,23/07/2025,Varejo,1,259.9,101.57,158.33,Venda
SKU_1952_PIS,23/07/2025,E-commerce,1,204.9,72.17,132.73,Venda
SKU_1783_BAB,23/07/2025,Varejo,2,2399.8,1182.14,608.83,Venda
SKU_1736_PAS,23/07/2025,Varejo,1,324.9,159.21,165.69,Venda
SKU_1836_CRE,23/07/2025,Atacado,5,3574.5,1915.65,331.77,Venda
SKU_1631_BAL,23/07/2025,Atacado,5,899.5,408.35,98.23,Venda
SKU_1787_BAB,23/07/2025,Atacado,4,1159.6,512.64,161.74,Venda
SKU_1408_PAS,23/07/2025,Varejo,1,919.9,338.0,581.9,Venda
SKU_1596_CER,23/07/2025,Atacado,6,1649.4,861.18,131.37,Venda
SKU_1762_DEN,23/07/2025,E-commerce,3,764.7,297.27,155.81,Venda
SKU_1499_RAS,23/07/2025,Varejo,1,259.9,116.9,143.0,Venda
SKU_1789_EME,23/07/2025,Atacado,4,1079.6,472.84,151.69,Venda
SKU_1668_VAN,23/07/2025,Atacado,2,539.8,242.92,148.44,Venda
SKU_1685_BIR,23/07/2025,Atacado,5,3324.5,1704.9,323.92,Venda
SKU_1738_BLU,23/07/2025,Atacado,2,389.8,185.94,101.93,Venda
SKU_1540_BAL,23/07/2025,E-commerce,1,169.9,74.7,95.2,Venda
SKU_1630_SNO,23/07/2025,Atacado,4,1339.6,640.76,174.71,Venda
SKU_1459_OFF,23/07/2025,Varejo,1,209.9,98.3,111.6,Venda
SKU_1773_FRE,23/07/2025,Atacado,3,974.7,482.31,164.13,Venda
SKU_1697_MIN,23/07/2025,Atacado,5,1099.5,464.45,127.01,Venda
SKU_1684_HON,23/07/2025,Atacado,4,739.6,384.16,88.86,Venda
SKU_1766_MYS,23/07/2025,E-commerce,1,394.9,177.29,217.61,Venda
SKU_1732_OFF,23/07/2025,Varejo,1,1114.9,550.93,563.97,Venda
SKU_1797_GAR,23/07/2025,Varejo,1,379.9,175.99,203.91,Venda
SKU_1790_ROY,23/07/2025,E-commerce,1,259.9,95.21,164.69,Venda
SKU_1646_CLE,23/07/2025,Varejo,1,204.9,99.88,105.02,Venda
SKU_1787_BAB,23/07/2025,E-commerce,1,289.9,142.43,147.47,Venda
SKU_1620_BLU,23/07/2025,Varejo,1,264.9,88.21,176.69,Venda
SKU_1733_SAG,23/07/2025,Varejo,4,1399.6,542.6,214.25,Venda
SKU_1796_OLI,23/07/2025,Varejo,1,504.9,202.58,302.32,Venda
SKU_1704_BAB,23/07/2025,Varejo,1,334.9,111.4,223.5,Venda
SKU_1439_SHO,23/07/2025,Varejo,1,184.9,76.39,108.51,Venda
SKU_1768_PEA,23/07/2025,Atacado,5,3124.5,1497.9,325.32,Venda
SKU_1764_FUC,23/07/2025,Atacado,6,1409.4,672.18,122.87,Venda
SKU_1793_MIN,23/07/2025,Atacado,4,759.6,373.12,96.62,Venda
SKU_1708_FRE,23/07/2025,Varejo,1,169.9,52.03,117.87,Venda
SKU_1613_BIR,23/07/2025,Varejo,3,569.7,223.98,115.24,Venda
SKU_1598_DUS,23/07/2025,E-commerce,1,489.9,186.88,303.02,Venda
SKU_1775_PAS,23/07/2025,Varejo,1,279.9,100.04,179.86,Venda
SKU_1529_MIN,23/07/2025,Atacado,6,1469.4,618.3,141.85,Venda
SKU_1486_PAL,23/07/2025,Varejo,2,579.8,284.76,147.52,Venda
SKU_1582_PAS,23/07/2025,Varejo,2,459.8,207.3,126.25,Venda
SKU_1687_FOR,23/07/2025,Atacado,4,3599.6,1761.72,459.47,Venda
SKU_1695_CRE,23/07/2025,Varejo,1,209.9,74.96,134.94,Venda
SKU_1653_BAB,23/07/2025,Varejo,1,359.9,117.2,242.7,Venda
SKU_1792_MIN,23/07/2025,Varejo,1,439.9,208.48,231.42,Venda
SKU_1517_FOR,23/07/2025,Varejo,2,2399.8,838.64,780.58,Venda
SKU_1740_FRE,23/07/2025,E-commerce,2,429.8,187.06,121.37,Venda
SKU_1745_PEA,23/07/2025,Varejo,1,409.9,186.16,223.74,Venda
SKU_1753_WHI,23/07/2025,Varejo,2,1579.8,619.88,479.96,Venda
SKU_1931_COR,23/07/2025,Varejo,2,1489.8,504.68,492.56,Venda
SKU_1750_SNO,23/07/2025,E-commerce,1,369.9,119.02,250.88,Venda
SKU_1440_BLU,23/07/2025,Varejo,1,1199.9,598.82,601.08,Venda
SKU_1749_SNO,23/07/2025,Varejo,1,349.9,162.0,187.9,Venda
SKU_1491_CER,23/07/2025,Varejo,1,134.9,65.81,69.09,Venda
SKU_1688_LIG,23/07/2025,E-commerce,2,859.8,422.02,218.89,Venda
SKU_2009_WHI,23/07/2025,Varejo,1,249.9,89.64,160.26,Venda
SKU_1875_BAB,23/07/2025,Atacado,8,1399.2,791.92,75.91,Venda
SKU_1745_PEA,23/07/2025,Varejo,1,409.9,137.46,272.44,Venda
SKU_1954_ROY,23/07/2025,E-commerce,3,629.7,237.15,130.85,Venda
SKU_1748_BAB,23/07/2025,Varejo,1,309.9,105.92,203.98,Venda
SKU_1949_VAN,23/07/2025,Atacado,4,659.6,324.32,83.82,Venda
SKU_1611_BRI,23/07/2025,Varejo,1,219.9,66.28,153.62,Venda
SKU_1693_FLA,23/07/2025,E-commerce,1,204.9,68.15,136.75,Venda
SKU_1732_OFF,23/07/2025,Atacado,4,4459.6,2023.56,609.01,Venda
SKU_1659_SNO,23/07/2025,Varejo,1,1024.9,391.47,633.43,Venda
SKU_1751_MIN,23/07/2025,Varejo,1,329.9,127.11,202.79,Venda
SKU_2049_TEA,23/07/2025,Atacado,5,1074.5,606.2,93.66,Venda
SKU_1784_BLA,23/07/2025,E-commerce,2,619.8,290.48,164.66,Venda
SKU_1765_MYS,23/07/2025,E-commerce,1,259.9,108.32,151.58,Venda
SKU_1703_BLU,23/07/2025,E-commerce,1,269.9,116.25,153.65,Venda
SKU_1800_SKY,23/07/2025,Varejo,1,279.9,91.52,188.38,Venda
SKU_1785_HUN,23/07/2025,Atacado,2,489.8,246.8,121.5,Venda
SKU_1751_MIN,23/07/2025,Atacado,5,1649.5,926.15,144.67,Venda
SKU_1620_SAG,23/07/2025,Varejo,1,264.9,126.61,138.29,Venda
SKU_1725_OFF,23/07/2025,Atacado,5,1224.5,643.15,116.27,Venda
SKU_1752_SNO,23/07/2025,Varejo,2,859.8,429.86,214.97,Venda
SKU_1717_CRE,23/07/2025,Varejo,3,779.7,371.28,136.14,Venda
SKU_1771_PIN,23/07/2025,E-commerce,1,264.9,115.58,149.32,Venda
SKU_1794_LIG,23/07/2025,Varejo,2,419.8,166.02,126.89,Venda
SKU_1782_NAV,23/07/2025,Atacado,10,2499.0,1318.2,118.08,Venda
SKU_1732_OFF,23/07/2025,Atacado,8,8919.2,5048.56,483.83,Venda
SKU_1780_AQU,23/07/2025,E-commerce,1,334.9,111.43,223.47,Venda
SKU_1462_OFF,23/07/2025,Atacado,5,1824.5,877.6,189.38,Venda
SKU_1620_SAG,23/07/2025,Atacado,8,2119.2,1020.08,137.39,Venda
SKU_1780_LIG,23/07/2025,Atacado,4,1339.6,637.32,175.57,Venda
SKU_1761_MOS,23/07/2025,Varejo,2,2209.8,1070.42,569.69,Venda
SKU_1533_CER,23/07/2025,Atacado,12,1978.8,934.32,87.04,Venda
SKU_1687_WHI,23/07/2025,Atacado,10,8999.0,4096.0,490.3,Venda
SKU_1905_PRI,23/07/2025,Varejo,1,359.9,167.76,192.14,Venda
SKU_1727_LIG,23/07/2025,Atacado,4,619.6,302.92,79.17,Venda
SKU_1756_BUB,23/07/2025,Atacado,4,719.6,377.12,85.62,Venda
SKU_1416_AQU,23/07/2025,Varejo,3,839.7,300.84,179.62,Venda
SKU_1846_SEA,23/07/2025,Atacado,3,1049.7,492.39,185.77,Venda
SKU_1713_SAL,23/07/2025,Atacado,8,4039.2,1940.48,262.34,Venda
SKU_1755_BIR,23/07/2025,Varejo,1,334.9,103.93,230.97,Venda
SKU_1799_DEN,23/07/2025,Atacado,5,1349.5,677.25,134.45,Venda
SKU_1526_POW,23/07/2025,Varejo,1,169.9,56.58,113.32,Venda
SKU_1553_HOT,23/07/2025,Varejo,2,509.8,167.16,171.32,Venda
SKU_1720_PAL,23/07/2025,Atacado,6,1349.4,762.96,97.74,Venda
SKU_1717_MIN,23/07/2025,Atacado,5,1299.5,663.9,127.12,Venda
SKU_1695_CRE,23/07/2025,Varejo,1,209.9,75.3,134.6,Venda
SKU_1648_FLA,23/07/2025,Atacado,8,5599.2,3070.0,316.15,Venda
SKU_1688_LIG,23/07/2025,Atacado,3,1289.7,554.22,245.16,Venda
SKU_1390_PAS,23/07/2025,Atacado,8,1839.2,921.28,114.74,Venda
SKU_1719_WHI,23/07/2025,Atacado,5,1599.5,722.1,175.48,Venda
SKU_1669_TEA,23/07/2025,Varejo,2,399.8,130.8,134.5,Venda
SKU_1401_GAR,23/07/2025,Atacado,6,1439.4,644.1,132.55,Venda
SKU_1437_ROY,23/07/2025,Varejo,1,164.9,65.57,99.33,Venda
SKU_1795_HUN,23/07/2025,E-commerce,1,299.9,125.91,173.99,Venda
SKU_1769_WHI,23/07/2025,Atacado,5,1624.5,812.45,162.41,Venda
SKU_1770_DEE,23/07/2025,E-commerce,1,219.9,79.07,140.83,Venda
SKU_1479_FUC,23/07/2025,E-commerce,1,554.9,229.81,325.09,Venda
SKU_1767_PRI,23/07/2025,Varejo,1,204.9,78.26,126.64,Venda
SKU_2111_ARM,23/07/2025,Varejo,1,234.9,85.69,149.21,Venda
SKU_1569_WHI,23/07/2025,Atacado,3,659.7,304.74,118.32,Venda
SKU_1728_MID,23/07/2025,Varejo,1,329.9,145.64,184.26,Venda
SKU_1460_FUC,23/07/2025,Atacado,8,1399.2,668.24,91.37,Venda
SKU_1779_MIN,23/07/2025,Atacado,10,2149.0,943.6,120.54,Venda
SKU_1686_SKY,23/07/2025,E-commerce,1,214.9,93.71,121.19,Venda
SKU_1452_DEE,23/07/2025,Varejo,1,144.9,46.14,98.76,Venda
SKU_1937_MIN,23/07/2025,Atacado,3,629.7,282.78,115.64,Venda
SKU_1400_FOR,23/07/2025,E-commerce,1,209.9,65.22,144.68,Venda
SKU_1748_BAB,23/07/2025,Atacado,2,619.8,294.88,162.46,Venda
SKU_1575_AQU,23/07/2025,Varejo,1,864.9,376.85,488.05,Venda
SKU_1708_FLA,23/07/2025,Varejo,1,169.9,76.14,93.76,Venda
SKU_1708_FLA,23/07/2025,Varejo,3,509.7,229.83,93.29,Venda
SKU_1640_TEA,23/07/2025,Varejo,1,219.9,108.26,111.64,Venda
SKU_1770_JAD,23/07/2025,E-commerce,1,219.9,75.01,144.89,Venda
SKU_1700_PIS,23/07/2025,Varejo,1,699.9,328.41,371.49,Venda
SKU_1717_MIN,23/07/2025,Varejo,1,259.9,100.64,159.26,Venda
SKU_1790_EGR,23/07/2025,Atacado,4,1039.6,506.12,133.37,Venda
SKU_1913_MYS,23/07/2025,E-commerce,1,194.9,58.81,136.09,Venda
SKU_1782_HUN,23/07/2025,Varejo,3,749.7,344.58,135.04,Venda
SKU_1829_HUN,23/07/2025,Atacado,10,2599.0,1249.6,134.94,Venda
SKU_1721_FRE,23/07/2025,Atacado,5,2099.5,1145.5,190.8,Venda
SKU_1424_BAB,23/07/2025,Varejo,1,994.9,306.85,688.05,Venda
SKU_1734_BRI,23/07/2025,Atacado,5,1749.5,813.2,187.26,Venda
SKU_1545_HOT,23/07/2025,Varejo,1,259.9,95.47,164.43,Venda
SKU_1604_SNO,23/07/2025,E-commerce,1,604.9,295.06,309.84,Venda
SKU_1772_BLU,23/07/2025,Varejo,2,829.8,379.02,225.39,Venda
SKU_1698_SNO,23/07/2025,Varejo,2,839.8,261.9,288.95,Venda
SKU_1901_LIM,23/07/2025,Atacado,2,469.8,243.36,113.22,Venda
SKU_1748_COB,23/07/2025,Varejo,1,309.9,129.97,179.93,Venda
SKU_1691_ROS,23/07/2025,Varejo,1,309.9,142.75,167.15,Venda
SKU_1770_DEE,23/07/2025,E-commerce,1,219.9,86.47,133.43,Venda
SKU_1687_FOR,23/07/2025,Varejo,2,1799.8,858.64,470.58,Venda
SKU_1778_MIN,23/07/2025,Atacado,2,569.8,272.44,148.68,Venda
SKU_1783_EGR,23/07/2025,E-commerce,2,2399.8,1109.8,645.0,Venda
SKU_1736_PAS,23/07/2025,Atacado,10,3249.0,1624.3,162.47,Venda
SKU_1725_BAB,23/07/2025,Atacado,8,1959.2,1031.76,115.93,Venda
SKU_1395_BLA,23/07/2025,Varejo,1,289.9,108.42,181.48,Venda
SKU_1499_HOT,23/07/2025,Varejo,1,259.9,101.73,158.17,Venda
SKU_1713_SAL,23/07/2025,E-commerce,1,504.9,168.47,336.43,Venda
SKU_2018_BAB,23/07/2025,Atacado,5,2399.5,1125.95,254.71,Venda
SKU_1460_FUC,23/07/2025,E-commerce,1,174.9,78.02,96.88,Venda
SKU_1835_BAB,23/07/2025,Varejo,2,369.8,112.54,128.63,Venda
SKU_1691_HUN,23/07/2025,Varejo,1,309.9,150.86,159.04,Venda
SKU_1790_EGR,23/07/2025,Atacado,4,1039.6,476.52,140.77,Venda
SKU_1446_GAR,23/07/2025,E-commerce,2,539.8,212.04,163.88,Venda
SKU_1696_SER,23/07/2025,Atacado,3,839.7,442.14,132.52,Venda
SKU_1757_PIN,23/07/2025,E-commerce,1,264.9,80.53,184.37,Venda
SKU_2112_TEA,23/07/2025,Atacado,3,1004.7,450.87,184.61,Venda
SKU_1740_FRE,23/07/2025,Varejo,1,214.9,99.94,114.96,Venda
SKU_1730_MIN,23/07/2025,Varejo,2,639.8,254.46,192.67,Venda
SKU_2113_DUS,23/07/2025,Atacado,3,494.7,234.03,86.89,Venda
SKU_1757_TUR,23/07/2025,E-commerce,1,264.9,92.37,172.53,Venda
SKU_1784_EGR,23/07/2025,Atacado,3,929.7,453.3,158.8,Venda
SKU_1834_MAG,23/07/2025,E-commerce,1,399.9,164.13,235.77,Venda
SKU_1759_CLE,23/07/2025,Atacado,4,1079.6,592.2,121.85,Venda
SKU_1786_POW,23/07/2025,Atacado,6,1079.4,477.12,100.38,Venda
SKU_1721_COR,23/07/2025,Atacado,6,2519.4,1307.58,201.97,Venda
SKU_1758_HON,23/07/2025,Varejo,1,179.9,77.92,101.98,Venda
SKU_1682_BIR,23/07/2025,Varejo,1,234.9,112.89,122.01,Venda
SKU_1766_MYS,23/07/2025,Varejo,1,394.9,177.08,217.82,Venda
SKU_1881_CLO,23/07/2025,E-commerce,1,244.9,107.76,137.14,Venda
SKU_1516_CRE,23/07/2025,Varejo,3,1049.7,426.15,207.85,Venda
SKU_2091_BIR,23/07/2025,Varejo,1,239.9,78.21,161.69,Venda
SKU_1511_CLE,23/07/2025,Atacado,10,9349.0,5097.7,425.13,Venda
SKU_1749_SNO,23/07/2025,Atacado,12,4198.8,2293.56,158.77,Venda
SKU_1694_SER,23/07/2025,Varejo,1,279.9,92.93,186.97,Venda
SKU_1647_ARM,23/07/2025,Atacado,5,1699.5,882.35,163.43,Venda
SKU_1794_FLA,23/07/2025,Atacado,8,1679.2,715.2,120.5,Venda
SKU_1746_EME,23/07/2025,Varejo,1,179.9,67.79,112.11,Venda
SKU_1737_SAG,23/07/2025,E-commerce,1,769.9,269.81,500.09,Venda
SKU_1762_DEN,23/07/2025,Atacado,3,764.7,362.94,133.92,Venda
SKU_1771_EME,23/07/2025,Varejo,1,264.9,112.98,151.92,Venda
SKU_1740_FRE,23/07/2025,Varejo,1,214.9,78.25,136.65,Venda
SKU_1726_BUB,23/07/2025,Atacado,12,5158.8,2474.4,223.7,Venda
SKU_1711_ARM,23/07/2025,Atacado,8,7959.2,3448.32,563.86,Venda
SKU_1742_DEN,23/07/2025,E-commerce,1,259.9,102.82,157.08,Venda
SKU_1764_FUC,23/07/2025,Varejo,2,469.8,174.8,147.5,Venda
SKU_1656_SNO,23/07/2025,Varejo,2,469.8,194.12,137.84,Venda
SKU_1749_BIR,23/07/2025,Atacado,8,2799.2,1370.0,178.65,Venda
SKU_1792_AQU,23/07/2025,Varejo,1,439.9,216.3,223.6,Venda
SKU_1766_CLE,23/07/2025,Atacado,4,1579.6,743.68,208.98,Venda
SKU_1715_JAD,23/07/2025,Atacado,2,439.8,218.78,110.51,Venda
SKU_1661_CER,23/07/2025,E-commerce,1,989.9,474.9,515.0,Venda
SKU_1764_FUC,23/07/2025,Atacado,10,2349.0,1080.8,126.82,Venda
SKU_1686_MOS,23/07/2025,Varejo,1,214.9,97.32,117.58,Venda
SKU_1445_TEA,23/07/2025,Varejo,1,409.9,128.34,281.56,Venda
SKU_1797_BLU,23/07/2025,Varejo,1,379.9,172.66,207.24,Venda
SKU_2047_FUC,23/07/2025,Varejo,1,1124.9,407.91,716.99,Venda
SKU_1735_MOS,23/07/2025,Atacado,6,1619.4,841.62,129.63,Venda
SKU_1698_SNO,23/07/2025,E-commerce,1,419.9,126.69,293.21,Venda
SKU_1790_ROY,23/07/2025,Varejo,1,259.9,89.1,170.8,Venda
SKU_1599_WHI,23/07/2025,Atacado,3,1409.7,726.81,227.63,Venda
SKU_1723_MOS,23/07/2025,Atacado,5,2174.5,1140.7,206.76,Venda
SKU_1787_BAB,23/07/2025,Varejo,4,1159.6,405.96,188.41,Venda
SKU_1599_WHI,23/07/2025,Varejo,1,469.9,224.87,245.03,Venda
SKU_1760_PAS,23/07/2025,Varejo,1,249.9,116.62,133.28,Venda
SKU_1736_JAD,23/07/2025,Varejo,1,324.9,119.05,205.85,Venda
SKU_1786_TEA,23/07/2025,Atacado,4,719.6,359.12,90.12,Venda
SKU_1762_DEN,23/07/2025,Varejo,1,254.9,103.67,151.23,Venda
SKU_1537_SAP,23/07/2025,Atacado,8,2039.2,907.36,141.48,Venda
SKU_1780_AQU,23/07/2025,Varejo,1,334.9,112.59,222.31,Venda
SKU_1644_PEA,23/07/2025,Atacado,10,3199.0,1852.1,134.69,Venda
SKU_1452_SKY,24/07/2025,Varejo,2,289.8,130.16,79.82,Venda
SKU_1726_PAS,24/07/2025,E-commerce,2,859.8,394.22,232.79,Venda
SKU_1497_FUC,24/07/2025,Atacado,8,1079.2,461.76,77.18,Venda
SKU_1796_OLI,24/07/2025,E-commerce,1,504.9,177.62,327.28,Venda
SKU_1637_WHI,24/07/2025,Varejo,1,919.9,374.48,545.42,Venda
SKU_1670_SAP,24/07/2025,Atacado,2,289.8,146.26,71.77,Venda
SKU_1760_OFF,24/07/2025,Atacado,6,1499.4,676.62,137.13,Venda
SKU_1741_PIN,24/07/2025,Atacado,10,2399.0,1104.3,129.47,Venda
SKU_1745_PEA,24/07/2025,Varejo,1,409.9,175.92,233.98,Venda
SKU_1797_GAR,24/07/2025,E-commerce,2,759.8,274.1,242.85,Venda
SKU_1682_OLI,24/07/2025,Atacado,4,939.6,447.36,123.06,Venda
SKU_1751_MIN,24/07/2025,Atacado,4,1319.6,699.16,155.11,Venda
SKU_1696_SER,24/07/2025,E-commerce,1,279.9,99.1,180.8,Venda
SKU_1606_SEA,24/07/2025,Atacado,5,5424.5,2478.7,589.16,Venda
SKU_2034_PAS,24/07/2025,E-commerce,1,169.9,80.95,88.95,Venda
SKU_1699_COB,24/07/2025,Atacado,8,2639.2,1254.4,173.1,Venda
SKU_1713_SNO,24/07/2025,Varejo,2,1009.8,402.46,303.67,Venda
SKU_2037_SNO,24/07/2025,Atacado,3,2174.7,1209.3,321.8,Venda
SKU_1464_BIR,24/07/2025,Varejo,1,229.9,77.81,152.09,Venda
SKU_1787_BAB,24/07/2025,Atacado,2,579.8,275.0,152.4,Venda
SKU_1714_DEE,24/07/2025,Atacado,6,1829.4,783.06,174.39,Venda
SKU_1687_FOR,24/07/2025,Varejo,1,899.9,305.28,594.62,Venda
SKU_1558_CLE,24/07/2025,Varejo,1,329.9,144.45,185.45,Venda
SKU_2092_FUC,24/07/2025,Atacado,6,1649.4,796.08,142.22,Venda
SKU_1761_MOS,24/07/2025,Varejo,1,1104.9,399.85,705.05,Venda
SKU_1742_EME,24/07/2025,Atacado,2,519.8,225.08,147.36,Venda
SKU_1685_BIR,24/07/2025,Varejo,1,664.9,293.44,371.46,Venda
SKU_1953_IVO,24/07/2025,Atacado,8,1879.2,988.24,111.37,Venda
SKU_1682_OLI,24/07/2025,Atacado,6,1409.4,812.7,99.45,Venda
SKU_1705_SER,24/07/2025,Atacado,4,1639.6,1006.32,158.32,Venda
SKU_1686_MOS,24/07/2025,Varejo,1,214.9,81.03,133.87,Venda
SKU_1776_BIR,24/07/2025,Atacado,4,1319.6,762.0,139.4,Venda
SKU_1767_PRI,24/07/2025,Atacado,2,409.8,213.64,98.08,Venda
SKU_1787_BAB,24/07/2025,Atacado,12,3478.8,1877.4,133.45,Venda
SKU_1698_PRI,24/07/2025,E-commerce,1,419.9,126.03,293.87,Venda
SKU_1547_IVO,24/07/2025,E-commerce,1,329.9,110.13,219.77,Venda
SKU_1764_FUC,24/07/2025,Varejo,1,234.9,78.11,156.79,Venda
SKU_1557_SAG,24/07/2025,Atacado,3,599.7,308.64,97.02,Venda
SKU_1796_SHO,24/07/2025,Varejo,1,504.9,204.17,300.73,Venda
SKU_1781_CLE,24/07/2025,Atacado,4,519.6,291.8,56.95,Venda
SKU_1824_BLU,24/07/2025,Varejo,1,359.9,111.42,248.48,Venda
SKU_1744_LIG,24/07/2025,E-commerce,1,264.9,94.35,170.55,Venda
SKU_1551_DUS,24/07/2025,Atacado,6,1319.4,663.12,109.38,Venda
SKU_1982_VAN,24/07/2025,Varejo,2,449.8,175.76,137.02,Venda
SKU_1770_DEE,24/07/2025,Atacado,4,879.6,420.84,114.69,Venda
SKU_1464_BIR,24/07/2025,Varejo,1,229.9,87.26,142.64,Venda
SKU_1792_MIN,24/07/2025,E-commerce,1,439.9,205.28,234.62,Venda
SKU_1780_AQU,24/07/2025,Atacado,10,3349.0,1479.6,186.94,Venda
SKU_1729_CLE,24/07/2025,Varejo,1,174.9,53.12,121.78,Venda
SKU_1560_CRE,24/07/2025,Atacado,2,449.8,221.3,114.25,Venda
SKU_1688_LIG,24/07/2025,Atacado,8,3439.2,1657.36,222.73,Venda
SKU_1390_SAP,24/07/2025,E-commerce,1,229.9,79.15,150.75,Venda
SKU_1635_SAG,24/07/2025,Atacado,4,2419.6,1160.84,314.69,Venda
SKU_1436_BLU,24/07/2025,Atacado,4,1119.6,589.76,132.46,Venda
SKU_1753_WHI,24/07/2025,Atacado,10,7899.0,4390.3,350.87,Venda
SKU_1869_AQU,24/07/2025,Varejo,2,979.8,343.94,317.93,Venda
SKU_1461_PRI,24/07/2025,Varejo,1,1069.9,524.87,545.03,Venda
SKU_1729_FUC,24/07/2025,E-commerce,1,174.9,58.96,115.94,Venda
SKU_1771_PIN,24/07/2025,E-commerce,1,264.9,114.3,150.6,Venda
SKU_1727_LIG,24/07/2025,Varejo,3,464.7,192.27,90.81,Venda
SKU_1720_PAL,24/07/2025,Varejo,1,224.9,71.24,153.66,Venda
SKU_1567_PRI,24/07/2025,Varejo,1,689.9,221.13,468.77,Venda
SKU_1788_MYS,24/07/2025,Varejo,1,249.9,103.81,146.09,Venda
SKU_1760_PAS,24/07/2025,E-commerce,1,249.9,114.58,135.32,Venda
SKU_1712_NAV,24/07/2025,E-commerce,1,179.9,68.86,111.04,Venda
SKU_1739_MOS,24/07/2025,Varejo,1,254.9,78.84,176.06,Venda
SKU_2045_AQU,24/07/2025,Varejo,1,194.9,75.56,119.34,Venda
SKU_1563_MEX,24/07/2025,Varejo,2,299.8,102.02,98.89,Venda
SKU_2023_SPA,24/07/2025,Atacado,8,1279.2,613.6,83.2,Venda
SKU_1751_MIN,24/07/2025,Atacado,3,989.7,434.94,184.92,Venda
SKU_1700_PIS,24/07/2025,Atacado,8,5599.2,2697.28,362.74,Venda
SKU_1751_MIN,24/07/2025,Varejo,1,329.9,137.97,191.93,Venda
SKU_1533_DUS,24/07/2025,Varejo,1,164.9,74.34,90.56,Venda
SKU_1637_BLU,24/07/2025,Atacado,3,2759.7,1245.93,504.59,Venda
SKU_1505_SNO,24/07/2025,Atacado,4,939.6,487.16,113.11,Venda
SKU_1900_FRE,24/07/2025,Varejo,1,424.9,166.91,257.99,Venda
SKU_1680_NAV,24/07/2025,Atacado,3,1004.7,522.03,160.89,Venda
SKU_1621_FUC,24/07/2025,Varejo,1,234.9,94.69,140.21,Venda
SKU_1753_WHI,24/07/2025,Atacado,10,7899.0,4446.3,345.27,Venda
SKU_1494_EGR,24/07/2025,Varejo,4,4339.6,2124.04,553.89,Venda
SKU_1405_FLA,24/07/2025,Varejo,1,214.9,77.92,136.98,Venda
SKU_1592_CER,24/07/2025,Atacado,4,839.6,431.92,101.92,Venda
SKU_2099_DEE,24/07/2025,Atacado,6,1619.4,687.3,155.35,Venda
SKU_1737_SAG,24/07/2025,E-commerce,1,769.9,354.51,415.39,Venda
SKU_1453_SAP,24/07/2025,Varejo,2,469.8,229.08,120.36,Venda
SKU_1761_SAP,24/07/2025,E-commerce,2,2209.8,799.2,705.3,Venda
SKU_1751_MIN,24/07/2025,Varejo,3,989.7,468.3,173.8,Venda
SKU_1801_FLA,24/07/2025,Atacado,4,1499.6,647.24,213.09,Venda
SKU_1721_FRE,24/07/2025,Varejo,4,1679.6,792.84,221.69,Venda
SKU_1733_SAG,24/07/2025,Atacado,6,2099.4,897.3,200.35,Venda
SKU_1715_HON,24/07/2025,Varejo,2,439.8,142.78,148.51,Venda
SKU_1682_BIR,24/07/2025,Atacado,5,1174.5,626.2,109.66,Venda
SKU_2003_BAL,24/07/2025,Varejo,1,239.9,79.93,159.97,Venda
SKU_1792_AQU,24/07/2025,Atacado,8,3519.2,1531.92,248.41,Venda
SKU_1752_SNO,24/07/2025,Atacado,6,2579.4,1266.0,218.9,Venda
SKU_1782_NAV,24/07/2025,Atacado,2,499.8,253.72,123.04,Venda
SKU_1701_BLU,24/07/2025,Atacado,2,679.8,287.8,196.0,Venda
SKU_1695_CRE,24/07/2025,Varejo,2,419.8,202.48,108.66,Venda
SKU_1624_PRI,24/07/2025,Varejo,1,209.9,87.38,122.52,Venda
SKU_1931_MID,24/07/2025,Atacado,10,7449.0,4259.9,318.91,Venda
SKU_2028_PIS,24/07/2025,Varejo,1,244.9,89.29,155.61,Venda
SKU_1706_BLA,24/07/2025,Atacado,12,2218.8,934.56,107.02,Venda
SKU_1767_FUC,24/07/2025,Atacado,8,1639.2,842.64,99.57,Venda
SKU_1685_COB,24/07/2025,E-commerce,1,664.9,307.04,357.86,Venda
SKU_1427_BLA,24/07/2025,Varejo,1,199.9,63.0,136.9,Venda
SKU_1750_SNO,24/07/2025,Atacado,8,2959.2,1491.04,183.52,Venda
SKU_1746_EME,24/07/2025,Varejo,1,179.9,69.42,110.48,Venda
SKU_1691_ROS,24/07/2025,Atacado,6,1859.4,984.48,145.82,Venda
SKU_1662_PIS,24/07/2025,Atacado,8,1599.2,843.52,94.46,Venda
SKU_1769_WHI,24/07/2025,Varejo,1,324.9,145.53,179.37,Venda
SKU_1633_SER,24/07/2025,Atacado,5,1174.5,555.0,123.9,Venda
SKU_1541_POW,24/07/2025,Varejo,1,674.9,333.45,341.45,Venda
SKU_1747_FUC,24/07/2025,Atacado,6,1049.4,472.26,96.19,Venda
SKU_1421_SER,24/07/2025,Atacado,5,1149.5,521.4,125.62,Venda
SKU_2030_SER,24/07/2025,E-commerce,1,344.9,144.92,199.98,Venda
SKU_1777_TUR,24/07/2025,Atacado,4,959.6,507.16,113.11,Venda
SKU_1750_MIN,24/07/2025,Varejo,2,739.8,320.24,209.78,Venda
SKU_1564_BLA,24/07/2025,Varejo,1,589.9,262.56,327.34,Venda
SKU_1752_SPA,24/07/2025,Varejo,1,429.9,199.03,230.87,Venda
SKU_1476_CLO,24/07/2025,Atacado,2,549.8,260.16,144.82,Venda
SKU_1751_BLU,24/07/2025,Atacado,3,989.7,469.83,173.29,Venda
SKU_1478_TEA,24/07/2025,E-commerce,1,194.9,83.54,111.36,Venda
SKU_1723_MOS,24/07/2025,Varejo,2,869.8,330.6,269.6,Venda
SKU_1686_MOS,24/07/2025,Atacado,4,859.6,485.88,93.43,Venda
SKU_1778_TEA,24/07/2025,Varejo,1,284.9,133.76,151.14,Venda
SKU_1658_BAB,24/07/2025,E-commerce,1,879.9,376.82,503.08,Venda
SKU_1728_MID,24/07/2025,Varejo,1,329.9,138.86,191.04,Venda
SKU_1392_BLU,24/07/2025,E-commerce,1,294.9,120.51,174.39,Venda
SKU_1771_PIN,24/07/2025,Varejo,1,264.9,116.86,148.04,Venda
SKU_1728_MID,24/07/2025,Atacado,4,1319.6,705.52,153.52,Venda
SKU_1812_BRI,24/07/2025,Varejo,2,1319.8,500.12,409.84,Venda
SKU_1977_TEA,24/07/2025,Atacado,5,1074.5,646.8,85.54,Venda
SKU_1728_MID,24/07/2025,Varejo,1,329.9,159.18,170.72,Venda
SKU_1406_SHO,24/07/2025,E-commerce,1,349.9,122.29,227.61,Venda
SKU_1776_PAS,24/07/2025,E-commerce,1,329.9,142.7,187.2,Venda
SKU_1804_SEA,24/07/2025,Varejo,1,454.9,178.14,276.76,Venda
SKU_1590_MYS,24/07/2025,Atacado,12,2278.8,1197.12,90.14,Venda
SKU_1799_POW,24/07/2025,Atacado,2,539.8,228.1,155.85,Venda
SKU_1802_OLI,24/07/2025,Varejo,1,744.9,342.48,402.42,Venda
SKU_1729_FUC,24/07/2025,Atacado,5,874.5,460.1,82.88,Venda
SKU_1760_OFF,24/07/2025,E-commerce,2,499.8,184.94,157.43,Venda
SKU_1559_BLU,24/07/2025,Varejo,1,1199.9,549.87,650.03,Venda
SKU_1759_COB,24/07/2025,Varejo,1,269.9,100.73,169.17,Venda
SKU_1779_LIG,24/07/2025,Atacado,5,1074.5,560.25,102.85,Venda
SKU_1494_HOT,24/07/2025,Atacado,5,5424.5,2617.35,561.43,Venda
SKU_1689_MAG,24/07/2025,E-commerce,1,964.9,476.95,487.95,Venda
SKU_1482_SHO,24/07/2025,Atacado,8,3559.2,1707.84,231.42,Venda
SKU_1750_MIN,24/07/2025,Atacado,2,739.8,382.92,178.44,Venda
SKU_1702_COR,24/07/2025,Varejo,1,619.9,231.47,388.43,Venda
SKU_1704_BAB,24/07/2025,Atacado,10,3349.0,1797.0,155.2,Venda
SKU_1742_DEN,24/07/2025,Atacado,4,1039.6,498.24,135.34,Venda
SKU_1796_OLI,24/07/2025,Varejo,3,1514.7,633.45,293.75,Venda
SKU_1420_EGR,24/07/2025,Atacado,5,4949.5,2535.55,482.79,Venda
SKU_1749_SNO,24/07/2025,Varejo,2,699.8,223.02,238.39,Venda
SKU_2035_LIG,24/07/2025,Atacado,6,1349.4,725.82,103.93,Venda
SKU_1792_AQU,24/07/2025,Atacado,3,1319.7,744.69,191.67,Venda
SKU_1529_HUN,24/07/2025,Varejo,3,734.7,227.52,169.06,Venda
SKU_2015_HUN,24/07/2025,Varejo,3,944.7,300.33,214.79,Venda
SKU_1712_NAV,24/07/2025,Atacado,5,899.5,392.6,101.38,Venda
SKU_1720_PAL,24/07/2025,Varejo,1,224.9,112.21,112.69,Venda
SKU_1721_FRE,24/07/2025,Atacado,8,3359.2,1647.92,213.91,Venda
SKU_1756_FLA,24/07/2025,Varejo,1,179.9,80.19,99.71,Venda
SKU_1656_FUC,24/07/2025,Varejo,2,469.8,151.64,159.08,Venda
SKU_1757_TUR,24/07/2025,Atacado,6,1589.4,880.5,118.15,Venda
SKU_1775_PAS,24/07/2025,Atacado,5,1399.5,718.45,136.21,Venda
SKU_1560_PAL,24/07/2025,Atacado,4,899.6,498.48,100.28,Venda
SKU_1764_MAR,24/07/2025,Atacado,8,1879.2,930.8,118.55,Venda
SKU_1592_CER,24/07/2025,Atacado,4,839.6,473.48,91.53,Venda
SKU_1771_PIN,24/07/2025,Atacado,10,2649.0,1334.2,131.48,Venda
SKU_1725_BAB,24/07/2025,Atacado,10,2449.0,1156.4,129.26,Venda
SKU_1446_GAR,24/07/2025,Varejo,2,539.8,223.74,158.03,Venda
SKU_1783_BAB,24/07/2025,Varejo,1,1199.9,442.01,757.89,Venda
SKU_1681_PIS,24/07/2025,Atacado,2,469.8,220.16,124.82,Venda
SKU_1397_BUB,24/07/2025,Atacado,10,2349.0,1106.2,124.28,Venda
SKU_1714_DEE,24/07/2025,Atacado,4,1219.6,552.76,166.71,Venda
SKU_1716_AQU,24/07/2025,Atacado,4,659.6,314.44,86.29,Venda
SKU_1779_MIN,24/07/2025,E-commerce,3,644.7,275.16,123.18,Venda
SKU_1944_FUC,24/07/2025,Atacado,6,2399.4,1161.06,206.39,Venda
SKU_1729_CLE,24/07/2025,Atacado,5,874.5,449.9,84.92,Venda
SKU_1690_MYS,24/07/2025,Varejo,1,539.9,259.05,280.85,Venda
SKU_1487_BRI,24/07/2025,Atacado,6,2009.4,1011.06,166.39,Venda
SKU_1696_SHO,24/07/2025,Atacado,3,839.7,430.05,136.55,Venda
SKU_1738_ROY,24/07/2025,Atacado,3,584.7,248.73,111.99,Venda
SKU_1672_TEA,24/07/2025,Varejo,1,294.9,91.64,203.26,Venda
SKU_1796_OLI,24/07/2025,Atacado,6,3029.4,1525.38,250.67,Venda
SKU_1796_OLI,24/07/2025,Atacado,6,3029.4,1343.46,280.99,Venda
SKU_1907_TEA,24/07/2025,E-commerce,1,274.9,101.54,173.36,Venda
SKU_1491_CER,24/07/2025,Atacado,2,269.8,134.58,67.61,Venda
SKU_1701_BLU,24/07/2025,Varejo,2,679.8,326.36,176.72,Venda
SKU_1769_WHI,24/07/2025,Varejo,1,324.9,141.11,183.79,Venda
SKU_1789_EME,24/07/2025,Atacado,4,1079.6,538.28,135.33,Venda
SKU_1715_JAD,24/07/2025,Varejo,1,219.9,82.07,137.83,Venda
SKU_1710_OLI,24/07/2025,E-commerce,1,809.9,275.02,534.88,Venda
SKU_1766_MYS,24/07/2025,Atacado,5,1974.5,1120.05,170.89,Venda
SKU_1718_SEA,24/07/2025,Varejo,3,1109.7,499.89,203.27,Venda
SKU_1709_CRE,24/07/2025,E-commerce,1,209.9,96.82,113.08,Venda
SKU_1798_MOS,24/07/2025,E-commerce,2,839.8,372.44,233.68,Venda
SKU_1782_NAV,24/07/2025,Atacado,4,999.6,454.72,136.22,Venda
SKU_1709_MAR,24/07/2025,Varejo,2,419.8,174.08,122.86,Venda
SKU_1495_FUC,24/07/2025,Varejo,2,659.8,328.34,165.73,Venda
SKU_1799_DEN,24/07/2025,Varejo,4,1079.6,340.88,184.68,Venda
SKU_1739_AQU,24/07/2025,Varejo,1,254.9,104.34,150.56,Venda
SKU_1761_SAP,24/07/2025,Varejo,1,1104.9,474.34,630.56,Venda
SKU_1794_FLA,24/07/2025,Varejo,1,209.9,75.05,134.85,Venda
SKU_1629_ARM,24/07/2025,Atacado,12,3058.8,1446.0,134.4,Venda
SKU_1721_FRE,24/07/2025,Atacado,5,2099.5,1102.1,199.48,Venda
SKU_1735_COR,24/07/2025,Varejo,2,539.8,202.42,168.69,Venda
SKU_1776_PAS,24/07/2025,Atacado,5,1649.5,713.55,187.19,Venda
SKU_2001_MAR,24/07/2025,Atacado,6,2309.4,1269.48,173.32,Venda
SKU_1974_JAD,24/07/2025,Atacado,12,2398.8,1046.04,112.73,Venda
SKU_1780_LIG,24/07/2025,Varejo,1,334.9,157.43,177.47,Venda
SKU_1794_LIG,24/07/2025,Atacado,10,2099.0,1168.4,93.06,Venda
SKU_2056_DEN,24/07/2025,Varejo,1,1034.9,343.79,691.11,Venda
SKU_1637_BLU,24/07/2025,E-commerce,1,919.9,376.45,543.45,Venda
SKU_1745_PEA,24/07/2025,Atacado,5,2049.5,956.2,218.66,Venda
SKU_1712_NAV,24/07/2025,Atacado,8,1439.2,734.96,88.03,Venda
SKU_1704_BAB,24/07/2025,Varejo,1,334.9,105.59,229.31,Venda
SKU_1719_OFF,24/07/2025,Varejo,4,1279.6,602.88,169.18,Venda
SKU_1750_SNO,24/07/2025,Varejo,2,739.8,244.34,247.73,Venda
SKU_1605_COR,24/07/2025,Atacado,3,659.7,318.69,113.67,Venda
SKU_1789_SNO,24/07/2025,Varejo,1,269.9,116.33,153.57,Venda
SKU_1425_WHI,24/07/2025,Atacado,6,1259.4,674.82,97.43,Venda
SKU_1707_ARM,24/07/2025,E-commerce,1,279.9,89.05,190.85,Venda
SKU_1718_DUS,24/07/2025,Atacado,6,2219.4,1060.5,193.15,Venda
SKU_1721_COR,24/07/2025,Atacado,3,1259.7,572.34,229.12,Venda
SKU_1769_EME,24/07/2025,Atacado,5,1624.5,813.75,162.15,Venda
SKU_1752_SNO,24/07/2025,Varejo,2,859.8,396.3,231.75,Venda
SKU_1749_SNO,24/07/2025,Atacado,3,1049.7,599.25,150.15,Venda
SKU_1715_HON,24/07/2025,Varejo,1,219.9,66.29,153.61,Venda
SKU_1719_OFF,24/07/2025,Atacado,10,3199.0,1369.9,182.91,Venda
SKU_1685_COB,24/07/2025,E-commerce,2,1329.8,448.06,440.87,Venda
SKU_1768_PEA,24/07/2025,Varejo,1,624.9,216.78,408.12,Venda
SKU_1718_DUS,24/07/2025,E-commerce,1,369.9,168.09,201.81,Venda
SKU_1718_SEA,24/07/2025,Varejo,1,369.9,171.58,198.32,Venda
SKU_1996_BLA,24/07/2025,Atacado,4,979.6,461.72,129.47,Venda
SKU_1737_DEE,24/07/2025,Varejo,1,769.9,347.68,422.22,Venda
SKU_1766_CLE,24/07/2025,Varejo,2,789.8,341.08,224.36,Venda
SKU_1686_MOS,24/07/2025,Varejo,1,214.9,82.35,132.55,Venda
SKU_1699_COB,24/07/2025,E-commerce,3,989.7,432.75,185.65,Venda
SKU_1710_MEX,24/07/2025,Varejo,2,1619.8,734.02,442.89,Venda
SKU_1582_PAS,24/07/2025,Varejo,1,229.9,74.27,155.63,Venda
SKU_1800_SKY,24/07/2025,Atacado,3,839.7,380.28,153.14,Venda
SKU_1796_OLI,24/07/2025,Atacado,6,3029.4,1748.46,213.49,Venda
SKU_1515_AQU,24/07/2025,Atacado,6,1169.4,615.18,92.37,Venda
SKU_1828_CER,24/07/2025,Atacado,10,2449.0,1093.3,135.57,Venda
SKU_1741_PIN,24/07/2025,E-commerce,1,239.9,101.31,138.59,Venda
SKU_1462_OFF,24/07/2025,Atacado,8,2919.2,1391.6,190.95,Venda
SKU_1962_LIG,24/07/2025,Atacado,2,429.8,236.8,96.5,Venda
SKU_1769_WHI,24/07/2025,Varejo,1,324.9,160.25,164.65,Venda
SKU_1756_BUB,24/07/2025,Atacado,8,1439.2,625.76,101.68,Venda
SKU_1751_BLU,24/07/2025,Varejo,2,659.8,286.74,186.53,Venda
SKU_1783_EGR,24/07/2025,Varejo,1,1199.9,479.83,720.07,Venda
SKU_2096_SNO,24/07/2025,Varejo,1,259.9,99.24,160.66,Venda
SKU_1755_BIR,24/07/2025,E-commerce,1,334.9,106.72,228.18,Venda
SKU_1722_AQU,24/07/2025,Varejo,2,649.8,299.7,175.05,Venda
SKU_1727_WHI,24/07/2025,Atacado,6,929.4,451.5,79.65,Venda
SKU_1764_MAR,24/07/2025,Varejo,1,234.9,98.57,136.33,Venda
SKU_1415_BAB,24/07/2025,Atacado,4,1419.6,674.28,186.33,Venda
SKU_1782_HUN,24/07/2025,Varejo,1,249.9,105.8,144.1,Venda
SKU_1781_CLE,24/07/2025,Atacado,8,1039.2,519.52,64.96,Venda
SKU_1797_BLU,24/07/2025,Atacado,5,1899.5,803.0,219.3,Venda
SKU_1706_JAD,24/07/2025,E-commerce,1,184.9,84.29,100.61,Venda
SKU_1554_SKY,24/07/2025,Atacado,6,6209.4,3230.04,496.56,Venda
SKU_2088_DUS,24/07/2025,E-commerce,1,1094.9,431.82,663.08,Venda
SKU_1733_SAG,24/07/2025,Varejo,1,349.9,156.96,192.94,Venda
SKU_1785_HUN,24/07/2025,Varejo,3,734.7,240.45,164.75,Venda
SKU_1707_SAP,24/07/2025,Atacado,5,1399.5,622.75,155.35,Venda
SKU_1766_MYS,24/07/2025,Atacado,4,1579.6,903.96,168.91,Venda
SKU_1781_AQU,24/07/2025,Atacado,5,649.5,331.25,63.65,Venda
SKU_1406_PRI,24/07/2025,Atacado,3,1049.7,570.18,159.84,Venda
SKU_1745_PEA,24/07/2025,Atacado,2,819.8,434.86,192.47,Venda
SKU_1701_SPA,24/07/2025,Varejo,1,339.9,136.96,202.94,Venda
SKU_1692_OLI,24/07/2025,Atacado,4,879.6,376.0,125.9,Venda
SKU_1787_BAB,24/07/2025,Varejo,2,579.8,209.98,184.91,Venda
SKU_1735_MOS,24/07/2025,Atacado,8,2159.2,1108.56,131.33,Venda
SKU_1715_JAD,24/07/2025,Varejo,1,219.9,73.89,146.01,Venda
SKU_1761_SAP,24/07/2025,Atacado,12,13258.8,6556.32,558.54,Venda
SKU_1623_EGR,24/07/2025,Varejo,1,914.9,303.24,611.66,Venda
SKU_1742_EME,24/07/2025,Atacado,3,779.7,407.58,124.04,Venda
SKU_1979_MAR,24/07/2025,Atacado,10,1949.0,831.9,111.71,Venda
SKU_1760_PAS,24/07/2025,Varejo,1,249.9,113.15,136.75,Venda
SKU_1580_MOS,24/07/2025,E-commerce,1,189.9,87.25,102.65,Venda
SKU_1793_WHI,24/07/2025,Atacado,6,1139.4,539.22,100.03,Venda
SKU_1432_WHI,24/07/2025,E-commerce,1,719.9,247.05,472.85,Venda
SKU_2038_COB,24/07/2025,Varejo,1,1134.9,397.07,737.83,Venda
SKU_2108_BLU,24/07/2025,Atacado,2,599.8,290.88,154.46,Venda
SKU_1768_MIN,24/07/2025,Atacado,4,2499.6,1279.08,305.13,Venda
SKU_1751_BLU,24/07/2025,Atacado,6,1979.4,857.88,186.92,Venda
SKU_1717_CRE,24/07/2025,Atacado,10,2599.0,1419.0,118.0,Venda
SKU_1786_TEA,24/07/2025,Atacado,4,719.6,310.96,102.16,Venda
SKU_1523_HOT,24/07/2025,Atacado,10,3749.0,1721.0,202.8,Venda
SKU_1893_BIR,24/07/2025,Atacado,3,1889.7,899.34,330.12,Venda
SKU_1393_SKY,24/07/2025,Atacado,10,3099.0,1457.7,164.13,Venda
SKU_1720_PAL,24/07/2025,E-commerce,1,224.9,88.22,136.68,Venda
SKU_1796_SHO,24/07/2025,Varejo,1,504.9,246.79,258.11,Venda
SKU_1708_FLA,24/07/2025,Atacado,2,339.8,163.16,88.32,Venda
SKU_1746_NAV,24/07/2025,E-commerce,1,179.9,80.66,99.24,Venda
SKU_1465_CLE,24/07/2025,Varejo,1,314.9,143.11,171.79,Venda
SKU_1798_MOS,24/07/2025,Atacado,5,2099.5,1070.75,205.75,Venda
SKU_1801_FLA,24/07/2025,Atacado,4,1499.6,671.16,207.11,Venda
SKU_1706_JAD,24/07/2025,E-commerce,1,184.9,59.51,125.39,Venda
SKU_2013_TEA,24/07/2025,Atacado,4,739.6,328.04,102.89,Venda
SKU_1707_ARM,24/07/2025,Atacado,2,559.8,267.9,145.95,Venda
SKU_1787_BAB,24/07/2025,Varejo,1,289.9,140.33,149.57,Venda
SKU_1776_BIR,24/07/2025,E-commerce,1,329.9,118.03,211.87,Venda
SKU_1685_BIR,24/07/2025,Varejo,1,664.9,307.05,357.85,Venda
SKU_1687_FOR,24/07/2025,Varejo,1,899.9,326.36,573.54,Venda
SKU_1721_FRE,24/07/2025,Varejo,1,419.9,198.99,220.91,Venda
SKU_1800_MOS,24/07/2025,Atacado,10,2799.0,1219.7,157.93,Venda
SKU_1506_PAL,24/07/2025,E-commerce,1,229.9,102.64,127.26,Venda
SKU_1461_PRI,24/07/2025,Varejo,1,1069.9,439.67,630.23,Venda
SKU_1801_MOS,24/07/2025,Varejo,2,749.8,265.94,241.93,Venda
SKU_1743_DEE,24/07/2025,Varejo,1,439.9,161.73,278.17,Venda
SKU_1754_IVO,24/07/2025,Varejo,1,339.9,127.73,212.17,Venda
SKU_2007_SAG,24/07/2025,Atacado,10,2099.0,947.0,115.2,Venda
SKU_1711_VAN,24/07/2025,Atacado,5,4974.5,2563.95,482.11,Venda
SKU_1606_COB,24/07/2025,Varejo,1,1084.9,540.32,544.58,Venda
SKU_1762_DEN,24/07/2025,Atacado,4,1019.6,481.48,134.53,Venda
SKU_1747_FUC,24/07/2025,Atacado,4,699.6,348.24,87.84,Venda
SKU_1737_SAG,24/07/2025,Varejo,1,769.9,367.24,402.66,Venda
SKU_1731_MIN,24/07/2025,Atacado,10,9099.0,5031.9,406.71,Venda
SKU_1465_OFF,24/07/2025,E-commerce,1,314.9,113.8,201.1,Venda
SKU_1766_CLE,24/07/2025,E-commerce,1,394.9,178.89,216.01,Venda
SKU_1740_FRE,24/07/2025,Varejo,1,214.9,74.06,140.84,Venda
SKU_1770_JAD,24/07/2025,Varejo,1,219.9,68.13,151.77,Venda
SKU_1782_HUN,24/07/2025,Varejo,2,499.8,153.08,173.36,Venda
SKU_1964_SAL,24/07/2025,Atacado,3,884.7,490.98,131.24,Venda
SKU_1537_SAP,24/07/2025,Varejo,3,764.7,312.15,150.85,Venda
SKU_1770_JAD,24/07/2025,Varejo,1,219.9,97.46,122.44,Venda
SKU_1745_PEA,24/07/2025,Atacado,10,4099.0,1816.3,228.27,Venda
SKU_1564_BLA,24/07/2025,Atacado,5,2949.5,1290.8,331.74,Venda
SKU_1583_BLU,24/07/2025,Atacado,3,764.7,391.41,124.43,Venda
SKU_1793_MIN,24/07/2025,Varejo,1,189.9,71.23,118.67,Venda
SKU_1542_DEE,24/07/2025,Atacado,6,2819.4,1487.16,222.04,Venda
SKU_1453_PRI,24/07/2025,Atacado,4,939.6,474.88,116.18,Venda
SKU_1659_MOS,24/07/2025,Atacado,2,2049.8,943.64,553.08,Venda
SKU_1744_LIG,24/07/2025,Varejo,1,264.9,83.11,181.79,Venda
SKU_1786_TEA,24/07/2025,Atacado,6,1079.4,500.64,96.46,Venda
SKU_1697_PIS,24/07/2025,Atacado,10,2199.0,1072.3,112.67,Venda
SKU_1711_VAN,24/07/2025,Varejo,2,1989.8,893.48,548.16,Venda
SKU_1427_BLA,24/07/2025,Varejo,3,599.7,202.65,132.35,Venda
SKU_1724_PEA,24/07/2025,Atacado,12,13378.8,6614.4,563.7,Venda
SKU_1744_EME,24/07/2025,Varejo,3,794.7,378.72,138.66,Venda
SKU_1742_DEN,24/07/2025,Varejo,2,519.8,219.6,150.1,Venda
SKU_1747_TEA,24/07/2025,Varejo,2,349.8,158.12,95.84,Venda
SKU_1741_PEA,24/07/2025,Atacado,12,2878.8,1448.28,119.21,Venda
SKU_1483_WHI,24/07/2025,Atacado,6,1949.4,1030.8,153.1,Venda
SKU_1730_MIN,24/07/2025,Varejo,1,319.9,129.06,190.84,Venda
SKU_1570_MEX,24/07/2025,Atacado,4,2859.6,1430.96,357.16,Venda
SKU_1741_PEA,24/07/2025,E-commerce,1,239.9,94.91,144.99,Venda
SKU_1720_PAL,24/07/2025,E-commerce,1,224.9,110.93,113.97,Venda
SKU_1741_PIN,24/07/2025,Varejo,1,239.9,116.09,123.81,Venda
SKU_1642_SAL,24/07/2025,E-commerce,1,224.9,102.88,122.02,Venda
SKU_1683_SHO,24/07/2025,Varejo,3,944.7,379.62,188.36,Venda
SKU_1441_COB,24/07/2025,Atacado,3,3464.7,1963.44,500.42,Venda
SKU_1739_AQU,24/07/2025,Atacado,10,2549.0,1108.9,144.01,Venda
SKU_1715_HON,24/07/2025,Atacado,4,879.6,463.76,103.96,Venda
SKU_1686_SKY,24/07/2025,E-commerce,1,214.9,77.19,137.71,Venda
SKU_1613_AQU,24/07/2025,Varejo,1,189.9,88.14,101.76,Venda
SKU_1727_LIG,24/07/2025,Varejo,1,154.9,70.26,84.64,Venda
SKU_1694_PIS,24/07/2025,Varejo,1,279.9,98.1,181.8,Venda
SKU_1698_SNO,24/07/2025,Varejo,1,419.9,180.79,239.11,Venda
SKU_1776_BIR,24/07/2025,Varejo,3,989.7,380.97,202.91,Venda
SKU_1928_COR,24/07/2025,Atacado,8,2519.2,1195.28,165.49,Venda
SKU_1594_WHI,24/07/2025,Atacado,4,1999.6,1113.36,221.56,Venda
SKU_1766_MYS,24/07/2025,Varejo,1,394.9,147.97,246.93,Venda
SKU_1773_FRE,24/07/2025,Atacado,4,1299.6,613.08,171.63,Venda
SKU_1744_LIG,24/07/2025,Atacado,2,529.8,244.3,142.75,Venda
SKU_1668_VAN,24/07/2025,Atacado,6,1619.4,853.56,127.64,Venda
SKU_1404_ARM,24/07/2025,Varejo,1,1019.9,320.94,698.96,Venda
SKU_1709_MAR,24/07/2025,Varejo,1,209.9,95.88,114.02,Venda
SKU_1783_BAB,24/07/2025,Atacado,5,5999.5,2576.05,684.69,Venda
SKU_1755_AQU,24/07/2025,E-commerce,3,1004.7,488.7,172.0,Venda
SKU_1769_WHI,24/07/2025,Varejo,3,974.7,358.05,205.55,Venda
SKU_1662_PIS,24/07/2025,Varejo,1,199.9,99.67,100.23,Venda
SKU_1757_PIN,24/07/2025,Varejo,1,264.9,88.07,176.83,Venda
SKU_1600_SHO,24/07/2025,Atacado,2,789.8,395.98,196.91,Venda
SKU_1699_CLO,24/07/2025,E-commerce,2,659.8,238.96,210.42,Venda
SKU_1394_FOR,24/07/2025,Varejo,1,469.9,147.28,322.62,Venda
SKU_1609_LIM,24/07/2025,Varejo,1,269.9,132.77,137.13,Venda
SKU_1708_FRE,24/07/2025,Atacado,8,1359.2,743.12,77.01,Venda
SKU_1610_MEX,24/07/2025,Varejo,1,184.9,91.34,93.56,Venda
SKU_1798_OFF,24/07/2025,E-commerce,1,419.9,168.79,251.11,Venda
SKU_1765_PAS,24/07/2025,Atacado,6,1559.4,691.92,144.58,Venda
SKU_1776_BIR,24/07/2025,Atacado,12,3958.8,2241.48,143.11,Venda
SKU_1696_SHO,24/07/2025,Atacado,5,1399.5,735.5,132.8,Venda
SKU_1703_BLU,24/07/2025,Atacado,3,809.7,400.08,136.54,Venda
SKU_2082_PAS,24/07/2025,Varejo,1,509.9,183.33,326.57,Venda
SKU_1409_PEA,24/07/2025,Atacado,12,2518.8,1225.8,107.75,Venda
SKU_1762_DEN,24/07/2025,Varejo,2,509.8,246.04,131.88,Venda
SKU_1461_PRI,24/07/2025,E-commerce,3,3209.7,1152.75,685.65,Venda
SKU_1801_MOS,24/07/2025,E-commerce,1,374.9,139.86,235.04,Venda
SKU_1712_MOS,24/07/2025,Varejo,1,179.9,76.73,103.17,Venda
SKU_1792_AQU,24/07/2025,Atacado,5,2199.5,1089.3,222.04,Venda
SKU_1756_FLA,24/07/2025,Atacado,3,539.7,243.24,98.82,Venda
SKU_1895_BRI,24/07/2025,E-commerce,1,194.9,96.67,98.23,Venda
SKU_1700_PIS,24/07/2025,Atacado,4,2799.6,1551.04,312.14,Venda
SKU_1674_WHI,24/07/2025,E-commerce,1,229.9,73.68,156.22,Venda
SKU_1768_MIN,24/07/2025,Varejo,2,1249.8,456.34,396.73,Venda
SKU_1794_FLA,24/07/2025,Varejo,2,419.8,136.8,141.5,Venda
SKU_1473_BAB,24/07/2025,E-commerce,1,179.9,89.62,90.28,Venda
SKU_1683_PAL,24/07/2025,Varejo,1,314.9,104.31,210.59,Venda
SKU_1730_MIN,24/07/2025,Atacado,8,2559.2,1212.64,168.32,Venda
SKU_1732_WHI,24/07/2025,E-commerce,1,1114.9,420.79,694.11,Venda
SKU_1771_EME,24/07/2025,E-commerce,1,264.9,98.55,166.35,Venda
SKU_1640_TEA,24/07/2025,E-commerce,1,219.9,107.34,112.56,Venda
SKU_1731_ARM,24/07/2025,Varejo,1,909.9,385.13,524.77,Venda
SKU_2097_SPA,24/07/2025,Atacado,6,1199.4,637.86,93.59,Venda
SKU_1645_MYS,24/07/2025,Atacado,5,1999.5,998.4,200.22,Venda
SKU_1759_CLE,24/07/2025,Atacado,3,809.7,356.55,151.05,Venda
SKU_1767_FUC,24/07/2025,Atacado,6,1229.4,579.72,108.28,Venda
SKU_1695_LIM,24/07/2025,Atacado,6,1259.4,641.16,103.04,Venda
SKU_1484_MOS,24/07/2025,Atacado,6,2759.4,1566.9,198.75,Venda
SKU_1729_CLE,24/07/2025,Atacado,2,349.8,183.66,83.07,Venda
SKU_1775_PAS,24/07/2025,Atacado,2,559.8,284.74,137.53,Venda
SKU_1905_WHI,24/07/2025,Varejo,2,719.8,327.16,196.32,Venda
SKU_1637_WHI,24/07/2025,Atacado,8,7359.2,3990.64,421.07,Venda
SKU_1628_PEA,24/07/2025,Atacado,5,2749.5,1365.65,276.77,Venda
SKU_1516_CRE,24/07/2025,Atacado,10,3499.0,1716.5,178.25,Venda
SKU_1739_MOS,24/07/2025,Varejo,1,254.9,96.66,158.24,Venda
SKU_1745_PEA,24/07/2025,Atacado,10,4099.0,1784.1,231.49,Venda
SKU_1694_SER,24/07/2025,Varejo,1,279.9,135.01,144.89,Venda
SKU_1395_BLA,24/07/2025,Atacado,5,1449.5,760.5,137.8,Venda
SKU_1984_PIN,24/07/2025,Atacado,8,2399.2,1134.16,158.13,Venda
SKU_1757_TUR,24/07/2025,Atacado,3,794.7,370.53,141.39,Venda
SKU_1680_NAV,24/07/2025,Varejo,3,1004.7,439.26,188.48,Venda
SKU_1708_FRE,24/07/2025,E-commerce,1,169.9,67.8,102.1,Venda
SKU_1409_PEA,24/07/2025,Atacado,3,629.7,312.6,105.7,Venda
SKU_1729_CLE,24/07/2025,Varejo,1,174.9,60.38,114.52,Venda
SKU_1750_SNO,24/07/2025,Atacado,8,2959.2,1501.6,182.2,Venda
SKU_1793_WHI,24/07/2025,Atacado,6,1139.4,552.84,97.76,Venda
SKU_1760_PAS,24/07/2025,Atacado,3,749.7,357.33,130.79,Venda
SKU_1437_AQU,24/07/2025,Varejo,1,164.9,73.07,91.83,Venda
SKU_1706_BLA,24/07/2025,Atacado,6,1109.4,551.7,92.95,Venda
SKU_1756_FLA,24/07/2025,E-commerce,1,179.9,54.67,125.23,Venda
SKU_1721_COR,24/07/2025,Varejo,1,419.9,157.21,262.69,Venda
SKU_1629_ARM,24/07/2025,Atacado,5,1274.5,611.55,132.59,Venda
SKU_1760_PAS,24/07/2025,Varejo,1,249.9,114.17,135.73,Venda
SKU_1587_LIG,24/07/2025,Varejo,1,229.9,100.85,129.05,Venda
SKU_1784_EGR,24/07/2025,E-commerce,1,309.9,123.83,186.07,Venda
SKU_1784_BLA,24/07/2025,Varejo,1,309.9,95.1,214.8,Venda
SKU_1760_PAS,24/07/2025,E-commerce,1,249.9,79.66,170.24,Venda
SKU_1654_CRE,24/07/2025,Varejo,1,309.9,142.24,167.66,Venda
SKU_1694_PIS,24/07/2025,Varejo,1,279.9,109.87,170.03,Venda
SKU_1770_JAD,24/07/2025,E-commerce,1,219.9,67.01,152.89,Venda
SKU_1722_AQU,24/07/2025,Varejo,1,324.9,140.21,184.69,Venda
SKU_1609_SAP,24/07/2025,Atacado,6,1619.4,907.08,118.72,Venda
SKU_1712_NAV,24/07/2025,Atacado,8,1439.2,727.84,88.92,Venda
SKU_1808_PAS,24/07/2025,Atacado,8,7679.2,4442.88,404.54,Venda
SKU_1774_MOS,24/07/2025,Atacado,2,409.8,176.56,116.62,Venda
SKU_1733_NAV,24/07/2025,Atacado,5,1749.5,906.35,168.63,Venda
SKU_2022_SHO,24/07/2025,Varejo,1,279.9,133.66,146.24,Venda
SKU_1403_DUS,24/07/2025,Varejo,1,384.9,160.47,224.43,Venda
SKU_2094_MYS,24/07/2025,E-commerce,2,369.8,158.24,105.78,Venda
SKU_1529_HUN,24/07/2025,E-commerce,1,244.9,111.21,133.69,Venda
SKU_1787_BAB,24/07/2025,Atacado,12,3478.8,1692.0,148.9,Venda
SKU_1564_NAV,24/07/2025,Atacado,12,7078.8,3631.2,287.3,Venda
SKU_1796_SHO,24/07/2025,Atacado,12,6058.8,2670.6,282.35,Venda
SKU_1706_JAD,24/07/2025,Atacado,4,739.6,422.32,79.32,Venda
SKU_1908_BLA,24/07/2025,E-commerce,1,314.9,141.92,172.98,Venda
SKU_1795_RAS,24/07/2025,Varejo,4,1199.6,457.32,185.57,Venda
SKU_1696_SHO,24/07/2025,E-commerce,1,279.9,107.08,172.82,Venda
SKU_1766_MYS,24/07/2025,Atacado,3,1184.7,589.47,198.41,Venda
SKU_1785_PAS,24/07/2025,Varejo,2,489.8,174.64,157.58,Venda
SKU_1681_OFF,24/07/2025,Varejo,1,234.9,78.57,156.33,Venda
SKU_1783_EGR,24/07/2025,E-commerce,1,1199.9,556.05,643.85,Venda
SKU_1767_PRI,24/07/2025,E-commerce,1,204.9,66.53,138.37,Venda
SKU_1730_MIN,24/07/2025,Atacado,6,1919.4,911.88,167.92,Venda
SKU_1473_BAB,24/07/2025,Atacado,3,539.7,270.36,89.78,Venda
SKU_2082_PAS,24/07/2025,E-commerce,1,509.9,224.59,285.31,Venda
SKU_1408_FUC,24/07/2025,Varejo,3,2759.7,1138.17,540.51,Venda
SKU_1816_MOS,24/07/2025,Varejo,1,239.9,95.86,144.04,Venda
SKU_1786_POW,24/07/2025,Atacado,8,1439.2,720.4,89.85,Venda
SKU_1731_ARM,24/07/2025,Atacado,4,3639.6,1809.36,457.56,Venda
SKU_1795_HUN,24/07/2025,Atacado,4,1199.6,520.16,169.86,Venda
SKU_1783_BAB,24/07/2025,E-commerce,1,1199.9,361.38,838.52,Venda
SKU_1478_COB,24/07/2025,Atacado,2,389.8,184.24,102.78,Venda
SKU_1473_BAB,24/07/2025,Atacado,5,899.5,448.2,90.26,Venda
SKU_1770_JAD,24/07/2025,Atacado,8,1759.2,902.24,107.12,Venda
SKU_1799_POW,24/07/2025,Atacado,6,1619.4,839.52,129.98,Venda
SKU_2010_BIR,24/07/2025,Atacado,6,5519.4,2375.64,523.96,Venda
SKU_1713_SAL,24/07/2025,Varejo,1,504.9,160.88,344.02,Venda
SKU_1962_LIG,24/07/2025,Varejo,1,214.9,74.23,140.67,Venda
SKU_1757_PIN,24/07/2025,Varejo,2,529.8,257.06,136.37,Venda
SKU_1732_WHI,24/07/2025,Atacado,12,13378.8,6649.68,560.76,Venda
SKU_1684_HON,24/07/2025,Varejo,1,184.9,88.54,96.36,Venda
SKU_1713_SNO,24/07/2025,Atacado,2,1009.8,438.96,285.42,Venda
SKU_1737_SAG,24/07/2025,Varejo,2,1539.8,612.8,463.5,Venda
SKU_1725_BAB,24/07/2025,Atacado,5,1224.5,669.65,110.97,Venda
SKU_1665_RAS,24/07/2025,Atacado,2,499.8,283.38,108.21,Venda
SKU_1760_OFF,24/07/2025,Varejo,1,249.9,121.33,128.57,Venda
SKU_1717_CRE,24/07/2025,Varejo,1,259.9,93.25,166.65,Venda
SKU_1771_EME,24/07/2025,Atacado,3,794.7,349.47,148.41,Venda
SKU_1420_EGR,24/07/2025,Atacado,4,3959.6,2294.2,416.35,Venda
SKU_1728_EGR,24/07/2025,Atacado,5,1649.5,726.05,184.69,Venda
SKU_1726_PAS,24/07/2025,Atacado,3,1289.7,549.96,246.58,Venda
SKU_1812_BRI,24/07/2025,E-commerce,1,659.9,288.89,371.01,Venda
SKU_1763_HOT,24/07/2025,Varejo,2,599.8,209.8,195.0,Venda
SKU_1688_LIG,24/07/2025,Varejo,1,429.9,165.89,264.01,Venda
SKU_1638_SAP,24/07/2025,E-commerce,1,1139.9,473.74,666.16,Venda
SKU_1695_CRE,24/07/2025,Atacado,4,839.6,423.12,104.12,Venda
SKU_1703_BLU,24/07/2025,Atacado,10,2699.0,1478.7,122.03,Venda
SKU_1698_SNO,24/07/2025,Atacado,6,2519.4,1159.38,226.67,Venda
SKU_1833_NAV,24/07/2025,Atacado,3,689.7,307.5,127.4,Venda
SKU_1782_NAV,24/07/2025,Atacado,8,1999.2,869.12,141.26,Venda
SKU_1755_AQU,24/07/2025,Atacado,5,1674.5,959.75,142.95,Venda
SKU_1716_SAL,24/07/2025,Atacado,2,329.8,194.78,67.51,Venda
SKU_1691_ROS,24/07/2025,E-commerce,1,309.9,151.33,158.57,Venda
SKU_1754_IVO,24/07/2025,Varejo,1,339.9,149.67,190.23,Venda
SKU_1469_SAL,24/07/2025,Varejo,1,294.9,122.45,172.45,Venda
SKU_1724_PEA,24/07/2025,Varejo,1,1114.9,467.31,647.59,Venda
SKU_1729_FUC,24/07/2025,Varejo,1,174.9,80.26,94.64,Venda
SKU_1710_OLI,24/07/2025,Varejo,2,1619.8,534.88,542.46,Venda
SKU_1681_OFF,24/07/2025,Varejo,1,234.9,106.2,128.7,Venda
SKU_1696_SER,24/07/2025,Atacado,3,839.7,361.35,159.45,Venda
SKU_1677_VAN,24/07/2025,Atacado,5,2849.5,1347.6,300.38,Venda
SKU_1614_VAN,24/07/2025,Varejo,1,444.9,198.47,246.43,Venda
SKU_1739_MOS,24/07/2025,Varejo,1,254.9,94.89,160.01,Venda
SKU_1502_VAN,24/07/2025,Atacado,4,839.6,367.6,118.0,Venda
SKU_1510_SNO,24/07/2025,E-commerce,2,1669.8,561.02,554.39,Venda
SKU_1771_EME,24/07/2025,Atacado,3,794.7,484.38,103.44,Venda
SKU_1721_FRE,24/07/2025,E-commerce,1,419.9,147.34,272.56,Venda
SKU_1561_VAN,24/07/2025,Varejo,1,349.9,141.76,208.14,Venda
SKU_1897_SHO,24/07/2025,E-commerce,1,234.9,82.43,152.47,Venda
SKU_1486_PAL,24/07/2025,Atacado,3,869.7,519.3,116.8,Venda
SKU_1712_NAV,24/07/2025,Atacado,5,899.5,381.15,103.67,Venda
SKU_1737_DEE,24/07/2025,Atacado,3,2309.7,1090.62,406.36,Venda
SKU_1697_MIN,24/07/2025,Varejo,1,219.9,85.52,134.38,Venda
SKU_1618_SAP,24/07/2025,Varejo,2,359.8,123.24,118.28,Venda
SKU_1789_EME,24/07/2025,E-commerce,1,269.9,120.46,149.44,Venda
SKU_1738_ROY,24/07/2025,Varejo,1,194.9,90.32,104.58,Venda
SKU_1448_SEA,24/07/2025,Varejo,1,179.9,62.71,117.19,Venda
SKU_1411_RAS,24/07/2025,Atacado,12,2698.8,1203.96,124.57,Venda
SKU_1761_SAP,24/07/2025,Atacado,6,6629.4,3142.02,581.23,Venda
SKU_1710_OLI,24/07/2025,Atacado,5,4049.5,1909.35,428.03,Venda
SKU_1708_FRE,24/07/2025,Varejo,1,169.9,61.85,108.05,Venda
SKU_1525_MYS,24/07/2025,Atacado,3,869.7,439.29,143.47,Venda
SKU_1415_MID,24/07/2025,Atacado,8,2839.2,1268.0,196.4,Venda
SKU_1714_DEE,24/07/2025,Atacado,2,609.8,289.08,160.36,Venda
SKU_1576_BLU,24/07/2025,Atacado,4,979.6,480.68,124.73,Venda
SKU_1776_BIR,24/07/2025,Varejo,1,329.9,102.28,227.62,Venda
SKU_1423_JAD,24/07/2025,Varejo,1,1199.9,582.73,617.17,Venda
SKU_1688_WHI,24/07/2025,Varejo,1,429.9,209.93,219.97,Venda
SKU_1767_PRI,24/07/2025,Atacado,6,1229.4,627.72,100.28,Venda
SKU_1702_LIG,24/07/2025,Atacado,4,2479.6,1332.36,286.81,Venda
SKU_1737_SAG,24/07/2025,Atacado,4,3079.6,1450.28,407.33,Venda
SKU_1767_PRI,24/07/2025,E-commerce,1,204.9,80.55,124.35,Venda
SKU_1474_BRI,24/07/2025,Varejo,1,1059.9,464.65,595.25,Venda
SKU_1756_FLA,24/07/2025,Varejo,1,179.9,69.39,110.51,Venda
SKU_1723_COB,24/07/2025,Varejo,1,434.9,165.55,269.35,Venda
SKU_1898_WHI,24/07/2025,Varejo,1,484.9,177.45,307.45,Venda
SKU_1800_SKY,24/07/2025,Varejo,1,279.9,114.79,165.11,Venda
SKU_1779_MIN,24/07/2025,Varejo,1,214.9,85.53,129.37,Venda
SKU_1494_EGR,24/07/2025,Atacado,3,3254.7,1425.21,609.83,Venda
SKU_1757_PIN,24/07/2025,E-commerce,3,794.7,317.61,159.03,Venda
SKU_1746_EME,24/07/2025,Atacado,2,359.8,181.08,89.36,Venda
SKU_1762_BRI,24/07/2025,Varejo,1,254.9,121.08,133.82,Venda
SKU_1728_EGR,24/07/2025,Atacado,10,3299.0,1590.4,170.86,Venda
SKU_1429_SPA,24/07/2025,Atacado,6,1139.4,603.72,89.28,Venda
SKU_1688_WHI,24/07/2025,E-commerce,1,429.9,162.4,267.5,Venda
SKU_1785_PAS,24/07/2025,Atacado,3,734.7,339.42,131.76,Venda
SKU_1705_JAD,24/07/2025,Atacado,4,1639.6,902.64,184.24,Venda
SKU_1726_BUB,24/07/2025,Atacado,5,2149.5,942.9,241.32,Venda
SKU_1723_MOS,24/07/2025,Atacado,3,1304.7,609.3,231.8,Venda
SKU_1983_GAR,24/07/2025,Varejo,1,224.9,74.13,150.77,Venda
SKU_1704_BAB,24/07/2025,Varejo,3,1004.7,303.42,233.76,Venda
SKU_1437_AQU,24/07/2025,Varejo,1,164.9,51.33,113.57,Venda
SKU_1452_SKY,24/07/2025,Atacado,4,579.6,298.28,70.33,Venda
SKU_1767_PRI,24/07/2025,Varejo,1,204.9,97.78,107.12,Venda
SKU_2051_MEX,24/07/2025,Varejo,4,3079.6,1050.96,507.16,Venda
SKU_1737_DEE,24/07/2025,E-commerce,2,1539.8,757.1,391.35,Venda
SKU_1759_CLE,24/07/2025,Atacado,6,1619.4,876.3,123.85,Venda
SKU_1856_FLA,24/07/2025,Atacado,5,1624.5,722.55,180.39,Venda
SKU_1959_TUR,24/07/2025,Varejo,1,739.9,236.47,503.43,Venda
SKU_1625_GAR,24/07/2025,Atacado,5,1024.5,510.55,102.79,Venda
SKU_1768_PEA,24/07/2025,Varejo,2,1249.8,563.98,342.91,Venda
SKU_1685_COB,24/07/2025,Atacado,10,6649.0,3807.8,284.12,Venda
SKU_1759_CLE,24/07/2025,Atacado,8,2159.2,1128.16,128.88,Venda
SKU_1772_SNO,24/07/2025,Atacado,2,829.8,354.14,237.83,Venda
SKU_1760_PAS,24/07/2025,Varejo,1,249.9,118.99,130.91,Venda
SKU_1724_PEA,24/07/2025,Atacado,12,13378.8,6393.0,582.15,Venda
SKU_1570_HON,24/07/2025,Varejo,1,714.9,308.91,405.99,Venda
SKU_1703_BLU,24/07/2025,Atacado,5,1349.5,713.45,127.21,Venda
SKU_1795_HUN,24/07/2025,Varejo,2,599.8,234.62,182.59,Venda
SKU_1727_LIG,24/07/2025,Atacado,6,929.4,526.98,67.07,Venda
SKU_1760_OFF,24/07/2025,Varejo,1,249.9,85.66,164.24,Venda
SKU_1449_BLA,24/07/2025,Varejo,1,324.9,155.19,169.71,Venda
SKU_1693_MEX,24/07/2025,Varejo,1,204.9,85.18,119.72,Venda
SKU_1714_DEE,24/07/2025,Atacado,6,1829.4,964.14,144.21,Venda
SKU_1421_SER,24/07/2025,E-commerce,1,229.9,91.33,138.57,Venda
SKU_1753_WHI,24/07/2025,Varejo,1,789.9,373.18,416.72,Venda
SKU_1769_WHI,24/07/2025,Atacado,4,1299.6,613.52,171.52,Venda
SKU_1785_HUN,24/07/2025,Atacado,4,979.6,475.16,126.11,Venda
SKU_1909_PEA,24/07/2025,Varejo,1,449.9,206.02,243.88,Venda
SKU_1874_GAR,24/07/2025,Varejo,3,659.7,229.47,143.41,Venda
SKU_1435_SKY,24/07/2025,Atacado,10,10099.0,5777.6,432.14,Venda
SKU_1633_DEN,24/07/2025,Atacado,8,1879.2,816.64,132.82,Venda
SKU_1503_CER,24/07/2025,Varejo,1,229.9,88.98,140.92,Venda
SKU_1784_EGR,24/07/2025,Atacado,4,1239.6,623.24,154.09,Venda
SKU_1778_TEA,24/07/2025,E-commerce,1,284.9,95.54,189.36,Venda
SKU_1693_MEX,24/07/2025,Atacado,2,409.8,181.36,114.22,Venda
SKU_1775_PAL,24/07/2025,Atacado,8,2239.2,1185.6,131.7,Venda
SKU_1744_LIG,24/07/2025,Varejo,2,529.8,189.82,169.99,Venda
SKU_1834_MAG,24/07/2025,Varejo,1,399.9,156.17,243.73,Venda
SKU_1689_IVO,24/07/2025,Atacado,5,4824.5,2657.65,433.37,Venda
SKU_1730_MIN,24/07/2025,Atacado,3,959.7,415.17,181.51,Venda
SKU_1587_DEE,24/07/2025,Atacado,4,919.6,473.48,111.53,Venda
SKU_1467_FUC,24/07/2025,Varejo,1,204.9,75.37,129.53,Venda
SKU_1457_MAG,24/07/2025,Varejo,1,159.9,69.96,89.94,Venda
SKU_1654_NAV,24/07/2025,Atacado,2,619.8,298.26,160.77,Venda
SKU_1681_OFF,24/07/2025,Varejo,1,234.9,102.68,132.22,Venda
SKU_1823_MIN,24/07/2025,Varejo,1,194.9,71.31,123.59,Venda
SKU_1726_BUB,24/07/2025,Atacado,4,1719.6,908.36,202.81,Venda
SKU_1792_AQU,24/07/2025,Varejo,1,439.9,134.64,305.26,Venda
SKU_1695_CRE,24/07/2025,Varejo,1,209.9,83.32,126.58,Venda
SKU_2049_PAS,24/07/2025,Varejo,1,214.9,81.15,133.75,Venda
SKU_1654_CRE,24/07/2025,Varejo,1,309.9,100.2,209.7,Venda
SKU_1433_SAP,24/07/2025,Atacado,5,1574.5,749.05,165.09,Venda
SKU_1412_SHO,24/07/2025,Atacado,10,8949.0,4559.1,438.99,Venda
SKU_1556_SAL,24/07/2025,Atacado,6,1229.4,647.4,97.0,Venda
SKU_1415_BAB,24/07/2025,E-commerce,1,354.9,111.0,243.9,Venda
SKU_1574_GAR,24/07/2025,E-commerce,1,604.9,181.79,423.11,Venda
SKU_1754_SER,24/07/2025,Atacado,6,2039.4,963.06,179.39,Venda
SKU_2007_LIG,24/07/2025,Varejo,1,209.9,80.6,129.3,Venda
SKU_1683_PAL,24/07/2025,Varejo,3,944.7,339.81,201.63,Venda
SKU_1695_LIM,24/07/2025,Varejo,1,209.9,96.0,113.9,Venda
SKU_1754_IVO,24/07/2025,Varejo,2,679.8,287.32,196.24,Venda
SKU_1417_BIR,24/07/2025,Varejo,2,559.8,235.02,162.39,Venda
SKU_1494_EGR,24/07/2025,Varejo,1,1084.9,370.48,714.42,Venda
SKU_1754_SER,24/07/2025,Varejo,2,679.8,204.32,237.74,Venda
SKU_1440_BLU,24/07/2025,Atacado,4,4799.6,2743.44,514.04,Venda
SKU_1391_SEA,24/07/2025,Atacado,5,1424.5,706.2,143.66,Venda
SKU_2009_DUS,24/07/2025,Atacado,3,749.7,319.11,143.53,Venda
SKU_1673_FUC,24/07/2025,Atacado,3,1229.7,545.1,228.2,Venda
SKU_1770_JAD,24/07/2025,Varejo,1,219.9,71.77,148.13,Venda
SKU_1751_MIN,24/07/2025,Varejo,1,329.9,125.68,204.22,Venda
SKU_1743_DEE,24/07/2025,Atacado,10,4399.0,2307.1,209.19,Venda
SKU_1722_AQU,24/07/2025,E-commerce,2,649.8,227.08,211.36,Venda
SKU_1617_DEN,24/07/2025,Atacado,2,329.8,141.14,94.33,Venda
SKU_1733_SAG,24/07/2025,E-commerce,1,349.9,154.19,195.71,Venda
SKU_1732_WHI,24/07/2025,Varejo,1,1114.9,348.96,765.94,Venda
SKU_1775_PAS,24/07/2025,Varejo,1,279.9,110.88,169.02,Venda
SKU_1763_MAR,24/07/2025,Varejo,1,299.9,142.59,157.31,Venda
SKU_1869_CRE,24/07/2025,Atacado,10,4899.0,2951.8,194.72,Venda
SKU_2082_PAS,24/07/2025,Atacado,4,2039.6,905.96,283.41,Venda
SKU_1733_NAV,24/07/2025,E-commerce,1,349.9,140.66,209.24,Venda
SKU_1642_SAL,24/07/2025,Varejo,1,224.9,86.94,137.96,Venda
SKU_1704_PEA,24/07/2025,Atacado,5,1674.5,772.2,180.46,Venda
SKU_1738_ROY,24/07/2025,Atacado,5,974.5,454.6,103.98,Venda
SKU_1435_OLI,24/07/2025,Atacado,12,12118.8,6598.92,459.99,Venda
SKU_1795_RAS,24/07/2025,Varejo,1,299.9,101.03,198.87,Venda
SKU_1797_GAR,24/07/2025,Atacado,8,3039.2,1669.52,171.21,Venda
SKU_1866_DUS,24/07/2025,Atacado,5,1624.5,724.85,179.93,Venda
SKU_1730_MIN,24/07/2025,Atacado,2,639.8,335.16,152.32,Venda
SKU_1737_DEE,24/07/2025,Atacado,3,2309.7,1137.48,390.74,Venda
SKU_1797_GAR,24/07/2025,Varejo,2,759.8,313.86,222.97,Venda
SKU_1717_CRE,24/07/2025,Varejo,1,259.9,122.33,137.57,Venda
SKU_1782_NAV,24/07/2025,Atacado,4,999.6,569.88,107.43,Venda
SKU_1760_PAS,24/07/2025,Varejo,1,249.9,95.24,154.66,Venda
SKU_1780_AQU,24/07/2025,E-commerce,1,334.9,135.33,199.57,Venda
SKU_1681_OFF,24/07/2025,Atacado,4,939.6,403.04,134.14,Venda
SKU_1753_WHI,24/07/2025,Varejo,3,2369.7,997.47,457.41,Venda
SKU_1692_BLU,24/07/2025,E-commerce,1,219.9,79.89,140.01,Venda
SKU_1934_COB,24/07/2025,Varejo,1,259.9,94.85,165.05,Venda
SKU_1786_POW,24/07/2025,Atacado,3,539.7,283.2,85.5,Venda
SKU_1767_FUC,24/07/2025,E-commerce,1,204.9,100.75,104.15,Venda
SKU_1680_SEA,24/07/2025,Varejo,1,334.9,109.06,225.84,Venda
SKU_1794_LIG,24/07/2025,Varejo,1,209.9,89.26,120.64,Venda
SKU_1706_JAD,24/07/2025,E-commerce,1,184.9,68.66,116.24,Venda
SKU_1785_PAS,24/07/2025,Varejo,1,244.9,103.16,141.74,Venda
SKU_1682_BIR,24/07/2025,Varejo,1,234.9,70.77,164.13,Venda
SKU_1758_CLO,24/07/2025,Varejo,1,179.9,58.3,121.6,Venda
SKU_1934_COB,24/07/2025,Atacado,3,779.7,349.26,143.48,Venda
SKU_1507_PAS,24/07/2025,Varejo,1,179.9,73.32,106.58,Venda
SKU_1600_SHO,24/07/2025,E-commerce,1,394.9,128.14,266.76,Venda
SKU_1536_MOS,24/07/2025,Varejo,2,689.8,245.94,221.93,Venda
SKU_1451_WHI,24/07/2025,Atacado,5,1224.5,599.8,124.94,Venda
SKU_1943_FUC,24/07/2025,Atacado,6,1679.4,790.5,148.15,Venda
SKU_1787_BAB,24/07/2025,Varejo,3,869.7,432.09,145.87,Venda
SKU_1683_PAL,24/07/2025,Varejo,1,314.9,145.5,169.4,Venda
SKU_1735_COR,24/07/2025,Atacado,6,1619.4,857.82,126.93,Venda
SKU_1747_FUC,24/07/2025,Atacado,8,1399.2,733.76,83.18,Venda
SKU_1597_FLA,24/07/2025,Atacado,6,3179.4,1525.62,275.63,Venda
SKU_1689_MAG,24/07/2025,Atacado,12,11578.8,5215.68,530.26,Venda
SKU_1492_BIR,24/07/2025,Varejo,2,749.8,365.04,192.38,Venda
SKU_1745_PEA,24/07/2025,Varejo,1,409.9,150.16,259.74,Venda
SKU_1446_SHO,24/07/2025,Atacado,8,2159.2,1026.48,141.59,Venda
SKU_2021_SAL,24/07/2025,Varejo,1,189.9,91.43,98.47,Venda
SKU_1791_IVO,24/07/2025,E-commerce,1,264.9,81.19,183.71,Venda
SKU_1406_SHO,24/07/2025,Atacado,10,3499.0,1691.3,180.77,Venda
SKU_1990_IVO,24/07/2025,Atacado,4,719.6,364.48,88.78,Venda
SKU_1607_GAR,24/07/2025,Varejo,4,1199.6,578.72,155.22,Venda
SKU_1781_AQU,24/07/2025,Atacado,5,649.5,344.4,61.02,Venda
SKU_1926_SHO,24/07/2025,Varejo,1,269.9,88.62,181.28,Venda
SKU_1792_MIN,24/07/2025,Atacado,8,3519.2,1676.08,230.39,Venda
SKU_1708_FRE,24/07/2025,Atacado,4,679.6,334.04,86.39,Venda
SKU_1781_CLE,24/07/2025,Varejo,3,389.7,192.51,65.73,Venda
SKU_1695_CRE,24/07/2025,Varejo,1,209.9,69.16,140.74,Venda
SKU_1779_MIN,24/07/2025,E-commerce,1,214.9,68.9,146.0,Venda
SKU_1775_PAL,24/07/2025,Varejo,1,279.9,85.05,194.85,Venda
SKU_1684_SHO,24/07/2025,Atacado,6,1109.4,480.3,104.85,Venda
SKU_1489_IVO,24/07/2025,Atacado,5,1849.5,949.1,180.08,Venda
SKU_1655_TEA,24/07/2025,Varejo,1,644.9,250.75,394.15,Venda
SKU_1538_PAS,24/07/2025,Varejo,1,209.9,73.05,136.85,Venda
SKU_1666_FUC,24/07/2025,Atacado,4,3199.6,1400.6,449.75,Venda
SKU_1590_HOT,24/07/2025,Varejo,1,189.9,70.62,119.28,Venda
SKU_1415_BAB,24/07/2025,Atacado,4,1419.6,744.0,168.9,Venda
SKU_1712_NAV,24/07/2025,Varejo,1,179.9,82.97,96.93,Venda
SKU_1704_PEA,24/07/2025,Varejo,2,669.8,215.28,227.26,Venda
SKU_1730_MIN,24/07/2025,E-commerce,1,319.9,116.7,203.2,Venda
SKU_1421_SER,24/07/2025,Atacado,2,459.8,251.7,104.05,Venda
SKU_1698_SNO,24/07/2025,Varejo,1,419.9,186.44,233.46,Venda
SKU_1715_HON,24/07/2025,Varejo,4,879.6,343.92,133.92,Venda
SKU_1792_MIN,24/07/2025,Varejo,1,439.9,189.97,249.93,Venda
SKU_1753_WHI,24/07/2025,Varejo,2,1579.8,601.44,489.18,Venda
SKU_1738_BLU,24/07/2025,Atacado,5,974.5,479.45,99.01,Venda
SKU_1608_WHI,24/07/2025,Varejo,1,304.9,106.43,198.47,Venda
SKU_1788_EME,24/07/2025,Atacado,4,999.6,540.68,114.73,Venda
SKU_1734_BRI,24/07/2025,Varejo,3,1049.7,366.9,227.6,Venda
SKU_1680_SEA,24/07/2025,Atacado,2,669.8,315.84,176.98,Venda
SKU_1717_MIN,24/07/2025,Atacado,5,1299.5,684.15,123.07,Venda
SKU_1684_SHO,24/07/2025,Atacado,2,369.8,232.06,68.87,Venda
SKU_1697_MIN,24/07/2025,Atacado,5,1099.5,512.05,117.49,Venda
SKU_1749_SNO,24/07/2025,Varejo,1,349.9,137.34,212.56,Venda
SKU_1719_OFF,24/07/2025,Atacado,4,1279.6,685.12,148.62,Venda
SKU_1723_MOS,24/07/2025,Atacado,8,3479.2,1615.2,233.0,Venda
SKU_1748_BAB,24/07/2025,Atacado,3,929.7,483.63,148.69,Venda
SKU_1792_AQU,24/07/2025,Atacado,3,1319.7,602.01,239.23,Venda
SKU_1784_EGR,24/07/2025,Atacado,8,2479.2,1123.04,169.52,Venda
SKU_1722_PAS,24/07/2025,E-commerce,1,324.9,116.89,208.01,Venda
SKU_1791_IVO,24/07/2025,Varejo,1,264.9,118.25,146.65,Venda
SKU_1416_AQU,24/07/2025,Atacado,5,1399.5,742.15,131.47,Venda
SKU_1785_HUN,24/07/2025,Atacado,4,979.6,471.28,127.08,Venda
SKU_1791_ARM,24/07/2025,Varejo,1,264.9,128.6,136.3,Venda
SKU_1692_OLI,24/07/2025,E-commerce,1,219.9,67.29,152.61,Venda
SKU_1725_OFF,24/07/2025,Varejo,1,244.9,109.23,135.67,Venda
SKU_1712_NAV,24/07/2025,E-commerce,1,179.9,84.31,95.59,Venda
SKU_1774_MOS,24/07/2025,Atacado,6,1229.4,707.7,86.95,Venda
SKU_1756_FLA,24/07/2025,Varejo,1,179.9,63.13,116.77,Venda
SKU_1743_CLO,24/07/2025,Atacado,4,1759.6,805.68,238.48,Venda
SKU_2029_BAB,24/07/2025,Varejo,1,964.9,292.65,672.25,Venda
SKU_1700_PIS,24/07/2025,Atacado,5,3499.5,1682.85,363.33,Venda
SKU_1781_CLE,24/07/2025,E-commerce,1,129.9,57.07,72.83,Venda
SKU_1474_DEN,24/07/2025,E-commerce,1,1059.9,396.85,663.05,Venda
SKU_1716_SAL,24/07/2025,Atacado,3,494.7,276.87,72.61,Venda
SKU_1820_SPA,24/07/2025,Varejo,2,579.8,214.42,182.69,Venda
SKU_1486_OLI,24/07/2025,Atacado,10,2899.0,1300.4,159.86,Venda
SKU_1743_CLO,24/07/2025,Varejo,1,439.9,159.18,280.72,Venda
SKU_1662_PIS,24/07/2025,Atacado,6,1199.4,585.24,102.36,Venda
SKU_1683_PAL,24/07/2025,Varejo,2,629.8,271.06,179.37,Venda
SKU_1773_FRE,24/07/2025,Varejo,1,324.9,118.54,206.36,Venda
SKU_1477_CLE,24/07/2025,Varejo,1,224.9,103.75,121.15,Venda
SKU_1758_CLO,24/07/2025,E-commerce,1,179.9,60.12,119.78,Venda
SKU_1744_EME,24/07/2025,Atacado,6,1589.4,823.74,127.61,Venda
SKU_1501_SAL,24/07/2025,Atacado,6,1019.4,482.82,89.43,Venda
SKU_1655_TEA,24/07/2025,Varejo,1,644.9,199.52,445.38,Venda
SKU_1726_BUB,24/07/2025,Varejo,1,429.9,130.01,299.89,Venda
SKU_1452_DEE,24/07/2025,Varejo,1,144.9,66.35,78.55,Venda
SKU_1728_EGR,24/07/2025,Atacado,3,989.7,464.76,174.98,Venda
SKU_1783_EGR,24/07/2025,Varejo,1,1199.9,558.83,641.07,Venda
SKU_1532_EME,24/07/2025,Varejo,1,979.9,431.71,548.19,Venda
SKU_1759_COB,24/07/2025,Atacado,6,1619.4,842.94,129.41,Venda
SKU_1568_PIN,24/07/2025,Varejo,1,234.9,71.92,162.98,Venda
SKU_1848_ARM,24/07/2025,Atacado,4,879.6,429.24,112.59,Venda
SKU_1699_CLO,24/07/2025,E-commerce,1,329.9,118.75,211.15,Venda
SKU_1762_BRI,24/07/2025,Atacado,3,764.7,326.04,146.22,Venda
SKU_1793_WHI,24/07/2025,Atacado,3,569.7,249.45,106.75,Venda
SKU_1770_JAD,24/07/2025,Atacado,6,1319.4,628.74,115.11,Venda
SKU_1694_PIS,24/07/2025,Atacado,6,1679.4,866.94,135.41,Venda
SKU_1773_OLI,24/07/2025,Varejo,1,324.9,123.87,201.03,Venda
SKU_1472_MYS,24/07/2025,Atacado,6,2819.4,1221.12,266.38,Venda
SKU_1698_PRI,24/07/2025,E-commerce,1,419.9,191.39,228.51,Venda
SKU_1716_AQU,24/07/2025,Atacado,8,1319.2,583.44,91.97,Venda
SKU_1741_PEA,24/07/2025,Varejo,1,239.9,82.65,157.25,Venda
SKU_1770_DEE,24/07/2025,Atacado,4,879.6,504.32,93.82,Venda
SKU_1688_LIG,24/07/2025,Varejo,1,429.9,130.6,299.3,Venda
SKU_1703_BLU,24/07/2025,Atacado,3,809.7,450.6,119.7,Venda
SKU_1499_RAS,24/07/2025,Atacado,4,1039.6,512.04,131.89,Venda
SKU_1700_PIS,24/07/2025,Varejo,1,699.9,349.19,350.71,Venda
SKU_1719_WHI,24/07/2025,Atacado,4,1279.6,612.32,166.82,Venda
SKU_1607_MAR,24/07/2025,Atacado,4,1199.6,570.48,157.28,Venda
SKU_1765_MYS,24/07/2025,Atacado,2,519.8,261.24,129.28,Venda
SKU_1703_BLU,24/07/2025,Varejo,1,269.9,94.34,175.56,Venda
SKU_1692_OLI,24/07/2025,Varejo,1,219.9,80.28,139.62,Venda
SKU_1782_NAV,24/07/2025,Varejo,4,999.6,425.84,143.44,Venda
SKU_1426_SEA,24/07/2025,E-commerce,1,129.9,42.17,87.73,Venda
SKU_1766_CLE,24/07/2025,Atacado,4,1579.6,772.08,201.88,Venda
SKU_1484_MOS,24/07/2025,Atacado,10,4599.0,2005.6,259.34,Venda
SKU_1649_FLA,24/07/2025,Atacado,4,939.6,497.04,110.64,Venda
SKU_1778_MIN,24/07/2025,Varejo,1,284.9,94.35,190.55,Venda
SKU_1698_PRI,24/07/2025,Atacado,8,3359.2,1442.88,239.54,Venda
SKU_1721_FRE,24/07/2025,Atacado,6,2519.4,1404.6,185.8,Venda
SKU_1785_HUN,24/07/2025,E-commerce,1,244.9,110.8,134.1,Venda
SKU_1732_WHI,24/07/2025,E-commerce,1,1114.9,439.72,675.18,Venda
SKU_1719_WHI,24/07/2025,Atacado,5,1599.5,817.8,156.34,Venda
SKU_1555_FUC,24/07/2025,Varejo,2,379.8,116.48,131.66,Venda
SKU_1752_SNO,24/07/2025,Varejo,2,859.8,342.08,258.86,Venda
SKU_1706_BLA,24/07/2025,Atacado,10,1849.0,970.4,87.86,Venda
SKU_1726_BUB,24/07/2025,E-commerce,1,429.9,203.13,226.77,Venda
SKU_1692_OLI,24/07/2025,E-commerce,1,219.9,109.45,110.45,Venda
SKU_1770_JAD,24/07/2025,E-commerce,1,219.9,88.16,131.74,Venda
SKU_1484_MOS,24/07/2025,Varejo,1,459.9,179.17,280.73,Venda
SKU_1561_VAN,24/07/2025,Atacado,6,2099.4,891.6,201.3,Venda
SKU_1730_OFF,24/07/2025,Atacado,10,3199.0,1459.3,173.97,Venda
SKU_1772_SNO,24/07/2025,Varejo,2,829.8,358.38,235.71,Venda
SKU_1736_JAD,24/07/2025,Varejo,1,324.9,137.51,187.39,Venda
SKU_1765_PAS,24/07/2025,Varejo,1,259.9,126.27,133.63,Venda
SKU_1490_EME,24/07/2025,Varejo,1,314.9,156.69,158.21,Venda
SKU_1730_OFF,24/07/2025,Atacado,2,639.8,314.12,162.84,Venda
SKU_1620_SAG,24/07/2025,Atacado,6,1589.4,771.06,136.39,Venda
SKU_1763_MAR,24/07/2025,Varejo,1,299.9,130.0,169.9,Venda
SKU_1754_IVO,24/07/2025,Varejo,1,339.9,120.56,219.34,Venda
SKU_1752_SNO,24/07/2025,E-commerce,1,429.9,206.56,223.34,Venda
SKU_1625_DUS,24/07/2025,Varejo,2,409.8,170.46,119.67,Venda
SKU_1521_FRE,24/07/2025,Varejo,1,189.9,88.8,101.1,Venda
SKU_1701_SPA,24/07/2025,Atacado,6,2039.4,868.5,195.15,Venda
SKU_1565_LIG,24/07/2025,Atacado,6,2159.4,978.42,196.83,Venda
SKU_1704_PEA,24/07/2025,Atacado,4,1339.6,641.84,174.44,Venda
SKU_1581_BIR,24/07/2025,Atacado,5,4274.5,2243.6,406.18,Venda
SKU_1683_PAL,24/07/2025,E-commerce,1,314.9,135.37,179.53,Venda
SKU_1715_JAD,24/07/2025,Atacado,3,659.7,365.19,98.17,Venda
SKU_1763_HOT,24/07/2025,E-commerce,1,299.9,145.71,154.19,Venda
SKU_1746_EME,24/07/2025,E-commerce,1,179.9,89.32,90.58,Venda
SKU_1685_COB,24/07/2025,E-commerce,1,664.9,297.58,367.32,Venda
SKU_1800_SKY,24/07/2025,Atacado,3,839.7,471.6,122.7,Venda
SKU_1736_PAS,24/07/2025,Atacado,2,649.8,318.16,165.82,Venda
SKU_1779_LIG,24/07/2025,Atacado,8,1719.2,833.04,110.77,Venda
SKU_1738_ROY,24/07/2025,Varejo,1,194.9,58.51,136.39,Venda
SKU_1757_TUR,24/07/2025,Varejo,1,264.9,107.2,157.7,Venda
SKU_1765_MYS,24/07/2025,Varejo,2,519.8,231.4,144.2,Venda
SKU_1594_BAL,24/07/2025,Varejo,1,499.9,218.63,281.27,Venda
SKU_1764_FUC,24/07/2025,Varejo,1,234.9,86.17,148.73,Venda
SKU_1773_OLI,24/07/2025,Atacado,4,1299.6,611.08,172.13,Venda
SKU_1706_JAD,24/07/2025,Atacado,5,924.5,430.6,98.78,Venda
SKU_1768_PEA,24/07/2025,Atacado,8,4999.2,2346.24,331.62,Venda
SKU_1790_ROY,24/07/2025,E-commerce,1,259.9,110.6,149.3,Venda
SKU_1680_SEA,24/07/2025,Atacado,5,1674.5,742.75,186.35,Venda
SKU_1845_TUR,24/07/2025,Atacado,5,4099.5,1881.55,443.59,Venda
SKU_1585_BLA,24/07/2025,Varejo,1,319.9,149.46,170.44,Venda
SKU_1652_MOS,24/07/2025,Varejo,1,219.9,88.78,131.12,Venda
SKU_1786_POW,24/07/2025,Varejo,1,179.9,59.47,120.43,Venda
SKU_1400_PAL,24/07/2025,E-commerce,1,209.9,78.46,131.44,Venda
SKU_1796_SHO,24/07/2025,Atacado,4,2019.6,907.96,277.91,Venda
SKU_1773_OLI,24/07/2025,Varejo,1,324.9,144.01,180.89,Venda
SKU_1729_CLE,24/07/2025,Atacado,3,524.7,225.81,99.63,Venda
SKU_1728_MID,24/07/2025,Atacado,6,1979.4,869.94,184.91,Venda
SKU_1771_EME,24/07/2025,Atacado,5,1324.5,745.55,115.79,Venda
SKU_1757_TUR,24/07/2025,Varejo,1,264.9,98.83,166.07,Venda
SKU_1730_OFF,24/07/2025,Varejo,1,319.9,159.39,160.51,Venda
SKU_1792_AQU,24/07/2025,E-commerce,1,439.9,208.41,231.49,Venda
SKU_1739_MOS,24/07/2025,Atacado,3,764.7,330.96,144.58,Venda
SKU_1798_OFF,24/07/2025,Atacado,10,4199.0,2196.9,200.21,Venda
SKU_1396_FUC,24/07/2025,Atacado,4,539.6,264.68,68.73,Venda
SKU_1627_MOS,24/07/2025,Varejo,4,1319.6,433.64,221.49,Venda
SKU_1769_EME,24/07/2025,Varejo,1,324.9,133.52,191.38,Venda
SKU_1703_BLU,24/07/2025,E-commerce,1,269.9,100.4,169.5,Venda
SKU_1734_FRE,24/07/2025,Atacado,12,4198.8,2092.68,175.51,Venda
SKU_1738_BLU,24/07/2025,Varejo,1,194.9,84.25,110.65,Venda
SKU_1742_DEN,24/07/2025,Varejo,1,259.9,125.86,134.04,Venda
SKU_1746_EME,24/07/2025,Atacado,2,359.8,161.96,98.92,Venda
SKU_1800_MOS,24/07/2025,Atacado,3,839.7,369.72,156.66,Venda
SKU_1720_PAS,24/07/2025,Atacado,4,899.6,481.56,104.51,Venda
SKU_1751_MIN,24/07/2025,Atacado,6,1979.4,1004.1,162.55,Venda
SKU_1727_WHI,24/07/2025,Varejo,3,464.7,204.93,86.59,Venda
SKU_1759_CLE,24/07/2025,Varejo,1,269.9,112.14,157.76,Venda
SKU_1767_FUC,24/07/2025,Atacado,2,409.8,212.28,98.76,Venda
SKU_1642_OFF,24/07/2025,Atacado,6,1349.4,670.98,113.07,Venda
SKU_1710_OLI,24/07/2025,Varejo,1,809.9,357.15,452.75,Venda
SKU_1744_LIG,24/07/2025,E-commerce,2,529.8,180.92,174.44,Venda
SKU_1683_SHO,24/07/2025,Varejo,1,314.9,151.11,163.79,Venda
SKU_1687_FOR,24/07/2025,Atacado,3,2699.7,1249.59,483.37,Venda
SKU_1754_SER,24/07/2025,Varejo,1,339.9,157.68,182.22,Venda
SKU_1598_DUS,24/07/2025,Varejo,1,489.9,234.14,255.76,Venda
SKU_1954_ROY,24/07/2025,Varejo,3,629.7,270.78,119.64,Venda
SKU_1810_COB,24/07/2025,E-commerce,1,159.9,59.81,100.09,Venda
SKU_1505_BLU,24/07/2025,Varejo,1,234.9,104.0,130.9,Venda
SKU_1485_PAS,24/07/2025,Atacado,6,3989.4,1954.92,339.08,Venda
SKU_1988_WHI,24/07/2025,Atacado,4,1699.6,841.96,214.41,Venda
SKU_1679_SHO,24/07/2025,Varejo,1,919.9,375.66,544.24,Venda
SKU_1422_MIN,24/07/2025,E-commerce,1,314.9,118.43,196.47,Venda
SKU_1745_PEA,24/07/2025,Atacado,4,1639.6,850.2,197.35,Venda
SKU_1734_FRE,24/07/2025,Atacado,8,2799.2,1417.28,172.74,Venda
SKU_1399_PAL,24/07/2025,Atacado,10,2699.0,1312.6,138.64,Venda
SKU_1553_DEN,24/07/2025,Varejo,1,254.9,113.31,141.59,Venda
SKU_1848_ARM,24/07/2025,Atacado,4,879.6,488.28,97.83,Venda
SKU_1767_PRI,24/07/2025,Atacado,2,409.8,188.56,110.62,Venda
SKU_1529_HUN,24/07/2025,E-commerce,1,244.9,100.31,144.59,Venda
SKU_1763_HOT,24/07/2025,E-commerce,1,299.9,91.84,208.06,Venda
SKU_1734_BRI,24/07/2025,E-commerce,1,349.9,130.98,218.92,Venda
SKU_1407_EME,24/07/2025,Varejo,1,214.9,81.83,133.07,Venda
SKU_1718_SEA,24/07/2025,Varejo,1,369.9,131.32,238.58,Venda
SKU_1466_PRI,24/07/2025,Atacado,10,2699.0,1265.9,143.31,Venda
SKU_1746_NAV,24/07/2025,E-commerce,2,359.8,112.22,123.79,Venda
SKU_1788_EME,24/07/2025,Varejo,1,249.9,103.3,146.6,Venda
SKU_1715_JAD,24/07/2025,Atacado,5,1099.5,543.9,111.12,Venda
SKU_1720_PAL,24/07/2025,Varejo,1,224.9,107.95,116.95,Venda
SKU_1446_GAR,24/07/2025,Atacado,5,1349.5,572.9,155.32,Venda
SKU_1776_PAS,24/07/2025,Atacado,10,3299.0,1681.2,161.78,Venda
SKU_1733_NAV,24/07/2025,Varejo,1,349.9,115.96,233.94,Venda
SKU_1489_IVO,24/07/2025,Atacado,4,1479.6,651.32,207.07,Venda
SKU_1684_SHO,24/07/2025,Varejo,1,184.9,89.7,95.2,Venda
SKU_1786_POW,24/07/2025,Varejo,1,179.9,56.62,123.28,Venda
SKU_1687_FOR,24/07/2025,Atacado,2,1799.8,902.68,448.56,Venda
SKU_1739_MOS,24/07/2025,Varejo,1,254.9,81.76,173.14,Venda
SKU_1793_MIN,24/07/2025,Atacado,5,949.5,534.1,83.08,Venda
SKU_1691_HUN,24/07/2025,Atacado,5,1549.5,712.35,167.43,Venda
SKU_1781_CLE,24/07/2025,Varejo,1,129.9,44.8,85.1,Venda
SKU_1730_MIN,24/07/2025,E-commerce,1,319.9,152.16,167.74,Venda
SKU_1725_BAB,24/07/2025,Varejo,1,244.9,102.61,142.29,Venda
SKU_1891_MAR,24/07/2025,E-commerce,1,329.9,137.56,192.34,Venda
SKU_1691_HUN,24/07/2025,Atacado,6,1859.4,841.02,169.73,Venda
SKU_1398_AQU,24/07/2025,Varejo,2,1349.8,540.52,404.64,Venda
SKU_1759_COB,24/07/2025,Atacado,8,2159.2,1007.68,143.94,Venda
SKU_1796_SHO,24/07/2025,Atacado,6,3029.4,1488.36,256.84,Venda
SKU_1430_JAD,24/07/2025,Atacado,4,719.6,303.92,103.92,Venda
SKU_1775_PAS,24/07/2025,Varejo,3,839.7,307.32,177.46,Venda
SKU_1598_NAV,24/07/2025,Atacado,3,1469.7,694.47,258.41,Venda
SKU_1889_MAR,24/07/2025,Varejo,1,269.9,127.59,142.31,Venda
SKU_1759_COB,24/07/2025,Atacado,6,1619.4,857.76,126.94,Venda
SKU_1744_LIG,24/07/2025,Varejo,1,264.9,104.5,160.4,Venda
SKU_1683_SHO,24/07/2025,Varejo,1,314.9,131.01,183.89,Venda
SKU_1689_MAG,24/07/2025,Atacado,2,1929.8,1091.88,418.96,Venda
SKU_1736_JAD,24/07/2025,Varejo,1,324.9,110.49,214.41,Venda
SKU_1666_FUC,24/07/2025,Varejo,1,799.9,362.32,437.58,Venda
SKU_1750_MIN,24/07/2025,Varejo,1,369.9,114.62,255.28,Venda
SKU_1499_HOT,24/07/2025,Varejo,1,259.9,123.18,136.72,Venda
SKU_1657_SPA,24/07/2025,Varejo,4,859.6,379.24,120.09,Venda
SKU_1791_ARM,24/07/2025,E-commerce,2,529.8,194.42,167.69,Venda
SKU_1442_OFF,24/07/2025,Atacado,5,1449.5,816.45,126.61,Venda
SKU_1782_HUN,24/07/2025,Atacado,3,749.7,362.01,129.23,Venda
SKU_1775_PAL,24/07/2025,Varejo,1,279.9,88.97,190.93,Venda
SKU_1562_CLO,24/07/2025,Varejo,1,309.9,114.94,194.96,Venda
SKU_1745_PEA,24/07/2025,Varejo,2,819.8,350.8,234.5,Venda
SKU_1766_CLE,24/07/2025,E-commerce,1,394.9,151.33,243.57,Venda
SKU_1627_BAB,24/07/2025,Atacado,4,1319.6,697.8,155.45,Venda
SKU_1417_SNO,24/07/2025,Varejo,1,279.9,112.48,167.42,Venda
SKU_1686_MOS,24/07/2025,Atacado,6,1289.4,559.38,121.67,Venda
SKU_1605_VAN,24/07/2025,Varejo,1,219.9,86.85,133.05,Venda
SKU_1701_SPA,24/07/2025,Atacado,4,1359.6,712.8,161.7,Venda
SKU_1797_BLU,24/07/2025,Varejo,4,1519.6,632.12,221.87,Venda
SKU_1987_MYS,24/07/2025,Atacado,5,5599.5,2482.85,623.33,Venda
SKU_1755_AQU,24/07/2025,Varejo,2,669.8,271.54,199.13,Venda
SKU_1727_LIG,24/07/2025,Varejo,1,154.9,73.12,81.78,Venda
SKU_1789_EME,24/07/2025,Varejo,1,269.9,124.64,145.26,Venda
SKU_2014_BRI,24/07/2025,E-commerce,1,319.9,116.75,203.15,Venda
SKU_1608_MID,24/07/2025,Atacado,4,1219.6,610.2,152.35,Venda
SKU_1770_JAD,24/07/2025,Atacado,5,1099.5,603.4,99.22,Venda
SKU_1726_BUB,24/07/2025,Varejo,1,429.9,147.49,282.41,Venda
SKU_1701_SPA,24/07/2025,Atacado,3,1019.7,519.48,166.74,Venda
SKU_1511_CLE,24/07/2025,Varejo,1,934.9,305.1,629.8,Venda
SKU_1778_TEA,24/07/2025,Atacado,2,569.8,316.32,126.74,Venda
SKU_1688_WHI,24/07/2025,Atacado,5,2149.5,1143.5,201.2,Venda
SKU_1756_BUB,24/07/2025,Atacado,5,899.5,514.1,77.08,Venda
SKU_1973_MYS,24/07/2025,Varejo,1,319.9,131.04,188.86,Venda
SKU_1683_SHO,24/07/2025,Atacado,5,1574.5,701.2,174.66,Venda
SKU_1790_ROY,24/07/2025,Varejo,4,1039.6,494.96,136.16,Venda
SKU_1784_BLA,24/07/2025,Atacado,6,1859.4,925.14,155.71,Venda
SKU_1827_BUB,24/07/2025,Atacado,5,974.5,506.3,93.64,Venda
SKU_1734_BRI,24/07/2025,Varejo,1,349.9,110.74,239.16,Venda
SKU_1788_MYS,24/07/2025,Atacado,5,1249.5,603.1,129.28,Venda
SKU_1733_NAV,24/07/2025,Varejo,1,349.9,111.66,238.24,Venda
SKU_1766_CLE,24/07/2025,Varejo,1,394.9,125.94,268.96,Venda
SKU_1994_COB,24/07/2025,E-commerce,1,269.9,113.36,156.54,Venda
SKU_1690_MYS,24/07/2025,E-commerce,1,539.9,251.65,288.25,Venda
SKU_1630_SNO,24/07/2025,E-commerce,1,334.9,139.35,195.55,Venda
SKU_1924_TEA,24/07/2025,Atacado,4,2579.6,1255.6,331.0,Venda
SKU_1575_JAD,24/07/2025,Varejo,1,864.9,326.13,538.77,Venda
SKU_1798_MOS,24/07/2025,Varejo,1,419.9,133.14,286.76,Venda
SKU_1643_EGR,24/07/2025,Varejo,1,224.9,103.61,121.29,Venda
SKU_1513_PAS,24/07/2025,E-commerce,1,214.9,100.16,114.74,Venda
SKU_1428_SKY,24/07/2025,Varejo,1,489.9,227.07,262.83,Venda
SKU_1728_MID,24/07/2025,Varejo,2,659.8,304.26,177.77,Venda
SKU_1709_CRE,24/07/2025,E-commerce,2,419.8,146.36,136.72,Venda
SKU_1697_MIN,24/07/2025,Varejo,1,219.9,74.46,145.44,Venda
SKU_1400_FOR,24/07/2025,Varejo,2,419.8,128.04,145.88,Venda
SKU_1761_SAP,24/07/2025,Varejo,1,1104.9,400.21,704.69,Venda
SKU_1788_MYS,24/07/2025,Atacado,3,749.7,374.31,125.13,Venda
SKU_1738_ROY,24/07/2025,Atacado,4,779.6,387.16,98.11,Venda
SKU_1502_VAN,24/07/2025,Atacado,5,1049.5,455.15,118.87,Venda
SKU_1868_ARM,24/07/2025,Atacado,5,3949.5,1786.95,432.51,Venda
SKU_1752_SPA,24/07/2025,Atacado,3,1289.7,658.95,210.25,Venda
SKU_1506_PAL,24/07/2025,Atacado,12,2758.8,1409.76,112.42,Venda
SKU_1937_BUB,24/07/2025,Atacado,2,419.8,176.58,121.61,Venda
SKU_1582_PAS,24/07/2025,Atacado,10,2299.0,1166.7,113.23,Venda
SKU_1951_COR,24/07/2025,Atacado,3,764.7,392.25,124.15,Venda
SKU_1763_HOT,24/07/2025,E-commerce,1,299.9,140.24,159.66,Venda
SKU_1791_IVO,24/07/2025,Atacado,3,794.7,342.99,150.57,Venda
SKU_1463_DUS,24/07/2025,E-commerce,1,259.9,115.46,144.44,Venda
SKU_1720_PAL,24/07/2025,Varejo,1,224.9,94.23,130.67,Venda
SKU_1756_FLA,24/07/2025,Atacado,12,2158.8,1014.6,95.35,Venda
SKU_1739_AQU,24/07/2025,Atacado,8,2039.2,1016.24,127.87,Venda
SKU_1692_OLI,24/07/2025,Atacado,4,879.6,419.36,115.06,Venda
SKU_1795_RAS,24/07/2025,Atacado,5,1499.5,781.0,143.7,Venda
SKU_1534_MYS,24/07/2025,Atacado,6,1199.4,644.94,92.41,Venda
SKU_1754_IVO,24/07/2025,Atacado,10,3399.0,1583.3,181.57,Venda
SKU_1975_MYS,24/07/2025,Varejo,1,444.9,164.24,280.66,Venda
SKU_1789_SNO,24/07/2025,Atacado,3,809.7,395.22,138.16,Venda
SKU_1619_PAS,24/07/2025,E-commerce,1,199.9,68.98,130.92,Venda
SKU_1700_HUN,24/07/2025,Atacado,3,2099.7,1003.47,365.41,Venda
SKU_1737_DEE,24/07/2025,Atacado,6,4619.4,2291.88,387.92,Venda
SKU_1790_EGR,24/07/2025,Atacado,6,1559.4,738.12,136.88,Venda
SKU_1693_FLA,24/07/2025,Atacado,3,614.7,294.63,106.69,Venda
SKU_1778_TEA,24/07/2025,Atacado,8,2279.2,1209.92,133.66,Venda
SKU_1680_NAV,24/07/2025,E-commerce,1,334.9,139.84,195.06,Venda
SKU_1791_IVO,24/07/2025,Varejo,1,264.9,111.17,153.73,Venda
SKU_1740_OLI,24/07/2025,Atacado,3,644.7,306.96,112.58,Venda
SKU_1763_MAR,24/07/2025,Varejo,1,299.9,128.34,171.56,Venda
SKU_1737_DEE,24/07/2025,Varejo,2,1539.8,742.46,398.67,Venda
SKU_1706_JAD,24/07/2025,Atacado,2,369.8,162.78,103.51,Venda
SKU_1672_TEA,24/07/2025,Varejo,1,294.9,92.14,202.76,Venda
SKU_1737_DEE,24/07/2025,Varejo,3,2309.7,1027.86,427.28,Venda
SKU_1780_LIG,24/07/2025,Atacado,3,1004.7,516.36,162.78,Venda
SKU_1702_COR,24/07/2025,Varejo,1,619.9,305.29,314.61,Venda
SKU_1594_WHI,24/07/2025,Varejo,3,1499.7,598.86,300.28,Venda
SKU_1744_LIG,24/07/2025,Varejo,1,264.9,87.44,177.46,Venda
SKU_1725_OFF,24/07/2025,Varejo,2,489.8,183.34,153.23,Venda
SKU_1825_MIN,24/07/2025,Varejo,1,174.9,71.87,103.03,Venda
SKU_1515_AQU,24/07/2025,Atacado,5,974.5,543.1,86.28,Venda
SKU_1687_WHI,24/07/2025,E-commerce,1,899.9,307.02,592.88,Venda
SKU_1638_PEA,24/07/2025,Varejo,1,1139.9,406.4,733.5,Venda
SKU_1839_DUS,24/07/2025,Atacado,10,2949.0,1254.2,169.48,Venda
SKU_1592_CER,24/07/2025,Varejo,1,209.9,75.28,134.62,Venda
SKU_1742_DEN,24/07/2025,Varejo,1,259.9,122.42,137.48,Venda
SKU_1756_BUB,24/07/2025,Atacado,2,359.8,170.88,94.46,Venda
SKU_1725_OFF,25/07/2025,Atacado,4,979.6,511.08,117.13,Venda
SKU_1546_PAS,25/07/2025,Varejo,1,174.9,76.35,98.55,Venda
SKU_1577_HUN,25/07/2025,Varejo,1,159.9,76.06,83.84,Venda
SKU_1717_CRE,25/07/2025,Atacado,5,1299.5,633.85,133.13,Venda
SKU_1594_BAL,25/07/2025,Varejo,1,499.9,212.73,287.17,Venda
SKU_1514_SPA,25/07/2025,Atacado,5,4149.5,2371.85,355.53,Venda
SKU_1730_MIN,25/07/2025,Atacado,8,2559.2,1168.08,173.89,Venda
SKU_1692_OLI,25/07/2025,Varejo,1,219.9,73.05,146.85,Venda
SKU_1727_WHI,25/07/2025,E-commerce,1,154.9,68.47,86.43,Venda
SKU_1438_DEE,25/07/2025,Varejo,1,204.9,65.5,139.4,Venda
SKU_1781_AQU,25/07/2025,Varejo,2,259.8,121.24,69.28,Venda
SKU_1420_LIM,25/07/2025,Atacado,6,5939.4,2720.28,536.52,Venda
SKU_1746_NAV,25/07/2025,Atacado,5,899.5,416.25,96.65,Venda
SKU_2063_SHO,25/07/2025,Atacado,5,1099.5,620.9,95.72,Venda
SKU_2086_MAG,25/07/2025,Atacado,4,1299.6,749.72,137.47,Venda
SKU_1728_MID,25/07/2025,Atacado,4,1319.6,728.28,147.83,Venda
SKU_1714_MID,25/07/2025,Varejo,1,304.9,92.68,212.22,Venda
SKU_1796_SHO,25/07/2025,Atacado,5,2524.5,1197.1,265.48,Venda
SKU_1435_OLI,25/07/2025,Varejo,3,3029.7,1319.25,570.15,Venda
SKU_1737_DEE,25/07/2025,Varejo,1,769.9,285.01,484.89,Venda
SKU_1716_SAL,25/07/2025,Atacado,5,824.5,430.15,78.87,Venda
SKU_1791_IVO,25/07/2025,Varejo,1,264.9,105.11,159.79,Venda
SKU_1784_BLA,25/07/2025,Atacado,5,1549.5,755.95,158.71,Venda
SKU_1702_COR,25/07/2025,Varejo,3,1859.7,902.73,318.99,Venda
SKU_1770_JAD,25/07/2025,Atacado,4,879.6,416.68,115.73,Venda
SKU_1771_PIN,25/07/2025,Atacado,3,794.7,392.58,134.04,Venda
SKU_1713_SNO,25/07/2025,Atacado,5,2524.5,1203.65,264.17,Venda
SKU_1720_PAL,25/07/2025,Atacado,4,899.6,467.08,108.13,Venda
SKU_1466_SAP,25/07/2025,Atacado,4,1079.6,611.64,116.99,Venda
SKU_2108_MAR,25/07/2025,Atacado,4,1199.6,591.96,151.91,Venda
SKU_1740_FRE,25/07/2025,Atacado,6,1289.4,665.04,104.06,Venda
SKU_1755_BIR,25/07/2025,Varejo,2,669.8,315.72,177.04,Venda
SKU_1951_GAR,25/07/2025,Varejo,2,509.8,197.06,156.37,Venda
SKU_1695_CRE,25/07/2025,Varejo,1,209.9,73.86,136.04,Venda
SKU_1714_MID,25/07/2025,E-commerce,1,304.9,150.42,154.48,Venda
SKU_1500_PAS,25/07/2025,Atacado,6,1559.4,745.98,135.57,Venda
SKU_1768_MIN,25/07/2025,Atacado,8,4999.2,2236.08,345.39,Venda
SKU_1707_ARM,25/07/2025,Varejo,1,279.9,94.7,185.2,Venda
SKU_1712_NAV,25/07/2025,E-commerce,1,179.9,89.12,90.78,Venda
SKU_1401_GAR,25/07/2025,E-commerce,1,239.9,101.89,138.01,Venda
SKU_1781_AQU,25/07/2025,E-commerce,1,129.9,56.16,73.74,Venda
SKU_1711_VAN,25/07/2025,Varejo,1,994.9,383.75,611.15,Venda
SKU_1840_FOR,25/07/2025,Varejo,1,214.9,85.04,129.86,Venda
SKU_1733_NAV,25/07/2025,Atacado,4,1399.6,608.16,197.86,Venda
SKU_1702_COR,25/07/2025,E-commerce,1,619.9,235.11,384.79,Venda
SKU_1773_OLI,25/07/2025,Atacado,6,1949.4,916.14,172.21,Venda
SKU_1698_SNO,25/07/2025,Atacado,10,4199.0,2207.2,199.18,Venda
SKU_1693_FLA,25/07/2025,Atacado,10,2049.0,938.1,111.09,Venda
SKU_1785_PAS,25/07/2025,Atacado,3,734.7,377.31,119.13,Venda
SKU_1775_PAS,25/07/2025,Atacado,6,1679.4,760.02,153.23,Venda
SKU_1679_GAR,25/07/2025,Atacado,6,5519.4,2620.02,483.23,Venda
SKU_1766_MYS,25/07/2025,Atacado,4,1579.6,824.12,188.87,Venda
SKU_1773_FRE,25/07/2025,Atacado,3,974.7,429.96,181.58,Venda
SKU_1773_OLI,25/07/2025,Varejo,1,324.9,150.55,174.35,Venda
SKU_1641_MEX,25/07/2025,Atacado,8,2599.2,1454.64,143.07,Venda
SKU_1708_FLA,25/07/2025,E-commerce,1,169.9,67.2,102.7,Venda
SKU_1699_CLO,25/07/2025,E-commerce,1,329.9,99.84,230.06,Venda
SKU_1489_IVO,25/07/2025,Varejo,1,369.9,121.89,248.01,Venda
SKU_1390_PAS,25/07/2025,Varejo,2,459.8,210.18,124.81,Venda
SKU_1918_SKY,25/07/2025,Atacado,6,1199.4,540.54,109.81,Venda
SKU_1704_BAB,25/07/2025,E-commerce,1,334.9,107.62,227.28,Venda
SKU_1734_FRE,25/07/2025,E-commerce,2,699.8,227.34,236.23,Venda
SKU_1460_FUC,25/07/2025,Atacado,8,1399.2,606.64,99.07,Venda
SKU_1685_COB,25/07/2025,Atacado,6,3989.4,1904.28,347.52,Venda
SKU_1677_POW,25/07/2025,Atacado,10,5699.0,2994.0,270.5,Venda
SKU_1766_MYS,25/07/2025,Atacado,4,1579.6,676.84,225.69,Venda
SKU_1688_LIG,25/07/2025,Atacado,8,3439.2,1448.96,248.78,Venda
SKU_1531_TEA,25/07/2025,Varejo,1,549.9,174.9,375.0,Venda
SKU_1780_AQU,25/07/2025,Atacado,8,2679.2,1231.2,181.0,Venda
SKU_1785_HUN,25/07/2025,Varejo,4,979.6,305.68,168.48,Venda
SKU_1781_CLE,25/07/2025,Atacado,5,649.5,276.4,74.62,Venda
SKU_1796_OLI,25/07/2025,E-commerce,2,1009.8,411.04,299.38,Venda
SKU_1842_SAG,25/07/2025,Varejo,1,534.9,169.71,365.19,Venda
SKU_1980_DEE,25/07/2025,Atacado,2,309.8,146.88,81.46,Venda
SKU_1776_BIR,25/07/2025,Varejo,1,329.9,142.33,187.57,Venda
SKU_1723_COB,25/07/2025,Varejo,1,434.9,180.13,254.77,Venda
SKU_1879_COR,25/07/2025,Varejo,1,304.9,147.51,157.39,Venda
SKU_1692_OLI,25/07/2025,E-commerce,1,219.9,105.06,114.84,Venda
SKU_1628_PEA,25/07/2025,Varejo,2,1099.8,332.7,383.55,Venda
SKU_1782_NAV,25/07/2025,Atacado,6,1499.4,782.64,119.46,Venda
SKU_1628_POW,25/07/2025,Atacado,4,2199.6,1074.2,281.35,Venda
SKU_1752_SPA,25/07/2025,Atacado,5,2149.5,1060.7,217.76,Venda
SKU_1802_DEN,25/07/2025,Varejo,2,1489.8,589.02,450.39,Venda
SKU_1474_BRI,25/07/2025,Atacado,2,2119.8,1115.62,502.09,Venda
SKU_1458_PEA,25/07/2025,Atacado,10,3499.0,1813.7,168.53,Venda
SKU_1757_TUR,25/07/2025,Varejo,1,264.9,111.64,153.26,Venda
SKU_1968_PAS,25/07/2025,Varejo,1,174.9,71.42,103.48,Venda
SKU_1699_CLO,25/07/2025,Varejo,4,1319.6,410.52,227.27,Venda
SKU_1766_MYS,25/07/2025,Varejo,1,394.9,121.81,273.09,Venda
SKU_1773_OLI,25/07/2025,E-commerce,1,324.9,112.81,212.09,Venda
SKU_1593_FUC,25/07/2025,Atacado,3,434.7,216.63,72.69,Venda
SKU_1772_BLU,25/07/2025,Atacado,5,2074.5,945.5,225.8,Venda
SKU_1729_CLE,25/07/2025,Varejo,1,174.9,56.28,118.62,Venda
SKU_1705_SER,25/07/2025,Atacado,3,1229.7,640.98,196.24,Venda
SKU_1767_FUC,25/07/2025,Varejo,2,409.8,178.28,115.76,Venda
SKU_1669_TEA,25/07/2025,Atacado,3,599.7,257.61,114.03,Venda
SKU_1725_BAB,25/07/2025,Atacado,2,489.8,254.56,117.62,Venda
SKU_1763_MAR,25/07/2025,Atacado,2,599.8,255.24,172.28,Venda
SKU_1898_EME,25/07/2025,Atacado,3,1454.7,643.44,270.42,Venda
SKU_1602_AQU,25/07/2025,Varejo,3,689.7,290.79,132.97,Venda
SKU_1801_MOS,25/07/2025,Varejo,1,374.9,140.6,234.3,Venda
SKU_1439_SHO,25/07/2025,Varejo,1,184.9,89.22,95.68,Venda
SKU_1703_BLU,25/07/2025,Varejo,1,269.9,109.13,160.77,Venda
SKU_1789_EME,25/07/2025,Atacado,4,1079.6,490.24,147.34,Venda
SKU_1864_VAN,25/07/2025,Atacado,8,1359.2,637.76,90.18,Venda
SKU_1791_ARM,25/07/2025,Varejo,2,529.8,237.9,145.95,Venda
SKU_1579_SAG,25/07/2025,Varejo,1,229.9,78.2,151.7,Venda
SKU_1799_POW,25/07/2025,Varejo,1,269.9,117.45,152.45,Venda
SKU_1567_POW,25/07/2025,Varejo,1,689.9,327.57,362.33,Venda
SKU_1755_AQU,25/07/2025,Atacado,6,2009.4,1015.56,165.64,Venda
SKU_1758_HON,25/07/2025,Varejo,1,179.9,75.51,104.39,Venda
SKU_1765_PAS,25/07/2025,Atacado,3,779.7,383.4,132.1,Venda
SKU_1768_PEA,25/07/2025,Varejo,2,1249.8,476.0,386.9,Venda
SKU_1748_BAB,25/07/2025,Atacado,3,929.7,391.74,179.32,Venda
SKU_1744_LIG,25/07/2025,Varejo,1,264.9,121.51,143.39,Venda
SKU_1776_BIR,25/07/2025,E-commerce,1,329.9,131.74,198.16,Venda
SKU_1728_EGR,25/07/2025,Atacado,2,659.8,316.2,171.8,Venda
SKU_1683_SHO,25/07/2025,Varejo,3,944.7,464.28,160.14,Venda
SKU_1723_COB,25/07/2025,Atacado,6,2609.4,1255.74,225.61,Venda
SKU_1745_FOR,25/07/2025,Varejo,3,1229.7,375.15,284.85,Venda
SKU_1687_FOR,25/07/2025,Atacado,6,5399.4,2657.76,456.94,Venda
SKU_1441_COB,25/07/2025,Atacado,10,11549.0,5876.1,567.29,Venda
SKU_1724_PIN,25/07/2025,Atacado,5,5574.5,2488.25,617.25,Venda
SKU_1749_BIR,25/07/2025,Atacado,6,2099.4,1005.48,182.32,Venda
SKU_1798_MOS,25/07/2025,E-commerce,1,419.9,199.93,219.97,Venda
SKU_1748_COB,25/07/2025,Varejo,1,309.9,111.85,198.05,Venda
SKU_1799_DEN,25/07/2025,Atacado,5,1349.5,611.45,147.61,Venda
SKU_1512_MYS,25/07/2025,Varejo,2,449.8,218.8,115.5,Venda
SKU_1486_PAL,25/07/2025,E-commerce,1,289.9,104.3,185.6,Venda
SKU_1732_WHI,25/07/2025,Atacado,3,3344.7,1473.06,623.88,Venda
SKU_1487_CLE,25/07/2025,E-commerce,3,1004.7,421.14,194.52,Venda
SKU_1787_BAB,25/07/2025,Varejo,2,579.8,244.02,167.89,Venda
SKU_1615_SHO,25/07/2025,Varejo,1,464.9,141.39,323.51,Venda
SKU_1678_LIG,25/07/2025,Atacado,6,4289.4,2231.1,343.05,Venda
SKU_1688_LIG,25/07/2025,Atacado,5,2149.5,1018.75,226.15,Venda
SKU_1609_LIM,25/07/2025,Varejo,1,269.9,96.88,173.02,Venda
SKU_1735_COR,25/07/2025,Atacado,8,2159.2,1127.76,128.93,Venda
SKU_1712_MOS,25/07/2025,Atacado,5,899.5,413.15,97.27,Venda
SKU_1724_PEA,25/07/2025,Atacado,4,4459.6,2344.68,528.73,Venda
SKU_1786_POW,25/07/2025,Atacado,4,719.6,376.44,85.79,Venda
SKU_1732_WHI,25/07/2025,E-commerce,1,1114.9,443.12,671.78,Venda
SKU_2113_NAV,25/07/2025,Varejo,1,164.9,72.05,92.85,Venda
SKU_1795_RAS,25/07/2025,Atacado,3,899.7,424.2,158.5,Venda
SKU_1793_WHI,25/07/2025,Varejo,1,189.9,69.13,120.77,Venda
SKU_1737_DEE,25/07/2025,Varejo,1,769.9,295.1,474.8,Venda
SKU_1784_EGR,25/07/2025,Varejo,1,309.9,119.92,189.98,Venda
SKU_1818_EGR,25/07/2025,Varejo,3,614.7,279.45,111.75,Venda
SKU_1598_DUS,25/07/2025,Varejo,1,489.9,165.23,324.67,Venda
SKU_1636_LIG,25/07/2025,Atacado,5,2199.5,1000.45,239.81,Venda
SKU_1721_COR,25/07/2025,Varejo,1,419.9,161.74,258.16,Venda
SKU_2114_BIR,25/07/2025,E-commerce,1,389.9,132.54,257.36,Venda
SKU_1750_SNO,25/07/2025,Varejo,1,369.9,127.44,242.46,Venda
SKU_1785_PAS,25/07/2025,E-commerce,1,244.9,104.26,140.64,Venda
SKU_1531_SNO,25/07/2025,Varejo,1,549.9,233.62,316.28,Venda
SKU_1781_AQU,25/07/2025,Atacado,2,259.8,135.64,62.08,Venda
SKU_1475_MIN,25/07/2025,Atacado,5,1249.5,632.45,123.41,Venda
SKU_1453_PRI,25/07/2025,Atacado,3,704.7,367.23,112.49,Venda
SKU_1476_WHI,25/07/2025,Atacado,4,1099.6,527.32,143.07,Venda
SKU_2115_CER,25/07/2025,Varejo,1,384.9,182.87,202.03,Venda
SKU_1682_BIR,25/07/2025,Atacado,4,939.6,408.2,132.85,Venda
SKU_1507_PAS,25/07/2025,E-commerce,1,179.9,56.16,123.74,Venda
SKU_1761_SAP,25/07/2025,Atacado,6,6629.4,3352.8,546.1,Venda
SKU_1770_JAD,25/07/2025,Atacado,4,879.6,429.64,112.49,Venda
SKU_1683_PAL,25/07/2025,E-commerce,1,314.9,154.58,160.32,Venda
SKU_1789_EME,25/07/2025,Atacado,6,1619.4,705.54,152.31,Venda
SKU_1801_FLA,25/07/2025,Atacado,5,1874.5,846.55,205.59,Venda
SKU_1706_BLA,25/07/2025,Atacado,6,1109.4,560.04,91.56,Venda
SKU_1772_BLU,25/07/2025,Atacado,3,1244.7,559.95,228.25,Venda
SKU_1682_OLI,25/07/2025,Atacado,6,1409.4,728.46,113.49,Venda
SKU_1782_HUN,25/07/2025,Atacado,5,1249.5,675.6,114.78,Venda
SKU_1524_BLU,25/07/2025,Atacado,6,2219.4,1103.82,185.93,Venda
SKU_1705_JAD,25/07/2025,Atacado,6,2459.4,1087.8,228.6,Venda
SKU_1555_RAS,25/07/2025,Atacado,4,759.6,383.2,94.1,Venda
SKU_1800_SKY,25/07/2025,Varejo,1,279.9,128.17,151.73,Venda
SKU_1714_DEE,25/07/2025,Atacado,5,1524.5,665.95,171.71,Venda
SKU_1739_AQU,25/07/2025,Varejo,1,254.9,81.45,173.45,Venda
SKU_1567_PRI,25/07/2025,Atacado,3,2069.7,1230.21,279.83,Venda
SKU_1633_SER,25/07/2025,Atacado,3,704.7,397.83,102.29,Venda
SKU_1640_TEA,25/07/2025,Atacado,3,659.7,349.32,103.46,Venda
SKU_1777_TUR,25/07/2025,Atacado,10,2399.0,1139.6,125.94,Venda
SKU_2001_DEN,25/07/2025,Atacado,6,2309.4,1123.2,197.7,Venda
SKU_1708_FLA,25/07/2025,Atacado,8,1359.2,699.68,82.44,Venda
SKU_1731_ARM,25/07/2025,Atacado,10,9099.0,4748.9,435.01,Venda
SKU_1873_BAB,25/07/2025,Atacado,3,1349.7,711.75,212.65,Venda
SKU_1792_MIN,25/07/2025,Atacado,10,4399.0,2417.3,198.17,Venda
SKU_1689_IVO,25/07/2025,Varejo,1,964.9,345.15,619.75,Venda
SKU_1775_PAS,25/07/2025,Atacado,8,2239.2,1132.32,138.36,Venda
SKU_1735_MOS,25/07/2025,Varejo,2,539.8,184.62,177.59,Venda
SKU_1768_PEA,25/07/2025,Atacado,5,3124.5,1707.5,283.4,Venda
SKU_1422_MIN,25/07/2025,E-commerce,1,314.9,105.16,209.74,Venda
SKU_1681_OFF,25/07/2025,Atacado,4,939.6,428.0,127.9,Venda
SKU_1762_DEN,25/07/2025,Varejo,1,254.9,79.08,175.82,Venda
SKU_1767_FUC,25/07/2025,Atacado,6,1229.4,638.1,98.55,Venda
SKU_1592_CER,25/07/2025,Varejo,1,209.9,72.18,137.72,Venda
SKU_1714_MID,25/07/2025,Varejo,1,304.9,103.95,200.95,Venda
SKU_1787_BAB,25/07/2025,E-commerce,1,289.9,91.97,197.93,Venda
SKU_1748_BAB,25/07/2025,Atacado,10,3099.0,1411.9,168.71,Venda
SKU_2030_SER,25/07/2025,Varejo,3,1034.7,416.34,206.12,Venda
SKU_1414_DUS,25/07/2025,Varejo,1,339.9,128.72,211.18,Venda
SKU_1715_HON,25/07/2025,Varejo,1,219.9,89.1,130.8,Venda
SKU_1703_PAS,25/07/2025,Varejo,1,269.9,85.72,184.18,Venda
SKU_1711_ARM,25/07/2025,Atacado,10,9949.0,4192.9,575.61,Venda
SKU_1716_SAL,25/07/2025,Varejo,1,164.9,72.91,91.99,Venda
SKU_1690_MAG,25/07/2025,E-commerce,1,539.9,171.24,368.66,Venda
SKU_1766_CLE,25/07/2025,Varejo,3,1184.7,573.15,203.85,Venda
SKU_1785_HUN,25/07/2025,Varejo,1,244.9,113.2,131.7,Venda
SKU_1755_BIR,25/07/2025,E-commerce,1,334.9,126.18,208.72,Venda
SKU_1733_NAV,25/07/2025,Atacado,5,1749.5,812.0,187.5,Venda
SKU_1448_SKY,25/07/2025,E-commerce,2,359.8,170.7,94.55,Venda
SKU_1767_FUC,25/07/2025,E-commerce,1,204.9,62.72,142.18,Venda
SKU_1778_TEA,25/07/2025,Atacado,5,1424.5,741.65,136.57,Venda
SKU_1731_ARM,25/07/2025,Varejo,1,909.9,393.06,516.84,Venda
SKU_1712_NAV,25/07/2025,Varejo,1,179.9,63.93,115.97,Venda
SKU_1764_FUC,25/07/2025,Atacado,4,939.6,423.16,129.11,Venda
SKU_1390_PAS,25/07/2025,E-commerce,1,229.9,88.45,141.45,Venda
SKU_1400_PAL,25/07/2025,Varejo,1,209.9,93.27,116.63,Venda
SKU_1689_IVO,25/07/2025,Atacado,5,4824.5,2427.1,479.48,Venda
SKU_1743_DEE,25/07/2025,Atacado,10,4399.0,2069.4,232.96,Venda
SKU_1779_MIN,25/07/2025,E-commerce,1,214.9,79.84,135.06,Venda
SKU_1792_MIN,25/07/2025,Atacado,4,1759.6,852.04,226.89,Venda
SKU_1748_BAB,25/07/2025,Atacado,4,1239.6,622.68,154.23,Venda
SKU_1789_SNO,25/07/2025,Varejo,1,269.9,98.95,170.95,Venda
SKU_1719_OFF,25/07/2025,Varejo,1,319.9,118.08,201.82,Venda
SKU_1564_BLA,25/07/2025,Varejo,1,589.9,225.43,364.47,Venda
SKU_1719_WHI,25/07/2025,Atacado,10,3199.0,1522.2,167.68,Venda
SKU_1647_ARM,25/07/2025,Varejo,1,339.9,160.45,179.45,Venda
SKU_2080_FLA,25/07/2025,Varejo,1,239.9,83.2,156.7,Venda
SKU_1632_SAP,25/07/2025,Atacado,10,1849.0,850.7,99.83,Venda
SKU_1788_MYS,25/07/2025,E-commerce,2,499.8,181.24,159.28,Venda
SKU_1450_MAG,25/07/2025,Varejo,1,409.9,132.65,277.25,Venda
SKU_1740_FRE,25/07/2025,E-commerce,1,214.9,75.81,139.09,Venda
SKU_1790_ROY,25/07/2025,Atacado,4,1039.6,565.56,118.51,Venda
SKU_1740_FRE,25/07/2025,Varejo,1,214.9,92.0,122.9,Venda
SKU_1694_SER,25/07/2025,E-commerce,1,279.9,85.33,194.57,Venda
SKU_1759_CLE,25/07/2025,Varejo,1,269.9,125.38,144.52,Venda
SKU_1557_TUR,25/07/2025,Atacado,6,1199.4,505.92,115.58,Venda
SKU_1777_TUR,25/07/2025,Varejo,4,959.6,335.84,155.94,Venda
SKU_1737_DEE,25/07/2025,Varejo,1,769.9,280.77,489.13,Venda
SKU_1697_PIS,25/07/2025,Atacado,6,1319.4,555.84,127.26,Venda
SKU_1772_BLU,25/07/2025,Varejo,3,1244.7,545.31,233.13,Venda
SKU_1727_LIG,25/07/2025,Atacado,2,309.8,171.12,69.34,Venda
SKU_1714_DEE,25/07/2025,Atacado,12,3658.8,1647.24,167.63,Venda
SKU_1703_BLU,25/07/2025,Atacado,6,1619.4,844.26,129.19,Venda
SKU_1412_SHO,25/07/2025,E-commerce,2,1789.8,642.64,573.58,Venda
SKU_1702_COR,25/07/2025,Varejo,1,619.9,245.37,374.53,Venda
SKU_1501_OLI,25/07/2025,Atacado,8,1359.2,635.44,90.47,Venda
SKU_1705_JAD,25/07/2025,Varejo,2,819.8,306.38,256.71,Venda
SKU_1789_SNO,25/07/2025,Atacado,8,2159.2,1102.64,132.07,Venda
SKU_1870_AQU,25/07/2025,Atacado,4,919.6,464.44,113.79,Venda
SKU_1781_CLE,25/07/2025,Atacado,5,649.5,293.7,71.16,Venda
SKU_1746_EME,25/07/2025,Varejo,4,719.6,224.84,123.69,Venda
SKU_1756_FLA,25/07/2025,E-commerce,3,539.7,223.41,105.43,Venda
SKU_1701_SPA,25/07/2025,Atacado,8,2719.2,1434.08,160.64,Venda
SKU_1784_EGR,25/07/2025,Atacado,12,3718.8,1799.76,159.92,Venda
SKU_1792_AQU,25/07/2025,Atacado,3,1319.7,595.14,241.52,Venda
SKU_1690_MYS,25/07/2025,Varejo,1,539.9,189.86,350.04,Venda
SKU_1702_COR,25/07/2025,Atacado,2,1239.8,629.02,305.39,Venda
SKU_2079_TUR,25/07/2025,Varejo,2,2139.8,821.46,659.17,Venda
SKU_1746_EME,25/07/2025,Atacado,4,719.6,369.52,87.52,Venda
SKU_1921_VAN,25/07/2025,Varejo,1,249.9,96.96,152.94,Venda
SKU_1737_DEE,25/07/2025,Varejo,1,769.9,373.64,396.26,Venda
SKU_1710_OLI,25/07/2025,Atacado,5,4049.5,1829.45,444.01,Venda
SKU_1825_MIN,25/07/2025,Varejo,1,174.9,65.79,109.11,Venda
SKU_1722_PAS,25/07/2025,Atacado,3,974.7,507.24,155.82,Venda
SKU_1687_WHI,25/07/2025,Varejo,1,899.9,424.03,475.87,Venda
SKU_1747_TEA,25/07/2025,Atacado,4,699.6,342.76,89.21,Venda
SKU_1743_DEE,25/07/2025,Atacado,5,2199.5,1171.5,205.6,Venda
SKU_1742_EME,25/07/2025,E-commerce,1,259.9,116.96,142.94,Venda
SKU_1486_OLI,25/07/2025,Varejo,1,289.9,111.38,178.52,Venda
SKU_1776_PAS,25/07/2025,Atacado,3,989.7,503.19,162.17,Venda
SKU_1748_COB,25/07/2025,Atacado,3,929.7,441.33,162.79,Venda
SKU_1738_ROY,25/07/2025,Varejo,1,194.9,74.79,120.11,Venda
SKU_1927_FUC,25/07/2025,Varejo,1,299.9,148.59,151.31,Venda
SKU_1740_OLI,25/07/2025,Atacado,12,2578.8,1142.16,119.72,Venda
SKU_1447_OLI,25/07/2025,E-commerce,1,239.9,117.33,122.57,Venda
SKU_1685_BIR,25/07/2025,Atacado,10,6649.0,2915.4,373.36,Venda
SKU_1632_SPA,25/07/2025,E-commerce,1,184.9,77.53,107.37,Venda
SKU_1475_MIN,25/07/2025,Varejo,1,249.9,124.76,125.14,Venda
SKU_1841_WHI,25/07/2025,E-commerce,1,144.9,62.21,82.69,Venda
SKU_1798_MOS,25/07/2025,Varejo,1,419.9,136.02,283.88,Venda
SKU_1565_BAB,25/07/2025,Varejo,3,1079.7,499.41,193.43,Venda
SKU_1490_EME,25/07/2025,E-commerce,1,314.9,151.75,163.15,Venda
SKU_1682_OLI,25/07/2025,Atacado,3,704.7,308.13,132.19,Venda
SKU_1788_MYS,25/07/2025,Atacado,4,999.6,427.6,143.0,Venda
SKU_1692_BLU,25/07/2025,Varejo,2,439.8,187.46,126.17,Venda
SKU_1607_MAR,25/07/2025,E-commerce,2,599.8,239.58,180.11,Venda
SKU_2033_RAS,25/07/2025,Varejo,1,309.9,98.46,211.44,Venda
SKU_1432_WHI,25/07/2025,Atacado,5,3599.5,1700.75,379.75,Venda
SKU_1694_PIS,25/07/2025,E-commerce,1,279.9,134.77,145.13,Venda
SKU_1681_OFF,25/07/2025,E-commerce,1,234.9,105.74,129.16,Venda
SKU_1694_SER,25/07/2025,Varejo,1,279.9,101.45,178.45,Venda
SKU_1765_PAS,25/07/2025,Varejo,3,779.7,343.74,145.32,Venda
SKU_1992_DEE,25/07/2025,Atacado,4,3699.6,1587.08,528.13,Venda
SKU_1787_BAB,25/07/2025,Atacado,6,1739.4,792.54,157.81,Venda
SKU_1448_SEA,25/07/2025,Varejo,1,179.9,56.38,123.52,Venda
SKU_1779_MIN,25/07/2025,Atacado,2,429.8,226.4,101.7,Venda
SKU_1799_POW,25/07/2025,Varejo,1,269.9,83.38,186.52,Venda
SKU_1776_BIR,25/07/2025,Varejo,2,659.8,291.02,184.39,Venda
SKU_1403_DUS,25/07/2025,Atacado,5,1924.5,953.0,194.3,Venda
SKU_1743_DEE,25/07/2025,Varejo,4,1759.6,866.96,223.16,Venda
SKU_1682_OLI,25/07/2025,Varejo,2,469.8,220.98,124.41,Venda
SKU_1593_LIG,25/07/2025,E-commerce,3,434.7,177.66,85.68,Venda
SKU_1603_PEA,25/07/2025,E-commerce,1,744.9,350.06,394.84,Venda
SKU_1932_COB,25/07/2025,E-commerce,1,194.9,71.75,123.15,Venda
SKU_1700_HUN,25/07/2025,E-commerce,2,1399.8,530.42,434.69,Venda
SKU_1709_MAR,25/07/2025,Atacado,3,629.7,270.03,119.89,Venda
SKU_1711_ARM,25/07/2025,Atacado,8,7959.2,4094.96,483.03,Venda
SKU_1710_OLI,25/07/2025,E-commerce,1,809.9,327.22,482.68,Venda
SKU_1728_MID,25/07/2025,Varejo,1,329.9,136.78,193.12,Venda
SKU_1700_HUN,25/07/2025,Atacado,8,5599.2,2997.28,325.24,Venda
SKU_1794_LIG,25/07/2025,Atacado,6,1259.4,603.72,109.28,Venda
SKU_1683_PAL,25/07/2025,Atacado,8,2519.2,1226.88,161.54,Venda
SKU_1402_WHI,25/07/2025,Varejo,1,234.9,87.31,147.59,Venda
SKU_1389_BAB,25/07/2025,Atacado,6,839.4,484.92,59.08,Venda
SKU_1705_SER,25/07/2025,Varejo,1,409.9,126.1,283.8,Venda
SKU_1675_CRE,25/07/2025,Atacado,10,7649.0,3702.1,394.69,Venda
SKU_1778_MIN,25/07/2025,E-commerce,1,284.9,97.83,187.07,Venda
SKU_1862_PIN,25/07/2025,Atacado,4,899.6,436.92,115.67,Venda
SKU_1772_SNO,25/07/2025,Atacado,5,2074.5,919.8,230.94,Venda
SKU_1522_BIR,25/07/2025,Atacado,3,449.7,232.02,72.56,Venda
SKU_1651_PAS,25/07/2025,E-commerce,2,529.8,200.84,164.48,Venda
SKU_1868_ARM,25/07/2025,Atacado,4,3159.6,1478.92,420.17,Venda
SKU_1774_COB,25/07/2025,Atacado,2,409.8,211.92,98.94,Venda
SKU_1841_LIM,25/07/2025,Atacado,3,434.7,230.19,68.17,Venda
SKU_1755_AQU,25/07/2025,Atacado,5,1674.5,765.75,181.75,Venda
SKU_1766_CLE,25/07/2025,Varejo,3,1184.7,383.22,267.16,Venda
SKU_2043_WHI,25/07/2025,E-commerce,2,699.8,252.98,223.41,Venda
SKU_1607_MAR,25/07/2025,E-commerce,1,299.9,119.61,180.29,Venda
SKU_1466_SAP,25/07/2025,Varejo,1,269.9,120.28,149.62,Venda
SKU_1400_FOR,25/07/2025,Atacado,3,629.7,355.98,91.24,Venda
SKU_1999_SKY,25/07/2025,Atacado,2,469.8,211.64,129.08,Venda
SKU_1414_CLO,25/07/2025,Varejo,1,339.9,161.12,178.78,Venda
SKU_1926_SHO,25/07/2025,Atacado,8,2159.2,1025.28,141.74,Venda
SKU_2096_SNO,25/07/2025,Atacado,12,3118.8,1505.64,134.43,Venda
SKU_1742_EME,25/07/2025,Atacado,5,1299.5,625.4,134.82,Venda
SKU_1567_POW,25/07/2025,Varejo,1,689.9,311.41,378.49,Venda
SKU_1713_SNO,25/07/2025,Varejo,2,1009.8,387.52,311.14,Venda
SKU_1687_WHI,25/07/2025,Atacado,6,5399.4,2670.0,454.9,Venda
SKU_1536_FRE,25/07/2025,Atacado,6,2069.4,986.52,180.48,Venda
SKU_1759_CLE,25/07/2025,Atacado,3,809.7,411.45,132.75,Venda
SKU_1782_NAV,25/07/2025,Atacado,2,499.8,277.84,110.98,Venda
SKU_1946_PEA,25/07/2025,Varejo,1,404.9,152.08,252.82,Venda
SKU_1535_NAV,25/07/2025,Atacado,5,1524.5,651.45,174.61,Venda
SKU_1753_WHI,25/07/2025,E-commerce,1,789.9,297.44,492.46,Venda
SKU_1643_EGR,25/07/2025,Atacado,5,1124.5,587.5,107.4,Venda
SKU_1797_GAR,25/07/2025,Varejo,2,759.8,264.3,247.75,Venda
SKU_1734_FRE,25/07/2025,Varejo,1,349.9,106.5,243.4,Venda
SKU_1767_PRI,25/07/2025,Atacado,3,614.7,261.3,117.8,Venda
SKU_1725_OFF,25/07/2025,Atacado,4,979.6,545.48,108.53,Venda
SKU_1793_WHI,25/07/2025,Atacado,10,1899.0,950.9,94.81,Venda
SKU_1423_JAD,25/07/2025,Varejo,1,1199.9,565.43,634.47,Venda
SKU_1667_MID,25/07/2025,Varejo,1,209.9,83.78,126.12,Venda
SKU_1797_BLU,25/07/2025,Varejo,1,379.9,177.7,202.2,Venda
SKU_1849_BAB,25/07/2025,Varejo,1,329.9,139.62,190.28,Venda
SKU_1569_PAS,25/07/2025,Atacado,2,439.8,220.08,109.86,Venda
SKU_1593_FUC,25/07/2025,Atacado,3,434.7,216.45,72.75,Venda
SKU_1693_MEX,25/07/2025,Atacado,6,1229.4,680.52,91.48,Venda
SKU_1769_EME,25/07/2025,Atacado,2,649.8,303.24,173.28,Venda
SKU_1702_LIG,25/07/2025,Atacado,4,2479.6,1304.16,293.86,Venda
SKU_1707_SAP,25/07/2025,Atacado,6,1679.4,780.78,149.77,Venda
SKU_1703_BLU,25/07/2025,E-commerce,1,269.9,129.69,140.21,Venda
SKU_1396_FUC,25/07/2025,Varejo,2,269.8,84.18,92.81,Venda
SKU_1794_FLA,25/07/2025,E-commerce,1,209.9,80.59,129.31,Venda
SKU_1398_AQU,25/07/2025,Atacado,8,5399.2,2778.4,327.6,Venda
SKU_1692_BLU,25/07/2025,Atacado,3,659.7,332.31,109.13,Venda
SKU_1755_BIR,25/07/2025,Atacado,3,1004.7,577.11,142.53,Venda
SKU_1773_OLI,25/07/2025,Atacado,2,649.8,340.82,154.49,Venda
SKU_1890_ROY,25/07/2025,Atacado,3,764.7,388.65,125.35,Venda
SKU_1764_FUC,25/07/2025,Varejo,1,234.9,95.08,139.82,Venda
SKU_1742_EME,25/07/2025,Atacado,4,1039.6,530.96,127.16,Venda
SKU_1784_BLA,25/07/2025,Atacado,8,2479.2,1128.08,168.89,Venda
SKU_1505_SNO,25/07/2025,Varejo,1,234.9,98.74,136.16,Venda
SKU_1688_WHI,25/07/2025,Atacado,6,2579.4,1268.28,218.52,Venda
SKU_1394_EME,25/07/2025,E-commerce,1,469.9,152.43,317.47,Venda
SKU_1462_OFF,25/07/2025,Varejo,1,364.9,109.52,255.38,Venda
SKU_1793_WHI,25/07/2025,Varejo,1,189.9,64.51,125.39,Venda
SKU_1669_COR,25/07/2025,Atacado,6,1199.4,534.18,110.87,Venda
SKU_1705_SER,25/07/2025,Atacado,6,2459.4,1134.84,220.76,Venda
SKU_1740_OLI,25/07/2025,Atacado,10,2149.0,928.6,122.04,Venda
SKU_1714_MID,25/07/2025,Atacado,4,1219.6,673.52,136.52,Venda
SKU_1621_FUC,25/07/2025,E-commerce,2,469.8,228.64,120.58,Venda
SKU_1769_WHI,25/07/2025,Atacado,3,974.7,435.75,179.65,Venda
SKU_1800_SKY,25/07/2025,Atacado,4,1119.6,518.8,150.2,Venda
SKU_1439_SHO,25/07/2025,E-commerce,1,184.9,90.97,93.93,Venda
SKU_1779_MIN,25/07/2025,Varejo,1,214.9,83.6,131.3,Venda
SKU_1715_JAD,25/07/2025,Varejo,1,219.9,75.88,144.02,Venda
SKU_1730_OFF,25/07/2025,Atacado,8,2559.2,1211.84,168.42,Venda
SKU_1776_BIR,25/07/2025,Atacado,6,1979.4,911.76,177.94,Venda
SKU_1690_MYS,25/07/2025,Atacado,4,2159.6,1173.64,246.49,Venda
SKU_1416_AQU,25/07/2025,Varejo,1,279.9,124.96,154.94,Venda
SKU_1757_TUR,25/07/2025,Atacado,4,1059.6,665.96,98.41,Venda
SKU_1616_SER,25/07/2025,Atacado,8,8199.2,4143.44,506.97,Venda
SKU_1441_COB,25/07/2025,Atacado,6,6929.4,2996.28,655.52,Venda
SKU_1740_OLI,25/07/2025,Varejo,1,214.9,76.75,138.15,Venda
SKU_1696_SHO,25/07/2025,Atacado,8,2239.2,972.24,158.37,Venda
SKU_1743_DEE,25/07/2025,Varejo,1,439.9,139.46,300.44,Venda
SKU_1493_CLO,25/07/2025,Atacado,6,1979.4,1038.42,156.83,Venda
SKU_1735_COR,25/07/2025,Varejo,1,269.9,124.39,145.51,Venda
SKU_1668_DEN,25/07/2025,Atacado,10,2699.0,1299.6,139.94,Venda
SKU_1743_DEE,25/07/2025,Varejo,3,1319.7,421.11,299.53,Venda
SKU_1692_OLI,25/07/2025,Atacado,5,1099.5,572.1,105.48,Venda
SKU_1971_PIN,25/07/2025,Atacado,10,8299.0,3868.6,443.04,Venda
SKU_1753_WHI,25/07/2025,E-commerce,1,789.9,390.26,399.64,Venda
SKU_2087_CER,25/07/2025,Atacado,6,1499.4,687.18,135.37,Venda
SKU_1724_PIN,25/07/2025,Varejo,1,1114.9,340.74,774.16,Venda
SKU_1750_SNO,25/07/2025,Atacado,3,1109.7,524.55,195.05,Venda
SKU_1949_SKY,25/07/2025,E-commerce,1,164.9,55.14,109.76,Venda
SKU_1700_PIS,25/07/2025,Varejo,1,699.9,227.65,472.25,Venda
SKU_1800_MOS,25/07/2025,Atacado,5,1399.5,750.6,129.78,Venda
SKU_1647_ARM,25/07/2025,Varejo,2,679.8,258.54,210.63,Venda
SKU_1734_FRE,25/07/2025,Atacado,6,2099.4,1175.34,154.01,Venda
SKU_1750_SNO,25/07/2025,E-commerce,1,369.9,111.27,258.63,Venda
SKU_1731_ARM,25/07/2025,Varejo,3,2729.7,1042.83,562.29,Venda
SKU_1438_DEE,25/07/2025,E-commerce,1,204.9,91.1,113.8,Venda
SKU_1413_JAD,25/07/2025,E-commerce,2,369.8,115.78,127.01,Venda
SKU_1554_PIS,25/07/2025,Atacado,8,8279.2,3666.32,576.61,Venda
SKU_1500_PAS,25/07/2025,Varejo,1,259.9,98.29,161.61,Venda
SKU_1772_BLU,25/07/2025,Atacado,10,4149.0,2069.8,207.92,Venda
SKU_1789_EME,25/07/2025,Varejo,1,269.9,81.78,188.12,Venda
SKU_1448_SKY,25/07/2025,Atacado,10,1799.0,920.7,87.83,Venda
SKU_1467_OLI,25/07/2025,Atacado,10,2049.0,1032.4,101.66,Venda
SKU_1792_AQU,25/07/2025,E-commerce,1,439.9,181.18,258.72,Venda
SKU_1530_HON,25/07/2025,Varejo,1,129.9,63.06,66.84,Venda
SKU_1691_ROS,25/07/2025,Varejo,2,619.8,193.68,213.06,Venda
SKU_1751_MIN,25/07/2025,Varejo,1,329.9,129.11,200.79,Venda
SKU_1512_TEA,25/07/2025,Varejo,1,224.9,73.26,151.64,Venda
SKU_1678_MAG,25/07/2025,E-commerce,1,714.9,256.03,458.87,Venda
SKU_1699_CLO,25/07/2025,E-commerce,1,329.9,107.07,222.83,Venda
SKU_1401_BLU,25/07/2025,Atacado,6,1439.4,716.34,120.51,Venda
SKU_1771_PIN,25/07/2025,Varejo,1,264.9,85.63,179.27,Venda
SKU_1746_NAV,25/07/2025,Atacado,4,719.6,331.96,96.91,Venda
SKU_1740_FRE,25/07/2025,Varejo,1,214.9,69.84,145.06,Venda
SKU_1787_BAB,25/07/2025,E-commerce,1,289.9,100.98,188.92,Venda
SKU_1466_PRI,25/07/2025,E-commerce,1,269.9,129.07,140.83,Venda
SKU_1752_SPA,25/07/2025,Varejo,1,429.9,158.8,271.1,Venda
SKU_1983_GAR,25/07/2025,Atacado,3,674.7,339.54,111.72,Venda
SKU_1799_DEN,25/07/2025,E-commerce,1,269.9,100.02,169.88,Venda
SKU_1554_SKY,25/07/2025,Varejo,1,1034.9,509.49,525.41,Venda
SKU_1780_AQU,25/07/2025,Atacado,3,1004.7,514.89,163.27,Venda
SKU_1480_MEX,25/07/2025,E-commerce,1,369.9,124.05,245.85,Venda
SKU_1728_EGR,25/07/2025,Atacado,10,3299.0,1568.5,173.05,Venda
SKU_1762_DEN,25/07/2025,Varejo,1,254.9,101.33,153.57,Venda
SKU_1741_PEA,25/07/2025,Atacado,4,959.6,500.36,114.81,Venda
SKU_1786_POW,25/07/2025,Atacado,12,2158.8,1025.64,94.43,Venda
SKU_1780_AQU,25/07/2025,Atacado,4,1339.6,761.76,144.46,Venda
SKU_1689_IVO,25/07/2025,Varejo,2,1929.8,905.32,512.24,Venda
SKU_1507_FLA,25/07/2025,Atacado,10,1799.0,982.6,81.64,Venda
SKU_1685_BIR,25/07/2025,Atacado,4,2659.6,1433.64,306.49,Venda
SKU_1714_MID,25/07/2025,Atacado,8,2439.2,1103.68,166.94,Venda
SKU_1800_MOS,25/07/2025,E-commerce,1,279.9,133.88,146.02,Venda
SKU_2103_RAS,25/07/2025,Varejo,3,1409.7,613.44,265.42,Venda
SKU_1681_OFF,25/07/2025,Varejo,1,234.9,112.56,122.34,Venda
SKU_1780_LIG,25/07/2025,E-commerce,1,334.9,151.24,183.66,Venda
SKU_1681_PIS,25/07/2025,Varejo,1,234.9,92.91,141.99,Venda
SKU_1999_SKY,25/07/2025,Atacado,4,939.6,529.64,102.49,Venda
SKU_1675_DEN,25/07/2025,Atacado,4,3059.6,1325.36,433.56,Venda
SKU_1769_EME,25/07/2025,Atacado,6,1949.4,1126.26,137.19,Venda
SKU_1791_ARM,25/07/2025,Atacado,4,1059.6,602.92,114.17,Venda
SKU_1777_TUR,25/07/2025,E-commerce,2,479.8,182.32,148.74,Venda
SKU_1726_BUB,25/07/2025,Atacado,10,4299.0,2357.3,194.17,Venda
SKU_1765_PAS,25/07/2025,Atacado,3,779.7,479.34,100.12,Venda
SKU_1582_WHI,25/07/2025,Varejo,1,229.9,99.1,130.8,Venda
SKU_1719_OFF,25/07/2025,Varejo,1,319.9,136.86,183.04,Venda
SKU_1780_LIG,25/07/2025,Atacado,10,3349.0,1915.6,143.34,Venda
SKU_1794_LIG,25/07/2025,Atacado,8,1679.2,879.2,100.0,Venda
SKU_2105_LIG,25/07/2025,Varejo,1,339.9,115.21,224.69,Venda
SKU_1693_MEX,25/07/2025,Atacado,4,819.6,395.12,106.12,Venda
SKU_1729_FUC,25/07/2025,Atacado,6,1049.4,515.52,88.98,Venda
SKU_1526_POW,25/07/2025,Atacado,3,509.7,241.5,89.4,Venda
SKU_1696_SER,25/07/2025,E-commerce,1,279.9,124.43,155.47,Venda
SKU_1483_POW,25/07/2025,Atacado,3,974.7,413.79,186.97,Venda
SKU_1680_NAV,25/07/2025,Atacado,2,669.8,349.12,160.34,Venda
SKU_1774_COB,25/07/2025,Varejo,1,204.9,70.87,134.03,Venda
SKU_1680_NAV,25/07/2025,E-commerce,1,334.9,122.19,212.71,Venda
SKU_1783_EGR,25/07/2025,E-commerce,1,1199.9,383.81,816.09,Venda
SKU_1776_PAS,25/07/2025,Atacado,5,1649.5,864.2,157.06,Venda
SKU_1757_PIN,25/07/2025,Atacado,3,794.7,359.04,145.22,Venda
SKU_1756_BUB,25/07/2025,E-commerce,1,179.9,60.02,119.88,Venda
SKU_1689_IVO,25/07/2025,E-commerce,1,964.9,419.66,545.24,Venda
SKU_1718_DUS,25/07/2025,Atacado,10,3699.0,1869.1,182.99,Venda
SKU_1514_PEA,25/07/2025,Atacado,10,8299.0,3659.4,463.96,Venda
SKU_1734_BRI,25/07/2025,Varejo,1,349.9,120.04,229.86,Venda
SKU_2082_PAS,25/07/2025,Varejo,1,509.9,206.18,303.72,Venda
SKU_1785_HUN,25/07/2025,E-commerce,1,244.9,105.79,139.11,Venda
SKU_1664_MIN,25/07/2025,Varejo,2,659.8,315.76,172.02,Venda
SKU_1541_AQU,25/07/2025,Varejo,1,674.9,305.18,369.72,Venda
SKU_1759_COB,25/07/2025,Atacado,10,2699.0,1207.9,149.11,Venda
SKU_1741_PEA,25/07/2025,Atacado,3,719.7,375.78,114.64,Venda
SKU_1471_LIG,25/07/2025,Atacado,5,1024.5,511.95,102.51,Venda
SKU_1762_DEN,25/07/2025,Varejo,1,254.9,82.74,172.16,Venda
SKU_1713_SAL,25/07/2025,Varejo,1,504.9,171.91,332.99,Venda
SKU_1685_COB,25/07/2025,Varejo,1,664.9,307.1,357.8,Venda
SKU_1720_PAS,25/07/2025,Varejo,2,449.8,180.88,134.46,Venda
SKU_1733_SAG,25/07/2025,Atacado,3,1049.7,488.58,187.04,Venda
SKU_1612_PAL,25/07/2025,Atacado,5,1649.5,767.6,176.38,Venda
SKU_1753_PAL,25/07/2025,E-commerce,1,789.9,382.56,407.34,Venda
SKU_1681_PIS,25/07/2025,Varejo,1,234.9,83.73,151.17,Venda
SKU_1698_PRI,25/07/2025,Varejo,3,1259.7,513.6,248.7,Venda
SKU_1697_MIN,25/07/2025,E-commerce,3,659.7,245.46,138.08,Venda
SKU_1832_MIN,25/07/2025,E-commerce,1,294.9,128.03,166.87,Venda
SKU_1795_HUN,25/07/2025,Atacado,12,3598.8,1767.12,152.64,Venda
SKU_1735_MOS,25/07/2025,Atacado,2,539.8,302.12,118.84,Venda
SKU_1994_LIM,25/07/2025,Varejo,1,269.9,113.23,156.67,Venda
SKU_1522_BIR,25/07/2025,Varejo,1,149.9,51.95,97.95,Venda
SKU_1760_PAS,25/07/2025,Atacado,3,749.7,377.67,124.01,Venda
SKU_1434_ARM,25/07/2025,Atacado,3,629.7,296.85,110.95,Venda
SKU_1746_EME,25/07/2025,Varejo,1,179.9,73.53,106.37,Venda
SKU_1782_NAV,25/07/2025,Varejo,1,249.9,83.44,166.46,Venda
SKU_1756_FLA,25/07/2025,Varejo,1,179.9,59.47,120.43,Venda
SKU_1685_COB,25/07/2025,Atacado,2,1329.8,618.5,355.65,Venda
SKU_1792_MIN,25/07/2025,Atacado,5,2199.5,1361.0,167.7,Venda
SKU_1752_SNO,25/07/2025,Atacado,4,1719.6,875.72,210.97,Venda
SKU_1797_BLU,25/07/2025,Varejo,2,759.8,288.38,235.71,Venda
SKU_1476_CLO,25/07/2025,Varejo,1,274.9,127.71,147.19,Venda
SKU_1710_MEX,25/07/2025,E-commerce,1,809.9,260.89,549.01,Venda
SKU_1766_MYS,25/07/2025,Atacado,10,3949.0,2072.1,187.69,Venda
SKU_1743_DEE,25/07/2025,E-commerce,1,439.9,142.09,297.81,Venda
SKU_1747_FUC,25/07/2025,Atacado,3,524.7,251.31,91.13,Venda
SKU_1752_SPA,25/07/2025,Varejo,1,429.9,161.0,268.9,Venda
SKU_1630_SNO,25/07/2025,Atacado,5,1674.5,786.75,177.55,Venda
SKU_1754_IVO,25/07/2025,Varejo,1,339.9,144.0,195.9,Venda
SKU_1418_CLE,25/07/2025,Atacado,3,2534.7,1123.41,470.43,Venda
SKU_1502_PEA,25/07/2025,Atacado,6,1259.4,542.76,119.44,Venda
SKU_1738_ROY,25/07/2025,Varejo,1,194.9,80.87,114.03,Venda
SKU_1765_MYS,25/07/2025,E-commerce,1,259.9,117.49,142.41,Venda
SKU_1703_BLU,25/07/2025,Varejo,2,539.8,209.3,165.25,Venda
SKU_1710_MEX,25/07/2025,Varejo,1,809.9,287.97,521.93,Venda
SKU_1771_EME,25/07/2025,Varejo,4,1059.6,327.32,183.07,Venda
SKU_1817_BUB,25/07/2025,E-commerce,3,659.7,229.05,143.55,Venda
SKU_1656_FUC,25/07/2025,Atacado,4,939.6,430.76,127.21,Venda
SKU_1750_SNO,25/07/2025,Atacado,8,2959.2,1775.44,147.97,Venda
SKU_1696_SHO,25/07/2025,E-commerce,1,279.9,124.31,155.59,Venda
SKU_1730_MIN,25/07/2025,E-commerce,2,639.8,277.08,181.36,Venda
SKU_1760_OFF,25/07/2025,Atacado,5,1249.5,582.5,133.4,Venda
SKU_1958_PAS,25/07/2025,Atacado,3,554.7,248.97,101.91,Venda
SKU_1690_MAG,25/07/2025,Varejo,1,539.9,258.79,281.11,Venda
SKU_1727_WHI,25/07/2025,Varejo,1,154.9,71.37,83.53,Venda
SKU_1532_BRI,25/07/2025,Varejo,1,979.9,403.65,576.25,Venda
SKU_1777_TUR,25/07/2025,Varejo,1,239.9,110.62,129.28,Venda
SKU_2106_HON,25/07/2025,Varejo,1,234.9,81.65,153.25,Venda
SKU_1746_NAV,25/07/2025,Varejo,1,179.9,64.02,115.88,Venda
SKU_1738_BLU,25/07/2025,Atacado,4,779.6,357.36,105.56,Venda
SKU_1712_MOS,25/07/2025,Varejo,1,179.9,82.09,97.81,Venda
SKU_1736_PAS,25/07/2025,E-commerce,1,324.9,155.14,169.76,Venda
SKU_1630_SNO,25/07/2025,E-commerce,1,334.9,158.53,176.37,Venda
SKU_1434_MIN,25/07/2025,Atacado,4,839.6,460.52,94.77,Venda
SKU_1702_LIG,25/07/2025,Atacado,5,3099.5,1694.5,281.0,Venda
SKU_1603_BUB,25/07/2025,Atacado,6,4469.4,2273.76,365.94,Venda
SKU_1471_LIG,25/07/2025,Varejo,1,204.9,98.03,106.87,Venda
SKU_1431_TEA,25/07/2025,Atacado,5,1849.5,864.05,197.09,Venda
SKU_1738_ROY,25/07/2025,Atacado,5,974.5,412.05,112.49,Venda
SKU_1685_BIR,25/07/2025,E-commerce,1,664.9,216.36,448.54,Venda
SKU_1692_OLI,25/07/2025,E-commerce,1,219.9,106.23,113.67,Venda
SKU_1645_MIN,25/07/2025,Atacado,3,1199.7,587.55,204.05,Venda
SKU_1462_MID,25/07/2025,Varejo,1,364.9,174.91,189.99,Venda
SKU_1684_SHO,25/07/2025,Varejo,1,184.9,73.22,111.68,Venda
SKU_1766_CLE,25/07/2025,E-commerce,1,394.9,175.74,219.16,Venda
SKU_1435_OLI,25/07/2025,Atacado,3,3029.7,1719.39,436.77,Venda
SKU_1752_SPA,25/07/2025,Varejo,1,429.9,144.24,285.66,Venda
SKU_1779_MIN,25/07/2025,Varejo,1,214.9,90.94,123.96,Venda
SKU_1772_SNO,25/07/2025,Varejo,1,414.9,191.07,223.83,Venda
SKU_1860_BLA,25/07/2025,E-commerce,2,639.8,213.92,212.94,Venda
SKU_1680_SEA,25/07/2025,Atacado,5,1674.5,793.65,176.17,Venda
SKU_1423_JAD,25/07/2025,Varejo,1,1199.9,412.31,787.59,Venda
SKU_1695_LIM,25/07/2025,Varejo,3,629.7,284.37,115.11,Venda
SKU_1532_BRI,25/07/2025,Atacado,8,7839.2,3749.76,511.18,Venda
SKU_1796_OLI,25/07/2025,Atacado,2,1009.8,551.18,229.31,Venda
SKU_1694_SER,25/07/2025,Varejo,1,279.9,91.96,187.94,Venda
SKU_1752_SNO,25/07/2025,Varejo,1,429.9,170.1,259.8,Venda
SKU_1790_EGR,25/07/2025,Varejo,2,519.8,258.96,130.42,Venda
SKU_1800_SKY,25/07/2025,Atacado,4,1119.6,498.8,155.2,Venda
SKU_1732_WHI,25/07/2025,Varejo,1,1114.9,400.78,714.12,Venda
SKU_1695_LIM,25/07/2025,Atacado,12,2518.8,1178.64,111.68,Venda
SKU_1755_BIR,25/07/2025,Atacado,6,2009.4,891.78,186.27,Venda
SKU_1504_EME,25/07/2025,Varejo,3,1019.7,436.26,194.48,Venda
SKU_1722_AQU,25/07/2025,Varejo,1,324.9,157.41,167.49,Venda
SKU_1736_PAS,25/07/2025,Atacado,4,1299.6,613.8,171.45,Venda
SKU_1775_PAS,25/07/2025,Atacado,4,1119.6,517.8,150.45,Venda
SKU_1794_FLA,25/07/2025,E-commerce,1,209.9,66.25,143.65,Venda
SKU_1795_HUN,25/07/2025,Atacado,4,1199.6,525.64,168.49,Venda
SKU_1681_OFF,25/07/2025,Varejo,1,234.9,113.63,121.27,Venda
SKU_1742_DEN,25/07/2025,Atacado,10,2599.0,1108.7,149.03,Venda
SKU_1755_BIR,25/07/2025,Varejo,3,1004.7,424.74,193.32,Venda
SKU_1737_DEE,25/07/2025,E-commerce,2,1539.8,482.9,528.45,Venda
SKU_1757_PIN,25/07/2025,Atacado,8,2119.2,893.04,153.27,Venda
SKU_1427_BLA,25/07/2025,Atacado,4,799.6,362.96,109.16,Venda
SKU_2041_MOS,25/07/2025,Varejo,1,219.9,81.78,138.12,Venda
SKU_1431_TEA,25/07/2025,Varejo,1,369.9,167.87,202.03,Venda
SKU_1731_ARM,25/07/2025,Varejo,2,1819.8,712.18,553.81,Venda
SKU_1783_EGR,25/07/2025,Atacado,3,3599.7,1601.46,666.08,Venda
SKU_1512_TEA,25/07/2025,Varejo,1,224.9,90.28,134.62,Venda
SKU_1683_PAL,25/07/2025,Varejo,2,629.8,296.66,166.57,Venda
SKU_1690_MYS,25/07/2025,Atacado,2,1079.8,503.42,288.19,Venda
SKU_1764_FUC,25/07/2025,Varejo,1,234.9,107.69,127.21,Venda
SKU_1623_SER,25/07/2025,Atacado,6,5489.4,2373.72,519.28,Venda
SKU_1777_TUR,25/07/2025,Atacado,6,1439.4,666.0,128.9,Venda
SKU_1908_MID,25/07/2025,Varejo,1,314.9,112.96,201.94,Venda
SKU_1749_SNO,25/07/2025,Atacado,5,1749.5,873.35,175.23,Venda
SKU_1767_PRI,25/07/2025,Varejo,1,204.9,69.56,135.34,Venda
SKU_1520_GAR,25/07/2025,Atacado,4,899.6,475.48,106.03,Venda
SKU_1764_FUC,25/07/2025,Varejo,1,234.9,94.59,140.31,Venda
SKU_1791_ARM,25/07/2025,Varejo,1,264.9,124.14,140.76,Venda
SKU_1797_GAR,25/07/2025,Varejo,1,379.9,185.33,194.57,Venda
SKU_1785_PAS,25/07/2025,Varejo,1,244.9,79.33,165.57,Venda
SKU_1716_SAL,25/07/2025,Atacado,2,329.8,164.02,82.89,Venda
SKU_1708_FRE,25/07/2025,Varejo,1,169.9,55.52,114.38,Venda
SKU_1577_FLA,25/07/2025,Varejo,3,479.7,145.2,111.5,Venda
SKU_1726_PAS,25/07/2025,Varejo,3,1289.7,592.14,232.52,Venda
SKU_1748_COB,25/07/2025,Varejo,1,309.9,122.85,187.05,Venda
SKU_1520_ROY,25/07/2025,E-commerce,2,449.8,204.18,122.81,Venda
SKU_1423_SAG,25/07/2025,Atacado,3,3599.7,1735.08,621.54,Venda
SKU_1550_IVO,25/07/2025,E-commerce,1,164.9,73.4,91.5,Venda
SKU_1698_SNO,25/07/2025,Varejo,1,419.9,176.31,243.59,Venda
SKU_1796_SHO,25/07/2025,Varejo,2,1009.8,348.68,330.56,Venda
SKU_1615_MOS,25/07/2025,Varejo,1,464.9,158.35,306.55,Venda
SKU_1772_BLU,25/07/2025,Atacado,3,1244.7,675.36,189.78,Venda
SKU_1567_PRI,25/07/2025,Atacado,6,4139.4,1859.46,379.99,Venda
SKU_1827_BUB,25/07/2025,Atacado,5,974.5,419.75,110.95,Venda
SKU_1585_BLA,25/07/2025,E-commerce,1,319.9,119.07,200.83,Venda
SKU_1919_PEA,25/07/2025,Varejo,1,679.9,223.31,456.59,Venda
SKU_1972_AQU,25/07/2025,Atacado,8,2759.2,1539.2,152.5,Venda
SKU_1788_MYS,25/07/2025,E-commerce,2,499.8,195.1,152.35,Venda
SKU_1732_WHI,25/07/2025,Atacado,10,11149.0,4746.3,640.27,Venda
SKU_1740_FRE,25/07/2025,Atacado,10,2149.0,975.9,117.31,Venda
SKU_1701_BLU,25/07/2025,Atacado,5,1699.5,971.25,145.65,Venda
SKU_1733_SAG,25/07/2025,Atacado,4,1399.6,720.76,169.71,Venda
SKU_1709_MAR,25/07/2025,Atacado,4,839.6,388.4,112.8,Venda
SKU_1785_PAS,25/07/2025,Varejo,1,244.9,81.08,163.82,Venda
SKU_1995_EME,25/07/2025,E-commerce,1,234.9,96.88,138.02,Venda
SKU_1913_PIS,25/07/2025,Atacado,5,974.5,422.0,110.5,Venda
SKU_1403_AQU,25/07/2025,E-commerce,1,384.9,170.13,214.77,Venda
SKU_1605_COR,25/07/2025,Varejo,1,219.9,105.82,114.08,Venda
SKU_1709_MAR,25/07/2025,Varejo,1,209.9,64.25,145.65,Venda
SKU_1773_FRE,25/07/2025,Atacado,4,1299.6,576.72,180.72,Venda
SKU_1720_PAS,25/07/2025,Varejo,1,224.9,103.0,121.9,Venda
SKU_1705_SER,25/07/2025,Varejo,1,409.9,146.93,262.97,Venda
SKU_1691_HUN,25/07/2025,Varejo,4,1239.6,550.08,172.38,Venda
SKU_1491_CER,25/07/2025,Atacado,4,539.6,267.72,67.97,Venda
SKU_1750_SNO,25/07/2025,Varejo,1,369.9,116.9,253.0,Venda
SKU_1801_FLA,25/07/2025,Varejo,1,374.9,155.77,219.13,Venda
SKU_1798_OFF,25/07/2025,Atacado,6,2519.4,1189.92,221.58,Venda
SKU_1686_MOS,25/07/2025,Atacado,6,1289.4,610.2,113.2,Venda
SKU_1725_OFF,25/07/2025,Atacado,2,489.8,258.52,115.64,Venda
SKU_1730_OFF,25/07/2025,Atacado,5,1599.5,761.45,167.61,Venda
SKU_1790_EGR,25/07/2025,Atacado,2,519.8,234.5,142.65,Venda
SKU_1689_IVO,25/07/2025,Atacado,6,5789.4,2818.68,495.12,Venda
SKU_1714_MID,25/07/2025,E-commerce,1,304.9,104.87,200.03,Venda
SKU_1733_SAG,25/07/2025,Atacado,6,2099.4,1072.74,171.11,Venda
SKU_1771_EME,25/07/2025,Atacado,3,794.7,404.04,130.22,Venda
SKU_1727_WHI,25/07/2025,Varejo,1,154.9,46.92,107.98,Venda
SKU_1691_ROS,25/07/2025,Atacado,4,1239.6,596.92,160.67,Venda
SKU_1535_NAV,25/07/2025,Varejo,1,304.9,100.44,204.46,Venda
SKU_1777_FRE,25/07/2025,Atacado,4,959.6,482.28,119.33,Venda
SKU_1690_MYS,25/07/2025,Varejo,1,539.9,190.29,349.61,Venda
SKU_1780_LIG,25/07/2025,E-commerce,1,334.9,165.18,169.72,Venda
SKU_1965_GAR,25/07/2025,E-commerce,1,234.9,97.36,137.54,Venda
SKU_1561_LIM,25/07/2025,Atacado,6,2099.4,1023.48,179.32,Venda
SKU_1785_HUN,25/07/2025,Varejo,1,244.9,86.56,158.34,Venda
SKU_1707_ARM,25/07/2025,Atacado,4,1119.6,500.6,154.75,Venda
SKU_1768_PEA,25/07/2025,Atacado,8,4999.2,2360.72,329.81,Venda
SKU_1713_SNO,25/07/2025,E-commerce,1,504.9,165.76,339.14,Venda
SKU_2104_PEA,25/07/2025,Varejo,1,224.9,106.03,118.87,Venda
SKU_1606_SEA,25/07/2025,Atacado,4,4339.6,1976.28,590.83,Venda
SKU_1404_SAP,25/07/2025,Atacado,4,4079.6,2159.04,480.14,Venda
SKU_1769_EME,25/07/2025,Atacado,6,1949.4,1046.04,150.56,Venda
SKU_1721_COR,25/07/2025,Atacado,3,1259.7,688.5,190.4,Venda
SKU_1767_FUC,25/07/2025,Varejo,1,204.9,62.66,142.24,Venda
SKU_1699_CLO,25/07/2025,Atacado,2,659.8,310.86,174.47,Venda
SKU_1631_BAL,25/07/2025,Varejo,1,179.9,71.78,108.12,Venda
SKU_1786_TEA,25/07/2025,Atacado,10,1799.0,947.4,85.16,Venda
SKU_1760_PAS,25/07/2025,Atacado,4,999.6,467.16,133.11,Venda
SKU_1554_PIS,25/07/2025,Atacado,6,6209.4,2999.1,535.05,Venda
SKU_1562_BLU,25/07/2025,Atacado,10,3099.0,1706.9,139.21,Venda
SKU_1795_RAS,25/07/2025,Atacado,5,1499.5,640.95,171.71,Venda
SKU_1713_SAL,25/07/2025,Varejo,1,504.9,191.71,313.19,Venda
SKU_1480_MEX,25/07/2025,Varejo,2,739.8,243.98,247.91,Venda
SKU_1393_SKY,25/07/2025,Varejo,2,619.8,282.46,168.67,Venda
SKU_1768_PEA,25/07/2025,Atacado,5,3124.5,1408.55,343.19,Venda
SKU_1756_BUB,25/07/2025,E-commerce,2,359.8,160.96,99.42,Venda
SKU_1720_PAL,25/07/2025,Varejo,1,224.9,109.6,115.3,Venda
SKU_1767_FUC,25/07/2025,Atacado,2,409.8,237.58,86.11,Venda
SKU_1733_NAV,25/07/2025,Varejo,2,699.8,346.6,176.6,Venda
SKU_1471_LIG,25/07/2025,Varejo,1,204.9,83.83,121.07,Venda
SKU_1715_HON,25/07/2025,Atacado,3,659.7,368.49,97.07,Venda
SKU_1778_TEA,25/07/2025,E-commerce,1,284.9,140.91,143.99,Venda
SKU_1725_BAB,25/07/2025,Varejo,1,244.9,96.13,148.77,Venda
SKU_1772_SNO,25/07/2025,Atacado,4,1659.6,779.52,220.02,Venda
SKU_2083_VAN,25/07/2025,Atacado,6,1409.4,733.98,112.57,Venda
SKU_1685_COB,25/07/2025,Atacado,8,5319.2,2376.16,367.88,Venda
SKU_1759_CLE,25/07/2025,Atacado,8,2159.2,1122.24,129.62,Venda
SKU_1690_MYS,25/07/2025,Atacado,3,1619.7,727.35,297.45,Venda
SKU_1709_MAR,25/07/2025,Atacado,5,1049.5,539.4,102.02,Venda
SKU_1760_OFF,25/07/2025,E-commerce,2,499.8,240.54,129.63,Venda
SKU_1636_SHO,25/07/2025,Varejo,1,439.9,145.43,294.47,Venda
SKU_1716_AQU,25/07/2025,Atacado,8,1319.2,628.64,86.32,Venda
SKU_2001_MAR,25/07/2025,E-commerce,1,384.9,165.21,219.69,Venda
SKU_1780_LIG,25/07/2025,Atacado,4,1339.6,669.24,167.59,Venda
SKU_1758_HON,25/07/2025,Varejo,2,359.8,178.54,90.63,Venda
SKU_1584_AQU,25/07/2025,Varejo,1,184.9,69.61,115.29,Venda
SKU_1631_BAL,25/07/2025,E-commerce,1,179.9,58.45,121.45,Venda
SKU_1742_EME,25/07/2025,Atacado,5,1299.5,569.25,146.05,Venda
SKU_1596_BIR,25/07/2025,E-commerce,1,274.9,82.82,192.08,Venda
SKU_1610_PRI,25/07/2025,Varejo,2,369.8,159.32,105.24,Venda
SKU_1788_MYS,25/07/2025,Varejo,1,249.9,104.26,145.64,Venda
SKU_1701_SPA,25/07/2025,Atacado,2,679.8,337.62,171.09,Venda
SKU_1757_PIN,25/07/2025,Atacado,8,2119.2,914.16,150.63,Venda
SKU_1681_PIS,25/07/2025,E-commerce,1,234.9,96.94,137.96,Venda
SKU_1764_MAR,25/07/2025,Varejo,3,704.7,299.91,134.93,Venda
SKU_1754_SER,25/07/2025,Atacado,5,1699.5,785.8,182.74,Venda
SKU_1696_SHO,25/07/2025,Atacado,3,839.7,388.2,150.5,Venda
SKU_1740_OLI,25/07/2025,Varejo,2,429.8,182.08,123.86,Venda
SKU_1691_ROS,25/07/2025,Atacado,4,1239.6,545.64,173.49,Venda
SKU_1638_SAP,25/07/2025,E-commerce,3,3419.7,1262.13,719.19,Venda
SKU_2034_PAS,25/07/2025,Atacado,8,1359.2,778.16,72.63,Venda
SKU_1759_COB,25/07/2025,Varejo,1,269.9,126.87,143.03,Venda
SKU_1643_PAS,25/07/2025,E-commerce,3,674.7,292.05,127.55,Venda
SKU_1755_BIR,25/07/2025,Atacado,6,2009.4,917.64,181.96,Venda
SKU_1686_MOS,25/07/2025,Varejo,1,214.9,96.49,118.41,Venda
SKU_1700_HUN,25/07/2025,Varejo,4,2799.6,988.56,452.76,Venda
SKU_1698_PRI,25/07/2025,Atacado,6,2519.4,1216.92,217.08,Venda
SKU_1704_PEA,25/07/2025,Atacado,5,1674.5,886.9,157.52,Venda
SKU_1429_SPA,25/07/2025,Atacado,4,759.6,375.36,96.06,Venda
SKU_1542_DEE,25/07/2025,Varejo,1,469.9,219.46,250.44,Venda
SKU_1707_SAP,25/07/2025,Varejo,1,279.9,136.83,143.07,Venda
SKU_1736_JAD,25/07/2025,Atacado,5,1624.5,774.7,169.96,Venda
SKU_1728_EGR,25/07/2025,Atacado,2,659.8,303.88,177.96,Venda
SKU_1690_MAG,25/07/2025,Varejo,1,539.9,182.9,357.0,Venda
SKU_1528_DEN,25/07/2025,E-commerce,1,214.9,73.16,141.74,Venda
SKU_1862_PAS,25/07/2025,Varejo,1,224.9,88.44,136.46,Venda
SKU_1746_EME,25/07/2025,Atacado,2,359.8,199.04,80.38,Venda
SKU_1791_ARM,25/07/2025,Varejo,1,264.9,116.26,148.64,Venda
SKU_1704_BAB,25/07/2025,Varejo,1,334.9,143.01,191.89,Venda
SKU_1702_COR,25/07/2025,Atacado,3,1859.7,892.17,322.51,Venda
SKU_1411_RAS,25/07/2025,Atacado,4,899.6,413.04,121.64,Venda
SKU_1552_CLE,25/07/2025,Atacado,2,1319.8,677.98,320.91,Venda
SKU_1752_SPA,25/07/2025,Atacado,6,2579.4,1122.42,242.83,Venda
SKU_1785_PAS,25/07/2025,Varejo,1,244.9,98.26,146.64,Venda
SKU_1762_DEN,25/07/2025,E-commerce,1,254.9,81.96,172.94,Venda
SKU_1459_CRE,25/07/2025,Atacado,2,419.8,229.4,95.2,Venda
SKU_1751_BLU,25/07/2025,Atacado,2,659.8,318.34,170.73,Venda
SKU_1721_COR,25/07/2025,E-commerce,1,419.9,191.19,228.71,Venda
SKU_1685_COB,25/07/2025,Varejo,4,2659.6,802.6,464.25,Venda
SKU_1721_COR,25/07/2025,Varejo,1,419.9,157.35,262.55,Venda
SKU_1444_HUN,25/07/2025,Varejo,1,239.9,90.7,149.2,Venda
SKU_1732_WHI,25/07/2025,Atacado,3,3344.7,1454.94,629.92,Venda
SKU_1715_JAD,25/07/2025,E-commerce,1,219.9,72.17,147.73,Venda
SKU_1764_MAR,25/07/2025,Atacado,4,939.6,427.24,128.09,Venda
SKU_1561_VAN,25/07/2025,Varejo,1,349.9,154.52,195.38,Venda
SKU_1671_SEA,25/07/2025,Atacado,6,2099.4,956.04,190.56,Venda
SKU_1841_LIM,25/07/2025,E-commerce,1,144.9,56.81,88.09,Venda
SKU_1792_AQU,25/07/2025,Varejo,2,879.8,390.92,244.44,Venda
SKU_1753_PAL,25/07/2025,Atacado,4,3159.6,1359.8,449.95,Venda
SKU_1699_CLO,25/07/2025,Varejo,1,329.9,120.13,209.77,Venda
SKU_1717_MIN,25/07/2025,E-commerce,2,519.8,169.4,175.2,Venda
SKU_1521_FRE,25/07/2025,Varejo,1,189.9,65.22,124.68,Venda
SKU_1761_MOS,25/07/2025,Varejo,1,1104.9,513.15,591.75,Venda
SKU_1664_MIN,25/07/2025,Atacado,5,1649.5,955.9,138.72,Venda
SKU_1755_AQU,25/07/2025,Varejo,2,669.8,273.36,198.22,Venda
SKU_1465_OFF,25/07/2025,Atacado,6,1889.4,987.6,150.3,Venda
SKU_1832_MIN,25/07/2025,Atacado,10,2949.0,1499.6,144.94,Venda
SKU_1725_BAB,25/07/2025,Varejo,2,489.8,212.92,138.44,Venda
SKU_1512_MYS,25/07/2025,Atacado,4,899.6,476.76,105.71,Venda
SKU_1690_MYS,25/07/2025,Atacado,3,1619.7,709.89,303.27,Venda
SKU_1708_FRE,25/07/2025,E-commerce,1,169.9,54.04,115.86,Venda
SKU_2018_OFF,25/07/2025,Varejo,1,479.9,197.04,282.86,Venda
SKU_1787_BAB,25/07/2025,Varejo,1,289.9,123.75,166.15,Venda
SKU_1656_SNO,25/07/2025,Atacado,8,1879.2,837.44,130.22,Venda
SKU_2113_NAV,25/07/2025,E-commerce,1,164.9,72.48,92.42,Venda
SKU_1504_EME,25/07/2025,Varejo,3,1019.7,399.54,206.72,Venda
SKU_1693_FLA,25/07/2025,Varejo,1,204.9,93.64,111.26,Venda
SKU_1714_DEE,25/07/2025,Varejo,2,609.8,187.14,211.33,Venda
SKU_1697_PIS,25/07/2025,E-commerce,1,219.9,92.42,127.48,Venda
SKU_1721_COR,25/07/2025,Varejo,1,419.9,198.61,221.29,Venda
SKU_1693_FLA,25/07/2025,Atacado,8,1639.2,788.08,106.39,Venda
SKU_1708_FLA,25/07/2025,Varejo,1,169.9,53.5,116.4,Venda
SKU_1691_HUN,25/07/2025,Varejo,1,309.9,154.05,155.85,Venda
SKU_1722_AQU,25/07/2025,Varejo,3,974.7,305.94,222.92,Venda
SKU_1913_PIS,25/07/2025,Atacado,10,1949.0,869.2,107.98,Venda
SKU_1481_BLA,25/07/2025,Atacado,4,3239.6,1602.2,409.35,Venda
SKU_1781_CLE,25/07/2025,Varejo,1,129.9,40.34,89.56,Venda
SKU_1724_PEA,25/07/2025,Atacado,10,11149.0,5869.2,527.98,Venda
SKU_1722_AQU,25/07/2025,Varejo,1,324.9,127.59,197.31,Venda
SKU_1742_EME,25/07/2025,E-commerce,1,259.9,118.84,141.06,Venda
SKU_1766_MYS,25/07/2025,Atacado,3,1184.7,610.98,191.24,Venda
SKU_1757_TUR,25/07/2025,Atacado,8,2119.2,1037.52,135.21,Venda
SKU_1693_MEX,25/07/2025,Atacado,8,1639.2,724.88,114.29,Venda
SKU_1748_COB,25/07/2025,Atacado,12,3718.8,2115.96,133.57,Venda
SKU_1608_WHI,25/07/2025,Atacado,5,1524.5,733.0,158.3,Venda
SKU_1747_TEA,25/07/2025,E-commerce,1,174.9,75.04,99.86,Venda
SKU_1645_MIN,25/07/2025,Varejo,1,399.9,186.74,213.16,Venda
SKU_1504_NAV,25/07/2025,Varejo,2,679.8,215.5,232.15,Venda
SKU_1710_OLI,25/07/2025,Varejo,1,809.9,305.66,504.24,Venda
SKU_1782_HUN,25/07/2025,Varejo,2,499.8,206.72,146.54,Venda
SKU_1763_HOT,25/07/2025,Atacado,2,599.8,281.76,159.02,Venda
SKU_1700_HUN,25/07/2025,Varejo,1,699.9,332.78,367.12,Venda
SKU_1788_EME,25/07/2025,Varejo,3,749.7,291.39,152.77,Venda
SKU_1775_PAS,25/07/2025,Varejo,1,279.9,109.43,170.47,Venda
SKU_1629_CLO,25/07/2025,Atacado,4,1019.6,506.56,128.26,Venda
SKU_1899_SAG,25/07/2025,Varejo,1,224.9,68.26,156.64,Venda
SKU_1797_BLU,25/07/2025,Atacado,3,1139.7,497.49,214.07,Venda
SKU_1911_RAS,25/07/2025,Atacado,4,859.6,444.24,103.84,Venda
SKU_1561_VAN,25/07/2025,Atacado,3,1049.7,453.21,198.83,Venda
SKU_1963_IVO,25/07/2025,Atacado,5,3474.5,1648.7,365.16,Venda
SKU_1544_PEA,25/07/2025,Atacado,12,2398.8,1036.8,113.5,Venda
SKU_1726_PAS,25/07/2025,Varejo,1,429.9,183.63,246.27,Venda
SKU_1779_LIG,25/07/2025,Atacado,5,1074.5,470.05,120.89,Venda
SKU_1796_OLI,25/07/2025,Varejo,2,1009.8,344.94,332.43,Venda
SKU_2021_NAV,25/07/2025,Atacado,5,949.5,414.5,107.0,Venda
SKU_1438_MOS,25/07/2025,Atacado,5,1024.5,466.05,111.69,Venda
SKU_1596_BIR,25/07/2025,Varejo,2,549.8,199.22,175.29,Venda
SKU_1690_MAG,25/07/2025,Atacado,5,2699.5,1179.55,303.99,Venda
SKU_1908_MID,25/07/2025,E-commerce,1,314.9,109.45,205.45,Venda
SKU_1680_NAV,25/07/2025,Atacado,10,3349.0,1484.6,186.44,Venda
SKU_1715_JAD,25/07/2025,Atacado,5,1099.5,505.85,118.73,Venda
SKU_1481_BLA,25/07/2025,Atacado,8,6479.2,3725.36,344.23,Venda
SKU_1682_OLI,25/07/2025,Atacado,4,939.6,414.36,131.31,Venda
SKU_1735_MOS,25/07/2025,Atacado,12,3238.8,1454.4,148.7,Venda
SKU_1740_OLI,25/07/2025,Atacado,12,2578.8,1462.92,92.99,Venda
SKU_1795_RAS,25/07/2025,Atacado,3,899.7,380.43,173.09,Venda
SKU_1453_SAP,25/07/2025,Atacado,2,469.8,200.34,134.73,Venda
SKU_1714_MID,25/07/2025,Varejo,2,609.8,227.64,191.08,Venda
SKU_1679_SHO,25/07/2025,Varejo,2,1839.8,784.24,527.78,Venda
SKU_1877_SAP,25/07/2025,Varejo,3,1724.7,656.79,355.97,Venda
SKU_1752_SNO,25/07/2025,Atacado,6,2579.4,1494.6,180.8,Venda
SKU_1777_TUR,25/07/2025,Atacado,8,1919.2,1017.12,112.76,Venda
SKU_1682_BIR,25/07/2025,Atacado,5,1174.5,520.95,130.71,Venda
SKU_1433_OLI,25/07/2025,E-commerce,1,314.9,117.47,197.43,Venda
SKU_1409_PEA,25/07/2025,E-commerce,1,209.9,101.89,108.01,Venda
SKU_1397_BUB,25/07/2025,Varejo,1,234.9,73.52,161.38,Venda
SKU_2057_SNO,25/07/2025,Atacado,12,11338.8,5503.92,486.24,Venda
SKU_1518_CLE,25/07/2025,E-commerce,1,234.9,81.15,153.75,Venda
SKU_1629_ARM,25/07/2025,Atacado,8,2039.2,1120.72,114.81,Venda
SKU_1743_CLO,25/07/2025,Atacado,5,2199.5,1235.65,192.77,Venda
SKU_1691_ROS,25/07/2025,E-commerce,1,309.9,109.74,200.16,Venda
SKU_1622_VAN,25/07/2025,E-commerce,1,269.9,89.35,180.55,Venda
SKU_1764_FUC,25/07/2025,E-commerce,1,234.9,85.36,149.54,Venda
SKU_1732_OFF,25/07/2025,Atacado,3,3344.7,1576.77,589.31,Venda
SKU_1863_MOS,25/07/2025,E-commerce,1,254.9,126.99,127.91,Venda
SKU_1772_BLU,25/07/2025,Varejo,3,1244.7,475.32,256.46,Venda
SKU_1764_MAR,25/07/2025,E-commerce,1,234.9,74.88,160.02,Venda
SKU_1735_COR,25/07/2025,E-commerce,1,269.9,95.81,174.09,Venda
SKU_1518_CLE,25/07/2025,Atacado,8,1879.2,929.28,118.74,Venda
SKU_1553_DEN,25/07/2025,Varejo,1,254.9,88.07,166.83,Venda
SKU_1397_SNO,25/07/2025,Atacado,3,704.7,388.53,105.39,Venda
SKU_1579_DEN,25/07/2025,E-commerce,1,229.9,107.64,122.26,Venda
SKU_1737_SAG,25/07/2025,Atacado,6,4619.4,2418.48,366.82,Venda
SKU_1690_MAG,25/07/2025,Varejo,1,539.9,217.27,322.63,Venda
SKU_1799_DEN,25/07/2025,Atacado,3,809.7,355.17,151.51,Venda
SKU_1879_WHI,25/07/2025,Varejo,1,304.9,128.39,176.51,Venda
SKU_2103_RAS,25/07/2025,E-commerce,1,469.9,200.12,269.78,Venda
SKU_1777_TUR,25/07/2025,Atacado,4,959.6,431.28,132.08,Venda
SKU_1799_DEN,25/07/2025,Atacado,6,1619.4,700.68,153.12,Venda
SKU_1748_BAB,26/07/2025,Varejo,2,619.8,267.94,175.93,Venda
SKU_1782_NAV,26/07/2025,Varejo,1,249.9,88.03,161.87,Venda
SKU_1792_MIN,26/07/2025,Atacado,5,2199.5,1037.45,232.41,Venda
SKU_2113_NAV,26/07/2025,E-commerce,1,164.9,58.38,106.52,Venda
SKU_1720_PAS,26/07/2025,Varejo,1,224.9,101.32,123.58,Venda
SKU_1781_AQU,26/07/2025,Varejo,1,129.9,53.08,76.82,Venda
SKU_1686_SKY,26/07/2025,Atacado,3,644.7,310.98,111.24,Venda
SKU_1755_BIR,26/07/2025,E-commerce,1,334.9,109.8,225.1,Venda
SKU_1766_CLE,26/07/2025,Varejo,2,789.8,372.0,208.9,Venda
SKU_1783_BAB,26/07/2025,Varejo,1,1199.9,590.3,609.6,Venda
SKU_1777_TUR,26/07/2025,Atacado,6,1439.4,669.78,128.27,Venda
SKU_1696_SER,26/07/2025,Atacado,12,3358.8,1682.28,139.71,Venda
SKU_1791_IVO,26/07/2025,Atacado,6,1589.4,828.3,126.85,Venda
SKU_1754_IVO,26/07/2025,Atacado,6,2039.4,887.16,192.04,Venda
SKU_1736_JAD,26/07/2025,Varejo,3,974.7,328.29,215.47,Venda
SKU_1769_WHI,26/07/2025,Atacado,2,649.8,325.84,161.98,Venda
SKU_1459_CRE,26/07/2025,Varejo,1,209.9,80.49,129.41,Venda
SKU_1817_PRI,26/07/2025,Varejo,3,659.7,208.86,150.28,Venda
SKU_1778_MIN,26/07/2025,Varejo,2,569.8,248.14,160.83,Venda
SKU_1635_SAG,26/07/2025,Varejo,1,604.9,269.68,335.22,Venda
SKU_1477_EME,26/07/2025,E-commerce,1,224.9,70.58,154.32,Venda
SKU_1692_BLU,26/07/2025,Atacado,8,1759.2,921.52,104.71,Venda
SKU_1754_IVO,26/07/2025,Atacado,5,1699.5,809.55,177.99,Venda
SKU_1389_SHO,26/07/2025,Varejo,1,139.9,54.94,84.96,Venda
SKU_1752_SPA,26/07/2025,Atacado,6,2579.4,1411.32,194.68,Venda
SKU_1735_COR,26/07/2025,Varejo,1,269.9,88.71,181.19,Venda
SKU_1781_AQU,26/07/2025,E-commerce,1,129.9,57.91,71.99,Venda
SKU_1781_CLE,26/07/2025,Atacado,2,259.8,123.18,68.31,Venda
SKU_1696_SER,26/07/2025,Varejo,1,279.9,135.59,144.31,Venda
SKU_1777_TUR,26/07/2025,Atacado,2,479.8,218.5,130.65,Venda
SKU_1731_MIN,26/07/2025,Atacado,5,4549.5,2405.0,428.9,Venda
SKU_1513_RAS,26/07/2025,Varejo,4,859.6,356.68,125.73,Venda
SKU_1719_WHI,26/07/2025,Varejo,3,959.7,398.37,187.11,Venda
SKU_1702_LIG,26/07/2025,Atacado,5,3099.5,1440.95,331.71,Venda
SKU_1775_PAL,26/07/2025,Atacado,4,1119.6,506.56,153.26,Venda
SKU_1742_EME,26/07/2025,Atacado,12,3118.8,1474.32,137.04,Venda
SKU_1849_BAB,26/07/2025,E-commerce,1,329.9,128.55,201.35,Venda
SKU_1711_VAN,26/07/2025,Atacado,4,3979.6,1991.24,497.09,Venda
SKU_1750_MIN,26/07/2025,Varejo,2,739.8,266.78,236.51,Venda
SKU_1557_SAG,26/07/2025,E-commerce,1,199.9,63.89,136.01,Venda
SKU_1711_VAN,26/07/2025,Varejo,2,1989.8,710.08,639.86,Venda
SKU_1427_AQU,26/07/2025,E-commerce,1,199.9,75.32,124.58,Venda
SKU_1684_SHO,26/07/2025,E-commerce,1,184.9,68.8,116.1,Venda
SKU_1701_SPA,26/07/2025,Atacado,12,4078.8,2119.92,163.24,Venda
SKU_1781_AQU,26/07/2025,Varejo,1,129.9,58.32,71.58,Venda
SKU_1706_BLA,26/07/2025,Varejo,4,739.6,254.36,121.31,Venda
SKU_1532_EME,26/07/2025,Varejo,1,979.9,366.94,612.96,Venda
SKU_1427_AQU,26/07/2025,Atacado,5,999.5,509.8,97.94,Venda
SKU_1710_OLI,26/07/2025,Atacado,2,1619.8,778.38,420.71,Venda
SKU_1913_PIS,26/07/2025,Atacado,2,389.8,191.58,99.11,Venda
SKU_1771_EME,26/07/2025,Varejo,1,264.9,118.45,146.45,Venda
SKU_2048_FOR,26/07/2025,E-commerce,1,384.9,134.58,250.32,Venda
SKU_1759_COB,26/07/2025,Atacado,6,1619.4,800.7,136.45,Venda
SKU_1621_FUC,26/07/2025,Atacado,4,939.6,442.0,124.4,Venda
SKU_1682_OLI,26/07/2025,Atacado,3,704.7,312.06,130.88,Venda
SKU_1729_CLE,26/07/2025,Varejo,2,349.8,164.34,92.73,Venda
SKU_1753_PAL,26/07/2025,E-commerce,1,789.9,368.12,421.78,Venda
SKU_1761_SAP,26/07/2025,Atacado,3,3314.7,1655.16,553.18,Venda
SKU_1698_SNO,26/07/2025,Atacado,2,839.8,500.2,169.8,Venda
SKU_1865_POW,26/07/2025,Atacado,8,1999.2,947.76,131.43,Venda
SKU_1737_DEE,26/07/2025,Atacado,4,3079.6,1649.68,357.48,Venda
SKU_1515_AQU,26/07/2025,Atacado,12,2338.8,1232.4,92.2,Venda
SKU_1801_MOS,26/07/2025,Varejo,3,1124.7,474.15,216.85,Venda
SKU_1798_OFF,26/07/2025,Atacado,6,2519.4,1273.92,207.58,Venda
SKU_1761_SAP,26/07/2025,Varejo,1,1104.9,432.94,671.96,Venda
SKU_1721_COR,26/07/2025,E-commerce,1,419.9,167.6,252.3,Venda
SKU_1717_CRE,26/07/2025,Atacado,6,1559.4,662.94,149.41,Venda
SKU_2052_FLA,26/07/2025,Atacado,3,899.7,474.42,141.76,Venda
SKU_1786_TEA,26/07/2025,Varejo,1,179.9,72.86,107.04,Venda
SKU_1711_ARM,26/07/2025,Atacado,6,5969.4,2741.22,538.03,Venda
SKU_1702_LIG,26/07/2025,Varejo,1,619.9,290.35,329.55,Venda
SKU_1779_MIN,26/07/2025,Atacado,8,1719.2,734.16,123.13,Venda
SKU_1597_FLA,26/07/2025,Varejo,1,529.9,224.88,305.02,Venda
SKU_1745_PEA,26/07/2025,Atacado,10,4099.0,1930.7,216.83,Venda
SKU_1753_PAL,26/07/2025,Varejo,1,789.9,340.08,449.82,Venda
SKU_1578_PAS,26/07/2025,Atacado,4,499.6,245.84,63.44,Venda
SKU_1683_SHO,26/07/2025,E-commerce,1,314.9,105.64,209.26,Venda
SKU_1760_OFF,26/07/2025,Atacado,5,1249.5,704.8,108.94,Venda
SKU_1783_BAB,26/07/2025,Varejo,1,1199.9,424.17,775.73,Venda
SKU_1783_EGR,26/07/2025,Atacado,10,11999.0,6298.4,570.06,Venda
SKU_1779_LIG,26/07/2025,Atacado,3,644.7,356.82,95.96,Venda
SKU_1731_ARM,26/07/2025,E-commerce,1,909.9,437.55,472.35,Venda
SKU_1477_EME,26/07/2025,Varejo,1,224.9,106.85,118.05,Venda
SKU_1686_MOS,26/07/2025,Atacado,5,1074.5,585.65,97.77,Venda
SKU_1797_GAR,26/07/2025,Atacado,5,1899.5,1005.8,178.74,Venda
SKU_1891_BUB,26/07/2025,Atacado,6,1979.4,1063.44,152.66,Venda
SKU_1778_TEA,26/07/2025,Atacado,10,2849.0,1495.1,135.39,Venda
SKU_1701_SPA,26/07/2025,Varejo,2,679.8,325.88,176.96,Venda
SKU_1671_MIN,26/07/2025,Atacado,3,1049.7,605.34,148.12,Venda
SKU_1721_FRE,26/07/2025,Atacado,6,2519.4,1430.46,181.49,Venda
SKU_1755_BIR,26/07/2025,Atacado,5,1674.5,728.75,189.15,Venda
SKU_1756_FLA,26/07/2025,Varejo,1,179.9,87.93,91.97,Venda
SKU_1474_BRI,26/07/2025,Varejo,2,2119.8,696.82,711.49,Venda
SKU_1733_NAV,26/07/2025,Atacado,6,2099.4,1027.02,178.73,Venda
SKU_1687_WHI,26/07/2025,Atacado,5,4499.5,1891.55,521.59,Venda
SKU_1438_MOS,26/07/2025,E-commerce,1,204.9,86.05,118.85,Venda
SKU_2091_AQU,26/07/2025,E-commerce,1,239.9,101.79,138.11,Venda
SKU_1756_BUB,26/07/2025,Varejo,1,179.9,73.0,106.9,Venda
SKU_1795_RAS,26/07/2025,Varejo,1,299.9,120.56,179.34,Venda
SKU_1534_MYS,26/07/2025,Atacado,2,399.8,176.8,111.5,Venda
SKU_1721_FRE,26/07/2025,Varejo,1,419.9,191.97,227.93,Venda
SKU_1647_ARM,26/07/2025,Atacado,3,1019.7,558.27,153.81,Venda
SKU_1640_IVO,26/07/2025,Varejo,2,439.8,190.56,124.62,Venda
SKU_1718_DUS,26/07/2025,Atacado,3,1109.7,496.47,204.41,Venda
SKU_1714_MID,26/07/2025,Atacado,4,1219.6,599.16,155.11,Venda
SKU_1814_PAS,26/07/2025,E-commerce,1,379.9,168.66,211.24,Venda
SKU_1752_SPA,26/07/2025,Varejo,1,429.9,196.22,233.68,Venda
SKU_1736_PAS,26/07/2025,Atacado,10,3249.0,1447.2,180.18,Venda
SKU_1703_PAS,26/07/2025,Varejo,1,269.9,106.92,162.98,Venda
SKU_1861_DEE,26/07/2025,Varejo,1,194.9,65.82,129.08,Venda
SKU_1795_HUN,26/07/2025,Atacado,2,599.8,298.3,150.75,Venda
SKU_1749_SNO,26/07/2025,E-commerce,1,349.9,159.98,189.92,Venda
SKU_1717_CRE,26/07/2025,Atacado,8,2079.2,1042.0,129.65,Venda
SKU_1801_MOS,26/07/2025,Atacado,3,1124.7,578.37,182.11,Venda
SKU_1737_DEE,26/07/2025,Atacado,5,3849.5,2002.3,369.44,Venda
SKU_1775_PAS,26/07/2025,Atacado,10,2799.0,1247.5,155.15,Venda
SKU_1801_MOS,26/07/2025,Varejo,1,374.9,122.92,251.98,Venda
SKU_1764_FUC,26/07/2025,Varejo,1,234.9,72.38,162.52,Venda
SKU_1754_IVO,26/07/2025,E-commerce,1,339.9,160.06,179.84,Venda
SKU_1774_MOS,26/07/2025,E-commerce,1,204.9,94.96,109.94,Venda
SKU_1683_PAL,26/07/2025,Varejo,2,629.8,216.28,206.76,Venda
SKU_1753_WHI,26/07/2025,Varejo,1,789.9,261.82,528.08,Venda
SKU_1775_PAS,26/07/2025,Atacado,3,839.7,410.97,142.91,Venda
SKU_1714_DEE,26/07/2025,Varejo,1,304.9,106.13,198.77,Venda
SKU_1701_BLU,26/07/2025,Atacado,3,1019.7,472.62,182.36,Venda
SKU_1724_PEA,26/07/2025,E-commerce,1,1114.9,360.58,754.32,Venda
SKU_1690_MYS,26/07/2025,Atacado,4,2159.6,1216.56,235.76,Venda
SKU_1696_SER,26/07/2025,Varejo,1,279.9,100.77,179.13,Venda
SKU_1759_COB,26/07/2025,Varejo,1,269.9,85.17,184.73,Venda
SKU_1741_PEA,26/07/2025,E-commerce,1,239.9,109.3,130.6,Venda
SKU_1590_HOT,26/07/2025,E-commerce,1,189.9,85.32,104.58,Venda
SKU_1689_MAG,26/07/2025,Atacado,10,9649.0,5036.7,461.23,Venda
SKU_1690_MYS,26/07/2025,Atacado,5,2699.5,1341.9,271.52,Venda
SKU_1849_GAR,26/07/2025,Varejo,1,329.9,141.31,188.59,Venda
SKU_1795_RAS,26/07/2025,Varejo,1,299.9,117.2,182.7,Venda
SKU_1726_BUB,26/07/2025,E-commerce,1,429.9,173.78,256.12,Venda
SKU_1798_MOS,26/07/2025,Atacado,5,2099.5,1057.3,208.44,Venda
SKU_1609_SAP,26/07/2025,Varejo,2,539.8,188.4,175.7,Venda
SKU_1781_AQU,26/07/2025,Atacado,6,779.4,382.32,66.18,Venda
SKU_1795_HUN,26/07/2025,Varejo,3,899.7,384.93,171.59,Venda
SKU_1446_GAR,26/07/2025,Atacado,10,2699.0,1277.6,142.14,Venda
SKU_1694_PIS,26/07/2025,Atacado,8,2239.2,1069.2,146.25,Venda
SKU_1692_BLU,26/07/2025,E-commerce,1,219.9,72.13,147.77,Venda
SKU_1744_EME,26/07/2025,Varejo,1,264.9,120.28,144.62,Venda
SKU_1893_BIR,26/07/2025,Atacado,6,3779.4,1850.88,321.42,Venda
SKU_1497_VAN,26/07/2025,Atacado,4,539.6,242.92,74.17,Venda
SKU_1738_ROY,26/07/2025,Varejo,1,194.9,85.32,109.58,Venda
SKU_1645_MYS,26/07/2025,Varejo,1,399.9,156.91,242.99,Venda
SKU_1702_COR,26/07/2025,Atacado,12,7438.8,3758.76,306.67,Venda
SKU_1782_NAV,26/07/2025,Varejo,1,249.9,118.45,131.45,Venda
SKU_1775_PAS,26/07/2025,Atacado,10,2799.0,1312.3,148.67,Venda
SKU_1662_LIG,26/07/2025,Varejo,2,399.8,142.18,128.81,Venda
SKU_1772_BLU,26/07/2025,Atacado,8,3319.2,1711.76,200.93,Venda
SKU_1566_PEA,26/07/2025,Varejo,1,1034.9,315.91,718.99,Venda
SKU_1736_PAS,26/07/2025,Varejo,2,649.8,303.64,173.08,Venda
SKU_1779_LIG,26/07/2025,Varejo,1,214.9,100.06,114.84,Venda
SKU_1628_PEA,26/07/2025,Varejo,1,549.9,196.39,353.51,Venda
SKU_1771_PIN,26/07/2025,Atacado,4,1059.6,457.32,150.57,Venda
SKU_1764_FUC,26/07/2025,Atacado,4,939.6,494.24,111.34,Venda
SKU_1544_PEA,26/07/2025,Atacado,4,799.6,379.4,105.05,Venda
SKU_1741_PEA,26/07/2025,Atacado,3,719.7,318.21,133.83,Venda
SKU_1461_PRI,26/07/2025,Varejo,2,2139.8,1012.0,563.9,Venda
SKU_1774_MOS,26/07/2025,Varejo,3,614.7,209.34,135.12,Venda
SKU_1783_BAB,26/07/2025,Atacado,2,2399.8,1143.0,628.4,Venda
SKU_1796_SHO,26/07/2025,Atacado,5,2524.5,1253.5,254.2,Venda
SKU_1919_COB,26/07/2025,Atacado,5,3399.5,1466.75,386.55,Venda
SKU_1822_ARM,26/07/2025,Varejo,1,309.9,133.39,176.51,Venda
SKU_1796_OLI,26/07/2025,Varejo,1,504.9,248.53,256.37,Venda
SKU_1702_LIG,26/07/2025,Atacado,2,1239.8,590.94,324.43,Venda
SKU_1738_BLU,26/07/2025,Varejo,1,194.9,83.28,111.62,Venda
SKU_1683_PAL,26/07/2025,Atacado,5,1574.5,724.35,170.03,Venda
SKU_1730_OFF,26/07/2025,E-commerce,1,319.9,147.69,172.21,Venda
SKU_1589_TUR,26/07/2025,Atacado,3,2039.7,1087.41,317.43,Venda
SKU_1721_FRE,26/07/2025,Atacado,4,1679.6,1002.04,169.39,Venda
SKU_1746_NAV,26/07/2025,Varejo,1,179.9,80.11,99.79,Venda
SKU_1754_IVO,26/07/2025,E-commerce,1,339.9,119.04,220.86,Venda
SKU_1597_FLA,26/07/2025,Varejo,1,529.9,204.0,325.9,Venda
SKU_1441_COB,26/07/2025,Atacado,3,3464.7,1482.66,660.68,Venda
SKU_1770_DEE,26/07/2025,Varejo,1,219.9,70.69,149.21,Venda
SKU_1704_BAB,26/07/2025,Atacado,6,2009.4,932.28,179.52,Venda
SKU_1567_POW,26/07/2025,Atacado,4,2759.6,1393.28,341.58,Venda
SKU_1392_BLU,26/07/2025,Varejo,1,294.9,134.82,160.08,Venda
SKU_2077_PIS,26/07/2025,Atacado,5,1024.5,472.65,110.37,Venda
SKU_1707_ARM,26/07/2025,Atacado,12,3358.8,1741.44,134.78,Venda
SKU_1729_CLE,26/07/2025,Varejo,1,174.9,83.67,91.23,Venda
SKU_1717_CRE,26/07/2025,Atacado,2,519.8,241.92,138.94,Venda
SKU_1393_COB,26/07/2025,E-commerce,1,309.9,145.44,164.46,Venda
SKU_1439_CER,26/07/2025,Varejo,3,554.7,261.9,97.6,Venda
SKU_1460_FUC,26/07/2025,Atacado,10,1749.0,828.9,92.01,Venda
SKU_1799_DEN,26/07/2025,Atacado,4,1079.6,620.24,114.84,Venda
SKU_1751_MIN,26/07/2025,Varejo,2,659.8,265.78,197.01,Venda
SKU_1783_BAB,26/07/2025,Atacado,3,3599.7,1705.2,631.5,Venda
SKU_1705_SER,26/07/2025,Atacado,2,819.8,391.14,214.33,Venda
SKU_1796_SHO,26/07/2025,Atacado,2,1009.8,444.64,282.58,Venda
SKU_1751_BLU,26/07/2025,E-commerce,1,329.9,120.69,209.21,Venda
SKU_1737_SAG,26/07/2025,Varejo,1,769.9,332.93,436.97,Venda
SKU_2064_PIS,26/07/2025,Atacado,6,2399.4,1019.28,230.02,Venda
SKU_1799_DEN,26/07/2025,Atacado,2,539.8,284.84,127.48,Venda
SKU_1755_BIR,26/07/2025,Atacado,8,2679.2,1171.92,188.41,Venda
SKU_1757_PIN,26/07/2025,Varejo,1,264.9,88.17,176.73,Venda
SKU_1715_HON,26/07/2025,Atacado,3,659.7,278.7,127.0,Venda
SKU_1733_SAG,26/07/2025,Varejo,2,699.8,327.2,186.3,Venda
SKU_1761_SAP,26/07/2025,Varejo,2,2209.8,868.9,670.45,Venda
SKU_1687_WHI,26/07/2025,Varejo,1,899.9,392.3,507.6,Venda
SKU_1750_SNO,26/07/2025,Atacado,5,1849.5,1083.75,153.15,Venda
SKU_1471_ROS,26/07/2025,Atacado,4,819.6,369.76,112.46,Venda
SKU_1759_CLE,26/07/2025,Atacado,8,2159.2,1210.4,118.6,Venda
SKU_1761_MOS,26/07/2025,Atacado,4,4419.6,2225.44,548.54,Venda
SKU_1720_PAS,26/07/2025,Atacado,4,899.6,511.36,97.06,Venda
SKU_2034_PAS,26/07/2025,E-commerce,2,339.8,163.94,87.93,Venda
SKU_1755_AQU,26/07/2025,Varejo,1,334.9,146.36,188.54,Venda
SKU_1771_PIN,26/07/2025,Varejo,1,264.9,79.69,185.21,Venda
SKU_1621_FUC,26/07/2025,E-commerce,2,469.8,181.92,143.94,Venda
SKU_1741_PEA,26/07/2025,Atacado,4,959.6,472.6,121.75,Venda
SKU_1521_FRE,26/07/2025,E-commerce,2,379.8,162.74,108.53,Venda
SKU_1618_SAL,26/07/2025,Varejo,1,179.9,73.65,106.25,Venda
SKU_1568_PIN,26/07/2025,Varejo,1,234.9,86.96,147.94,Venda
SKU_1595_MYS,26/07/2025,E-commerce,2,599.8,199.48,200.16,Venda
SKU_1691_ROS,26/07/2025,Varejo,2,619.8,201.3,209.25,Venda
SKU_1760_PAS,26/07/2025,Varejo,2,499.8,245.34,127.23,Venda
SKU_1799_DEN,26/07/2025,Atacado,6,1619.4,870.54,124.81,Venda
SKU_1776_BIR,26/07/2025,Atacado,6,1979.4,1085.4,149.0,Venda
SKU_1723_MOS,26/07/2025,Atacado,8,3479.2,1658.16,227.63,Venda
SKU_1604_CLE,26/07/2025,Varejo,1,604.9,265.89,339.01,Venda
SKU_1528_DEN,26/07/2025,Atacado,6,1289.4,602.22,114.53,Venda
SKU_1680_SEA,26/07/2025,Atacado,8,2679.2,1188.16,186.38,Venda
SKU_1730_OFF,26/07/2025,Varejo,1,319.9,102.47,217.43,Venda
SKU_1752_SNO,26/07/2025,Varejo,2,859.8,388.98,235.41,Venda
SKU_1709_MAR,26/07/2025,Varejo,1,209.9,97.55,112.35,Venda
SKU_1418_MOS,26/07/2025,Varejo,2,1689.8,517.36,586.22,Venda
SKU_1680_SEA,26/07/2025,Atacado,12,4018.8,1766.28,187.71,Venda
SKU_1755_BIR,26/07/2025,E-commerce,1,334.9,125.97,208.93,Venda
SKU_1625_GAR,26/07/2025,Varejo,2,409.8,166.42,121.69,Venda
SKU_1592_CER,26/07/2025,Atacado,4,839.6,428.68,102.73,Venda
SKU_1705_JAD,26/07/2025,Atacado,8,3279.2,1421.12,232.26,Venda
SKU_1772_SNO,26/07/2025,Atacado,2,829.8,460.48,184.66,Venda
SKU_1744_EME,26/07/2025,Atacado,8,2119.2,990.16,141.13,Venda
SKU_1730_OFF,26/07/2025,E-commerce,1,319.9,132.59,187.31,Venda
SKU_1414_DUS,26/07/2025,Varejo,1,339.9,116.21,223.69,Venda
SKU_1696_SER,26/07/2025,Atacado,4,1119.6,636.76,120.71,Venda
SKU_1722_PAS,26/07/2025,E-commerce,1,324.9,127.31,197.59,Venda
SKU_1686_SKY,26/07/2025,Varejo,2,429.8,212.84,108.48,Venda
SKU_1787_BAB,26/07/2025,Atacado,4,1159.6,498.4,165.3,Venda
SKU_1728_EGR,26/07/2025,Atacado,5,1649.5,786.75,172.55,Venda
SKU_1730_OFF,26/07/2025,Atacado,3,959.7,506.46,151.08,Venda
SKU_1748_BAB,26/07/2025,Varejo,1,309.9,117.63,192.27,Venda
SKU_1708_FRE,26/07/2025,Varejo,1,169.9,81.63,88.27,Venda
SKU_1483_WHI,26/07/2025,E-commerce,1,324.9,114.96,209.94,Venda
SKU_1725_OFF,26/07/2025,Atacado,8,1959.2,1070.0,111.15,Venda
SKU_1757_TUR,26/07/2025,Varejo,1,264.9,98.13,166.77,Venda
SKU_1749_BIR,26/07/2025,Atacado,5,1749.5,867.2,176.46,Venda
SKU_1702_LIG,26/07/2025,E-commerce,1,619.9,276.32,343.58,Venda
SKU_1723_MOS,26/07/2025,Atacado,6,2609.4,1308.84,216.76,Venda
SKU_1683_SHO,26/07/2025,Atacado,6,1889.4,889.98,166.57,Venda
SKU_1703_PAS,26/07/2025,E-commerce,1,269.9,105.41,164.49,Venda
SKU_1947_SKY,26/07/2025,Varejo,1,439.9,166.39,273.51,Venda
SKU_1790_ROY,26/07/2025,Atacado,6,1559.4,725.82,138.93,Venda
SKU_1469_SAL,26/07/2025,Atacado,3,884.7,429.33,151.79,Venda
SKU_1762_DEN,26/07/2025,Atacado,6,1529.4,722.22,134.53,Venda
SKU_1735_MOS,26/07/2025,Varejo,2,539.8,240.6,149.6,Venda
SKU_1906_SHO,26/07/2025,Atacado,6,1769.4,876.84,148.76,Venda
SKU_1792_MIN,26/07/2025,Atacado,2,879.8,374.06,252.87,Venda
SKU_1985_WHI,26/07/2025,Atacado,5,2049.5,900.2,229.86,Venda
SKU_1893_TEA,26/07/2025,Atacado,4,2519.6,1403.76,278.96,Venda
SKU_1509_MAG,26/07/2025,Atacado,5,1599.5,783.2,163.26,Venda
SKU_1891_MAR,26/07/2025,Atacado,8,2639.2,1312.16,165.88,Venda
SKU_1425_LIG,26/07/2025,Varejo,2,419.8,170.38,124.71,Venda
SKU_1748_BAB,26/07/2025,Atacado,12,3718.8,1706.64,167.68,Venda
SKU_1687_FOR,26/07/2025,Atacado,8,7199.2,3799.12,425.01,Venda
SKU_1793_WHI,26/07/2025,Varejo,1,189.9,81.29,108.61,Venda
SKU_1776_BIR,26/07/2025,Atacado,3,989.7,541.77,149.31,Venda
SKU_1861_SAP,26/07/2025,Varejo,1,194.9,85.89,109.01,Venda
SKU_2022_ROY,26/07/2025,Varejo,1,279.9,136.62,143.28,Venda
SKU_1699_CLO,26/07/2025,Varejo,1,329.9,117.81,212.09,Venda
SKU_1636_LIG,26/07/2025,Atacado,8,3519.2,1916.48,200.34,Venda
SKU_1942_MYS,26/07/2025,E-commerce,1,1184.9,408.28,776.62,Venda
SKU_1789_EME,26/07/2025,Varejo,1,269.9,110.03,159.87,Venda
SKU_1761_MOS,26/07/2025,Varejo,1,1104.9,357.3,747.6,Venda
SKU_1790_ROY,26/07/2025,E-commerce,1,259.9,119.11,140.79,Venda
SKU_1743_DEE,26/07/2025,Varejo,1,439.9,182.33,257.57,Venda
SKU_1655_TEA,26/07/2025,Varejo,2,1289.8,596.64,346.58,Venda
SKU_1758_HON,26/07/2025,Varejo,1,179.9,63.58,116.32,Venda
SKU_1987_CLO,26/07/2025,Atacado,6,6719.4,2907.24,635.36,Venda
SKU_1783_BAB,26/07/2025,Varejo,1,1199.9,591.77,608.13,Venda
SKU_1773_FRE,26/07/2025,Varejo,1,324.9,110.42,214.48,Venda
SKU_1687_WHI,26/07/2025,Atacado,6,5399.4,2614.02,464.23,Venda
SKU_1744_LIG,26/07/2025,E-commerce,1,264.9,102.43,162.47,Venda
SKU_1395_BLA,26/07/2025,Varejo,1,289.9,89.31,200.59,Venda
SKU_1996_SHO,26/07/2025,Atacado,6,1469.4,636.9,138.75,Venda
SKU_1742_DEN,26/07/2025,Atacado,8,2079.2,923.6,144.45,Venda
SKU_1740_OLI,26/07/2025,Varejo,2,429.8,187.16,121.32,Venda
SKU_1765_MYS,26/07/2025,Atacado,4,1039.6,587.36,113.06,Venda
SKU_1814_PRI,26/07/2025,Varejo,1,379.9,140.63,239.27,Venda
SKU_1784_EGR,26/07/2025,E-commerce,1,309.9,153.65,156.25,Venda
SKU_1627_BAB,26/07/2025,Atacado,6,1979.4,1137.78,140.27,Venda
SKU_1756_BUB,26/07/2025,Atacado,5,899.5,428.65,94.17,Venda
SKU_1710_OLI,26/07/2025,Atacado,2,1619.8,778.34,420.73,Venda
SKU_1776_PAS,26/07/2025,Varejo,2,659.8,252.64,203.58,Venda
SKU_1721_COR,26/07/2025,Varejo,2,839.8,269.72,285.04,Venda
SKU_1785_HUN,26/07/2025,Varejo,1,244.9,79.97,164.93,Venda
SKU_1467_OLI,26/07/2025,Varejo,2,409.8,135.98,136.91,Venda
SKU_1576_BLU,26/07/2025,E-commerce,1,244.9,105.41,139.49,Venda
SKU_1799_POW,26/07/2025,E-commerce,1,269.9,117.03,152.87,Venda
SKU_1699_COB,26/07/2025,Varejo,1,329.9,102.28,227.62,Venda
SKU_1792_MIN,26/07/2025,Atacado,4,1759.6,841.48,229.53,Venda
SKU_1781_AQU,26/07/2025,Varejo,1,129.9,50.8,79.1,Venda
SKU_1717_CRE,26/07/2025,Atacado,5,1299.5,582.95,143.31,Venda
SKU_1496_PAS,26/07/2025,Varejo,1,1134.9,479.13,655.77,Venda
SKU_1734_BRI,26/07/2025,Atacado,2,699.8,366.4,166.7,Venda
SKU_1733_NAV,26/07/2025,E-commerce,1,349.9,116.65,233.25,Venda
SKU_1788_EME,26/07/2025,Atacado,6,1499.4,786.78,118.77,Venda
SKU_1707_ARM,26/07/2025,Varejo,2,559.8,183.3,188.25,Venda
SKU_1718_SEA,26/07/2025,Atacado,4,1479.6,636.6,210.75,Venda
SKU_1735_MOS,26/07/2025,Varejo,1,269.9,87.24,182.66,Venda
SKU_1767_FUC,26/07/2025,Varejo,3,614.7,287.97,108.91,Venda
SKU_1758_CLO,26/07/2025,Varejo,1,179.9,63.04,116.86,Venda
SKU_1697_MIN,26/07/2025,Varejo,2,439.8,137.14,151.33,Venda
SKU_1750_SNO,26/07/2025,Atacado,4,1479.6,718.28,190.33,Venda
SKU_1727_WHI,26/07/2025,E-commerce,1,154.9,59.82,95.08,Venda
SKU_1495_BLA,26/07/2025,Varejo,1,329.9,108.88,221.02,Venda
SKU_1688_WHI,26/07/2025,Atacado,2,859.8,480.5,189.65,Venda
SKU_1691_ROS,26/07/2025,Varejo,2,619.8,226.02,196.89,Venda
SKU_1711_VAN,26/07/2025,Varejo,1,994.9,315.13,679.77,Venda
SKU_1973_SKY,26/07/2025,Varejo,3,959.7,372.3,195.8,Venda
SKU_2040_BIR,26/07/2025,Atacado,4,1179.6,619.56,140.01,Venda
SKU_1496_PAS,26/07/2025,Varejo,1,1134.9,367.26,767.64,Venda
SKU_1996_SHO,26/07/2025,Atacado,4,979.6,516.32,115.82,Venda
SKU_1776_PAS,26/07/2025,Varejo,2,659.8,278.42,190.69,Venda
SKU_1691_HUN,26/07/2025,Atacado,6,1859.4,956.76,150.44,Venda
SKU_1764_MAR,26/07/2025,Varejo,1,234.9,108.68,126.22,Venda
SKU_1721_FRE,26/07/2025,Varejo,2,839.8,295.9,271.95,Venda
SKU_1674_PAS,26/07/2025,E-commerce,1,229.9,80.83,149.07,Venda
SKU_1757_PIN,26/07/2025,Atacado,2,529.8,304.08,112.86,Venda
SKU_1734_FRE,26/07/2025,Varejo,1,349.9,128.73,221.17,Venda
SKU_1744_EME,26/07/2025,E-commerce,1,264.9,86.28,178.62,Venda
SKU_1764_FUC,26/07/2025,Atacado,5,1174.5,615.8,111.74,Venda
SKU_1801_MOS,26/07/2025,Atacado,4,1499.6,636.56,215.76,Venda
SKU_1791_ARM,26/07/2025,Varejo,1,264.9,104.13,160.77,Venda
SKU_1431_TEA,26/07/2025,Atacado,3,1109.7,579.39,176.77,Venda
SKU_1703_PAS,26/07/2025,Atacado,4,1079.6,458.72,155.22,Venda
SKU_1629_ARM,26/07/2025,Atacado,6,1529.4,792.6,122.8,Venda
SKU_1753_WHI,26/07/2025,E-commerce,1,789.9,289.26,500.64,Venda
SKU_1718_SEA,26/07/2025,Atacado,8,2959.2,1393.44,195.72,Venda
SKU_1475_VAN,26/07/2025,Atacado,5,1249.5,553.35,139.23,Venda
SKU_1703_BLU,26/07/2025,Varejo,1,269.9,96.24,173.66,Venda
SKU_1728_MID,26/07/2025,Atacado,5,1649.5,783.5,173.2,Venda
SKU_1488_PEA,26/07/2025,Atacado,4,1359.6,666.04,173.39,Venda
SKU_1763_HOT,26/07/2025,Atacado,3,899.7,425.28,158.14,Venda
SKU_1669_COR,26/07/2025,Atacado,8,1599.2,777.76,102.68,Venda
SKU_1710_OLI,26/07/2025,Varejo,1,809.9,339.27,470.63,Venda
SKU_1420_EGR,26/07/2025,Atacado,6,5939.4,2846.4,515.5,Venda
SKU_1787_BAB,26/07/2025,Atacado,3,869.7,437.16,144.18,Venda
SKU_1760_OFF,26/07/2025,E-commerce,1,249.9,78.95,170.95,Venda
SKU_1392_LIM,26/07/2025,Atacado,10,2949.0,1626.0,132.3,Venda
SKU_1704_PEA,26/07/2025,Varejo,1,334.9,164.69,170.21,Venda
SKU_1694_SER,26/07/2025,Atacado,3,839.7,454.17,128.51,Venda
SKU_1506_BRI,26/07/2025,Atacado,8,1839.2,902.24,117.12,Venda
SKU_1780_AQU,26/07/2025,Varejo,4,1339.6,409.64,232.49,Venda
SKU_1773_FRE,26/07/2025,Varejo,3,974.7,301.23,224.49,Venda
SKU_1611_BRI,26/07/2025,Atacado,3,659.7,295.98,121.24,Venda
SKU_1712_NAV,26/07/2025,Varejo,1,179.9,67.32,112.58,Venda
SKU_1624_ARM,26/07/2025,Atacado,6,1259.4,597.36,110.34,Venda
SKU_1715_HON,26/07/2025,Atacado,8,1759.2,942.4,102.1,Venda
SKU_1740_FRE,26/07/2025,E-commerce,1,214.9,75.43,139.47,Venda
SKU_1736_JAD,26/07/2025,Varejo,1,324.9,159.91,164.99,Venda
SKU_1942_SAL,26/07/2025,E-commerce,1,1184.9,465.73,719.17,Venda
SKU_1456_DEN,26/07/2025,Atacado,2,629.8,327.02,151.39,Venda
SKU_1696_SER,26/07/2025,Varejo,1,279.9,107.37,172.53,Venda
SKU_1763_HOT,26/07/2025,E-commerce,1,299.9,134.44,165.46,Venda
SKU_1693_MEX,26/07/2025,Varejo,1,204.9,100.8,104.1,Venda
SKU_1494_EGR,26/07/2025,Varejo,3,3254.7,1579.83,558.29,Venda
SKU_1783_BAB,26/07/2025,Atacado,4,4799.6,2091.0,677.15,Venda
SKU_1427_BLA,26/07/2025,Varejo,1,199.9,66.12,133.78,Venda
SKU_1741_PIN,26/07/2025,Varejo,3,719.7,322.02,132.56,Venda
SKU_1784_EGR,26/07/2025,Varejo,1,309.9,131.64,178.26,Venda
SKU_2039_OLI,26/07/2025,E-commerce,1,1024.9,317.82,707.08,Venda
SKU_1525_MYS,26/07/2025,Atacado,8,2319.2,1012.4,163.35,Venda
SKU_1680_SEA,26/07/2025,E-commerce,2,669.8,251.78,209.01,Venda
SKU_1441_IVO,26/07/2025,E-commerce,1,1154.9,423.18,731.72,Venda
SKU_1897_SHO,26/07/2025,Varejo,1,234.9,110.78,124.12,Venda
SKU_1411_RAS,26/07/2025,Varejo,1,224.9,72.04,152.86,Venda
SKU_1752_SPA,26/07/2025,Atacado,10,4299.0,2021.0,227.8,Venda
SKU_1797_BLU,26/07/2025,E-commerce,1,379.9,149.8,230.1,Venda
SKU_1464_MOS,26/07/2025,Atacado,6,1379.4,618.06,126.89,Venda
SKU_1965_GAR,26/07/2025,Varejo,2,469.8,145.76,162.02,Venda
SKU_1781_AQU,26/07/2025,Atacado,3,389.7,182.88,68.94,Venda
SKU_1724_PIN,26/07/2025,Atacado,8,8919.2,4073.6,605.7,Venda
SKU_1728_EGR,26/07/2025,Varejo,1,329.9,154.15,175.75,Venda
SKU_2067_MIN,26/07/2025,Atacado,6,2099.4,917.34,197.01,Venda
SKU_1597_FLA,26/07/2025,Varejo,1,529.9,261.74,268.16,Venda
SKU_1999_SKY,26/07/2025,Atacado,2,469.8,227.88,120.96,Venda
SKU_1745_PEA,26/07/2025,Atacado,4,1639.6,708.72,232.72,Venda
SKU_1782_NAV,26/07/2025,E-commerce,2,499.8,218.28,140.76,Venda
SKU_1600_SHO,26/07/2025,E-commerce,1,394.9,147.78,247.12,Venda
SKU_1704_BAB,26/07/2025,Varejo,1,334.9,157.87,177.03,Venda
SKU_1772_SNO,26/07/2025,Atacado,6,2489.4,1241.46,207.99,Venda
SKU_1824_COR,26/07/2025,Atacado,3,1079.7,527.34,184.12,Venda
SKU_1700_PIS,26/07/2025,Varejo,1,699.9,290.76,409.14,Venda
SKU_1703_BLU,26/07/2025,Varejo,1,269.9,129.96,139.94,Venda
SKU_1735_COR,26/07/2025,E-commerce,2,539.8,188.02,175.89,Venda
SKU_1691_HUN,26/07/2025,Atacado,3,929.7,492.36,145.78,Venda
SKU_1755_AQU,26/07/2025,Atacado,6,2009.4,886.2,187.2,Venda
SKU_2051_FOR,26/07/2025,Atacado,4,3079.6,1731.8,336.95,Venda
SKU_1784_EGR,26/07/2025,Atacado,2,619.8,261.34,179.23,Venda
SKU_1780_AQU,26/07/2025,Varejo,1,334.9,153.5,181.4,Venda
SKU_1613_BIR,26/07/2025,Atacado,10,1899.0,1038.3,86.07,Venda
SKU_1724_PIN,26/07/2025,Varejo,1,1114.9,345.31,769.59,Venda
SKU_1699_COB,26/07/2025,Atacado,4,1319.6,754.64,141.24,Venda
SKU_1702_LIG,26/07/2025,Atacado,3,1859.7,1010.19,283.17,Venda
SKU_1724_PIN,26/07/2025,Atacado,6,6689.4,3382.98,551.07,Venda
SKU_1690_MYS,26/07/2025,E-commerce,2,1079.8,490.24,294.78,Venda
SKU_1640_TEA,26/07/2025,Atacado,6,1319.4,723.66,99.29,Venda
SKU_1799_DEN,26/07/2025,E-commerce,1,269.9,97.34,172.56,Venda
SKU_1790_EGR,26/07/2025,Varejo,3,779.7,389.46,130.08,Venda
SKU_1770_DEE,26/07/2025,Atacado,10,2199.0,1041.6,115.74,Venda
SKU_1468_BAB,26/07/2025,Atacado,6,3179.4,1655.04,254.06,Venda
SKU_1719_OFF,26/07/2025,E-commerce,1,319.9,114.75,205.15,Venda
SKU_1788_EME,26/07/2025,Varejo,4,999.6,487.12,128.12,Venda
SKU_1509_MAG,26/07/2025,Varejo,1,319.9,153.14,166.76,Venda
SKU_1718_SEA,26/07/2025,Varejo,1,369.9,115.28,254.62,Venda
SKU_1795_HUN,26/07/2025,Varejo,1,299.9,144.16,155.74,Venda
SKU_1679_GAR,26/07/2025,Atacado,2,1839.8,1058.98,390.41,Venda
SKU_1721_COR,26/07/2025,Varejo,1,419.9,175.51,244.39,Venda
SKU_1839_BAB,26/07/2025,Atacado,4,1179.6,617.88,140.43,Venda
SKU_1704_BAB,26/07/2025,Atacado,5,1674.5,783.95,178.11,Venda
SKU_2018_BAB,26/07/2025,Varejo,1,479.9,173.64,306.26,Venda
SKU_1972_AQU,26/07/2025,E-commerce,1,344.9,116.11,228.79,Venda
SKU_1796_SHO,26/07/2025,Atacado,5,2524.5,1180.3,268.84,Venda
SKU_1815_WHI,26/07/2025,Varejo,1,439.9,133.57,306.33,Venda
SKU_1782_NAV,26/07/2025,Atacado,8,1999.2,900.4,137.35,Venda
SKU_1749_SNO,26/07/2025,Atacado,4,1399.6,660.64,184.74,Venda
SKU_1613_AQU,26/07/2025,Varejo,4,759.6,341.8,104.45,Venda
SKU_1750_MIN,26/07/2025,Varejo,1,369.9,160.28,209.62,Venda
SKU_1744_EME,26/07/2025,Atacado,4,1059.6,523.68,133.98,Venda
SKU_1472_EME,26/07/2025,Atacado,5,2349.5,1348.7,200.16,Venda
SKU_1694_PIS,26/07/2025,Varejo,2,559.8,234.46,162.67,Venda
SKU_1658_BAB,26/07/2025,Atacado,10,8799.0,4992.4,380.66,Venda
SKU_1648_RAS,26/07/2025,Atacado,5,3499.5,1848.05,330.29,Venda
SKU_1775_PAL,26/07/2025,Atacado,12,3358.8,1742.16,134.72,Venda
SKU_1419_WHI,26/07/2025,Varejo,1,249.9,82.97,166.93,Venda
SKU_1697_MIN,26/07/2025,E-commerce,1,219.9,82.51,137.39,Venda
SKU_1729_CLE,26/07/2025,Varejo,4,699.6,288.68,102.73,Venda
SKU_1717_MIN,26/07/2025,Atacado,6,1559.4,767.46,131.99,Venda
SKU_1720_PAL,26/07/2025,Atacado,5,1124.5,566.55,111.59,Venda
SKU_1707_ARM,26/07/2025,Atacado,10,2799.0,1473.5,132.55,Venda
SKU_1643_EGR,26/07/2025,Varejo,1,224.9,71.0,153.9,Venda
SKU_1768_PEA,26/07/2025,Varejo,3,1874.7,683.82,396.96,Venda
SKU_1786_POW,26/07/2025,E-commerce,1,179.9,79.98,99.92,Venda
SKU_1682_OLI,26/07/2025,Varejo,1,234.9,108.35,126.55,Venda
SKU_1459_CRE,26/07/2025,E-commerce,2,419.8,156.16,131.82,Venda
SKU_1716_SAL,26/07/2025,Varejo,1,164.9,62.48,102.42,Venda
SKU_1796_SHO,26/07/2025,Atacado,8,4039.2,1728.8,288.8,Venda
SKU_1456_EME,26/07/2025,Atacado,5,1574.5,859.7,142.96,Venda
SKU_1638_PEA,26/07/2025,Atacado,3,3419.7,1745.31,558.13,Venda
SKU_1764_FUC,26/07/2025,Atacado,5,1174.5,508.7,133.16,Venda
SKU_1751_BLU,26/07/2025,Atacado,4,1319.6,683.32,159.07,Venda
SKU_1788_MYS,26/07/2025,Atacado,12,2998.8,1460.28,128.21,Venda
SKU_1916_TUR,26/07/2025,Atacado,5,1274.5,618.15,131.27,Venda
SKU_1589_CER,26/07/2025,Varejo,1,679.9,274.73,405.17,Venda
SKU_1790_EGR,26/07/2025,Varejo,2,519.8,216.8,151.5,Venda
SKU_1771_PIN,26/07/2025,Atacado,8,2119.2,1021.76,137.18,Venda
SKU_1704_BAB,26/07/2025,Atacado,5,1674.5,948.65,145.17,Venda
SKU_1534_MYS,26/07/2025,Atacado,4,799.6,362.84,109.19,Venda
SKU_1686_MOS,26/07/2025,E-commerce,1,214.9,79.49,135.41,Venda
SKU_1717_CRE,26/07/2025,Varejo,1,259.9,121.61,138.29,Venda
SKU_1795_HUN,26/07/2025,Atacado,5,1499.5,638.25,172.25,Venda
SKU_1759_COB,26/07/2025,Varejo,1,269.9,114.31,155.59,Venda
SKU_1731_MIN,26/07/2025,Varejo,3,2729.7,989.25,580.15,Venda
SKU_1713_SNO,26/07/2025,Varejo,1,504.9,158.3,346.6,Venda
SKU_1706_JAD,26/07/2025,Varejo,2,369.8,153.24,108.28,Venda
SKU_1780_LIG,26/07/2025,Varejo,2,669.8,248.14,210.83,Venda
SKU_1722_AQU,26/07/2025,Varejo,1,324.9,148.33,176.57,Venda
SKU_1769_WHI,26/07/2025,Atacado,5,1624.5,923.55,140.19,Venda
SKU_1765_MYS,26/07/2025,Varejo,1,259.9,111.1,148.8,Venda
SKU_1686_MOS,26/07/2025,Atacado,5,1074.5,570.15,100.87,Venda
SKU_1775_PAS,26/07/2025,Varejo,2,559.8,176.96,191.42,Venda
SKU_1608_WHI,26/07/2025,Atacado,4,1219.6,643.56,144.01,Venda
SKU_1575_AQU,26/07/2025,Atacado,3,2594.7,1184.07,470.21,Venda
SKU_1739_MOS,26/07/2025,Varejo,2,509.8,171.76,169.02,Venda
SKU_1399_CRE,26/07/2025,Varejo,1,269.9,124.57,145.33,Venda
SKU_1513_RAS,26/07/2025,E-commerce,1,214.9,65.65,149.25,Venda
SKU_1700_HUN,26/07/2025,Varejo,1,699.9,334.19,365.71,Venda
SKU_1556_SAL,26/07/2025,Varejo,1,204.9,92.17,112.73,Venda
SKU_1435_OLI,26/07/2025,Atacado,6,6059.4,2996.58,510.47,Venda
SKU_1683_PAL,26/07/2025,Atacado,5,1574.5,693.45,176.21,Venda
SKU_1620_SAG,26/07/2025,Varejo,1,264.9,94.1,170.8,Venda
SKU_1757_TUR,26/07/2025,Varejo,1,264.9,131.3,133.6,Venda
SKU_1598_NAV,26/07/2025,Atacado,6,2939.4,1566.3,228.85,Venda
SKU_1421_SER,26/07/2025,E-commerce,1,229.9,105.34,124.56,Venda
SKU_1496_PEA,26/07/2025,Varejo,1,1134.9,396.74,738.16,Venda
SKU_1716_SAL,26/07/2025,Varejo,1,164.9,57.68,107.22,Venda
SKU_2075_COR,26/07/2025,Atacado,3,719.7,337.14,127.52,Venda
SKU_1782_HUN,26/07/2025,Atacado,4,999.6,513.0,121.65,Venda
SKU_1901_MIN,26/07/2025,Atacado,2,469.8,234.76,117.52,Venda
SKU_1752_SPA,26/07/2025,Atacado,6,2579.4,1181.04,233.06,Venda
SKU_1769_WHI,26/07/2025,E-commerce,1,324.9,114.14,210.76,Venda
SKU_1729_FUC,26/07/2025,E-commerce,2,349.8,173.98,87.91,Venda
SKU_1736_PAS,26/07/2025,Varejo,1,324.9,98.93,225.97,Venda
SKU_1786_POW,26/07/2025,Atacado,3,539.7,238.23,100.49,Venda
SKU_1788_MYS,26/07/2025,Atacado,3,749.7,350.82,132.96,Venda
SKU_1787_BAB,26/07/2025,Atacado,8,2319.2,1130.4,148.6,Venda
SKU_1755_AQU,26/07/2025,Atacado,4,1339.6,663.48,169.03,Venda
SKU_1458_PEA,26/07/2025,Atacado,6,2099.4,1082.82,169.43,Venda
SKU_1680_SEA,26/07/2025,Varejo,1,334.9,133.63,201.27,Venda
SKU_1672_TEA,26/07/2025,Atacado,4,1179.6,622.48,139.28,Venda
SKU_2031_NAV,26/07/2025,Varejo,2,699.8,293.54,203.13,Venda
SKU_2046_MAR,26/07/2025,Varejo,1,514.9,166.3,348.6,Venda
SKU_1680_NAV,26/07/2025,Atacado,6,2009.4,1155.78,142.27,Venda
SKU_1775_PAL,26/07/2025,Atacado,3,839.7,358.98,160.24,Venda
SKU_1441_IVO,26/07/2025,Atacado,2,2309.8,1248.66,530.57,Venda
SKU_1816_WHI,26/07/2025,Varejo,1,239.9,115.49,124.41,Venda
SKU_1853_ROS,26/07/2025,Atacado,4,3599.6,1903.2,424.1,Venda
SKU_1747_TEA,26/07/2025,Varejo,1,174.9,72.88,102.02,Venda
SKU_1427_BLA,26/07/2025,Varejo,1,199.9,92.65,107.25,Venda
SKU_1990_LIM,26/07/2025,Atacado,2,359.8,193.58,83.11,Venda
SKU_1776_BIR,26/07/2025,Atacado,10,3299.0,1472.2,182.68,Venda
SKU_1655_SNO,26/07/2025,Atacado,2,1289.8,791.5,249.15,Venda
SKU_1798_MOS,26/07/2025,Varejo,2,839.8,315.26,262.27,Venda
SKU_1755_BIR,26/07/2025,Atacado,3,1004.7,479.25,175.15,Venda
SKU_1723_COB,26/07/2025,Varejo,1,434.9,139.64,295.26,Venda
SKU_1842_POW,26/07/2025,Atacado,2,1069.8,523.74,273.03,Venda
SKU_1616_SER,26/07/2025,Atacado,8,8199.2,3918.0,535.15,Venda
SKU_1776_BIR,26/07/2025,Varejo,1,329.9,147.98,181.92,Venda
SKU_1728_MID,26/07/2025,E-commerce,2,659.8,232.62,213.59,Venda
SKU_1547_IVO,26/07/2025,Atacado,4,1319.6,823.0,124.15,Venda
SKU_1824_COR,26/07/2025,Atacado,6,2159.4,1040.64,186.46,Venda
SKU_1497_FUC,26/07/2025,Atacado,5,674.5,404.05,54.09,Venda
SKU_1786_TEA,26/07/2025,Varejo,1,179.9,68.04,111.86,Venda
SKU_1789_EME,26/07/2025,Atacado,3,809.7,404.82,134.96,Venda
SKU_1709_MAR,26/07/2025,Atacado,10,2099.0,912.7,118.63,Venda
SKU_1796_OLI,26/07/2025,E-commerce,1,504.9,236.74,268.16,Venda
SKU_1691_ROS,26/07/2025,Varejo,1,309.9,128.09,181.81,Venda
SKU_1500_PAS,26/07/2025,Varejo,1,259.9,108.15,151.75,Venda
SKU_1974_JAD,26/07/2025,Varejo,1,199.9,95.64,104.26,Venda
SKU_1535_MOS,26/07/2025,Atacado,5,1524.5,640.35,176.83,Venda
SKU_1797_BLU,26/07/2025,Atacado,5,1899.5,1009.75,177.95,Venda
SKU_1782_NAV,26/07/2025,Varejo,1,249.9,122.77,127.13,Venda
SKU_1716_AQU,26/07/2025,Varejo,2,329.8,126.72,101.54,Venda
SKU_1605_COR,26/07/2025,Varejo,3,659.7,229.35,143.45,Venda
SKU_1705_JAD,26/07/2025,Atacado,8,3279.2,1728.72,193.81,Venda
SKU_1789_EME,26/07/2025,Varejo,1,269.9,115.13,154.77,Venda
SKU_1798_MOS,26/07/2025,Varejo,1,419.9,130.9,289.0,Venda
SKU_1743_DEE,26/07/2025,Atacado,3,1319.7,569.16,250.18,Venda
SKU_1701_BLU,26/07/2025,Atacado,3,1019.7,462.63,185.69,Venda
SKU_1915_DUS,26/07/2025,Atacado,3,3494.7,1677.54,605.72,Venda
SKU_1752_SNO,26/07/2025,E-commerce,1,429.9,200.13,229.77,Venda
SKU_1786_TEA,26/07/2025,Varejo,1,179.9,65.45,114.45,Venda
SKU_1782_HUN,26/07/2025,Atacado,8,1999.2,1066.32,116.61,Venda
SKU_1749_BIR,26/07/2025,Varejo,1,349.9,170.09,179.81,Venda
SKU_1740_OLI,26/07/2025,Varejo,1,214.9,75.27,139.63,Venda
SKU_1783_EGR,26/07/2025,Atacado,5,5999.5,3245.55,550.79,Venda
SKU_1514_SPA,26/07/2025,Varejo,1,829.9,292.19,537.71,Venda
SKU_1763_HOT,26/07/2025,Varejo,2,599.8,285.14,157.33,Venda
SKU_1801_FLA,26/07/2025,E-commerce,1,374.9,139.27,235.63,Venda
SKU_1497_VAN,26/07/2025,E-commerce,1,134.9,59.84,75.06,Venda
SKU_1539_PEA,26/07/2025,Varejo,3,1049.7,509.64,180.02,Venda
SKU_1788_MYS,26/07/2025,Varejo,1,249.9,90.13,159.77,Venda
SKU_2090_BUB,26/07/2025,Atacado,4,1059.6,474.6,146.25,Venda
SKU_1741_PIN,26/07/2025,Atacado,5,1199.5,557.0,128.5,Venda
SKU_1684_HON,26/07/2025,Varejo,1,184.9,79.54,105.36,Venda
SKU_1718_DUS,26/07/2025,Varejo,1,369.9,157.12,212.78,Venda
SKU_1505_BLU,26/07/2025,Varejo,1,234.9,109.69,125.21,Venda
SKU_1705_SER,26/07/2025,E-commerce,1,409.9,139.84,270.06,Venda
SKU_1431_CRE,26/07/2025,Varejo,3,1109.7,529.02,193.56,Venda
SKU_1714_MID,26/07/2025,E-commerce,1,304.9,123.3,181.6,Venda
SKU_1695_LIM,26/07/2025,E-commerce,1,209.9,69.49,140.41,Venda
SKU_1415_MID,26/07/2025,Atacado,4,1419.6,633.88,196.43,Venda
SKU_1689_MAG,26/07/2025,Varejo,1,964.9,318.79,646.11,Venda
SKU_1737_DEE,26/07/2025,Atacado,6,4619.4,2163.06,409.39,Venda
SKU_1524_DEN,26/07/2025,E-commerce,1,369.9,149.05,220.85,Venda
SKU_1802_OLI,26/07/2025,Atacado,2,1489.8,677.88,405.96,Venda
SKU_1799_POW,26/07/2025,E-commerce,1,269.9,91.19,178.71,Venda
SKU_1712_NAV,26/07/2025,Atacado,2,359.8,178.06,90.87,Venda
SKU_1487_CLE,26/07/2025,Varejo,1,334.9,163.05,171.85,Venda
SKU_1596_CER,26/07/2025,Varejo,1,274.9,128.37,146.53,Venda
SKU_2000_SHO,26/07/2025,Atacado,2,429.8,190.74,119.53,Venda
SKU_1877_TEA,26/07/2025,Varejo,1,574.9,228.9,346.0,Venda
SKU_1646_BLU,26/07/2025,Atacado,5,1024.5,472.15,110.47,Venda
SKU_1760_OFF,26/07/2025,E-commerce,1,249.9,90.94,158.96,Venda
SKU_1745_FOR,26/07/2025,Varejo,3,1229.7,586.53,214.39,Venda
SKU_1691_HUN,26/07/2025,Atacado,5,1549.5,863.05,137.29,Venda
SKU_1921_PIN,26/07/2025,Varejo,2,499.8,224.34,137.73,Venda
SKU_1431_CRE,26/07/2025,E-commerce,1,369.9,164.19,205.71,Venda
SKU_1608_WHI,26/07/2025,Varejo,1,304.9,138.0,166.9,Venda
SKU_1714_MID,26/07/2025,Varejo,4,1219.6,574.08,161.38,Venda
SKU_1630_SNO,26/07/2025,Varejo,1,334.9,131.12,203.78,Venda
SKU_1588_PAS,26/07/2025,Varejo,1,489.9,205.23,284.67,Venda
SKU_1414_CLO,26/07/2025,Atacado,4,1359.6,688.44,167.79,Venda
SKU_1748_BAB,26/07/2025,E-commerce,1,309.9,144.25,165.65,Venda
SKU_1554_PIS,26/07/2025,E-commerce,1,1034.9,324.29,710.61,Venda
SKU_1782_NAV,26/07/2025,E-commerce,3,749.7,350.88,132.94,Venda
SKU_1629_ARM,26/07/2025,Varejo,3,764.7,296.07,156.21,Venda
SKU_1961_LIG,26/07/2025,Atacado,6,2489.4,1173.9,219.25,Venda
SKU_1723_MOS,26/07/2025,Atacado,4,1739.6,969.04,192.64,Venda
SKU_1680_SEA,26/07/2025,Varejo,1,334.9,142.12,192.78,Venda
SKU_1734_BRI,26/07/2025,Atacado,3,1049.7,469.2,193.5,Venda
SKU_1712_MOS,26/07/2025,Atacado,3,539.7,283.98,85.24,Venda
SKU_1754_SER,26/07/2025,Atacado,5,1699.5,808.4,178.22,Venda
SKU_1627_MOS,26/07/2025,Varejo,1,329.9,148.03,181.87,Venda
SKU_1846_PAS,26/07/2025,Atacado,3,1049.7,480.27,189.81,Venda
SKU_1723_COB,26/07/2025,Varejo,1,434.9,184.28,250.62,Venda
SKU_1774_COB,26/07/2025,Varejo,1,204.9,97.49,107.41,Venda
SKU_1519_BLU,26/07/2025,Atacado,5,3149.5,1649.15,300.07,Venda
SKU_1787_BAB,26/07/2025,Atacado,5,1449.5,837.15,122.47,Venda
SKU_1689_IVO,26/07/2025,Atacado,5,4824.5,2764.55,411.99,Venda
SKU_1547_IVO,26/07/2025,Atacado,5,1649.5,803.3,169.24,Venda
SKU_1775_PAS,26/07/2025,Atacado,4,1119.6,472.28,161.83,Venda
SKU_1697_MIN,26/07/2025,Atacado,8,1759.2,939.04,102.52,Venda
SKU_1590_HOT,26/07/2025,Varejo,2,379.8,116.78,131.51,Venda
SKU_1686_MOS,26/07/2025,E-commerce,1,214.9,76.92,137.98,Venda
SKU_1796_SHO,26/07/2025,Atacado,6,3029.4,1680.42,224.83,Venda
SKU_2000_SHO,26/07/2025,Atacado,2,429.8,238.82,95.49,Venda
SKU_1724_PIN,26/07/2025,Varejo,1,1114.9,335.7,779.2,Venda
SKU_1796_OLI,26/07/2025,Varejo,1,504.9,247.96,256.94,Venda
SKU_1687_FOR,26/07/2025,Atacado,6,5399.4,2790.18,434.87,Venda
SKU_1709_CRE,26/07/2025,Varejo,1,209.9,64.03,145.87,Venda
SKU_1717_MIN,26/07/2025,Varejo,1,259.9,78.94,180.96,Venda
SKU_1574_GAR,26/07/2025,Atacado,3,1814.7,815.16,333.18,Venda
SKU_2045_AQU,26/07/2025,Atacado,10,1949.0,937.1,101.19,Venda
SKU_2016_PEA,26/07/2025,Varejo,1,224.9,80.68,144.22,Venda
SKU_1863_POW,26/07/2025,E-commerce,1,254.9,99.45,155.45,Venda
SKU_1757_PIN,26/07/2025,Varejo,2,529.8,201.88,163.96,Venda
SKU_1413_SAG,26/07/2025,Atacado,10,1849.0,942.8,90.62,Venda
SKU_1752_SNO,26/07/2025,Varejo,2,859.8,342.86,258.47,Venda
SKU_1457_MAG,26/07/2025,Atacado,10,1599.0,687.7,91.13,Venda
SKU_1779_MIN,26/07/2025,Varejo,1,214.9,92.62,122.28,Venda
SKU_1546_IVO,26/07/2025,Atacado,5,874.5,403.95,94.11,Venda
SKU_1687_FOR,26/07/2025,E-commerce,1,899.9,443.13,456.77,Venda
SKU_1779_MIN,26/07/2025,Atacado,4,859.6,474.12,96.37,Venda
SKU_1611_MID,26/07/2025,Varejo,1,219.9,93.34,126.56,Venda
SKU_1720_PAL,26/07/2025,Atacado,8,1799.2,890.0,113.65,Venda
SKU_1590_HOT,26/07/2025,Atacado,4,759.6,344.0,103.9,Venda
SKU_1764_FUC,26/07/2025,Atacado,5,1174.5,519.25,131.05,Venda
SKU_1743_CLO,26/07/2025,Atacado,8,3519.2,1551.04,246.02,Venda
SKU_2105_RAS,26/07/2025,E-commerce,2,679.8,334.78,172.51,Venda
SKU_1713_SAL,26/07/2025,E-commerce,1,504.9,178.65,326.25,Venda
SKU_1755_AQU,26/07/2025,Varejo,1,334.9,147.14,187.76,Venda
SKU_1762_DEN,26/07/2025,Varejo,1,254.9,91.83,163.07,Venda
SKU_1673_PEA,26/07/2025,Atacado,8,3279.2,1599.04,210.02,Venda
SKU_1719_WHI,26/07/2025,E-commerce,1,319.9,124.85,195.05,Venda
SKU_1792_MIN,26/07/2025,Atacado,6,2639.4,1293.12,224.38,Venda
SKU_2110_TEA,26/07/2025,Atacado,6,1319.4,663.84,109.26,Venda
SKU_1587_DEE,26/07/2025,E-commerce,1,229.9,95.5,134.4,Venda
SKU_1787_BAB,26/07/2025,Atacado,4,1159.6,568.24,147.84,Venda
SKU_1474_DEN,26/07/2025,Varejo,1,1059.9,513.42,546.48,Venda
SKU_1612_SNO,26/07/2025,Varejo,1,329.9,161.64,168.26,Venda
SKU_1754_SER,26/07/2025,E-commerce,1,339.9,169.9,170.0,Venda
SKU_1729_CLE,26/07/2025,Atacado,3,524.7,275.85,82.95,Venda
SKU_1732_OFF,26/07/2025,E-commerce,1,1114.9,503.75,611.15,Venda
SKU_1680_SEA,26/07/2025,Atacado,10,3349.0,1920.0,142.9,Venda
SKU_1711_ARM,26/07/2025,Varejo,2,1989.8,886.26,551.77,Venda
SKU_1762_BRI,26/07/2025,Atacado,8,2039.2,1063.44,121.97,Venda
SKU_1547_FUC,26/07/2025,Atacado,5,1649.5,864.75,156.95,Venda
SKU_1693_MEX,26/07/2025,Varejo,2,409.8,160.16,124.82,Venda
SKU_1725_OFF,26/07/2025,Varejo,3,734.7,347.34,129.12,Venda
SKU_1725_BAB,26/07/2025,Atacado,5,1224.5,654.5,114.0,Venda
SKU_1602_AQU,26/07/2025,Atacado,8,1839.2,976.8,107.8,Venda
SKU_1464_MOS,26/07/2025,E-commerce,2,459.8,201.66,129.07,Venda
SKU_1776_PAS,26/07/2025,Varejo,2,659.8,244.3,207.75,Venda
SKU_1534_MYS,26/07/2025,Varejo,1,199.9,71.44,128.46,Venda
SKU_1451_BIR,26/07/2025,E-commerce,1,244.9,122.42,122.48,Venda
SKU_1686_SKY,26/07/2025,Atacado,10,2149.0,1117.5,103.15,Venda
SKU_1757_PIN,26/07/2025,E-commerce,1,264.9,113.85,151.05,Venda
SKU_1562_CLO,26/07/2025,Varejo,1,309.9,110.89,199.01,Venda
SKU_1513_RAS,26/07/2025,Atacado,5,1074.5,492.7,116.36,Venda
SKU_2040_BIR,26/07/2025,Atacado,8,2359.2,1136.96,152.78,Venda
SKU_1735_MOS,26/07/2025,Atacado,3,809.7,464.61,115.03,Venda
SKU_1794_FLA,26/07/2025,Atacado,2,419.8,211.4,104.2,Venda
SKU_1686_MOS,26/07/2025,Varejo,1,214.9,86.91,127.99,Venda
SKU_1750_SNO,26/07/2025,Varejo,1,369.9,152.26,217.64,Venda
SKU_1434_MIN,26/07/2025,E-commerce,2,419.8,168.26,125.77,Venda
SKU_1766_CLE,26/07/2025,Atacado,6,2369.4,1361.4,168.0,Venda
SKU_1696_SER,26/07/2025,Atacado,3,839.7,428.28,137.14,Venda
SKU_1709_CRE,26/07/2025,Varejo,3,629.7,224.13,135.19,Venda
SKU_1421_SER,26/07/2025,E-commerce,1,229.9,89.43,140.47,Venda
SKU_1726_BUB,26/07/2025,Varejo,2,859.8,318.74,270.53,Venda
SKU_1740_FRE,26/07/2025,Varejo,1,214.9,76.84,138.06,Venda
SKU_1709_CRE,26/07/2025,E-commerce,1,209.9,79.1,130.8,Venda
SKU_1757_TUR,26/07/2025,Atacado,6,1589.4,976.8,102.1,Venda
SKU_1450_MAG,26/07/2025,Atacado,5,2049.5,966.5,216.6,Venda
SKU_1758_HON,26/07/2025,Atacado,6,1079.4,503.28,96.02,Venda
SKU_1682_BIR,26/07/2025,Varejo,1,234.9,106.2,128.7,Venda
SKU_1831_HOT,26/07/2025,E-commerce,1,334.9,158.02,176.88,Venda
SKU_1705_JAD,26/07/2025,Atacado,2,819.8,422.74,198.53,Venda
SKU_1496_PAS,26/07/2025,Atacado,6,6809.4,3024.78,630.77,Venda
SKU_1703_PAS,26/07/2025,Atacado,8,2159.2,1134.16,128.13,Venda
SKU_1741_PIN,26/07/2025,Varejo,1,239.9,103.82,136.08,Venda
SKU_1527_FUC,26/07/2025,Atacado,10,9099.0,4124.3,497.47,Venda
SKU_1697_MIN,26/07/2025,Varejo,1,219.9,66.87,153.03,Venda
SKU_1705_JAD,26/07/2025,Varejo,1,409.9,154.34,255.56,Venda
SKU_1798_MOS,26/07/2025,Atacado,6,2519.4,1182.9,222.75,Venda
SKU_1679_SHO,26/07/2025,Varejo,1,919.9,342.22,577.68,Venda
SKU_1661_WHI,26/07/2025,Atacado,4,3959.6,1990.32,492.32,Venda
SKU_1690_MYS,26/07/2025,Varejo,1,539.9,202.27,337.63,Venda
SKU_1742_DEN,26/07/2025,Atacado,4,1039.6,593.88,111.43,Venda
SKU_1778_TEA,26/07/2025,Atacado,5,1424.5,732.55,138.39,Venda
SKU_1648_RAS,26/07/2025,Varejo,1,699.9,242.95,456.95,Venda
SKU_2059_SNO,26/07/2025,Varejo,1,639.9,208.81,431.09,Venda
SKU_1767_FUC,26/07/2025,E-commerce,1,204.9,68.34,136.56,Venda
SKU_1567_PRI,26/07/2025,Atacado,5,3449.5,1629.75,363.95,Venda
SKU_1683_PAL,26/07/2025,E-commerce,1,314.9,126.46,188.44,Venda
SKU_1693_FLA,26/07/2025,E-commerce,3,614.7,278.22,112.16,Venda
SKU_1500_MOS,26/07/2025,Atacado,3,779.7,343.41,145.43,Venda
SKU_1772_BLU,26/07/2025,Varejo,2,829.8,356.98,236.41,Venda
SKU_1751_MIN,26/07/2025,Atacado,12,3958.8,1867.56,174.27,Venda
SKU_1796_OLI,26/07/2025,Varejo,1,504.9,190.71,314.19,Venda
SKU_1583_WHI,26/07/2025,Atacado,4,1019.6,443.2,144.1,Venda
SKU_1695_LIM,26/07/2025,Atacado,5,1049.5,540.05,101.89,Venda
SKU_1743_DEE,26/07/2025,Atacado,6,2639.4,1155.06,247.39,Venda
SKU_1563_MEX,26/07/2025,Varejo,4,599.6,201.2,99.6,Venda
SKU_1700_HUN,26/07/2025,E-commerce,1,699.9,347.95,351.95,Venda
SKU_1695_LIM,26/07/2025,Atacado,10,2099.0,973.9,112.51,Venda
SKU_1756_FLA,26/07/2025,Atacado,8,1439.2,695.68,92.94,Venda
SKU_1657_EME,26/07/2025,Atacado,2,429.8,241.8,94.0,Venda
SKU_1732_OFF,26/07/2025,E-commerce,1,1114.9,430.94,683.96,Venda
SKU_1712_NAV,26/07/2025,Varejo,1,179.9,89.9,90.0,Venda
SKU_1900_HON,26/07/2025,Atacado,6,2549.4,1396.74,192.11,Venda
SKU_1749_SNO,26/07/2025,Varejo,1,349.9,155.31,194.59,Venda
SKU_1798_MOS,26/07/2025,Varejo,1,419.9,146.12,273.78,Venda
SKU_1726_BUB,26/07/2025,Varejo,1,429.9,172.43,257.47,Venda
SKU_1502_VAN,26/07/2025,Atacado,5,1049.5,526.2,104.66,Venda
SKU_1765_MYS,26/07/2025,Atacado,3,779.7,370.74,136.32,Venda
SKU_2091_BIR,26/07/2025,Atacado,3,719.7,388.83,110.29,Venda
SKU_1696_SHO,26/07/2025,E-commerce,1,279.9,110.44,169.46,Venda
SKU_1739_AQU,26/07/2025,E-commerce,1,254.9,111.82,143.08,Venda
SKU_2088_VAN,26/07/2025,Varejo,2,2189.8,695.54,747.13,Venda
SKU_1693_FLA,26/07/2025,Atacado,3,614.7,306.33,102.79,Venda
SKU_1541_AQU,26/07/2025,Atacado,3,2024.7,866.34,386.12,Venda
SKU_1826_IVO,26/07/2025,Atacado,3,1454.7,831.15,207.85,Venda
SKU_1683_PAL,26/07/2025,E-commerce,1,314.9,103.41,211.49,Venda
SKU_1731_MIN,26/07/2025,E-commerce,1,909.9,294.34,615.56,Venda
SKU_1800_MOS,26/07/2025,Atacado,4,1119.6,472.72,161.72,Venda
SKU_1684_SHO,26/07/2025,Atacado,2,369.8,172.56,98.62,Venda
SKU_1658_BAB,26/07/2025,Atacado,4,3519.6,2025.8,373.45,Venda
SKU_1766_CLE,26/07/2025,E-commerce,1,394.9,135.2,259.7,Venda
SKU_1690_MYS,26/07/2025,E-commerce,1,539.9,269.59,270.31,Venda
SKU_1719_OFF,26/07/2025,Atacado,10,3199.0,1503.4,169.56,Venda
SKU_1532_EME,26/07/2025,Atacado,3,2939.7,1271.13,556.19,Venda
SKU_1546_PAS,26/07/2025,Varejo,3,524.7,177.6,115.7,Venda
SKU_1752_SPA,26/07/2025,Atacado,6,2579.4,1182.96,232.74,Venda
SKU_1536_MOS,26/07/2025,Atacado,5,1724.5,888.15,167.27,Venda
SKU_1705_JAD,26/07/2025,Atacado,8,3279.2,1727.68,193.94,Venda
SKU_1758_HON,26/07/2025,Atacado,4,719.6,369.92,87.42,Venda
SKU_1797_GAR,26/07/2025,Atacado,6,2279.4,1009.44,211.66,Venda
SKU_1768_MIN,26/07/2025,Atacado,4,2499.6,1236.76,315.71,Venda
SKU_1612_PAL,26/07/2025,Varejo,2,659.8,245.6,207.1,Venda
SKU_1691_ROS,26/07/2025,Varejo,3,929.7,400.35,176.45,Venda
SKU_1687_WHI,26/07/2025,Varejo,2,1799.8,567.76,616.02,Venda
SKU_1753_WHI,26/07/2025,Atacado,4,3159.6,1502.44,414.29,Venda
SKU_1464_BIR,26/07/2025,Atacado,5,1149.5,568.1,116.28,Venda
SKU_1788_MYS,26/07/2025,Atacado,5,1249.5,601.35,129.63,Venda
SKU_1427_BLA,26/07/2025,Atacado,5,999.5,471.9,105.52,Venda
SKU_1682_OLI,26/07/2025,Varejo,2,469.8,175.8,147.0,Venda
SKU_2031_SNO,26/07/2025,Varejo,2,699.8,299.56,200.12,Venda
SKU_1799_DEN,26/07/2025,Varejo,1,269.9,133.81,136.09,Venda
SKU_1731_ARM,26/07/2025,E-commerce,1,909.9,442.51,467.39,Venda
SKU_1711_VAN,26/07/2025,Varejo,1,994.9,349.18,645.72,Venda
SKU_1722_PAS,26/07/2025,Atacado,2,649.8,304.24,172.78,Venda
SKU_1748_BAB,26/07/2025,E-commerce,1,309.9,111.05,198.85,Venda
SKU_1747_FUC,26/07/2025,Varejo,1,174.9,76.91,97.99,Venda
SKU_1761_MOS,26/07/2025,Varejo,1,1104.9,366.7,738.2,Venda
SKU_1565_LIG,26/07/2025,Atacado,5,1799.5,789.65,201.97,Venda
SKU_1729_CLE,26/07/2025,Varejo,1,174.9,80.97,93.93,Venda
SKU_1835_BAB,26/07/2025,Varejo,1,184.9,60.45,124.45,Venda
SKU_1756_BUB,26/07/2025,Atacado,6,1079.4,455.28,104.02,Venda
SKU_1602_PAS,26/07/2025,Varejo,2,459.8,141.26,159.27,Venda
SKU_1615_MOS,26/07/2025,Atacado,4,1859.6,782.28,269.33,Venda
SKU_1456_EME,26/07/2025,Atacado,5,1574.5,745.1,165.88,Venda
SKU_1779_MIN,26/07/2025,Atacado,4,859.6,369.48,122.53,Venda
SKU_1714_MID,26/07/2025,Varejo,2,609.8,184.24,212.78,Venda
SKU_1732_OFF,26/07/2025,Atacado,10,11149.0,4949.5,619.95,Venda
SKU_1712_MOS,26/07/2025,Atacado,6,1079.4,476.76,100.44,Venda
SKU_2043_ROS,26/07/2025,Atacado,6,2099.4,1094.4,167.5,Venda
SKU_1748_COB,26/07/2025,Atacado,3,929.7,447.48,160.74,Venda
SKU_1708_FRE,26/07/2025,Atacado,6,1019.4,469.44,91.66,Venda
SKU_1767_FUC,26/07/2025,E-commerce,1,204.9,72.55,132.35,Venda
SKU_1737_SAG,26/07/2025,Varejo,1,769.9,322.74,447.16,Venda
SKU_1564_BLA,26/07/2025,Atacado,12,7078.8,3309.12,314.14,Venda
SKU_1858_IVO,26/07/2025,Atacado,6,5399.4,2470.38,488.17,Venda
SKU_1660_MAG,26/07/2025,Varejo,1,314.9,127.25,187.65,Venda
SKU_1791_ARM,26/07/2025,Varejo,2,529.8,171.22,179.29,Venda
SKU_1726_PAS,26/07/2025,Varejo,1,429.9,137.19,292.71,Venda
SKU_1731_MIN,26/07/2025,Atacado,10,9099.0,5188.9,391.01,Venda
SKU_1722_PAS,26/07/2025,E-commerce,1,324.9,119.93,204.97,Venda
SKU_1775_PAL,26/07/2025,Atacado,8,2239.2,969.92,158.66,Venda
SKU_1801_MOS,26/07/2025,Atacado,5,1874.5,1029.15,169.07,Venda
SKU_1684_SHO,26/07/2025,Atacado,5,924.5,503.55,84.19,Venda
SKU_1773_FRE,26/07/2025,Atacado,2,649.8,343.16,153.32,Venda
SKU_1680_NAV,26/07/2025,Atacado,10,3349.0,1834.3,151.47,Venda
SKU_1799_DEN,26/07/2025,Varejo,1,269.9,122.11,147.79,Venda
SKU_1754_SER,26/07/2025,Atacado,3,1019.7,528.96,163.58,Venda
SKU_1713_SNO,26/07/2025,E-commerce,1,504.9,189.68,315.22,Venda
SKU_1699_CLO,26/07/2025,Atacado,3,989.7,579.6,136.7,Venda
SKU_1710_OLI,26/07/2025,Varejo,1,809.9,349.55,460.35,Venda
SKU_1399_CRE,26/07/2025,E-commerce,2,539.8,252.64,143.58,Venda
SKU_1750_SNO,26/07/2025,E-commerce,2,739.8,279.54,230.13,Venda
SKU_1417_BIR,26/07/2025,Atacado,2,559.8,281.1,139.35,Venda
SKU_1702_COR,26/07/2025,Atacado,6,3719.4,1760.22,326.53,Venda
SKU_1698_PRI,26/07/2025,Atacado,6,2519.4,1181.4,223.0,Venda
SKU_1519_TEA,26/07/2025,Atacado,3,1889.7,988.83,300.29,Venda
SKU_1612_PAL,26/07/2025,Varejo,1,329.9,134.95,194.95,Venda
SKU_1764_FUC,26/07/2025,Atacado,5,1174.5,633.95,108.11,Venda
SKU_1761_SAP,26/07/2025,Atacado,4,4419.6,2616.04,450.89,Venda
SKU_1689_MAG,26/07/2025,Atacado,6,5789.4,3101.76,447.94,Venda
SKU_1720_PAL,26/07/2025,Atacado,12,2698.8,1289.4,117.45,Venda
SKU_1397_BUB,26/07/2025,Varejo,1,234.9,85.83,149.07,Venda
SKU_1587_DEE,26/07/2025,E-commerce,1,229.9,109.34,120.56,Venda
SKU_1399_CRE,26/07/2025,Atacado,2,539.8,258.42,140.69,Venda
SKU_1715_HON,26/07/2025,Varejo,1,219.9,86.56,133.34,Venda
SKU_1451_BIR,26/07/2025,Atacado,4,979.6,523.52,114.02,Venda
SKU_1688_LIG,26/07/2025,Atacado,3,1289.7,578.13,237.19,Venda
SKU_1684_SHO,26/07/2025,Varejo,1,184.9,91.99,92.91,Venda
SKU_1697_MIN,26/07/2025,E-commerce,1,219.9,89.46,130.44,Venda
SKU_1736_PAS,26/07/2025,Atacado,3,974.7,472.8,167.3,Venda
SKU_1719_WHI,26/07/2025,Atacado,4,1279.6,540.76,184.71,Venda
SKU_1738_ROY,26/07/2025,Varejo,2,389.8,190.0,99.9,Venda
SKU_1578_PAS,26/07/2025,Varejo,1,124.9,42.9,82.0,Venda
SKU_1515_AQU,26/07/2025,Atacado,6,1169.4,580.68,98.12,Venda
SKU_1450_JAD,26/07/2025,Atacado,4,1639.6,944.12,173.87,Venda
SKU_1709_MAR,26/07/2025,Varejo,2,419.8,172.82,123.49,Venda
SKU_1792_AQU,26/07/2025,Varejo,2,879.8,433.0,223.4,Venda
SKU_1709_MAR,26/07/2025,Atacado,10,2099.0,1111.1,98.79,Venda
SKU_1681_OFF,26/07/2025,Varejo,2,469.8,213.94,127.93,Venda
SKU_1734_FRE,26/07/2025,Varejo,1,349.9,112.21,237.69,Venda
SKU_1845_TUR,26/07/2025,Atacado,6,4919.4,2572.44,391.16,Venda
SKU_1663_SNO,26/07/2025,Atacado,5,3974.5,1733.8,448.14,Venda
SKU_1691_ROS,26/07/2025,Varejo,1,309.9,154.69,155.21,Venda
SKU_1693_FLA,26/07/2025,Atacado,10,2049.0,1041.1,100.79,Venda
SKU_1657_SPA,26/07/2025,Varejo,2,429.8,151.32,139.24,Venda
SKU_1746_NAV,26/07/2025,Varejo,1,179.9,87.34,92.56,Venda
SKU_1783_BAB,26/07/2025,Varejo,1,1199.9,551.43,648.47,Venda
SKU_1771_PIN,26/07/2025,E-commerce,1,264.9,91.67,173.23,Venda
SKU_1695_CRE,26/07/2025,Atacado,6,1259.4,573.66,114.29,Venda
SKU_1699_COB,26/07/2025,Atacado,2,659.8,371.46,144.17,Venda
SKU_1789_EME,26/07/2025,E-commerce,1,269.9,104.62,165.28,Venda
SKU_1756_BUB,26/07/2025,Varejo,2,359.8,118.9,120.45,Venda
SKU_1727_LIG,26/07/2025,E-commerce,1,154.9,76.75,78.15,Venda
SKU_1684_SHO,26/07/2025,E-commerce,1,184.9,68.81,116.09,Venda
SKU_1735_COR,26/07/2025,Varejo,3,809.7,363.27,148.81,Venda
SKU_1475_MIN,26/07/2025,Varejo,1,249.9,118.34,131.56,Venda
SKU_1762_DEN,26/07/2025,Varejo,1,254.9,107.39,147.51,Venda
SKU_1722_AQU,26/07/2025,E-commerce,1,324.9,116.76,208.14,Venda
SKU_1706_BLA,26/07/2025,Atacado,12,2218.8,1055.64,96.93,Venda
SKU_1729_FUC,26/07/2025,Atacado,5,874.5,413.9,92.12,Venda
SKU_1767_FUC,26/07/2025,Atacado,5,1024.5,512.3,102.44,Venda
SKU_1710_MEX,26/07/2025,Atacado,4,3239.6,1704.68,383.73,Venda
SKU_1708_FLA,26/07/2025,Atacado,5,849.5,389.55,91.99,Venda
SKU_1725_BAB,26/07/2025,Atacado,6,1469.4,681.84,131.26,Venda
SKU_1792_MIN,26/07/2025,Varejo,1,439.9,189.33,250.57,Venda
SKU_1798_MOS,26/07/2025,Atacado,4,1679.6,928.68,187.73,Venda
SKU_1788_EME,26/07/2025,Atacado,6,1499.4,766.92,122.08,Venda
SKU_1467_FUC,26/07/2025,Varejo,1,204.9,83.82,121.08,Venda
SKU_1796_SHO,26/07/2025,Atacado,5,2524.5,1325.0,239.9,Venda
SKU_1784_BLA,26/07/2025,Varejo,1,309.9,116.94,192.96,Venda
SKU_1695_CRE,26/07/2025,Varejo,1,209.9,68.72,141.18,Venda
SKU_1478_COB,26/07/2025,Atacado,2,389.8,205.64,92.08,Venda
SKU_1774_COB,26/07/2025,E-commerce,1,204.9,99.02,105.88,Venda
SKU_1596_CER,26/07/2025,Atacado,4,1099.6,572.12,131.87,Venda
SKU_1734_BRI,26/07/2025,Atacado,3,1049.7,498.33,183.79,Venda
SKU_1685_BIR,26/07/2025,Varejo,2,1329.8,519.52,405.14,Venda
SKU_1751_BLU,26/07/2025,Atacado,10,3299.0,1395.0,190.4,Venda
SKU_1609_SAP,26/07/2025,Varejo,1,269.9,126.42,143.48,Venda
SKU_1469_SAL,26/07/2025,Varejo,1,294.9,145.64,149.26,Venda
SKU_1685_BIR,26/07/2025,Varejo,1,664.9,286.45,378.45,Venda
SKU_1695_LIM,26/07/2025,E-commerce,1,209.9,89.39,120.51,Venda
SKU_1782_NAV,26/07/2025,Varejo,2,499.8,228.58,135.61,Venda
SKU_1873_BLA,26/07/2025,E-commerce,1,449.9,223.66,226.24,Venda
SKU_1744_LIG,26/07/2025,E-commerce,1,264.9,99.36,165.54,Venda
SKU_1637_WHI,26/07/2025,Varejo,1,919.9,313.51,606.39,Venda
SKU_1739_MOS,26/07/2025,Atacado,3,764.7,346.14,139.52,Venda
SKU_1774_COB,26/07/2025,Varejo,3,614.7,278.79,111.97,Venda
SKU_1714_DEE,26/07/2025,Atacado,6,1829.4,899.28,155.02,Venda
SKU_1976_SKY,26/07/2025,Atacado,8,4319.2,2020.64,287.32,Venda
SKU_1426_NAV,26/07/2025,Atacado,10,1299.0,652.7,64.63,Venda
SKU_1742_EME,26/07/2025,Atacado,6,1559.4,816.78,123.77,Venda
SKU_1710_MEX,26/07/2025,Atacado,2,1619.8,857.5,381.15,Venda
SKU_1932_COB,26/07/2025,Atacado,2,389.8,221.1,84.35,Venda
SKU_1757_PIN,26/07/2025,Atacado,3,794.7,368.04,142.22,Venda
SKU_1738_BLU,26/07/2025,E-commerce,1,194.9,76.78,118.12,Venda
SKU_1763_HOT,26/07/2025,Atacado,8,2399.2,1047.6,168.95,Venda
SKU_1763_MAR,26/07/2025,E-commerce,1,299.9,129.97,169.93,Venda
SKU_1686_SKY,26/07/2025,Varejo,1,214.9,78.28,136.62,Venda
SKU_1742_EME,26/07/2025,Varejo,2,519.8,163.52,178.14,Venda
SKU_1467_FUC,26/07/2025,Varejo,3,614.7,190.35,141.45,Venda
SKU_1686_MOS,26/07/2025,Atacado,2,429.8,205.02,112.39,Venda
SKU_1681_OFF,26/07/2025,E-commerce,1,234.9,116.09,118.81,Venda
SKU_2111_SNO,26/07/2025,Atacado,6,1409.4,762.66,107.79,Venda
SKU_1519_TEA,26/07/2025,Atacado,3,1889.7,927.9,320.6,Venda
SKU_1684_HON,26/07/2025,Atacado,4,739.6,409.16,82.61,Venda
SKU_1706_BLA,26/07/2025,Atacado,6,1109.4,519.96,98.24,Venda
SKU_1761_MOS,26/07/2025,Varejo,2,2209.8,750.56,729.62,Venda
SKU_1736_PAS,26/07/2025,Atacado,3,974.7,438.3,178.8,Venda
SKU_1675_CRE,26/07/2025,Atacado,5,3824.5,1818.35,401.23,Venda
SKU_1798_MOS,26/07/2025,E-commerce,3,1259.7,386.43,291.09,Venda
SKU_1763_MAR,26/07/2025,Atacado,3,899.7,476.04,141.22,Venda
SKU_1681_PIS,26/07/2025,Atacado,8,1879.2,933.68,118.19,Venda
SKU_1711_ARM,26/07/2025,Varejo,1,994.9,325.44,669.46,Venda
SKU_1551_DUS,26/07/2025,Atacado,12,2638.8,1251.0,115.65,Venda
SKU_1443_BLU,26/07/2025,Varejo,2,539.8,233.8,153.0,Venda
SKU_1610_PRI,26/07/2025,Varejo,1,184.9,76.99,107.91,Venda
SKU_1783_BAB,26/07/2025,Varejo,1,1199.9,442.84,757.06,Venda
SKU_1799_DEN,26/07/2025,Atacado,10,2699.0,1290.8,140.82,Venda
SKU_1761_SAP,26/07/2025,Atacado,3,3314.7,1592.22,574.16,Venda
SKU_1484_EGR,26/07/2025,Atacado,6,2759.4,1427.46,221.99,Venda
SKU_1452_SKY,26/07/2025,Varejo,2,289.8,87.22,101.29,Venda
SKU_1501_SAL,26/07/2025,Atacado,10,1699.0,890.2,80.88,Venda
SKU_1746_NAV,26/07/2025,Atacado,5,899.5,467.85,86.33,Venda
SKU_1505_BLU,26/07/2025,E-commerce,2,469.8,156.68,156.56,Venda
SKU_1795_HUN,26/07/2025,Atacado,8,2399.2,1135.68,157.94,Venda
SKU_1649_GAR,26/07/2025,Atacado,2,469.8,233.76,118.02,Venda
SKU_1776_PAS,26/07/2025,E-commerce,1,329.9,118.7,211.2,Venda
SKU_1635_TEA,26/07/2025,Atacado,5,3024.5,1361.6,332.58,Venda
SKU_1787_BAB,26/07/2025,Varejo,3,869.7,311.61,186.03,Venda
SKU_1829_HUN,26/07/2025,Varejo,1,259.9,126.7,133.2,Venda
SKU_1607_GAR,26/07/2025,E-commerce,1,299.9,108.67,191.23,Venda
SKU_1795_RAS,26/07/2025,Varejo,1,299.9,119.96,179.94,Venda
SKU_1641_MEX,26/07/2025,E-commerce,1,324.9,145.03,179.87,Venda
SKU_1723_MOS,26/07/2025,Atacado,5,2174.5,1027.1,229.48,Venda
SKU_1632_SAP,26/07/2025,Varejo,1,184.9,65.66,119.24,Venda
SKU_2074_PAS,26/07/2025,Atacado,4,1059.6,475.4,146.05,Venda
SKU_1697_MIN,26/07/2025,Atacado,3,659.7,405.99,84.57,Venda
SKU_1567_POW,26/07/2025,Varejo,3,2069.7,950.22,373.16,Venda
SKU_1784_BLA,26/07/2025,E-commerce,1,309.9,129.27,180.63,Venda
SKU_1776_BIR,26/07/2025,Atacado,3,989.7,529.17,153.51,Venda
SKU_1726_PAS,26/07/2025,Atacado,3,1289.7,599.64,230.02,Venda
SKU_1713_SAL,26/07/2025,Atacado,5,2524.5,1374.05,230.09,Venda
SKU_1392_BLU,26/07/2025,Atacado,2,589.8,278.94,155.43,Venda
SKU_2069_TEA,26/07/2025,Varejo,1,219.9,106.5,113.4,Venda
SKU_1692_OLI,26/07/2025,Varejo,1,219.9,83.39,136.51,Venda
SKU_1868_ARM,26/07/2025,Atacado,4,3159.6,1383.08,444.13,Venda
SKU_1594_WHI,26/07/2025,Atacado,2,999.8,517.04,241.38,Venda
SKU_1801_FLA,26/07/2025,Atacado,5,1874.5,1102.15,154.47,Venda
SKU_1798_MOS,26/07/2025,Atacado,10,4199.0,1997.0,220.2,Venda
SKU_1490_EME,26/07/2025,Varejo,1,314.9,117.09,197.81,Venda
SKU_1476_WHI,26/07/2025,E-commerce,1,274.9,88.09,186.81,Venda
SKU_1791_ARM,26/07/2025,Varejo,1,264.9,114.81,150.09,Venda
SKU_1711_VAN,26/07/2025,Varejo,1,994.9,458.74,536.16,Venda
SKU_1729_CLE,26/07/2025,Atacado,8,1399.2,620.4,97.35,Venda
SKU_1583_WHI,26/07/2025,Atacado,12,3058.8,1697.88,113.41,Venda
SKU_1697_MIN,26/07/2025,Varejo,2,439.8,142.22,148.79,Venda
SKU_2038_COB,26/07/2025,Atacado,3,3404.7,1679.52,575.06,Venda
SKU_1392_BLU,26/07/2025,E-commerce,1,294.9,130.29,164.61,Venda
SKU_1548_CLO,26/07/2025,E-commerce,1,474.9,211.61,263.29,Venda
SKU_1731_MIN,26/07/2025,E-commerce,1,909.9,317.96,591.94,Venda
SKU_1726_BUB,26/07/2025,Atacado,3,1289.7,588.93,233.59,Venda
SKU_1717_MIN,26/07/2025,Atacado,4,1039.6,585.56,113.51,Venda
SKU_1870_SAG,26/07/2025,Atacado,3,689.7,327.99,120.57,Venda
SKU_1682_OLI,26/07/2025,Atacado,3,704.7,368.85,111.95,Venda
SKU_1530_HON,26/07/2025,Atacado,5,649.5,286.0,72.7,Venda
SKU_1706_JAD,26/07/2025,Varejo,1,184.9,89.36,95.54,Venda
SKU_1793_MIN,26/07/2025,Atacado,8,1519.2,872.56,80.83,Venda
SKU_1682_OLI,26/07/2025,Atacado,6,1409.4,675.0,122.4,Venda
SKU_1968_PAS,26/07/2025,E-commerce,1,174.9,64.95,109.95,Venda
SKU_1711_VAN,26/07/2025,Varejo,1,994.9,305.85,689.05,Venda
SKU_1693_FLA,26/07/2025,Varejo,1,204.9,79.33,125.57,Venda
SKU_1551_ROS,26/07/2025,Atacado,6,1319.4,559.56,126.64,Venda
SKU_1704_PEA,26/07/2025,Varejo,1,334.9,100.72,234.18,Venda
SKU_1600_LIG,26/07/2025,Atacado,6,2369.4,1014.42,225.83,Venda
SKU_1784_EGR,26/07/2025,Varejo,2,619.8,231.32,194.24,Venda
SKU_1690_MAG,26/07/2025,Atacado,5,2699.5,1408.6,258.18,Venda
SKU_1682_BIR,26/07/2025,Atacado,8,1879.2,928.64,118.82,Venda
SKU_1678_MAG,26/07/2025,Atacado,8,5719.2,2441.52,409.71,Venda
SKU_1572_BAL,26/07/2025,Varejo,1,139.9,50.56,89.34,Venda
SKU_1394_EME,26/07/2025,Atacado,6,2819.4,1395.84,237.26,Venda
SKU_1754_IVO,26/07/2025,E-commerce,1,339.9,124.32,215.58,Venda
SKU_1722_AQU,26/07/2025,Varejo,2,649.8,212.48,218.66,Venda
SKU_1596_BIR,26/07/2025,Varejo,1,274.9,134.16,140.74,Venda
SKU_1694_PIS,26/07/2025,E-commerce,1,279.9,117.48,162.42,Venda
SKU_1726_BUB,26/07/2025,Atacado,6,2579.4,1324.02,209.23,Venda
SKU_1604_SNO,26/07/2025,Varejo,2,1209.8,468.1,370.85,Venda
SKU_1764_FUC,26/07/2025,Atacado,3,704.7,381.54,107.72,Venda
SKU_1697_PIS,26/07/2025,E-commerce,1,219.9,67.09,152.81,Venda
SKU_1494_HOT,26/07/2025,Varejo,1,1084.9,350.4,734.5,Venda
SKU_1791_IVO,26/07/2025,Varejo,1,264.9,92.42,172.48,Venda
SKU_1721_FRE,26/07/2025,Atacado,8,3359.2,1576.8,222.8,Venda
SKU_2023_MID,26/07/2025,Atacado,2,319.8,168.56,75.62,Venda
SKU_1788_EME,26/07/2025,Atacado,5,1249.5,614.8,126.94,Venda
SKU_1430_JAD,26/07/2025,Varejo,2,359.8,154.9,102.45,Venda
SKU_1829_HUN,26/07/2025,E-commerce,1,259.9,112.44,147.46,Venda
SKU_1706_BLA,26/07/2025,Varejo,1,184.9,82.91,101.99,Venda
SKU_1787_BAB,26/07/2025,Atacado,3,869.7,496.92,124.26,Venda
SKU_1558_CLE,26/07/2025,E-commerce,1,329.9,127.93,201.97,Venda
SKU_1730_OFF,26/07/2025,Atacado,12,3838.8,1895.88,161.91,Venda
SKU_1683_SHO,26/07/2025,Atacado,3,944.7,436.41,169.43,Venda
SKU_1794_LIG,26/07/2025,Varejo,1,209.9,65.12,144.78,Venda
SKU_1751_BLU,26/07/2025,Atacado,6,1979.4,833.64,190.96,Venda
SKU_1800_SKY,26/07/2025,E-commerce,1,279.9,136.39,143.51,Venda
SKU_1647_BLA,26/07/2025,E-commerce,2,679.8,329.42,175.19,Venda
SKU_1641_MEX,26/07/2025,Varejo,1,324.9,119.51,205.39,Venda
SKU_1539_BLA,26/07/2025,E-commerce,1,349.9,116.57,233.33,Venda
SKU_1748_COB,26/07/2025,E-commerce,1,309.9,119.85,190.05,Venda
SKU_1794_FLA,26/07/2025,Varejo,1,209.9,64.53,145.37,Venda
SKU_1476_CLO,26/07/2025,Varejo,1,274.9,119.67,155.23,Venda
SKU_1683_SHO,26/07/2025,Atacado,8,2519.2,1261.6,157.2,Venda
SKU_1752_SNO,26/07/2025,Atacado,4,1719.6,911.16,202.11,Venda
SKU_1515_SEA,26/07/2025,Varejo,1,194.9,60.44,134.46,Venda
SKU_1694_SER,26/07/2025,E-commerce,1,279.9,112.48,167.42,Venda
SKU_1649_FLA,26/07/2025,Varejo,1,234.9,96.79,138.11,Venda
SKU_1718_DUS,26/07/2025,Varejo,1,369.9,128.72,241.18,Venda
SKU_1696_SER,26/07/2025,Varejo,1,279.9,86.52,193.38,Venda
SKU_1734_BRI,26/07/2025,E-commerce,1,349.9,170.6,179.3,Venda
SKU_1575_AQU,26/07/2025,Atacado,8,6919.2,3199.84,464.92,Venda
SKU_1486_OLI,26/07/2025,Varejo,1,289.9,100.41,189.49,Venda
SKU_1586_JAD,26/07/2025,Atacado,5,1524.5,717.65,161.37,Venda
SKU_1657_EME,26/07/2025,Atacado,2,429.8,220.3,104.75,Venda
SKU_1751_MIN,26/07/2025,E-commerce,1,329.9,102.92,226.98,Venda
SKU_1756_BUB,26/07/2025,Atacado,4,719.6,376.28,85.83,Venda
SKU_2039_OLI,26/07/2025,Varejo,1,1024.9,447.31,577.59,Venda
SKU_1429_SPA,26/07/2025,Atacado,5,949.5,406.45,108.61,Venda
SKU_1780_LIG,26/07/2025,Atacado,12,4018.8,1936.56,173.52,Venda
SKU_1733_NAV,26/07/2025,Atacado,5,1749.5,825.15,184.87,Venda
SKU_1722_PAS,26/07/2025,E-commerce,1,324.9,118.36,206.54,Venda
SKU_1691_ROS,26/07/2025,Varejo,1,309.9,117.77,192.13,Venda
SKU_1777_TUR,27/07/2025,Atacado,8,1919.2,968.4,118.85,Venda
SKU_1750_SNO,27/07/2025,Atacado,6,2219.4,1174.32,174.18,Venda
SKU_1718_SEA,27/07/2025,Atacado,3,1109.7,521.01,196.23,Venda
SKU_1567_POW,27/07/2025,Atacado,6,4139.4,1989.78,358.27,Venda
SKU_1741_PIN,27/07/2025,Atacado,4,959.6,433.88,131.43,Venda
SKU_1688_WHI,27/07/2025,Atacado,5,2149.5,1138.75,202.15,Venda
SKU_1714_MID,27/07/2025,E-commerce,1,304.9,115.99,188.91,Venda
SKU_1886_BAL,27/07/2025,Varejo,1,204.9,84.58,120.32,Venda
SKU_1751_BLU,27/07/2025,Varejo,1,329.9,118.46,211.44,Venda
SKU_1753_PAL,27/07/2025,Atacado,8,6319.2,3712.24,325.87,Venda
SKU_1696_SHO,27/07/2025,Varejo,1,279.9,133.1,146.8,Venda
SKU_1709_MAR,27/07/2025,Atacado,3,629.7,380.04,83.22,Venda
SKU_1781_AQU,27/07/2025,Varejo,1,129.9,40.1,89.8,Venda
SKU_1639_WHI,27/07/2025,Atacado,10,1899.0,1051.4,84.76,Venda
SKU_1733_SAG,27/07/2025,Atacado,5,1749.5,851.0,179.7,Venda
SKU_1745_FOR,27/07/2025,E-commerce,1,409.9,160.35,249.55,Venda
SKU_1723_MOS,27/07/2025,Atacado,2,869.8,411.04,229.38,Venda
SKU_1704_BAB,27/07/2025,Atacado,4,1339.6,574.12,191.37,Venda
SKU_1865_POW,27/07/2025,Varejo,1,249.9,92.86,157.04,Venda
SKU_1783_BAB,27/07/2025,Atacado,4,4799.6,2498.04,575.39,Venda
SKU_1671_SEA,27/07/2025,Atacado,6,2099.4,1063.26,172.69,Venda
SKU_1692_BLU,27/07/2025,Varejo,1,219.9,70.07,149.83,Venda
SKU_1702_COR,27/07/2025,Atacado,6,3719.4,1854.12,310.88,Venda
SKU_1727_LIG,27/07/2025,Atacado,4,619.6,319.68,74.98,Venda
SKU_1728_EGR,27/07/2025,E-commerce,1,329.9,103.2,226.7,Venda
SKU_2084_MAR,27/07/2025,Varejo,1,254.9,79.79,175.11,Venda
SKU_2085_ARM,27/07/2025,Atacado,4,1819.6,853.48,241.53,Venda
SKU_1787_BAB,27/07/2025,E-commerce,1,289.9,124.85,165.05,Venda
SKU_1782_HUN,27/07/2025,E-commerce,1,249.9,89.97,159.93,Venda
SKU_1844_BAL,27/07/2025,Atacado,4,999.6,552.0,111.9,Venda
SKU_1778_MIN,27/07/2025,Varejo,2,569.8,191.44,189.18,Venda
SKU_1705_SER,27/07/2025,Atacado,5,2049.5,1023.3,205.24,Venda
SKU_1694_PIS,27/07/2025,Atacado,8,2239.2,1180.96,132.28,Venda
SKU_1829_HUN,27/07/2025,Varejo,3,779.7,271.44,169.42,Venda
SKU_1798_OFF,27/07/2025,Atacado,4,1679.6,803.76,218.96,Venda
SKU_1709_MAR,27/07/2025,Varejo,1,209.9,91.69,118.21,Venda
SKU_1729_CLE,27/07/2025,Varejo,1,174.9,57.79,117.11,Venda
SKU_1796_SHO,27/07/2025,Varejo,1,504.9,181.34,323.56,Venda
SKU_2044_COB,27/07/2025,Atacado,5,1249.5,682.55,113.39,Venda
SKU_1743_CLO,27/07/2025,Varejo,1,439.9,136.04,303.86,Venda
SKU_1751_MIN,27/07/2025,Atacado,4,1319.6,653.56,166.51,Venda
SKU_1766_MYS,27/07/2025,Varejo,1,394.9,137.01,257.89,Venda
SKU_1777_FRE,27/07/2025,Varejo,3,719.7,234.66,161.68,Venda
SKU_1701_BLU,27/07/2025,Varejo,2,679.8,286.24,196.78,Venda
SKU_1785_HUN,27/07/2025,E-commerce,1,244.9,78.16,166.74,Venda
SKU_1755_BIR,27/07/2025,Atacado,6,2009.4,1070.7,156.45,Venda
SKU_1693_FLA,27/07/2025,Atacado,6,1229.4,549.12,113.38,Venda
SKU_1738_BLU,27/07/2025,Varejo,1,194.9,90.04,104.86,Venda
SKU_1645_MIN,27/07/2025,Varejo,1,399.9,196.8,203.1,Venda
SKU_1541_AQU,27/07/2025,Varejo,1,674.9,337.1,337.8,Venda
SKU_1439_SHO,27/07/2025,Atacado,4,739.6,353.0,96.65,Venda
SKU_1847_MYS,27/07/2025,Varejo,3,809.7,304.17,168.51,Venda
SKU_1793_MIN,27/07/2025,Atacado,6,1139.4,572.64,94.46,Venda
SKU_1696_SHO,27/07/2025,Varejo,2,559.8,272.24,143.78,Venda
SKU_1621_FUC,27/07/2025,Varejo,1,234.9,115.72,119.18,Venda
SKU_1434_MIN,27/07/2025,Atacado,5,1049.5,461.1,117.68,Venda
SKU_1606_COB,27/07/2025,E-commerce,1,1084.9,424.21,660.69,Venda
SKU_2036_MAR,27/07/2025,Atacado,3,719.7,385.92,111.26,Venda
SKU_1690_MAG,27/07/2025,Atacado,5,2699.5,1538.75,232.15,Venda
SKU_1704_PEA,27/07/2025,Atacado,4,1339.6,584.08,188.88,Venda
SKU_1995_EME,27/07/2025,Atacado,6,1409.4,675.6,122.3,Venda
SKU_1771_EME,27/07/2025,Varejo,2,529.8,252.38,138.71,Venda
SKU_1777_TUR,27/07/2025,Varejo,3,719.7,220.53,166.39,Venda
SKU_1687_FOR,27/07/2025,Atacado,8,7199.2,3559.76,454.93,Venda
SKU_1733_NAV,27/07/2025,Atacado,5,1749.5,920.6,165.78,Venda
SKU_1424_BAB,27/07/2025,Varejo,2,1989.8,692.06,648.87,Venda
SKU_1394_FOR,27/07/2025,E-commerce,1,469.9,214.83,255.07,Venda
SKU_1689_IVO,27/07/2025,Atacado,4,3859.6,1780.36,519.81,Venda
SKU_1763_MAR,27/07/2025,Atacado,2,599.8,326.66,136.57,Venda
SKU_1422_PIN,27/07/2025,Atacado,5,1574.5,663.35,182.23,Venda
SKU_1699_CLO,27/07/2025,Varejo,2,659.8,312.78,173.51,Venda
SKU_1743_DEE,27/07/2025,E-commerce,1,439.9,149.67,290.23,Venda
SKU_1716_AQU,27/07/2025,E-commerce,1,164.9,51.83,113.07,Venda
SKU_1691_ROS,27/07/2025,Varejo,1,309.9,93.24,216.66,Venda
SKU_1793_WHI,27/07/2025,Varejo,1,189.9,70.54,119.36,Venda
SKU_1774_MOS,27/07/2025,Atacado,8,1639.2,740.16,112.38,Venda
SKU_1806_EME,27/07/2025,Atacado,5,974.5,487.05,97.49,Venda
SKU_1600_LIG,27/07/2025,Atacado,2,789.8,358.24,215.78,Venda
SKU_1766_CLE,27/07/2025,Atacado,2,789.8,353.58,218.11,Venda
SKU_1801_FLA,27/07/2025,Varejo,1,374.9,166.94,207.96,Venda
SKU_1860_SPA,27/07/2025,E-commerce,1,319.9,108.37,211.53,Venda
SKU_2071_PEA,27/07/2025,Atacado,8,2079.2,990.56,136.08,Venda
SKU_1664_MIN,27/07/2025,Varejo,1,329.9,119.82,210.08,Venda
SKU_1682_OLI,27/07/2025,Atacado,5,1174.5,539.0,127.1,Venda
SKU_1752_SNO,27/07/2025,Atacado,10,4299.0,2302.6,199.64,Venda
SKU_1764_FUC,27/07/2025,Atacado,3,704.7,296.82,135.96,Venda
SKU_1926_IVO,27/07/2025,Atacado,8,2159.2,1117.68,130.19,Venda
SKU_1783_EGR,27/07/2025,Atacado,2,2399.8,1049.54,675.13,Venda
SKU_1723_MOS,27/07/2025,Varejo,1,434.9,196.76,238.14,Venda
SKU_1715_JAD,27/07/2025,Atacado,3,659.7,280.83,126.29,Venda
SKU_1801_FLA,27/07/2025,Varejo,1,374.9,166.37,208.53,Venda
SKU_1778_TEA,27/07/2025,Varejo,1,284.9,91.58,193.32,Venda
SKU_1550_PAL,27/07/2025,E-commerce,1,164.9,70.86,94.04,Venda
SKU_1423_JAD,27/07/2025,Varejo,3,3599.7,1216.38,794.44,Venda
SKU_1405_CLO,27/07/2025,Atacado,3,644.7,302.43,114.09,Venda
SKU_1721_FRE,27/07/2025,E-commerce,1,419.9,135.44,284.46,Venda
SKU_1993_MEX,27/07/2025,Varejo,1,204.9,75.3,129.6,Venda
SKU_1783_EGR,27/07/2025,Atacado,2,2399.8,1319.92,539.94,Venda
SKU_1732_WHI,27/07/2025,Varejo,2,2229.8,713.9,757.95,Venda
SKU_1786_POW,27/07/2025,Atacado,10,1799.0,965.4,83.36,Venda
SKU_1513_RAS,27/07/2025,Varejo,1,214.9,86.86,128.04,Venda
SKU_1780_LIG,27/07/2025,Atacado,8,2679.2,1256.16,177.88,Venda
SKU_1738_BLU,27/07/2025,E-commerce,1,194.9,91.75,103.15,Venda
SKU_1690_MAG,27/07/2025,Varejo,1,539.9,219.46,320.44,Venda
SKU_1716_AQU,27/07/2025,Varejo,1,164.9,56.72,108.18,Venda
SKU_1711_VAN,27/07/2025,Varejo,1,994.9,433.95,560.95,Venda
SKU_1732_OFF,27/07/2025,Varejo,4,4459.6,1778.4,670.3,Venda
SKU_1587_DEE,27/07/2025,E-commerce,2,459.8,170.74,144.53,Venda
SKU_1399_CRE,27/07/2025,E-commerce,1,269.9,131.66,138.24,Venda
SKU_1770_JAD,27/07/2025,Atacado,12,2638.8,1182.0,121.4,Venda
SKU_1444_HUN,27/07/2025,Atacado,4,959.6,418.88,135.18,Venda
SKU_1701_BLU,27/07/2025,Atacado,6,2039.4,948.36,181.84,Venda
SKU_1730_OFF,27/07/2025,Varejo,1,319.9,96.85,223.05,Venda
SKU_1790_EGR,27/07/2025,Varejo,2,519.8,231.64,144.08,Venda
SKU_1863_POW,27/07/2025,E-commerce,3,764.7,313.65,150.35,Venda
SKU_1716_AQU,27/07/2025,Atacado,5,824.5,395.1,85.88,Venda
SKU_1821_BUB,27/07/2025,Varejo,1,264.9,82.67,182.23,Venda
SKU_1499_HOT,27/07/2025,E-commerce,1,259.9,93.78,166.12,Venda
SKU_1516_EME,27/07/2025,Atacado,8,2799.2,1289.6,188.7,Venda
SKU_1610_MEX,27/07/2025,Varejo,1,184.9,83.08,101.82,Venda
SKU_2064_PIS,27/07/2025,E-commerce,1,399.9,163.05,236.85,Venda
SKU_1517_ROS,27/07/2025,Varejo,1,1199.9,421.35,778.55,Venda
SKU_2088_DUS,27/07/2025,Atacado,6,6569.4,3130.32,573.18,Venda
SKU_1931_MID,27/07/2025,E-commerce,1,744.9,266.47,478.43,Venda
SKU_1758_HON,27/07/2025,E-commerce,1,179.9,84.92,94.98,Venda
SKU_1745_FOR,27/07/2025,Atacado,5,2049.5,1282.3,153.44,Venda
SKU_1736_JAD,27/07/2025,Varejo,4,1299.6,566.68,183.23,Venda
SKU_1717_CRE,27/07/2025,Varejo,1,259.9,101.76,158.14,Venda
SKU_1626_BAB,27/07/2025,E-commerce,2,1079.8,420.1,329.85,Venda
SKU_1765_PAS,27/07/2025,Varejo,2,519.8,188.12,165.84,Venda
SKU_1981_SEA,27/07/2025,Atacado,4,2059.6,976.4,270.8,Venda
SKU_1681_OFF,27/07/2025,E-commerce,1,234.9,103.04,131.86,Venda
SKU_1780_AQU,27/07/2025,E-commerce,1,334.9,147.02,187.88,Venda
SKU_1772_BLU,27/07/2025,Atacado,5,2074.5,908.3,233.24,Venda
SKU_1761_MOS,27/07/2025,Varejo,1,1104.9,456.75,648.15,Venda
SKU_1730_OFF,27/07/2025,E-commerce,2,639.8,259.0,190.4,Venda
SKU_1779_MIN,27/07/2025,Atacado,5,1074.5,598.4,95.22,Venda
SKU_1691_ROS,27/07/2025,Varejo,3,929.7,359.46,190.08,Venda
SKU_1636_LIG,27/07/2025,Atacado,6,2639.4,1505.76,188.94,Venda
SKU_1689_MAG,27/07/2025,Atacado,8,7719.2,3529.76,523.68,Venda
SKU_1616_COR,27/07/2025,Atacado,5,5124.5,2208.85,583.13,Venda
SKU_1778_MIN,27/07/2025,Varejo,1,284.9,121.58,163.32,Venda
SKU_1525_OLI,27/07/2025,Varejo,1,289.9,89.88,200.02,Venda
SKU_1764_MAR,27/07/2025,Atacado,12,2818.8,1442.28,114.71,Venda
SKU_1726_BUB,27/07/2025,Atacado,2,859.8,421.02,219.39,Venda
SKU_1642_SAL,27/07/2025,Atacado,4,899.6,395.92,125.92,Venda
SKU_1728_EGR,27/07/2025,Varejo,2,659.8,199.12,230.34,Venda
SKU_1730_MIN,27/07/2025,Varejo,1,319.9,136.77,183.13,Venda
SKU_1490_VAN,27/07/2025,E-commerce,1,314.9,112.55,202.35,Venda
SKU_1798_MOS,27/07/2025,Varejo,1,419.9,197.72,222.18,Venda
SKU_1706_BLA,27/07/2025,Varejo,2,369.8,132.02,118.89,Venda
SKU_1739_AQU,27/07/2025,E-commerce,1,254.9,81.25,173.65,Venda
SKU_1722_AQU,27/07/2025,Varejo,1,324.9,99.53,225.37,Venda
SKU_1746_NAV,27/07/2025,Varejo,1,179.9,62.33,117.57,Venda
SKU_1701_BLU,27/07/2025,Varejo,1,339.9,136.87,203.03,Venda
SKU_1764_FUC,27/07/2025,Atacado,5,1174.5,612.85,112.33,Venda
SKU_1948_PAL,27/07/2025,Atacado,6,1199.4,665.7,88.95,Venda
SKU_1714_DEE,27/07/2025,Varejo,1,304.9,102.11,202.79,Venda
SKU_1722_AQU,27/07/2025,Atacado,6,1949.4,1011.48,156.32,Venda
SKU_1460_FUC,27/07/2025,Atacado,6,1049.4,498.0,91.9,Venda
SKU_1739_MOS,27/07/2025,Varejo,2,509.8,217.62,146.09,Venda
SKU_1445_TEA,27/07/2025,Atacado,2,819.8,447.76,186.02,Venda
SKU_1622_VAN,27/07/2025,Atacado,4,1079.6,459.6,155.0,Venda
SKU_1700_HUN,27/07/2025,E-commerce,3,2099.7,1030.8,356.3,Venda
SKU_1627_MOS,27/07/2025,Atacado,5,1649.5,827.0,164.5,Venda
SKU_1683_PAL,27/07/2025,Atacado,6,1889.4,836.94,175.41,Venda
SKU_1721_FRE,27/07/2025,E-commerce,1,419.9,141.05,278.85,Venda
SKU_1691_HUN,27/07/2025,Varejo,2,619.8,297.32,161.24,Venda
SKU_1684_HON,27/07/2025,E-commerce,1,184.9,77.59,107.31,Venda
SKU_1702_COR,27/07/2025,Atacado,8,4959.2,2271.92,335.91,Venda
SKU_1800_MOS,27/07/2025,Atacado,5,1399.5,696.7,140.56,Venda
SKU_1725_BAB,27/07/2025,Varejo,1,244.9,103.33,141.57,Venda
SKU_1567_POW,27/07/2025,Varejo,1,689.9,216.17,473.73,Venda
SKU_1711_VAN,27/07/2025,Atacado,6,5969.4,2665.92,550.58,Venda
SKU_1765_MYS,27/07/2025,Atacado,5,1299.5,723.45,115.21,Venda
SKU_1706_JAD,27/07/2025,Atacado,4,739.6,401.4,84.55,Venda
SKU_1760_OFF,27/07/2025,Varejo,1,249.9,98.62,151.28,Venda
SKU_1719_OFF,27/07/2025,Atacado,6,1919.4,936.96,163.74,Venda
SKU_1681_PIS,27/07/2025,Varejo,1,234.9,79.84,155.06,Venda
SKU_1702_LIG,27/07/2025,Atacado,3,1859.7,1053.51,268.73,Venda
SKU_1702_LIG,27/07/2025,Atacado,5,3099.5,1326.8,354.54,Venda
SKU_1576_BLU,27/07/2025,Atacado,3,734.7,460.17,91.51,Venda
SKU_1624_PRI,27/07/2025,E-commerce,1,209.9,96.26,113.64,Venda
SKU_1782_NAV,27/07/2025,Varejo,2,499.8,191.7,154.05,Venda
SKU_1732_OFF,27/07/2025,E-commerce,1,1114.9,542.91,571.99,Venda
SKU_1797_BLU,27/07/2025,Atacado,4,1519.6,767.0,188.15,Venda
SKU_1613_AQU,27/07/2025,Varejo,1,189.9,62.49,127.41,Venda
SKU_1739_MOS,27/07/2025,Atacado,4,1019.6,481.64,134.49,Venda
SKU_1565_LIG,27/07/2025,Atacado,12,4318.8,2183.64,177.93,Venda
SKU_1798_MOS,27/07/2025,E-commerce,1,419.9,187.72,232.18,Venda
SKU_1847_MYS,27/07/2025,E-commerce,1,269.9,98.82,171.08,Venda
SKU_1746_NAV,27/07/2025,Varejo,1,179.9,82.45,97.45,Venda
SKU_1752_SNO,27/07/2025,Atacado,6,2579.4,1174.2,234.2,Venda
SKU_1794_FLA,27/07/2025,Varejo,1,209.9,64.24,145.66,Venda
SKU_1709_CRE,27/07/2025,Atacado,5,1049.5,503.6,109.18,Venda
SKU_1721_FRE,27/07/2025,Varejo,4,1679.6,720.48,239.78,Venda
SKU_1598_NAV,27/07/2025,Atacado,6,2939.4,1316.4,270.5,Venda
SKU_1590_MYS,27/07/2025,Atacado,2,379.8,183.42,98.19,Venda
SKU_1758_CLO,27/07/2025,Atacado,2,359.8,176.68,91.56,Venda
SKU_1771_PIN,27/07/2025,E-commerce,1,264.9,127.75,137.15,Venda
SKU_1798_MOS,27/07/2025,Varejo,1,419.9,175.3,244.6,Venda
SKU_1747_FUC,27/07/2025,Varejo,2,349.8,108.1,120.85,Venda
SKU_1680_NAV,27/07/2025,Varejo,3,1004.7,423.99,193.57,Venda
SKU_1783_EGR,27/07/2025,Varejo,1,1199.9,422.17,777.73,Venda
SKU_2083_VAN,27/07/2025,E-commerce,1,234.9,92.8,142.1,Venda
SKU_1990_LIM,27/07/2025,Varejo,2,359.8,176.88,91.46,Venda
SKU_1823_COR,27/07/2025,Varejo,2,389.8,151.92,118.94,Venda
SKU_1743_CLO,27/07/2025,Atacado,8,3519.2,1763.2,219.5,Venda
SKU_1416_AQU,27/07/2025,Atacado,5,1399.5,731.95,133.51,Venda
SKU_1984_PAS,27/07/2025,Atacado,8,2399.2,1138.08,157.64,Venda
SKU_1559_BLU,27/07/2025,Atacado,3,3599.7,1527.15,690.85,Venda
SKU_1672_TEA,27/07/2025,E-commerce,1,294.9,129.98,164.92,Venda
SKU_1754_SER,27/07/2025,Varejo,1,339.9,158.53,181.37,Venda
SKU_1758_HON,27/07/2025,Atacado,4,719.6,322.92,99.17,Venda
SKU_1702_COR,27/07/2025,Atacado,6,3719.4,1609.14,351.71,Venda
SKU_1480_MEX,27/07/2025,E-commerce,1,369.9,159.93,209.97,Venda
SKU_1428_SKY,27/07/2025,Varejo,1,489.9,180.94,308.96,Venda
SKU_1675_DEN,27/07/2025,Varejo,3,2294.7,804.93,496.59,Venda
SKU_1751_MIN,27/07/2025,Atacado,4,1319.6,671.2,162.1,Venda
SKU_1752_SNO,27/07/2025,Atacado,6,2579.4,1086.36,248.84,Venda
SKU_1801_FLA,27/07/2025,Atacado,5,1874.5,1024.1,170.08,Venda
SKU_1787_BAB,27/07/2025,Varejo,1,289.9,109.88,180.02,Venda
SKU_1757_TUR,27/07/2025,Varejo,1,264.9,130.15,134.75,Venda
SKU_1706_JAD,27/07/2025,Atacado,4,739.6,317.32,105.57,Venda
SKU_1702_COR,27/07/2025,E-commerce,1,619.9,274.9,345.0,Venda
SKU_1741_PIN,27/07/2025,Varejo,1,239.9,111.85,128.05,Venda
SKU_1495_FUC,27/07/2025,Atacado,8,2639.2,1233.76,175.68,Venda
SKU_2066_TEA,27/07/2025,Atacado,4,1899.6,1084.96,203.66,Venda
SKU_1868_ARM,27/07/2025,Atacado,5,3949.5,2124.25,365.05,Venda
SKU_1791_IVO,27/07/2025,Varejo,2,529.8,170.8,179.5,Venda
SKU_1787_BAB,27/07/2025,Varejo,1,289.9,112.62,177.28,Venda
SKU_1657_SPA,27/07/2025,Atacado,10,2149.0,1349.1,79.99,Venda
SKU_1720_PAL,27/07/2025,Varejo,2,449.8,162.16,143.82,Venda
SKU_1793_WHI,27/07/2025,Varejo,1,189.9,82.21,107.69,Venda
SKU_1692_OLI,27/07/2025,E-commerce,1,219.9,98.22,121.68,Venda
SKU_1708_FLA,27/07/2025,E-commerce,1,169.9,62.29,107.61,Venda
SKU_1764_MAR,27/07/2025,Varejo,1,234.9,88.17,146.73,Venda
SKU_1499_RAS,27/07/2025,Atacado,3,779.7,350.28,143.14,Venda
SKU_1779_MIN,27/07/2025,Atacado,12,2578.8,1232.88,112.16,Venda
SKU_1731_ARM,27/07/2025,Atacado,6,5459.4,3158.58,383.47,Venda
SKU_1971_RAS,27/07/2025,Atacado,5,4149.5,1969.45,436.01,Venda
SKU_1685_BIR,27/07/2025,Atacado,3,1994.7,942.69,350.67,Venda
SKU_1543_FLA,27/07/2025,Varejo,1,734.9,228.25,506.65,Venda
SKU_1605_COR,27/07/2025,E-commerce,1,219.9,70.79,149.11,Venda
SKU_1777_TUR,27/07/2025,E-commerce,1,239.9,92.12,147.78,Venda
SKU_1664_MIN,27/07/2025,Varejo,2,659.8,308.16,175.82,Venda
SKU_1741_PEA,27/07/2025,Varejo,4,959.6,421.88,134.43,Venda
SKU_1774_MOS,27/07/2025,Atacado,5,1024.5,593.15,86.27,Venda
SKU_1700_HUN,27/07/2025,Varejo,1,699.9,328.26,371.64,Venda
SKU_1606_COB,27/07/2025,Atacado,6,6509.4,3083.82,570.93,Venda
SKU_1786_POW,27/07/2025,Varejo,1,179.9,79.82,100.08,Venda
SKU_1703_BLU,27/07/2025,Varejo,2,539.8,195.48,172.16,Venda
SKU_1495_BLA,27/07/2025,Atacado,5,1649.5,803.55,169.19,Venda
SKU_1828_FLA,27/07/2025,Varejo,1,244.9,80.95,163.95,Venda
SKU_1693_MEX,27/07/2025,Varejo,1,204.9,91.47,113.43,Venda
SKU_1638_PEA,27/07/2025,Varejo,3,3419.7,1215.57,734.71,Venda
SKU_1711_ARM,27/07/2025,Atacado,4,3979.6,1938.88,510.18,Venda
SKU_1762_BRI,27/07/2025,Varejo,1,254.9,122.0,132.9,Venda
SKU_1815_WHI,27/07/2025,Atacado,6,2639.4,1516.2,187.2,Venda
SKU_1628_POW,27/07/2025,Varejo,1,549.9,207.29,342.61,Venda
SKU_1780_LIG,27/07/2025,E-commerce,2,669.8,276.64,196.58,Venda
SKU_1781_AQU,27/07/2025,Atacado,8,1039.2,481.28,69.74,Venda
SKU_1744_EME,27/07/2025,Atacado,6,1589.4,769.92,136.58,Venda
SKU_1611_BRI,27/07/2025,Atacado,3,659.7,314.88,114.94,Venda
SKU_1786_TEA,27/07/2025,Varejo,2,359.8,172.44,93.68,Venda
SKU_1684_SHO,27/07/2025,Varejo,1,184.9,89.32,95.58,Venda
SKU_1746_NAV,27/07/2025,Atacado,5,899.5,381.25,103.65,Venda
SKU_1712_MOS,27/07/2025,E-commerce,1,179.9,63.78,116.12,Venda
SKU_1424_VAN,27/07/2025,Atacado,4,3979.6,2241.36,434.56,Venda
SKU_1772_SNO,27/07/2025,Atacado,3,1244.7,628.41,205.43,Venda
SKU_1760_PAS,27/07/2025,Varejo,1,249.9,115.23,134.67,Venda
SKU_1489_TEA,27/07/2025,Varejo,1,369.9,127.54,242.36,Venda
SKU_1789_EME,27/07/2025,Atacado,5,1349.5,711.7,127.56,Venda
SKU_1762_BRI,27/07/2025,Varejo,1,254.9,110.26,144.64,Venda
SKU_1554_PIS,27/07/2025,Varejo,1,1034.9,320.95,713.95,Venda
SKU_1747_TEA,27/07/2025,Varejo,2,349.8,128.76,110.52,Venda
SKU_1702_LIG,27/07/2025,Atacado,2,1239.8,558.36,340.72,Venda
SKU_1597_SHO,27/07/2025,Atacado,3,1589.7,786.48,267.74,Venda
SKU_1818_EGR,27/07/2025,Varejo,1,204.9,94.63,110.27,Venda
SKU_1746_NAV,27/07/2025,Varejo,1,179.9,82.27,97.63,Venda
SKU_1745_PEA,27/07/2025,Varejo,2,819.8,283.7,268.05,Venda
SKU_1718_SEA,27/07/2025,Atacado,5,1849.5,825.5,204.8,Venda
SKU_1755_AQU,27/07/2025,Atacado,5,1674.5,709.2,193.06,Venda
SKU_1714_MID,27/07/2025,Atacado,6,1829.4,879.18,158.37,Venda
SKU_1796_SHO,27/07/2025,Atacado,8,4039.2,1847.92,273.91,Venda
SKU_2088_VAN,27/07/2025,Atacado,6,6569.4,3109.74,576.61,Venda
SKU_1700_PIS,27/07/2025,Atacado,5,3499.5,1845.0,330.9,Venda
SKU_1684_HON,27/07/2025,Varejo,1,184.9,86.23,98.67,Venda
SKU_1915_DUS,27/07/2025,Varejo,2,2329.8,952.62,688.59,Venda
SKU_1713_SAL,27/07/2025,Atacado,6,3029.4,1307.58,286.97,Venda
SKU_1474_DEN,27/07/2025,Atacado,5,5299.5,2572.8,545.34,Venda
SKU_1797_GAR,27/07/2025,Varejo,3,1139.7,425.01,238.23,Venda
SKU_1746_EME,27/07/2025,Atacado,2,359.8,174.1,92.85,Venda
SKU_1478_COB,27/07/2025,Atacado,10,1949.0,968.7,98.03,Venda
SKU_1791_ARM,27/07/2025,Varejo,1,264.9,128.83,136.07,Venda
SKU_1722_AQU,27/07/2025,Varejo,1,324.9,108.33,216.57,Venda
SKU_1731_MIN,27/07/2025,Atacado,5,4549.5,2086.05,492.69,Venda
SKU_1759_COB,27/07/2025,Varejo,1,269.9,116.18,153.72,Venda
SKU_2067_DUS,27/07/2025,Atacado,6,2099.4,1172.34,154.51,Venda
SKU_1648_FLA,27/07/2025,E-commerce,1,699.9,253.28,446.62,Venda
SKU_1734_BRI,27/07/2025,Atacado,10,3499.0,1800.2,169.88,Venda
SKU_1732_OFF,27/07/2025,Varejo,1,1114.9,390.06,724.84,Venda
SKU_1796_SHO,27/07/2025,Varejo,4,2019.6,776.92,310.67,Venda
SKU_1528_PAS,27/07/2025,Atacado,2,429.8,210.86,109.47,Venda
SKU_1724_PEA,27/07/2025,Atacado,6,6689.4,3167.94,586.91,Venda
SKU_1798_OFF,27/07/2025,Varejo,2,839.8,401.74,219.03,Venda
SKU_1630_SNO,27/07/2025,Atacado,6,2009.4,1135.56,145.64,Venda
SKU_1761_MOS,27/07/2025,Atacado,2,2209.8,953.46,628.17,Venda
SKU_1509_MAG,27/07/2025,Varejo,1,319.9,129.8,190.1,Venda
SKU_1779_MIN,27/07/2025,Varejo,2,429.8,180.42,124.69,Venda
SKU_1785_HUN,27/07/2025,Atacado,8,1959.2,911.28,130.99,Venda
SKU_1754_SER,27/07/2025,Atacado,8,2719.2,1266.32,181.61,Venda
SKU_1692_OLI,27/07/2025,Varejo,2,439.8,210.74,114.53,Venda
SKU_1783_BAB,27/07/2025,E-commerce,2,2399.8,1027.08,686.36,Venda
SKU_1687_FOR,27/07/2025,Atacado,5,4499.5,2341.15,431.67,Venda
SKU_1762_BRI,27/07/2025,Atacado,12,3058.8,1581.12,123.14,Venda
SKU_1833_NAV,27/07/2025,Varejo,4,919.6,436.16,120.86,Venda
SKU_1553_DEN,27/07/2025,Varejo,1,254.9,103.34,151.56,Venda
SKU_1784_EGR,27/07/2025,Atacado,8,2479.2,1250.96,153.53,Venda
SKU_1761_MOS,27/07/2025,Varejo,1,1104.9,350.61,754.29,Venda
SKU_1677_VAN,27/07/2025,E-commerce,1,569.9,180.59,389.31,Venda
SKU_1782_NAV,27/07/2025,Atacado,2,499.8,245.44,127.18,Venda
SKU_1848_BAL,27/07/2025,Atacado,6,1319.4,601.02,119.73,Venda
SKU_1779_LIG,27/07/2025,Atacado,6,1289.4,649.32,106.68,Venda
SKU_1743_CLO,27/07/2025,Atacado,10,4399.0,1980.1,241.89,Venda
SKU_1781_AQU,27/07/2025,E-commerce,1,129.9,47.99,81.91,Venda
SKU_1798_OFF,27/07/2025,Varejo,2,839.8,256.1,291.85,Venda
SKU_1779_LIG,27/07/2025,Varejo,3,644.7,301.77,114.31,Venda
SKU_1637_BLU,27/07/2025,Varejo,1,919.9,359.2,560.7,Venda
SKU_1756_FLA,27/07/2025,Atacado,8,1439.2,686.4,94.1,Venda
SKU_1429_SPA,27/07/2025,Varejo,1,189.9,74.94,114.96,Venda
SKU_1767_PRI,27/07/2025,Varejo,1,204.9,89.77,115.13,Venda
SKU_1706_JAD,27/07/2025,Atacado,3,554.7,263.31,97.13,Venda
SKU_1820_SPA,27/07/2025,Varejo,1,289.9,143.83,146.07,Venda
SKU_1708_FLA,27/07/2025,Atacado,8,1359.2,629.76,91.18,Venda
SKU_1797_GAR,27/07/2025,Varejo,1,379.9,184.53,195.37,Venda
SKU_1760_PAS,27/07/2025,Varejo,1,249.9,94.6,155.3,Venda
SKU_1757_PIN,27/07/2025,Varejo,1,264.9,103.48,161.42,Venda
SKU_1682_BIR,27/07/2025,Atacado,6,1409.4,730.08,113.22,Venda
SKU_1749_SNO,27/07/2025,Varejo,1,349.9,111.29,238.61,Venda
SKU_1780_LIG,27/07/2025,Varejo,1,334.9,120.98,213.92,Venda
SKU_1795_RAS,27/07/2025,Varejo,3,899.7,295.95,201.25,Venda
SKU_1570_HON,27/07/2025,Atacado,8,5719.2,2640.88,384.79,Venda
SKU_1787_BAB,27/07/2025,Atacado,8,2319.2,988.8,166.3,Venda
SKU_1794_LIG,27/07/2025,Atacado,3,629.7,286.95,114.25,Venda
SKU_1771_PIN,27/07/2025,Atacado,8,2119.2,983.6,141.95,Venda
SKU_1529_HUN,27/07/2025,Atacado,8,1959.2,1018.96,117.53,Venda
SKU_2080_FLA,27/07/2025,Varejo,1,239.9,106.18,133.72,Venda
SKU_1696_SHO,27/07/2025,Atacado,5,1399.5,673.9,145.12,Venda
SKU_1794_FLA,27/07/2025,Atacado,6,1259.4,659.34,100.01,Venda
SKU_1799_DEN,27/07/2025,Varejo,1,269.9,113.27,156.63,Venda
SKU_1799_POW,27/07/2025,Varejo,1,269.9,111.78,158.12,Venda
SKU_1556_HUN,27/07/2025,Varejo,1,204.9,61.82,143.08,Venda
SKU_1706_JAD,27/07/2025,Varejo,1,184.9,89.77,95.13,Venda
SKU_1779_LIG,27/07/2025,Atacado,10,2149.0,1134.6,101.44,Venda
SKU_1726_BUB,27/07/2025,E-commerce,2,859.8,295.5,282.15,Venda
SKU_1703_BLU,27/07/2025,Atacado,8,2159.2,1068.56,136.33,Venda
SKU_1740_FRE,27/07/2025,E-commerce,1,214.9,80.33,134.57,Venda
SKU_1775_PAL,27/07/2025,Atacado,5,1399.5,671.45,145.61,Venda
SKU_1607_MAR,27/07/2025,Varejo,1,299.9,141.45,158.45,Venda
SKU_1793_MIN,27/07/2025,Varejo,1,189.9,71.7,118.2,Venda
SKU_1393_COB,27/07/2025,E-commerce,3,929.7,396.87,177.61,Venda
SKU_1730_MIN,27/07/2025,Varejo,1,319.9,107.93,211.97,Venda
SKU_1768_MIN,27/07/2025,E-commerce,1,624.9,202.49,422.41,Venda
SKU_1766_MYS,27/07/2025,E-commerce,3,1184.7,435.69,249.67,Venda
SKU_1768_MIN,27/07/2025,Varejo,1,624.9,268.85,356.05,Venda
SKU_1764_MAR,27/07/2025,E-commerce,1,234.9,96.36,138.54,Venda
SKU_1756_BUB,27/07/2025,Varejo,1,179.9,78.5,101.4,Venda
SKU_1680_NAV,27/07/2025,Atacado,2,669.8,353.5,158.15,Venda
SKU_1645_MYS,27/07/2025,E-commerce,1,399.9,158.99,240.91,Venda
SKU_1693_FLA,27/07/2025,Atacado,10,2049.0,1092.6,95.64,Venda
SKU_1711_VAN,27/07/2025,Varejo,1,994.9,480.77,514.13,Venda
SKU_1720_PAS,27/07/2025,Atacado,10,2249.0,1157.5,109.15,Venda
SKU_1772_SNO,27/07/2025,Varejo,1,414.9,154.92,259.98,Venda
SKU_1764_MAR,27/07/2025,Varejo,3,704.7,310.77,131.31,Venda
SKU_1573_SAG,27/07/2025,Varejo,1,1024.9,320.64,704.26,Venda
SKU_1943_FUC,27/07/2025,Varejo,1,279.9,94.07,185.83,Venda
SKU_1685_BIR,27/07/2025,Atacado,6,3989.4,1895.94,348.91,Venda
SKU_1571_BIR,27/07/2025,Atacado,5,1249.5,562.8,137.34,Venda
SKU_2054_ROY,27/07/2025,Atacado,4,1639.6,807.68,207.98,Venda
SKU_1982_PIS,27/07/2025,Atacado,4,899.6,402.36,124.31,Venda
SKU_1757_PIN,27/07/2025,Atacado,2,529.8,249.78,140.01,Venda
SKU_1747_TEA,27/07/2025,Varejo,1,174.9,73.27,101.63,Venda
SKU_1760_PAS,27/07/2025,Varejo,1,249.9,92.56,157.34,Venda
SKU_1511_SKY,27/07/2025,Varejo,1,934.9,385.47,549.43,Venda
SKU_1713_SAL,27/07/2025,Varejo,1,504.9,176.21,328.69,Venda
SKU_1769_WHI,27/07/2025,Varejo,1,324.9,156.55,168.35,Venda
SKU_1707_ARM,27/07/2025,Varejo,1,279.9,130.31,149.59,Venda
SKU_1701_SPA,27/07/2025,Atacado,12,4078.8,1977.48,175.11,Venda
SKU_1733_SAG,27/07/2025,Atacado,3,1049.7,501.0,182.9,Venda
SKU_1756_BUB,27/07/2025,Atacado,6,1079.4,659.16,70.04,Venda
SKU_1641_SER,27/07/2025,E-commerce,1,324.9,126.74,198.16,Venda
SKU_1787_BAB,27/07/2025,Varejo,2,579.8,237.54,171.13,Venda
SKU_1411_BLU,27/07/2025,Atacado,4,899.6,449.72,112.47,Venda
SKU_1788_EME,27/07/2025,Varejo,1,249.9,75.94,173.96,Venda
SKU_1717_CRE,27/07/2025,Atacado,4,1039.6,545.84,123.44,Venda
SKU_1530_PEA,27/07/2025,E-commerce,1,129.9,60.16,69.74,Venda
SKU_1704_PEA,27/07/2025,E-commerce,1,334.9,163.82,171.08,Venda
SKU_1731_MIN,27/07/2025,Varejo,2,1819.8,645.0,587.4,Venda
SKU_1513_RAS,27/07/2025,E-commerce,1,214.9,89.65,125.25,Venda
SKU_1784_BLA,27/07/2025,Varejo,3,929.7,398.34,177.12,Venda
SKU_1742_DEN,27/07/2025,Atacado,2,519.8,273.02,123.39,Venda
SKU_2039_EME,27/07/2025,Atacado,6,6149.4,3077.94,511.91,Venda
SKU_1724_PIN,27/07/2025,Atacado,6,6689.4,3369.12,553.38,Venda
SKU_1800_SKY,27/07/2025,Varejo,1,279.9,112.94,166.96,Venda
SKU_1795_HUN,27/07/2025,E-commerce,1,299.9,94.89,205.01,Venda
SKU_1624_ARM,27/07/2025,Varejo,1,209.9,82.02,127.88,Venda
SKU_1745_FOR,27/07/2025,Atacado,5,2049.5,1034.45,203.01,Venda
SKU_1705_SER,27/07/2025,E-commerce,1,409.9,134.05,275.85,Venda
SKU_1796_OLI,27/07/2025,Atacado,8,4039.2,1847.36,273.98,Venda
SKU_1779_MIN,27/07/2025,Atacado,5,1074.5,579.85,98.93,Venda
SKU_2013_TEA,27/07/2025,Varejo,2,369.8,171.28,99.26,Venda
SKU_1796_OLI,27/07/2025,Varejo,1,504.9,225.88,279.02,Venda
SKU_1722_AQU,27/07/2025,Varejo,1,324.9,142.29,182.61,Venda
SKU_2016_SAP,27/07/2025,Varejo,1,224.9,106.59,118.31,Venda
SKU_1683_PAL,27/07/2025,Varejo,1,314.9,101.67,213.23,Venda
SKU_1781_CLE,27/07/2025,E-commerce,1,129.9,52.36,77.54,Venda
SKU_1491_GAR,27/07/2025,E-commerce,1,134.9,62.5,72.4,Venda
SKU_1427_AQU,27/07/2025,E-commerce,1,199.9,98.32,101.58,Venda
SKU_1513_RAS,27/07/2025,Varejo,2,429.8,146.42,141.69,Venda
SKU_1770_JAD,27/07/2025,E-commerce,1,219.9,104.32,115.58,Venda
SKU_1713_SNO,27/07/2025,Varejo,1,504.9,175.69,329.21,Venda
SKU_1577_FLA,27/07/2025,Varejo,1,159.9,54.3,105.6,Venda
SKU_1642_SAL,27/07/2025,Varejo,1,224.9,71.51,153.39,Venda
SKU_1617_DEN,27/07/2025,Atacado,4,659.6,296.92,90.67,Venda
SKU_1801_FLA,27/07/2025,Atacado,5,1874.5,798.55,215.19,Venda
SKU_1708_FRE,27/07/2025,Varejo,1,169.9,63.46,106.44,Venda
SKU_1751_BLU,27/07/2025,Varejo,2,659.8,293.06,183.37,Venda
SKU_1507_FLA,27/07/2025,Varejo,1,179.9,67.58,112.32,Venda
SKU_1395_TUR,27/07/2025,Varejo,1,289.9,93.49,196.41,Venda
SKU_1704_PEA,27/07/2025,Atacado,4,1339.6,770.52,142.27,Venda
SKU_1517_ROS,27/07/2025,Atacado,6,7199.4,3706.98,582.07,Venda
SKU_1728_MID,27/07/2025,E-commerce,1,329.9,120.59,209.31,Venda
SKU_1452_DEE,27/07/2025,E-commerce,1,144.9,46.51,98.39,Venda
SKU_1787_BAB,27/07/2025,Atacado,4,1159.6,611.4,137.05,Venda
SKU_1470_WHI,27/07/2025,E-commerce,2,1839.8,804.3,517.75,Venda
SKU_1734_FRE,27/07/2025,Atacado,3,1049.7,497.01,184.23,Venda
SKU_1696_SER,27/07/2025,E-commerce,1,279.9,124.2,155.7,Venda
SKU_1710_OLI,27/07/2025,E-commerce,1,809.9,354.56,455.34,Venda
SKU_1616_COR,27/07/2025,Atacado,8,8199.2,4336.32,482.86,Venda
SKU_1513_RAS,27/07/2025,Varejo,2,429.8,188.14,120.83,Venda
SKU_1755_BIR,27/07/2025,E-commerce,1,334.9,113.01,221.89,Venda
SKU_1507_PAS,27/07/2025,Varejo,1,179.9,65.49,114.41,Venda
SKU_1694_SER,27/07/2025,Atacado,8,2239.2,1286.64,119.07,Venda
SKU_1772_SNO,27/07/2025,Atacado,6,2489.4,1262.82,204.43,Venda
SKU_1691_ROS,27/07/2025,Atacado,5,1549.5,886.0,132.7,Venda
SKU_1790_EGR,27/07/2025,Atacado,2,519.8,288.54,115.63,Venda
SKU_1547_FUC,27/07/2025,Atacado,6,1979.4,875.46,183.99,Venda
SKU_1687_WHI,27/07/2025,Atacado,5,4499.5,2534.1,393.08,Venda
SKU_1689_IVO,27/07/2025,Varejo,1,964.9,394.18,570.72,Venda
SKU_1720_PAS,27/07/2025,E-commerce,1,224.9,74.79,150.11,Venda
SKU_1722_AQU,27/07/2025,Atacado,12,3898.8,1829.52,172.44,Venda
SKU_1749_SNO,27/07/2025,Varejo,1,349.9,164.63,185.27,Venda
SKU_1714_DEE,27/07/2025,E-commerce,1,304.9,134.32,170.58,Venda
SKU_1747_FUC,27/07/2025,Varejo,2,349.8,116.02,116.89,Venda
SKU_1774_COB,27/07/2025,Atacado,3,614.7,303.24,103.82,Venda
SKU_1793_MIN,27/07/2025,Varejo,1,189.9,59.78,130.12,Venda
SKU_1749_SNO,27/07/2025,Atacado,6,2099.4,1050.54,174.81,Venda
SKU_1722_PAS,27/07/2025,Varejo,1,324.9,110.02,214.88,Venda
SKU_1768_MIN,27/07/2025,Atacado,3,1874.7,815.64,353.02,Venda
SKU_1724_PEA,27/07/2025,Atacado,2,2229.8,1166.14,531.83,Venda
SKU_1729_CLE,27/07/2025,Varejo,2,349.8,158.4,95.7,Venda
SKU_1747_TEA,27/07/2025,Atacado,8,1399.2,606.0,99.15,Venda
SKU_1389_BAB,27/07/2025,Varejo,2,279.8,108.28,85.76,Venda
SKU_1711_VAN,27/07/2025,Atacado,10,9949.0,4698.8,525.02,Venda
SKU_1756_BUB,27/07/2025,E-commerce,2,359.8,129.48,115.16,Venda
SKU_1692_BLU,27/07/2025,Atacado,3,659.7,346.35,104.45,Venda
SKU_1504_NAV,27/07/2025,Atacado,4,1359.6,772.68,146.73,Venda
SKU_1707_SAP,27/07/2025,Atacado,8,2239.2,1034.48,150.59,Venda
SKU_1716_SAL,27/07/2025,Varejo,1,164.9,71.48,93.42,Venda
SKU_1685_COB,27/07/2025,Varejo,3,1994.7,955.62,346.36,Venda
SKU_1752_SNO,27/07/2025,E-commerce,3,1289.7,493.98,265.24,Venda
SKU_1740_FRE,27/07/2025,Atacado,10,2149.0,1014.0,113.5,Venda
SKU_1753_PAL,27/07/2025,Varejo,3,2369.7,1182.72,395.66,Venda
SKU_1795_HUN,27/07/2025,E-commerce,1,299.9,148.85,151.05,Venda
SKU_1603_BUB,27/07/2025,Atacado,4,2979.6,1469.52,377.52,Venda
SKU_1629_ARM,27/07/2025,Varejo,1,254.9,101.36,153.54,Venda
SKU_1402_VAN,27/07/2025,E-commerce,1,234.9,78.79,156.11,Venda
SKU_1689_MAG,27/07/2025,E-commerce,1,964.9,308.42,656.48,Venda
SKU_1694_SER,27/07/2025,E-commerce,1,279.9,86.37,193.53,Venda
SKU_1696_SHO,27/07/2025,Atacado,3,839.7,380.82,152.96,Venda
SKU_1757_TUR,27/07/2025,Varejo,1,264.9,129.79,135.11,Venda
SKU_1726_BUB,27/07/2025,Varejo,1,429.9,137.81,292.09,Venda
SKU_1721_COR,27/07/2025,Varejo,1,419.9,188.3,231.6,Venda
SKU_1732_OFF,27/07/2025,Atacado,12,13378.8,6878.4,541.7,Venda
SKU_1941_MIN,27/07/2025,Varejo,2,2099.8,959.9,569.95,Venda
SKU_1415_MID,27/07/2025,Varejo,1,354.9,146.91,207.99,Venda
SKU_1684_HON,27/07/2025,Atacado,5,924.5,494.65,85.97,Venda
SKU_1689_MAG,27/07/2025,Atacado,4,3859.6,1829.04,507.64,Venda
SKU_1727_WHI,27/07/2025,Varejo,3,464.7,179.19,95.17,Venda
SKU_1770_DEE,27/07/2025,Varejo,1,219.9,98.54,121.36,Venda
SKU_1870_AQU,27/07/2025,Varejo,1,229.9,74.29,155.61,Venda
SKU_1716_SAL,27/07/2025,Atacado,6,989.4,441.18,91.37,Venda
SKU_1544_OLI,27/07/2025,Varejo,1,199.9,93.28,106.62,Venda
SKU_1634_SAP,27/07/2025,Varejo,1,979.9,343.51,636.39,Venda
SKU_1780_AQU,27/07/2025,Atacado,5,1674.5,775.0,179.9,Venda
SKU_1403_AQU,27/07/2025,Varejo,1,384.9,145.64,239.26,Venda
SKU_1448_SKY,27/07/2025,Varejo,2,359.8,154.1,102.85,Venda
SKU_1772_SNO,27/07/2025,Atacado,8,3319.2,1816.72,187.81,Venda
SKU_1725_OFF,27/07/2025,Varejo,1,244.9,81.12,163.78,Venda
SKU_1602_PAS,27/07/2025,Varejo,2,459.8,149.44,155.18,Venda
SKU_1515_SEA,27/07/2025,Varejo,1,194.9,81.67,113.23,Venda
SKU_1749_SNO,27/07/2025,Atacado,6,2099.4,1044.06,175.89,Venda
SKU_1572_BAL,27/07/2025,Varejo,3,419.7,152.52,89.06,Venda
SKU_1753_WHI,27/07/2025,Atacado,5,3949.5,1966.6,396.58,Venda
SKU_1729_CLE,27/07/2025,E-commerce,1,174.9,69.54,105.36,Venda
SKU_1783_EGR,27/07/2025,E-commerce,1,1199.9,499.25,700.65,Venda
SKU_1795_RAS,27/07/2025,Atacado,3,899.7,420.72,159.66,Venda
SKU_1854_NAV,27/07/2025,Varejo,1,184.9,64.03,120.87,Venda
SKU_1498_LIG,27/07/2025,Varejo,3,1019.7,345.09,224.87,Venda
SKU_1908_MID,27/07/2025,Varejo,3,944.7,295.62,216.36,Venda
SKU_1744_LIG,27/07/2025,Atacado,3,794.7,378.72,138.66,Venda
SKU_1513_PAS,27/07/2025,Varejo,2,429.8,178.74,125.53,Venda
SKU_1616_SER,27/07/2025,Varejo,1,1024.9,315.37,709.53,Venda
SKU_1732_WHI,27/07/2025,Atacado,3,3344.7,1634.52,570.06,Venda
SKU_1582_WHI,27/07/2025,Varejo,2,459.8,145.06,157.37,Venda
SKU_1977_TEA,27/07/2025,Atacado,5,1074.5,506.25,113.65,Venda
SKU_1726_BUB,27/07/2025,Atacado,5,2149.5,1115.6,206.78,Venda
SKU_1933_SNO,27/07/2025,E-commerce,1,224.9,109.89,115.01,Venda
SKU_1707_ARM,27/07/2025,Atacado,5,1399.5,784.25,123.05,Venda
SKU_1777_FRE,27/07/2025,Varejo,1,239.9,115.42,124.48,Venda
SKU_1726_PAS,27/07/2025,Varejo,2,859.8,310.62,274.59,Venda
SKU_1607_MAR,27/07/2025,Atacado,4,1199.6,599.92,149.92,Venda
SKU_1727_LIG,27/07/2025,Atacado,4,619.6,324.76,73.71,Venda
SKU_1662_LIG,27/07/2025,E-commerce,1,199.9,77.96,121.94,Venda
SKU_1747_FUC,27/07/2025,Varejo,1,174.9,66.56,108.34,Venda
SKU_1710_OLI,27/07/2025,Atacado,5,4049.5,1774.45,455.01,Venda
SKU_2050_BLU,27/07/2025,E-commerce,1,454.9,177.31,277.59,Venda
SKU_1796_OLI,27/07/2025,Atacado,5,2524.5,1441.75,216.55,Venda
SKU_1737_DEE,27/07/2025,Varejo,2,1539.8,655.94,441.93,Venda
SKU_1690_MYS,27/07/2025,Atacado,5,2699.5,1204.35,299.03,Venda
SKU_1541_POW,27/07/2025,Varejo,2,1349.8,619.18,365.31,Venda
SKU_1482_SHO,27/07/2025,Varejo,3,1334.7,661.44,224.42,Venda
SKU_1772_BLU,27/07/2025,Atacado,8,3319.2,1435.04,235.52,Venda
SKU_1632_SPA,27/07/2025,Atacado,8,1479.2,690.08,98.64,Venda
SKU_1574_COB,27/07/2025,Varejo,2,1209.8,590.48,309.66,Venda
SKU_1478_TEA,27/07/2025,Varejo,2,389.8,187.58,101.11,Venda
SKU_1844_MOS,27/07/2025,Atacado,5,1249.5,594.45,131.01,Venda
SKU_1783_BAB,27/07/2025,Atacado,5,5999.5,2543.85,691.13,Venda
SKU_1757_PIN,27/07/2025,Varejo,1,264.9,126.48,138.42,Venda
SKU_2105_LIG,27/07/2025,E-commerce,1,339.9,160.11,179.79,Venda
SKU_1707_SAP,27/07/2025,E-commerce,1,279.9,122.36,157.54,Venda
SKU_1709_MAR,27/07/2025,Atacado,3,629.7,295.92,111.26,Venda
SKU_1717_CRE,27/07/2025,E-commerce,1,259.9,118.13,141.77,Venda
SKU_1715_HON,27/07/2025,Atacado,6,1319.4,608.52,118.48,Venda
SKU_1769_WHI,27/07/2025,Varejo,1,324.9,144.8,180.1,Venda
SKU_1692_BLU,27/07/2025,Atacado,6,1319.4,668.04,108.56,Venda
SKU_1731_ARM,27/07/2025,Varejo,1,909.9,380.08,529.82,Venda
SKU_1789_EME,27/07/2025,Atacado,8,2159.2,1158.8,125.05,Venda
SKU_1401_GAR,27/07/2025,Varejo,2,479.8,161.02,159.39,Venda
SKU_1644_BAB,27/07/2025,Varejo,3,959.7,320.97,212.91,Venda
SKU_1747_FUC,27/07/2025,E-commerce,1,174.9,82.64,92.26,Venda
SKU_1710_MEX,27/07/2025,Varejo,3,2429.7,1147.2,427.5,Venda
SKU_1605_COR,27/07/2025,Varejo,3,659.7,239.31,140.13,Venda
SKU_1759_COB,27/07/2025,Varejo,1,269.9,106.3,163.6,Venda
SKU_1514_SPA,27/07/2025,Varejo,1,829.9,329.04,500.86,Venda
SKU_1743_DEE,27/07/2025,Varejo,2,879.8,281.1,299.35,Venda
SKU_2105_LIG,27/07/2025,Varejo,1,339.9,153.81,186.09,Venda
SKU_1593_FUC,27/07/2025,Varejo,1,144.9,54.87,90.03,Venda
SKU_1689_MAG,27/07/2025,Varejo,1,964.9,411.0,553.9,Venda
SKU_1747_FUC,27/07/2025,Varejo,1,174.9,54.11,120.79,Venda
SKU_1987_MYS,27/07/2025,Atacado,6,6719.4,3347.28,562.02,Venda
SKU_1727_LIG,27/07/2025,Varejo,1,154.9,54.0,100.9,Venda
SKU_1472_MYS,27/07/2025,E-commerce,1,469.9,203.75,266.15,Venda
SKU_1701_BLU,27/07/2025,E-commerce,1,339.9,142.46,197.44,Venda
SKU_1865_POW,27/07/2025,Varejo,1,249.9,105.81,144.09,Venda
SKU_1779_LIG,27/07/2025,Atacado,2,429.8,233.36,98.22,Venda
SKU_1895_PAS,27/07/2025,Varejo,1,194.9,59.47,135.43,Venda
SKU_1742_EME,27/07/2025,Varejo,1,259.9,87.02,172.88,Venda
SKU_1634_SAP,27/07/2025,E-commerce,1,979.9,428.89,551.01,Venda
SKU_1773_OLI,27/07/2025,Atacado,6,1949.4,999.3,158.35,Venda
SKU_1792_AQU,27/07/2025,Atacado,4,1759.6,917.32,210.57,Venda
SKU_1391_SEA,27/07/2025,E-commerce,1,284.9,130.91,153.99,Venda
SKU_1692_OLI,27/07/2025,Varejo,2,439.8,186.04,126.88,Venda
SKU_1685_COB,27/07/2025,Atacado,3,1994.7,980.76,337.98,Venda
SKU_1599_WHI,27/07/2025,Atacado,8,3759.2,1959.76,224.93,Venda
SKU_1692_OLI,27/07/2025,Atacado,5,1099.5,488.7,122.16,Venda
SKU_1510_SNO,27/07/2025,Varejo,1,834.9,376.6,458.3,Venda
SKU_1691_ROS,27/07/2025,Atacado,10,3099.0,1640.7,145.83,Venda
SKU_1689_MAG,27/07/2025,Varejo,1,964.9,363.59,601.31,Venda
SKU_2107_WHI,27/07/2025,Varejo,1,424.9,161.43,263.47,Venda
SKU_1740_OLI,27/07/2025,Atacado,5,1074.5,511.3,112.64,Venda
SKU_1695_LIM,27/07/2025,Varejo,1,209.9,82.75,127.15,Venda
SKU_1734_FRE,27/07/2025,Atacado,4,1399.6,731.68,166.98,Venda
SKU_1748_COB,27/07/2025,E-commerce,1,309.9,132.15,177.75,Venda
SKU_1898_EME,27/07/2025,Atacado,8,3879.2,1709.44,271.22,Venda
SKU_1715_JAD,27/07/2025,Varejo,3,659.7,260.58,133.04,Venda
SKU_1792_MIN,27/07/2025,Varejo,1,439.9,200.9,239.0,Venda
SKU_1745_PEA,27/07/2025,Atacado,2,819.8,374.5,222.65,Venda
SKU_1417_SNO,27/07/2025,Varejo,1,279.9,106.95,172.95,Venda
SKU_1964_BRI,27/07/2025,Atacado,2,589.8,291.2,149.3,Venda
SKU_1714_MID,27/07/2025,E-commerce,1,304.9,109.21,195.69,Venda
SKU_1778_MIN,27/07/2025,Atacado,4,1139.6,495.84,160.94,Venda
SKU_1553_DEN,27/07/2025,Varejo,1,254.9,122.45,132.45,Venda
SKU_1750_MIN,27/07/2025,Atacado,6,2219.4,1227.3,165.35,Venda
SKU_1956_CLO,27/07/2025,Atacado,3,629.7,307.38,107.44,Venda
SKU_1700_HUN,27/07/2025,Atacado,2,1399.8,670.98,364.41,Venda
SKU_1710_MEX,27/07/2025,Atacado,4,3239.6,1527.84,427.94,Venda
SKU_1686_MOS,27/07/2025,Varejo,1,214.9,65.98,148.92,Venda
SKU_1411_BLU,27/07/2025,E-commerce,2,449.8,219.52,115.14,Venda
SKU_1535_MOS,27/07/2025,Atacado,8,2439.2,1267.12,146.51,Venda
SKU_1473_BAB,27/07/2025,Varejo,3,539.7,240.09,99.87,Venda
SKU_1754_SER,27/07/2025,Atacado,3,1019.7,524.49,165.07,Venda
SKU_1800_SKY,27/07/2025,Atacado,10,2799.0,1438.7,136.03,Venda
SKU_1820_PEA,27/07/2025,Varejo,1,289.9,114.69,175.21,Venda
SKU_1725_BAB,27/07/2025,Varejo,1,244.9,119.13,125.77,Venda
SKU_1771_PIN,27/07/2025,E-commerce,1,264.9,129.83,135.07,Venda
SKU_1762_BRI,27/07/2025,Atacado,8,2039.2,984.16,131.88,Venda
SKU_1801_FLA,27/07/2025,Varejo,1,374.9,133.11,241.79,Venda
SKU_1516_EME,27/07/2025,E-commerce,1,349.9,138.66,211.24,Venda
SKU_1709_CRE,27/07/2025,Varejo,1,209.9,81.49,128.41,Venda
SKU_1683_PAL,27/07/2025,Varejo,1,314.9,151.91,162.99,Venda
SKU_1728_MID,27/07/2025,E-commerce,1,329.9,106.11,223.79,Venda
SKU_1619_PAS,27/07/2025,Atacado,5,999.5,452.2,109.46,Venda
SKU_1423_SAG,27/07/2025,Atacado,6,7199.4,3083.94,685.91,Venda
SKU_1624_ARM,27/07/2025,Varejo,1,209.9,79.99,129.91,Venda
SKU_1616_COR,27/07/2025,Atacado,8,8199.2,4050.88,518.54,Venda
SKU_1472_EME,27/07/2025,Atacado,8,3759.2,1997.84,220.17,Venda
SKU_2083_GAR,27/07/2025,Varejo,1,234.9,84.86,150.04,Venda
SKU_1417_SNO,27/07/2025,Atacado,6,1679.4,746.04,155.56,Venda
SKU_1723_MOS,27/07/2025,Atacado,2,869.8,421.52,224.14,Venda
SKU_1654_CRE,27/07/2025,Varejo,1,309.9,138.07,171.83,Venda
SKU_1735_COR,27/07/2025,Varejo,3,809.7,375.09,144.87,Venda
SKU_1784_BLA,27/07/2025,Atacado,3,929.7,478.44,150.42,Venda
SKU_1687_FOR,27/07/2025,Varejo,1,899.9,415.17,484.73,Venda
SKU_1696_SER,27/07/2025,Atacado,5,1399.5,664.0,147.1,Venda
SKU_1621_PAS,27/07/2025,E-commerce,1,234.9,80.42,154.48,Venda
SKU_1794_FLA,27/07/2025,E-commerce,1,209.9,73.94,135.96,Venda
SKU_1789_SNO,27/07/2025,E-commerce,1,269.9,81.83,188.07,Venda
SKU_1778_MIN,27/07/2025,Varejo,1,284.9,124.36,160.54,Venda
SKU_1718_DUS,27/07/2025,Atacado,6,2219.4,1002.6,202.8,Venda
SKU_1781_CLE,27/07/2025,Varejo,4,519.6,255.16,66.11,Venda
SKU_1718_DUS,27/07/2025,E-commerce,2,739.8,224.52,257.64,Venda
SKU_1750_SNO,27/07/2025,Atacado,3,1109.7,529.59,193.37,Venda
SKU_1570_MEX,27/07/2025,Varejo,1,714.9,235.07,479.83,Venda
SKU_1796_SHO,27/07/2025,E-commerce,2,1009.8,383.34,313.23,Venda
SKU_1692_OLI,27/07/2025,Atacado,8,1759.2,939.76,102.43,Venda
SKU_1748_BAB,27/07/2025,Atacado,12,3718.8,1735.92,165.24,Venda
SKU_1601_EME,27/07/2025,Varejo,1,734.9,232.24,502.66,Venda
SKU_1562_CLO,27/07/2025,Atacado,5,1549.5,740.75,161.75,Venda
SKU_1750_MIN,27/07/2025,Atacado,6,2219.4,939.54,213.31,Venda
SKU_1535_MOS,27/07/2025,Atacado,8,2439.2,1148.88,161.29,Venda
SKU_1522_BIR,27/07/2025,Varejo,1,149.9,58.07,91.83,Venda
SKU_1684_HON,27/07/2025,Atacado,5,924.5,579.55,68.99,Venda
SKU_1743_DEE,27/07/2025,Atacado,2,879.8,466.96,206.42,Venda
SKU_1778_MIN,27/07/2025,Atacado,8,2279.2,1241.04,129.77,Venda
SKU_1534_HUN,27/07/2025,Atacado,4,799.6,445.4,88.55,Venda
SKU_1629_CLO,27/07/2025,Atacado,4,1019.6,530.16,122.36,Venda
SKU_1739_MOS,27/07/2025,Atacado,3,764.7,331.44,144.42,Venda
SKU_1413_JAD,27/07/2025,Atacado,3,554.7,278.43,92.09,Venda
SKU_1687_WHI,27/07/2025,Varejo,2,1799.8,610.78,594.51,Venda
SKU_1722_PAS,27/07/2025,Varejo,1,324.9,130.18,194.72,Venda
SKU_1700_PIS,27/07/2025,Atacado,3,2099.7,1140.78,319.64,Venda
SKU_1855_AQU,27/07/2025,Varejo,1,274.9,115.87,159.03,Venda
SKU_1687_WHI,27/07/2025,E-commerce,1,899.9,382.16,517.74,Venda
SKU_1768_PEA,27/07/2025,Varejo,1,624.9,239.43,385.47,Venda
SKU_1833_NAV,27/07/2025,Varejo,1,229.9,112.9,117.0,Venda
SKU_1781_AQU,27/07/2025,Varejo,1,129.9,40.98,88.92,Venda
SKU_2044_PAS,27/07/2025,E-commerce,1,249.9,95.01,154.89,Venda
SKU_1492_SKY,27/07/2025,Varejo,1,374.9,116.59,258.31,Venda
SKU_2031_NAV,27/07/2025,Atacado,10,3499.0,1668.5,183.05,Venda
SKU_1435_SKY,27/07/2025,Varejo,1,1009.9,356.12,653.78,Venda
SKU_1962_FRE,27/07/2025,Atacado,10,2149.0,920.0,122.9,Venda
SKU_1609_SAP,27/07/2025,Atacado,5,1349.5,666.95,136.51,Venda
SKU_1572_BAL,27/07/2025,E-commerce,1,139.9,45.45,94.45,Venda
SKU_1753_WHI,27/07/2025,Atacado,6,4739.4,2442.48,382.82,Venda
SKU_1744_LIG,27/07/2025,E-commerce,1,264.9,87.12,177.78,Venda
SKU_1911_RAS,27/07/2025,E-commerce,1,214.9,64.59,150.31,Venda
SKU_1866_ROS,27/07/2025,E-commerce,1,324.9,109.73,215.17,Venda
SKU_1597_FLA,27/07/2025,Atacado,10,5299.0,2885.3,241.37,Venda
SKU_1725_BAB,27/07/2025,Atacado,6,1469.4,692.52,129.48,Venda
SKU_1500_PAS,27/07/2025,Varejo,1,259.9,84.23,175.67,Venda
SKU_1786_POW,27/07/2025,Atacado,2,359.8,163.7,98.05,Venda
SKU_1703_PAS,27/07/2025,Atacado,5,1349.5,645.55,140.79,Venda
SKU_1649_FLA,27/07/2025,Varejo,1,234.9,106.78,128.12,Venda
SKU_1748_COB,27/07/2025,Varejo,1,309.9,114.87,195.03,Venda
SKU_1775_PAS,27/07/2025,Atacado,5,1399.5,706.6,138.58,Venda
SKU_1546_IVO,27/07/2025,E-commerce,1,174.9,71.71,103.19,Venda
SKU_1744_LIG,27/07/2025,E-commerce,2,529.8,224.36,152.72,Venda
SKU_1697_MIN,27/07/2025,Atacado,5,1099.5,515.7,116.76,Venda
SKU_1578_TEA,27/07/2025,Atacado,2,249.8,118.1,65.85,Venda
SKU_1664_MIN,27/07/2025,Atacado,3,989.7,422.73,188.99,Venda
SKU_1710_MEX,27/07/2025,Atacado,5,4049.5,2094.85,390.93,Venda
SKU_1756_BUB,27/07/2025,Varejo,1,179.9,80.18,99.72,Venda
SKU_1719_WHI,27/07/2025,Varejo,1,319.9,136.81,183.09,Venda
SKU_1682_BIR,27/07/2025,Varejo,2,469.8,173.0,148.4,Venda
SKU_1448_SKY,27/07/2025,E-commerce,1,179.9,65.59,114.31,Venda
SKU_2056_DEN,27/07/2025,Atacado,5,5174.5,2304.2,574.06,Venda
SKU_1773_OLI,27/07/2025,E-commerce,1,324.9,161.59,163.31,Venda
SKU_1964_BRI,27/07/2025,Varejo,1,294.9,116.05,178.85,Venda
SKU_1564_BLA,27/07/2025,Varejo,1,589.9,243.24,346.66,Venda
SKU_1680_NAV,27/07/2025,Varejo,3,1004.7,468.87,178.61,Venda
SKU_1610_MEX,27/07/2025,Varejo,3,554.7,169.02,128.56,Venda
SKU_1718_DUS,27/07/2025,Varejo,1,369.9,168.74,201.16,Venda
SKU_1701_BLU,27/07/2025,Varejo,1,339.9,135.57,204.33,Venda
SKU_1791_ARM,27/07/2025,Varejo,1,264.9,82.88,182.02,Venda
SKU_1770_DEE,27/07/2025,Atacado,5,1099.5,585.55,102.79,Venda
SKU_1800_MOS,27/07/2025,E-commerce,1,279.9,99.68,180.22,Venda
SKU_1707_SAP,27/07/2025,Varejo,1,279.9,127.26,152.64,Venda
SKU_1909_PEA,27/07/2025,Atacado,10,4499.0,2277.9,222.11,Venda
SKU_1727_WHI,28/07/2025,Atacado,8,1239.2,595.84,80.42,Venda
SKU_1704_BAB,28/07/2025,Varejo,1,334.9,162.61,172.29,Venda
SKU_1698_SNO,28/07/2025,Atacado,4,1679.6,811.44,217.04,Venda
SKU_1759_COB,28/07/2025,Atacado,8,2159.2,1044.0,139.4,Venda
SKU_1431_TEA,28/07/2025,Atacado,4,1479.6,733.6,186.5,Venda
SKU_1645_MIN,28/07/2025,Atacado,8,3199.2,1612.16,198.38,Venda
SKU_1800_MOS,28/07/2025,Varejo,1,279.9,118.29,161.61,Venda
SKU_1759_CLE,28/07/2025,Atacado,5,1349.5,650.5,139.8,Venda
SKU_1776_BIR,28/07/2025,Atacado,6,1979.4,858.18,186.87,Venda
SKU_1607_MAR,28/07/2025,Varejo,1,299.9,142.31,157.59,Venda
SKU_1798_MOS,28/07/2025,Atacado,8,3359.2,1765.68,199.19,Venda
SKU_1599_WHI,28/07/2025,Varejo,1,469.9,174.94,294.96,Venda
SKU_1689_IVO,28/07/2025,Varejo,1,964.9,343.63,621.27,Venda
SKU_1493_CLO,28/07/2025,Atacado,5,1649.5,718.7,186.16,Venda
SKU_1558_MEX,28/07/2025,E-commerce,1,329.9,126.1,203.8,Venda
SKU_1761_MOS,28/07/2025,Varejo,2,2209.8,1014.58,597.61,Venda
SKU_2106_HON,28/07/2025,E-commerce,1,234.9,88.01,146.89,Venda
SKU_2107_WHI,28/07/2025,Atacado,4,1699.6,764.04,233.89,Venda
SKU_1745_FOR,28/07/2025,Varejo,1,409.9,166.46,243.44,Venda
SKU_1603_PEA,28/07/2025,Varejo,3,2234.7,1007.1,409.2,Venda
SKU_1791_ARM,28/07/2025,Atacado,4,1059.6,508.28,137.83,Venda
SKU_1705_JAD,28/07/2025,Atacado,2,819.8,381.48,219.16,Venda
SKU_1719_OFF,28/07/2025,Atacado,6,1919.4,920.28,166.52,Venda
SKU_1441_IVO,28/07/2025,E-commerce,1,1154.9,474.03,680.87,Venda
SKU_1692_BLU,28/07/2025,E-commerce,1,219.9,103.59,116.31,Venda
SKU_1762_BRI,28/07/2025,Varejo,1,254.9,126.08,128.82,Venda
SKU_1730_MIN,28/07/2025,E-commerce,2,639.8,193.58,223.11,Venda
SKU_1764_MAR,28/07/2025,Atacado,2,469.8,219.76,125.02,Venda
SKU_1771_PIN,28/07/2025,Atacado,2,529.8,250.66,139.57,Venda
SKU_1783_BAB,28/07/2025,Varejo,1,1199.9,558.44,641.46,Venda
SKU_1753_PAL,28/07/2025,Varejo,1,789.9,248.64,541.26,Venda
SKU_1779_MIN,28/07/2025,Varejo,2,429.8,150.48,139.66,Venda
SKU_1725_BAB,28/07/2025,Varejo,2,489.8,196.0,146.9,Venda
SKU_1785_HUN,28/07/2025,E-commerce,2,489.8,195.74,147.03,Venda
SKU_1494_EGR,28/07/2025,Varejo,3,3254.7,1386.39,622.77,Venda
SKU_1721_FRE,28/07/2025,Varejo,1,419.9,168.14,251.76,Venda
SKU_1498_LIG,28/07/2025,E-commerce,1,339.9,128.73,211.17,Venda
SKU_1655_TEA,28/07/2025,Varejo,2,1289.8,533.32,378.24,Venda
SKU_1423_SAG,28/07/2025,Atacado,6,7199.4,3107.04,682.06,Venda
SKU_1980_DEN,28/07/2025,Varejo,1,154.9,52.44,102.46,Venda
SKU_1758_CLO,28/07/2025,Atacado,5,899.5,395.95,100.71,Venda
SKU_1404_SAP,28/07/2025,Atacado,2,2039.8,1078.9,480.45,Venda
SKU_1768_PEA,28/07/2025,Atacado,3,1874.7,877.47,332.41,Venda
SKU_1517_FOR,28/07/2025,Atacado,4,4799.6,2304.96,623.66,Venda
SKU_1685_BIR,28/07/2025,E-commerce,1,664.9,264.32,400.58,Venda
SKU_1788_MYS,28/07/2025,Atacado,12,2998.8,1539.24,121.63,Venda
SKU_1794_LIG,28/07/2025,Varejo,1,209.9,66.52,143.38,Venda
SKU_1751_BLU,28/07/2025,Atacado,2,659.8,311.98,173.91,Venda
SKU_2013_MYS,28/07/2025,Varejo,4,739.6,243.56,124.01,Venda
SKU_1403_DUS,28/07/2025,E-commerce,1,384.9,192.06,192.84,Venda
SKU_1749_SNO,28/07/2025,E-commerce,1,349.9,164.12,185.78,Venda
SKU_1720_PAS,28/07/2025,Varejo,1,224.9,76.31,148.59,Venda
SKU_1413_JAD,28/07/2025,Atacado,5,924.5,410.15,102.87,Venda
SKU_1645_MIN,28/07/2025,Atacado,8,3199.2,1514.0,210.65,Venda
SKU_1773_FRE,28/07/2025,Varejo,2,649.8,240.44,204.68,Venda
SKU_1686_SKY,28/07/2025,Varejo,1,214.9,102.63,112.27,Venda
SKU_1737_SAG,28/07/2025,Varejo,1,769.9,246.88,523.02,Venda
SKU_1635_TEA,28/07/2025,Atacado,2,1209.8,635.04,287.38,Venda
SKU_1713_SAL,28/07/2025,Varejo,1,504.9,185.7,319.2,Venda
SKU_1708_FLA,28/07/2025,E-commerce,1,169.9,59.52,110.38,Venda
SKU_1799_POW,28/07/2025,Atacado,3,809.7,371.1,146.2,Venda
SKU_1729_FUC,28/07/2025,Atacado,4,699.6,405.04,73.64,Venda
SKU_1658_MYS,28/07/2025,Varejo,1,879.9,385.44,494.46,Venda
SKU_1716_SAL,28/07/2025,Varejo,1,164.9,77.1,87.8,Venda
SKU_1681_PIS,28/07/2025,Atacado,2,469.8,278.44,95.68,Venda
SKU_1499_HOT,28/07/2025,Atacado,2,519.8,230.08,144.86,Venda
SKU_1702_COR,28/07/2025,Atacado,6,3719.4,1762.92,326.08,Venda
SKU_1738_ROY,28/07/2025,Varejo,1,194.9,88.78,106.12,Venda
SKU_1689_MAG,28/07/2025,Atacado,6,5789.4,2732.58,509.47,Venda
SKU_1796_OLI,28/07/2025,E-commerce,1,504.9,234.9,270.0,Venda
SKU_1797_GAR,28/07/2025,Atacado,5,1899.5,894.7,200.96,Venda
SKU_1426_NAV,28/07/2025,Varejo,1,129.9,55.06,74.84,Venda
SKU_1782_NAV,28/07/2025,Varejo,1,249.9,97.75,152.15,Venda
SKU_1743_CLO,28/07/2025,Varejo,4,1759.6,757.0,250.65,Venda
SKU_1797_GAR,28/07/2025,Atacado,4,1519.6,799.88,179.93,Venda
SKU_1770_JAD,28/07/2025,Atacado,4,879.6,440.84,109.69,Venda
SKU_1768_MIN,28/07/2025,Varejo,2,1249.8,467.7,391.05,Venda
SKU_1795_HUN,28/07/2025,Varejo,1,299.9,134.84,165.06,Venda
SKU_1849_GAR,28/07/2025,Atacado,5,1649.5,776.45,174.61,Venda
SKU_1768_PEA,28/07/2025,Atacado,8,4999.2,2594.96,300.53,Venda
SKU_1699_CLO,28/07/2025,Atacado,5,1649.5,729.15,184.07,Venda
SKU_1462_MID,28/07/2025,Varejo,2,729.8,314.8,207.5,Venda
SKU_1693_MEX,28/07/2025,Atacado,6,1229.4,534.66,115.79,Venda
SKU_1734_FRE,28/07/2025,E-commerce,1,349.9,130.11,219.79,Venda
SKU_2023_SPA,28/07/2025,Varejo,1,159.9,66.44,93.46,Venda
SKU_1731_MIN,28/07/2025,Varejo,2,1819.8,881.12,469.34,Venda
SKU_1991_GAR,28/07/2025,Varejo,1,299.9,124.13,175.77,Venda
SKU_1913_MYS,28/07/2025,E-commerce,1,194.9,76.62,118.28,Venda
SKU_1690_MAG,28/07/2025,Varejo,2,1079.8,396.4,341.7,Venda
SKU_1774_MOS,28/07/2025,E-commerce,1,204.9,79.68,125.22,Venda
SKU_1721_FRE,28/07/2025,E-commerce,1,419.9,138.89,281.01,Venda
SKU_1535_MOS,28/07/2025,Atacado,10,3049.0,1705.1,134.39,Venda
SKU_1768_MIN,28/07/2025,Atacado,4,2499.6,1163.8,333.95,Venda
SKU_1715_JAD,28/07/2025,E-commerce,1,219.9,70.64,149.26,Venda
SKU_1733_NAV,28/07/2025,Varejo,1,349.9,123.32,226.58,Venda
SKU_1776_BIR,28/07/2025,Atacado,8,2639.2,1251.2,173.5,Venda
SKU_1725_BAB,28/07/2025,Atacado,3,734.7,410.52,108.06,Venda
SKU_1430_PEA,28/07/2025,Varejo,2,359.8,157.36,101.22,Venda
SKU_1721_FRE,28/07/2025,Atacado,2,839.8,385.42,227.19,Venda
SKU_1680_NAV,28/07/2025,Atacado,4,1339.6,588.68,187.73,Venda
SKU_1659_MOS,28/07/2025,Varejo,1,1024.9,393.67,631.23,Venda
SKU_1711_VAN,28/07/2025,Varejo,2,1989.8,836.86,576.47,Venda
SKU_2003_BAL,28/07/2025,E-commerce,1,239.9,108.87,131.03,Venda
SKU_1650_OLI,28/07/2025,Atacado,4,4019.6,1902.56,529.26,Venda
SKU_1589_TUR,28/07/2025,Varejo,1,679.9,291.69,388.21,Venda
SKU_1763_MAR,28/07/2025,Varejo,3,899.7,270.81,209.63,Venda
SKU_1967_BAB,28/07/2025,Varejo,1,194.9,61.14,133.76,Venda
SKU_1711_ARM,28/07/2025,Atacado,2,1989.8,944.82,522.49,Venda
SKU_1763_MAR,28/07/2025,E-commerce,1,299.9,137.51,162.39,Venda
SKU_1789_SNO,28/07/2025,Varejo,1,269.9,115.38,154.52,Venda
SKU_1499_HOT,28/07/2025,Varejo,1,259.9,78.67,181.23,Venda
SKU_2034_DUS,28/07/2025,Varejo,1,169.9,57.01,112.89,Venda
SKU_1526_POW,28/07/2025,Varejo,1,169.9,77.2,92.7,Venda
SKU_1694_SER,28/07/2025,Atacado,6,1679.4,779.46,149.99,Venda
SKU_1775_PAL,28/07/2025,E-commerce,1,279.9,132.52,147.38,Venda
SKU_1700_PIS,28/07/2025,Atacado,3,2099.7,1144.08,318.54,Venda
SKU_1755_BIR,28/07/2025,E-commerce,1,334.9,146.43,188.47,Venda
SKU_1689_MAG,28/07/2025,Atacado,10,9649.0,4758.6,489.04,Venda
SKU_1693_MEX,28/07/2025,Varejo,1,204.9,93.86,111.04,Venda
SKU_1551_DUS,28/07/2025,Atacado,2,439.8,208.38,115.71,Venda
SKU_1498_LIG,28/07/2025,Varejo,1,339.9,140.53,199.37,Venda
SKU_1755_AQU,28/07/2025,Varejo,1,334.9,139.91,194.99,Venda
SKU_1683_PAL,28/07/2025,Varejo,1,314.9,149.4,165.5,Venda
SKU_2059_SNO,28/07/2025,Atacado,10,6399.0,3489.4,290.96,Venda
SKU_1799_DEN,28/07/2025,Atacado,4,1079.6,516.36,140.81,Venda
SKU_1770_JAD,28/07/2025,Atacado,4,879.6,409.6,117.5,Venda
SKU_1657_EME,28/07/2025,Atacado,6,1289.4,577.5,118.65,Venda
SKU_1680_SEA,28/07/2025,Varejo,1,334.9,112.15,222.75,Venda
SKU_1429_SPA,28/07/2025,Varejo,1,189.9,57.36,132.54,Venda
SKU_1746_NAV,28/07/2025,E-commerce,1,179.9,81.9,98.0,Venda
SKU_1773_OLI,28/07/2025,Atacado,3,974.7,485.79,162.97,Venda
SKU_1685_BIR,28/07/2025,E-commerce,1,664.9,317.49,347.41,Venda
SKU_1715_HON,28/07/2025,Varejo,1,219.9,90.14,129.76,Venda
SKU_1715_HON,28/07/2025,Varejo,1,219.9,104.75,115.15,Venda
SKU_1616_COR,28/07/2025,Varejo,4,4099.6,1308.68,697.73,Venda
SKU_1902_HOT,28/07/2025,Varejo,3,2489.7,764.46,575.08,Venda
SKU_1684_SHO,28/07/2025,Varejo,4,739.6,331.24,102.09,Venda
SKU_1711_ARM,28/07/2025,Atacado,6,5969.4,3211.14,459.71,Venda
SKU_1696_SHO,28/07/2025,Atacado,3,839.7,442.23,132.49,Venda
SKU_1761_SAP,28/07/2025,Varejo,1,1104.9,516.45,588.45,Venda
SKU_1590_HOT,28/07/2025,Varejo,1,189.9,66.62,123.28,Venda
SKU_1750_SNO,28/07/2025,Varejo,1,369.9,149.91,219.99,Venda
SKU_1791_IVO,28/07/2025,Varejo,1,264.9,84.73,180.17,Venda
SKU_1831_HOT,28/07/2025,Atacado,6,2009.4,950.28,176.52,Venda
SKU_1690_MYS,28/07/2025,Varejo,1,539.9,254.51,285.39,Venda
SKU_1553_DEN,28/07/2025,Varejo,2,509.8,253.3,128.25,Venda
SKU_1525_OLI,28/07/2025,Atacado,5,1449.5,742.15,141.47,Venda
SKU_1633_DEN,28/07/2025,Atacado,5,1174.5,632.2,108.46,Venda
SKU_1532_EME,28/07/2025,Varejo,1,979.9,344.86,635.04,Venda
SKU_1771_PIN,28/07/2025,Varejo,1,264.9,122.01,142.89,Venda
SKU_1751_MIN,28/07/2025,Varejo,1,329.9,138.74,191.16,Venda
SKU_1474_BRI,28/07/2025,Varejo,2,2119.8,1058.64,530.58,Venda
SKU_1536_FRE,28/07/2025,Varejo,3,1034.7,431.88,200.94,Venda
SKU_1707_ARM,28/07/2025,Varejo,1,279.9,138.79,141.11,Venda
SKU_1730_OFF,28/07/2025,Atacado,3,959.7,438.09,173.87,Venda
SKU_1568_PIN,28/07/2025,Atacado,6,1409.4,681.24,121.36,Venda
SKU_1552_CLE,28/07/2025,Atacado,5,3299.5,1405.85,378.73,Venda
SKU_1658_MYS,28/07/2025,Varejo,1,879.9,421.38,458.52,Venda
SKU_1738_ROY,28/07/2025,Atacado,3,584.7,266.16,106.18,Venda
SKU_1472_EME,28/07/2025,Atacado,5,2349.5,1301.25,209.65,Venda
SKU_1611_MID,28/07/2025,Varejo,1,219.9,95.98,123.92,Venda
SKU_1708_FRE,28/07/2025,Atacado,2,339.8,149.98,94.91,Venda
SKU_1790_ROY,28/07/2025,Atacado,3,779.7,368.79,136.97,Venda
SKU_1596_BIR,28/07/2025,Atacado,2,549.8,276.9,136.45,Venda
SKU_1796_SHO,28/07/2025,Atacado,4,2019.6,972.36,261.81,Venda
SKU_1777_TUR,28/07/2025,Atacado,10,2399.0,1139.7,125.93,Venda
SKU_1747_TEA,28/07/2025,Varejo,1,174.9,86.7,88.2,Venda
SKU_1680_NAV,28/07/2025,Atacado,6,2009.4,1020.24,164.86,Venda
SKU_1469_SAL,28/07/2025,Atacado,4,1179.6,553.36,156.56,Venda
SKU_1646_BLU,28/07/2025,Atacado,8,1639.2,689.12,118.76,Venda
SKU_1778_MIN,28/07/2025,Atacado,5,1424.5,693.25,146.25,Venda
SKU_1700_PIS,28/07/2025,Atacado,3,2099.7,1031.64,356.02,Venda
SKU_1709_MAR,28/07/2025,E-commerce,1,209.9,94.41,115.49,Venda
SKU_1799_DEN,28/07/2025,Varejo,2,539.8,237.12,151.34,Venda
SKU_1754_SER,28/07/2025,Atacado,4,1359.6,601.28,189.58,Venda
SKU_1759_CLE,28/07/2025,E-commerce,1,269.9,132.75,137.15,Venda
SKU_1489_TEA,28/07/2025,Atacado,3,1109.7,573.51,178.73,Venda
SKU_1646_BLU,28/07/2025,Varejo,1,204.9,72.0,132.9,Venda
SKU_1737_SAG,28/07/2025,Atacado,10,7699.0,3622.4,407.66,Venda
SKU_1791_IVO,28/07/2025,E-commerce,1,264.9,115.19,149.71,Venda
SKU_1683_SHO,28/07/2025,E-commerce,1,314.9,128.68,186.22,Venda
SKU_1767_PRI,28/07/2025,Atacado,4,819.6,367.64,112.99,Venda
SKU_1774_COB,28/07/2025,E-commerce,1,204.9,70.97,133.93,Venda
SKU_2057_VAN,28/07/2025,Atacado,4,3779.6,1702.12,519.37,Venda
SKU_1733_NAV,28/07/2025,Varejo,1,349.9,171.78,178.12,Venda
SKU_1856_PAS,28/07/2025,Atacado,8,2599.2,1364.8,154.3,Venda
SKU_1651_PAS,28/07/2025,Atacado,5,1324.5,701.4,124.62,Venda
SKU_1766_CLE,28/07/2025,Varejo,1,394.9,144.27,250.63,Venda
SKU_1907_TEA,28/07/2025,Varejo,1,274.9,95.54,179.36,Venda
SKU_1616_SER,28/07/2025,Atacado,5,5124.5,2426.45,539.61,Venda
SKU_1799_POW,28/07/2025,Atacado,2,539.8,238.24,150.78,Venda
SKU_1774_COB,28/07/2025,Atacado,8,1639.2,752.96,110.78,Venda
SKU_1779_LIG,28/07/2025,Atacado,6,1289.4,613.02,112.73,Venda
SKU_1789_SNO,28/07/2025,Varejo,1,269.9,88.06,181.84,Venda
SKU_1757_TUR,28/07/2025,Varejo,1,264.9,83.31,181.59,Venda
SKU_1667_MID,28/07/2025,Varejo,3,629.7,312.48,105.74,Venda
SKU_1603_BUB,28/07/2025,Atacado,3,2234.7,1194.75,346.65,Venda
SKU_1418_CLE,28/07/2025,Atacado,12,10138.8,5198.88,411.66,Venda
SKU_1706_JAD,28/07/2025,Atacado,5,924.5,438.25,97.25,Venda
SKU_1723_COB,28/07/2025,Atacado,8,3479.2,1670.8,226.05,Venda
SKU_1680_SEA,28/07/2025,Varejo,1,334.9,103.82,231.08,Venda
SKU_1758_CLO,28/07/2025,Varejo,4,719.6,356.68,90.73,Venda
SKU_1526_FOR,28/07/2025,E-commerce,1,169.9,82.55,87.35,Venda
SKU_1742_EME,28/07/2025,Varejo,1,259.9,79.36,180.54,Venda
SKU_1696_SER,28/07/2025,Varejo,1,279.9,86.33,193.57,Venda
SKU_1778_MIN,28/07/2025,Varejo,1,284.9,131.43,153.47,Venda
SKU_1765_PAS,28/07/2025,Varejo,1,259.9,120.46,139.44,Venda
SKU_1688_LIG,28/07/2025,Atacado,8,3439.2,1544.08,236.89,Venda
SKU_1771_PIN,28/07/2025,Atacado,8,2119.2,1064.4,131.85,Venda
SKU_1560_CRE,28/07/2025,Varejo,1,224.9,103.82,121.08,Venda
SKU_1617_DEN,28/07/2025,Atacado,8,1319.2,670.96,81.03,Venda
SKU_1704_BAB,28/07/2025,Varejo,1,334.9,122.71,212.19,Venda
SKU_1796_SHO,28/07/2025,E-commerce,1,504.9,234.65,270.25,Venda
SKU_1774_MOS,28/07/2025,E-commerce,1,204.9,76.5,128.4,Venda
SKU_1717_CRE,28/07/2025,E-commerce,2,519.8,234.66,142.57,Venda
SKU_1419_FLA,28/07/2025,Varejo,1,249.9,77.36,172.54,Venda
SKU_1709_MAR,28/07/2025,Varejo,2,419.8,143.24,138.28,Venda
SKU_1783_BAB,28/07/2025,Varejo,1,1199.9,411.13,788.77,Venda
SKU_1703_BLU,28/07/2025,E-commerce,1,269.9,131.85,138.05,Venda
SKU_1777_TUR,28/07/2025,E-commerce,1,239.9,116.43,123.47,Venda
SKU_1731_MIN,28/07/2025,Varejo,1,909.9,316.83,593.07,Venda
SKU_1741_PIN,28/07/2025,Atacado,3,719.7,371.61,116.03,Venda
SKU_1524_BLU,28/07/2025,Varejo,2,739.8,244.74,247.53,Venda
SKU_1474_BRI,28/07/2025,Varejo,1,1059.9,318.26,741.64,Venda
SKU_1717_MIN,28/07/2025,Varejo,2,519.8,250.76,134.52,Venda
SKU_1759_CLE,28/07/2025,Atacado,6,1619.4,797.22,137.03,Venda
SKU_1732_OFF,28/07/2025,E-commerce,1,1114.9,370.44,744.46,Venda
SKU_1764_FUC,28/07/2025,Varejo,1,234.9,115.09,119.81,Venda
SKU_1417_BIR,28/07/2025,Atacado,8,2239.2,950.88,161.04,Venda
SKU_1717_MIN,28/07/2025,E-commerce,1,259.9,87.46,172.44,Venda
SKU_1674_PAS,28/07/2025,Atacado,10,2299.0,1208.8,109.02,Venda
SKU_2078_CLE,28/07/2025,Atacado,5,1199.5,558.7,128.16,Venda
SKU_1734_BRI,28/07/2025,Varejo,1,349.9,108.21,241.69,Venda
SKU_1515_SEA,28/07/2025,Varejo,1,194.9,81.03,113.87,Venda
SKU_1761_MOS,28/07/2025,Atacado,4,4419.6,2003.12,604.12,Venda
SKU_1743_DEE,28/07/2025,Varejo,1,439.9,144.13,295.77,Venda
SKU_1725_BAB,28/07/2025,Atacado,2,489.8,262.28,113.76,Venda
SKU_1774_MOS,28/07/2025,Varejo,3,614.7,272.37,114.11,Venda
SKU_1640_IVO,28/07/2025,Atacado,12,2638.8,1200.12,119.89,Venda
SKU_1737_SAG,28/07/2025,Atacado,6,4619.4,2410.14,368.21,Venda
SKU_1800_MOS,28/07/2025,E-commerce,1,279.9,124.84,155.06,Venda
SKU_1732_OFF,28/07/2025,Atacado,3,3344.7,1761.9,527.6,Venda
SKU_2003_BAL,28/07/2025,Atacado,10,2399.0,1269.6,112.94,Venda
SKU_1751_BLU,28/07/2025,E-commerce,3,989.7,472.56,172.38,Venda
SKU_2034_PAS,28/07/2025,Atacado,6,1019.4,535.98,80.57,Venda
SKU_1540_BAL,28/07/2025,Atacado,6,1019.4,455.7,93.95,Venda
SKU_1662_LIG,28/07/2025,E-commerce,1,199.9,82.99,116.91,Venda
SKU_2055_RAS,28/07/2025,E-commerce,1,459.9,167.6,292.3,Venda
SKU_1793_WHI,28/07/2025,Varejo,3,569.7,260.19,103.17,Venda
SKU_1860_SPA,28/07/2025,Atacado,3,959.7,444.93,171.59,Venda
SKU_1788_MYS,28/07/2025,Atacado,12,2998.8,1561.68,119.76,Venda
SKU_1800_MOS,28/07/2025,Atacado,6,1679.4,806.1,145.55,Venda
SKU_1734_BRI,28/07/2025,Varejo,1,349.9,156.9,193.0,Venda
SKU_1727_WHI,28/07/2025,Atacado,5,774.5,326.45,89.61,Venda
SKU_1688_WHI,28/07/2025,Atacado,4,1719.6,947.68,192.98,Venda
SKU_1665_RAS,28/07/2025,Varejo,1,249.9,124.33,125.57,Venda
SKU_1758_HON,28/07/2025,E-commerce,1,179.9,88.05,91.85,Venda
SKU_1488_PEA,28/07/2025,Varejo,1,339.9,133.01,206.89,Venda
SKU_1708_FRE,28/07/2025,Varejo,1,169.9,51.74,118.16,Venda
SKU_1613_AQU,28/07/2025,E-commerce,1,189.9,91.84,98.06,Venda
SKU_1681_PIS,28/07/2025,Atacado,4,939.6,459.8,119.95,Venda
SKU_1683_SHO,28/07/2025,Atacado,5,1574.5,661.65,182.57,Venda
SKU_1692_OLI,28/07/2025,E-commerce,1,219.9,74.14,145.76,Venda
SKU_1706_JAD,28/07/2025,E-commerce,1,184.9,80.8,104.1,Venda
SKU_1753_PAL,28/07/2025,Atacado,6,4739.4,2526.66,368.79,Venda
SKU_1434_MIN,28/07/2025,Varejo,2,419.8,144.98,137.41,Venda
SKU_1702_COR,28/07/2025,Atacado,3,1859.7,952.62,302.36,Venda
SKU_1874_JAD,28/07/2025,Atacado,8,1759.2,870.0,111.15,Venda
SKU_1793_WHI,28/07/2025,Varejo,1,189.9,93.79,96.11,Venda
SKU_1722_AQU,28/07/2025,Atacado,3,974.7,460.74,171.32,Venda
SKU_1540_BAL,28/07/2025,Atacado,6,1019.4,463.08,92.72,Venda
SKU_1795_HUN,28/07/2025,Varejo,2,599.8,230.72,184.54,Venda
SKU_1747_FUC,28/07/2025,Varejo,1,174.9,79.74,95.16,Venda
SKU_1454_BUB,28/07/2025,E-commerce,1,149.9,50.92,98.98,Venda
SKU_1645_MIN,28/07/2025,Varejo,1,399.9,134.46,265.44,Venda
SKU_1801_MOS,28/07/2025,Atacado,4,1499.6,644.92,213.67,Venda
SKU_1734_BRI,28/07/2025,Atacado,3,1049.7,594.15,151.85,Venda
SKU_1797_GAR,28/07/2025,Varejo,1,379.9,185.79,194.11,Venda
SKU_2004_MIN,28/07/2025,Varejo,1,224.9,106.1,118.8,Venda
SKU_1561_VAN,28/07/2025,Varejo,1,349.9,149.44,200.46,Venda
SKU_1742_DEN,28/07/2025,Varejo,2,519.8,217.7,151.05,Venda
SKU_1801_FLA,28/07/2025,Atacado,3,1124.7,570.72,184.66,Venda
SKU_1775_PAL,28/07/2025,Varejo,2,559.8,175.44,192.18,Venda
SKU_1733_NAV,28/07/2025,Varejo,1,349.9,113.85,236.05,Venda
SKU_1760_OFF,28/07/2025,E-commerce,1,249.9,107.48,142.42,Venda
SKU_2065_OFF,28/07/2025,Varejo,1,199.9,85.07,114.83,Venda
SKU_1711_VAN,28/07/2025,Varejo,1,994.9,482.04,512.86,Venda
SKU_1706_BLA,28/07/2025,Varejo,2,369.8,163.76,103.02,Venda
SKU_1429_MAG,28/07/2025,Varejo,1,189.9,68.44,121.46,Venda
SKU_1739_MOS,28/07/2025,Varejo,1,254.9,118.1,136.8,Venda
SKU_1624_ARM,28/07/2025,E-commerce,1,209.9,87.23,122.67,Venda
SKU_1721_FRE,28/07/2025,Atacado,4,1679.6,729.56,237.51,Venda
SKU_1470_MAR,28/07/2025,Atacado,8,7359.2,3326.08,504.14,Venda
SKU_1942_MYS,28/07/2025,Varejo,1,1184.9,577.03,607.87,Venda
SKU_1690_MYS,28/07/2025,Atacado,12,6478.8,3392.4,257.2,Venda
SKU_1730_MIN,28/07/2025,Atacado,5,1599.5,780.75,163.75,Venda
SKU_1713_SAL,28/07/2025,Varejo,1,504.9,220.06,284.84,Venda
SKU_1530_HON,28/07/2025,Atacado,12,1558.8,732.48,68.86,Venda
SKU_1699_CLO,28/07/2025,Varejo,1,329.9,104.03,225.87,Venda
SKU_1689_MAG,28/07/2025,Atacado,8,7719.2,3338.0,547.65,Venda
SKU_1537_SAP,28/07/2025,Atacado,4,1019.6,459.72,139.97,Venda
SKU_1746_NAV,28/07/2025,Atacado,6,1079.4,541.14,89.71,Venda
SKU_1697_PIS,28/07/2025,Atacado,6,1319.4,698.22,103.53,Venda
SKU_1723_COB,28/07/2025,Atacado,5,2174.5,1155.65,203.77,Venda
SKU_1722_AQU,28/07/2025,Varejo,1,324.9,99.86,225.04,Venda
SKU_1706_BLA,28/07/2025,Varejo,2,369.8,125.32,122.24,Venda
SKU_1719_WHI,28/07/2025,Atacado,10,3199.0,1516.0,168.3,Venda
SKU_1393_COB,28/07/2025,Atacado,4,1239.6,736.72,125.72,Venda
SKU_1801_FLA,28/07/2025,Atacado,10,3749.0,1765.3,198.37,Venda
SKU_1694_PIS,28/07/2025,E-commerce,1,279.9,94.43,185.47,Venda
SKU_1776_BIR,28/07/2025,Varejo,1,329.9,149.5,180.4,Venda
SKU_1892_ROS,28/07/2025,E-commerce,1,289.9,107.18,182.72,Venda
SKU_1511_CLE,28/07/2025,Varejo,1,934.9,446.94,487.96,Venda
SKU_1770_DEE,28/07/2025,E-commerce,1,219.9,103.78,116.12,Venda
SKU_1451_WHI,28/07/2025,E-commerce,1,244.9,89.84,155.06,Venda
SKU_1718_SEA,28/07/2025,E-commerce,1,369.9,165.38,204.52,Venda
SKU_1683_SHO,28/07/2025,Varejo,1,314.9,129.09,185.81,Venda
SKU_1760_PAS,28/07/2025,Atacado,5,1249.5,608.55,128.19,Venda
SKU_1985_PAS,28/07/2025,Varejo,1,409.9,192.21,217.69,Venda
SKU_1501_OLI,28/07/2025,Varejo,1,169.9,67.7,102.2,Venda
SKU_1768_PEA,28/07/2025,E-commerce,1,624.9,227.44,397.46,Venda
SKU_1748_BAB,28/07/2025,Atacado,4,1239.6,587.96,162.91,Venda
SKU_1482_MOS,28/07/2025,Atacado,3,1334.7,768.87,188.61,Venda
SKU_1703_BLU,28/07/2025,Atacado,4,1079.6,460.56,154.76,Venda
SKU_1711_ARM,28/07/2025,Atacado,2,1989.8,1136.68,426.56,Venda
SKU_1791_IVO,28/07/2025,Atacado,5,1324.5,722.5,120.4,Venda
SKU_1922_BLU,28/07/2025,E-commerce,1,694.9,266.93,427.97,Venda
SKU_1721_COR,28/07/2025,Atacado,6,2519.4,1264.68,209.12,Venda
SKU_1736_PAS,28/07/2025,Varejo,1,324.9,110.67,214.23,Venda
SKU_1740_OLI,28/07/2025,Atacado,3,644.7,363.36,93.78,Venda
SKU_1697_PIS,28/07/2025,Varejo,1,219.9,67.77,152.13,Venda
SKU_1682_BIR,28/07/2025,Atacado,4,939.6,422.8,129.2,Venda
SKU_1687_FOR,28/07/2025,Varejo,1,899.9,330.01,569.89,Venda
SKU_1801_MOS,28/07/2025,Atacado,4,1499.6,631.52,217.02,Venda
SKU_1735_MOS,28/07/2025,Atacado,4,1079.6,566.8,128.2,Venda
SKU_1721_FRE,28/07/2025,Varejo,1,419.9,191.63,228.27,Venda
SKU_1698_SNO,28/07/2025,Varejo,2,839.8,392.56,223.62,Venda
SKU_2006_PRI,28/07/2025,Varejo,2,1809.8,568.8,620.5,Venda
SKU_1696_SER,28/07/2025,E-commerce,1,279.9,133.05,146.85,Venda
SKU_1559_SKY,28/07/2025,Varejo,1,1199.9,402.67,797.23,Venda
SKU_1722_AQU,28/07/2025,Atacado,4,1299.6,551.4,187.05,Venda
SKU_1795_HUN,28/07/2025,Varejo,1,299.9,93.88,206.02,Venda
SKU_1919_PEA,28/07/2025,E-commerce,1,679.9,309.71,370.19,Venda
SKU_1791_IVO,28/07/2025,E-commerce,1,264.9,105.15,159.75,Venda
SKU_1766_CLE,28/07/2025,E-commerce,1,394.9,178.07,216.83,Venda
SKU_1488_PEA,28/07/2025,Atacado,3,1019.7,577.5,147.4,Venda
SKU_1712_NAV,28/07/2025,Atacado,4,719.6,351.44,92.04,Venda
SKU_1838_DEN,28/07/2025,Atacado,2,639.8,344.5,147.65,Venda
SKU_1417_BIR,28/07/2025,Atacado,4,1119.6,475.08,161.13,Venda
SKU_1853_ROS,28/07/2025,Atacado,6,5399.4,2606.64,465.46,Venda
SKU_1682_OLI,28/07/2025,Varejo,1,234.9,114.89,120.01,Venda
SKU_1769_EME,28/07/2025,Atacado,4,1299.6,684.48,153.78,Venda
SKU_1765_PAS,28/07/2025,Atacado,2,519.8,238.88,140.46,Venda
SKU_1883_BLU,28/07/2025,Varejo,1,224.9,112.29,112.61,Venda
SKU_1732_WHI,28/07/2025,Varejo,1,1114.9,528.54,586.36,Venda
SKU_1800_SKY,28/07/2025,Atacado,3,839.7,386.61,151.03,Venda
SKU_1476_CLO,28/07/2025,Varejo,1,274.9,87.62,187.28,Venda
SKU_2059_SNO,28/07/2025,Varejo,1,639.9,280.92,358.98,Venda
SKU_1732_OFF,28/07/2025,Varejo,1,1114.9,450.19,664.71,Venda
SKU_1689_IVO,28/07/2025,Atacado,8,7719.2,3628.56,511.33,Venda
SKU_1610_MEX,28/07/2025,E-commerce,1,184.9,62.88,122.02,Venda
SKU_1522_MOS,28/07/2025,Varejo,1,149.9,60.87,89.03,Venda
SKU_1689_MAG,28/07/2025,Varejo,1,964.9,365.03,599.87,Venda
SKU_1797_BLU,28/07/2025,Atacado,2,759.8,437.68,161.06,Venda
SKU_1742_DEN,28/07/2025,Atacado,6,1559.4,675.36,147.34,Venda
SKU_1716_SAL,28/07/2025,Atacado,12,1978.8,1057.68,76.76,Venda
SKU_1696_SHO,28/07/2025,Atacado,4,1119.6,511.8,151.95,Venda
SKU_1783_EGR,28/07/2025,Varejo,4,4799.6,2397.72,600.47,Venda
SKU_1459_OFF,28/07/2025,Atacado,6,1259.4,592.26,111.19,Venda
SKU_1702_COR,28/07/2025,Varejo,3,1859.7,833.85,341.95,Venda
SKU_1629_ARM,28/07/2025,Varejo,1,254.9,86.21,168.69,Venda
SKU_1425_LIG,28/07/2025,Atacado,5,1049.5,447.95,120.31,Venda
SKU_1710_MEX,28/07/2025,Varejo,1,809.9,248.57,561.33,Venda
SKU_1725_OFF,28/07/2025,Atacado,5,1224.5,607.4,123.42,Venda
SKU_1748_BAB,28/07/2025,Atacado,3,929.7,481.92,149.26,Venda
SKU_1933_GAR,28/07/2025,Atacado,4,899.6,446.2,113.35,Venda
SKU_1587_DEE,28/07/2025,Atacado,2,459.8,213.34,123.23,Venda
SKU_1763_MAR,28/07/2025,E-commerce,1,299.9,114.3,185.6,Venda
SKU_1731_ARM,28/07/2025,Atacado,2,1819.8,818.98,500.41,Venda
SKU_1714_MID,28/07/2025,Atacado,6,1829.4,911.46,152.99,Venda
SKU_1721_FRE,28/07/2025,Varejo,2,839.8,334.0,252.9,Venda
SKU_2056_SKY,28/07/2025,Atacado,4,4139.6,2060.72,519.72,Venda
SKU_1949_VAN,28/07/2025,Atacado,5,824.5,407.45,83.41,Venda
SKU_1756_BUB,28/07/2025,Atacado,4,719.6,333.92,96.42,Venda
SKU_1752_SNO,28/07/2025,E-commerce,1,429.9,146.44,283.46,Venda
SKU_1753_PAL,28/07/2025,Varejo,2,1579.8,502.84,538.48,Venda
SKU_1736_JAD,28/07/2025,E-commerce,2,649.8,254.32,197.74,Venda
SKU_1792_AQU,28/07/2025,Atacado,4,1759.6,754.24,251.34,Venda
SKU_2103_FUC,28/07/2025,Atacado,2,939.8,469.6,235.1,Venda
SKU_1729_FUC,28/07/2025,Varejo,1,174.9,86.3,88.6,Venda
SKU_1773_OLI,28/07/2025,Varejo,1,324.9,157.9,167.0,Venda
SKU_1733_NAV,28/07/2025,Varejo,1,349.9,122.84,227.06,Venda
SKU_1718_DUS,28/07/2025,Varejo,1,369.9,132.53,237.37,Venda
SKU_1789_SNO,28/07/2025,E-commerce,1,269.9,121.88,148.02,Venda
SKU_1788_MYS,28/07/2025,Atacado,2,499.8,239.86,129.97,Venda
SKU_1695_CRE,28/07/2025,Atacado,4,839.6,436.24,100.84,Venda
SKU_1767_FUC,28/07/2025,Atacado,2,409.8,193.22,108.29,Venda
SKU_1691_ROS,28/07/2025,Varejo,1,309.9,150.96,158.94,Venda
SKU_1781_AQU,28/07/2025,Atacado,8,1039.2,543.44,61.97,Venda
SKU_1691_HUN,28/07/2025,Atacado,4,1239.6,570.24,167.34,Venda
SKU_1552_CLE,28/07/2025,Atacado,3,1979.7,1021.65,319.35,Venda
SKU_1707_ARM,28/07/2025,Varejo,1,279.9,108.59,171.31,Venda
SKU_1790_EGR,28/07/2025,Varejo,1,259.9,103.54,156.36,Venda
SKU_1718_SEA,28/07/2025,Varejo,1,369.9,131.38,238.52,Venda
SKU_1452_DEE,28/07/2025,Atacado,4,579.6,245.72,83.47,Venda
SKU_1716_AQU,28/07/2025,Varejo,1,164.9,71.12,93.78,Venda
SKU_1525_OLI,28/07/2025,E-commerce,1,289.9,123.77,166.13,Venda
SKU_1759_CLE,28/07/2025,Varejo,2,539.8,231.06,154.37,Venda
SKU_1450_JAD,28/07/2025,Atacado,3,1229.7,625.77,201.31,Venda
SKU_1634_SAP,28/07/2025,Atacado,3,2939.7,1373.55,522.05,Venda
SKU_1761_SAP,28/07/2025,E-commerce,2,2209.8,1010.7,599.55,Venda
SKU_1689_IVO,28/07/2025,Atacado,2,1929.8,967.28,481.26,Venda
SKU_1789_EME,28/07/2025,E-commerce,1,269.9,113.79,156.11,Venda
SKU_1795_RAS,28/07/2025,Varejo,1,299.9,143.06,156.84,Venda
SKU_1689_IVO,28/07/2025,Varejo,1,964.9,392.46,572.44,Venda
SKU_1407_EME,28/07/2025,Varejo,1,214.9,92.85,122.05,Venda
SKU_1749_BIR,28/07/2025,Varejo,1,349.9,160.15,189.75,Venda
SKU_2065_DUS,28/07/2025,Varejo,1,199.9,69.34,130.56,Venda
SKU_1481_BLA,28/07/2025,Varejo,1,809.9,321.52,488.38,Venda
SKU_1672_FOR,28/07/2025,Atacado,5,1474.5,756.5,143.6,Venda
SKU_1749_BIR,28/07/2025,E-commerce,1,349.9,121.0,228.9,Venda
SKU_1698_SNO,28/07/2025,Varejo,3,1259.7,475.92,261.26,Venda
SKU_1785_PAS,28/07/2025,Varejo,1,244.9,111.38,133.52,Venda
SKU_1993_SAP,28/07/2025,Atacado,4,819.6,405.76,103.46,Venda
SKU_1605_VAN,28/07/2025,Varejo,1,219.9,72.97,146.93,Venda
SKU_1752_SNO,28/07/2025,Varejo,1,429.9,187.66,242.24,Venda
SKU_1758_CLO,28/07/2025,Varejo,1,179.9,63.45,116.45,Venda
SKU_2050_BLU,28/07/2025,Varejo,1,454.9,227.35,227.55,Venda
SKU_1697_PIS,28/07/2025,Atacado,8,1759.2,855.44,112.97,Venda
SKU_1736_JAD,28/07/2025,Atacado,8,2599.2,1093.84,188.17,Venda
SKU_1697_MIN,28/07/2025,Varejo,1,219.9,91.23,128.67,Venda
SKU_2108_BLU,28/07/2025,Atacado,2,599.8,279.3,160.25,Venda
SKU_1510_SNO,28/07/2025,E-commerce,1,834.9,390.36,444.54,Venda
SKU_1750_SNO,28/07/2025,Atacado,3,1109.7,557.34,184.12,Venda
SKU_1566_POW,28/07/2025,Atacado,6,6209.4,2701.56,584.64,Venda
SKU_1713_SAL,28/07/2025,Varejo,3,1514.7,506.22,336.16,Venda
SKU_1709_CRE,28/07/2025,E-commerce,1,209.9,76.41,133.49,Venda
SKU_1526_POW,28/07/2025,Atacado,3,509.7,226.14,94.52,Venda
SKU_1721_FRE,28/07/2025,Varejo,3,1259.7,385.95,291.25,Venda
SKU_1468_BAB,28/07/2025,Varejo,1,529.9,184.5,345.4,Venda
SKU_1740_FRE,28/07/2025,Atacado,4,859.6,486.56,93.26,Venda
SKU_1468_BAB,28/07/2025,Varejo,2,1059.8,457.12,301.34,Venda
SKU_1995_EME,28/07/2025,Atacado,5,1174.5,628.4,109.22,Venda
SKU_1451_WHI,28/07/2025,E-commerce,1,244.9,118.53,126.37,Venda
SKU_1799_POW,28/07/2025,Atacado,6,1619.4,907.62,118.63,Venda
SKU_1800_SKY,28/07/2025,Atacado,8,2239.2,1085.44,144.22,Venda
SKU_2112_MID,28/07/2025,Varejo,1,334.9,102.85,232.05,Venda
SKU_1507_FLA,28/07/2025,Varejo,1,179.9,74.8,105.1,Venda
SKU_1787_BAB,28/07/2025,Atacado,6,1739.4,783.3,159.35,Venda
SKU_1716_SAL,28/07/2025,Atacado,3,494.7,236.64,86.02,Venda
SKU_1730_OFF,28/07/2025,Atacado,6,1919.4,870.48,174.82,Venda
SKU_1794_FLA,28/07/2025,Varejo,1,209.9,104.85,105.05,Venda
SKU_1538_MAG,28/07/2025,Varejo,1,209.9,97.95,111.95,Venda
SKU_1587_LIG,28/07/2025,Atacado,6,1379.4,727.44,108.66,Venda
SKU_1780_AQU,28/07/2025,E-commerce,1,334.9,101.93,232.97,Venda
SKU_1744_EME,28/07/2025,Varejo,2,529.8,198.36,165.72,Venda
SKU_1724_PIN,28/07/2025,Varejo,1,1114.9,471.99,642.91,Venda
SKU_1406_PRI,28/07/2025,Varejo,1,349.9,125.87,224.03,Venda
SKU_1526_FOR,28/07/2025,Varejo,1,169.9,73.32,96.58,Venda
SKU_1506_PAL,28/07/2025,Atacado,8,1839.2,891.6,118.45,Venda
SKU_1782_NAV,28/07/2025,Atacado,3,749.7,375.21,124.83,Venda
SKU_1954_ROY,28/07/2025,Atacado,10,2099.0,1038.9,106.01,Venda
SKU_1640_IVO,28/07/2025,E-commerce,1,219.9,84.4,135.5,Venda
SKU_1707_SAP,28/07/2025,Atacado,5,1399.5,711.9,137.52,Venda
SKU_1534_MYS,28/07/2025,E-commerce,1,199.9,61.18,138.72,Venda
SKU_1389_SHO,28/07/2025,Atacado,8,1119.2,539.44,72.47,Venda
SKU_1703_PAS,28/07/2025,E-commerce,2,539.8,227.64,156.08,Venda
SKU_2103_RAS,28/07/2025,Atacado,2,939.8,458.12,240.84,Venda
SKU_1718_SEA,28/07/2025,Varejo,1,369.9,144.08,225.82,Venda
SKU_1763_HOT,28/07/2025,Varejo,1,299.9,106.58,193.32,Venda
SKU_1512_MYS,28/07/2025,Atacado,12,2698.8,1437.12,105.14,Venda
SKU_2093_SKY,28/07/2025,Atacado,3,674.7,334.71,113.33,Venda
SKU_1782_HUN,28/07/2025,Atacado,3,749.7,322.44,142.42,Venda
SKU_1503_VAN,28/07/2025,E-commerce,2,459.8,178.18,140.81,Venda
SKU_1578_PAS,28/07/2025,Atacado,6,749.4,374.58,62.47,Venda
SKU_1476_CLO,28/07/2025,Atacado,4,1099.6,573.2,131.6,Venda
SKU_1779_LIG,28/07/2025,Varejo,1,214.9,75.09,139.81,Venda
SKU_1800_MOS,28/07/2025,Atacado,12,3358.8,1590.48,147.36,Venda
SKU_2113_NAV,28/07/2025,Varejo,1,164.9,66.05,98.85,Venda
SKU_1405_CLO,28/07/2025,Varejo,1,214.9,69.35,145.55,Venda
SKU_1485_CER,28/07/2025,Varejo,1,664.9,259.75,405.15,Venda
SKU_1742_EME,28/07/2025,Varejo,2,519.8,190.78,164.51,Venda
SKU_1712_NAV,28/07/2025,Atacado,5,899.5,400.4,99.82,Venda
SKU_1404_SAP,28/07/2025,Atacado,3,3059.7,1559.37,500.11,Venda
SKU_1760_OFF,28/07/2025,Atacado,5,1249.5,601.1,129.68,Venda
SKU_1619_IVO,28/07/2025,Atacado,3,599.7,323.46,92.08,Venda
SKU_1721_COR,28/07/2025,E-commerce,1,419.9,167.39,252.51,Venda
SKU_1782_NAV,28/07/2025,Atacado,3,749.7,388.2,120.5,Venda
SKU_1759_COB,28/07/2025,Varejo,1,269.9,88.76,181.14,Venda
SKU_1795_HUN,28/07/2025,Varejo,1,299.9,138.73,161.17,Venda
SKU_1685_COB,28/07/2025,E-commerce,1,664.9,264.58,400.32,Venda
SKU_1784_EGR,28/07/2025,Atacado,2,619.8,323.46,148.17,Venda
SKU_1748_BAB,28/07/2025,Varejo,1,309.9,130.96,178.94,Venda
SKU_1748_COB,28/07/2025,Varejo,2,619.8,186.76,216.52,Venda
SKU_1444_HUN,28/07/2025,Varejo,1,239.9,83.34,156.56,Venda
SKU_1657_EME,28/07/2025,Atacado,4,859.6,487.4,93.05,Venda
SKU_1693_FLA,28/07/2025,E-commerce,1,204.9,78.92,125.98,Venda
SKU_1471_LIG,28/07/2025,Atacado,4,819.6,397.0,105.65,Venda
SKU_1705_SER,28/07/2025,E-commerce,2,819.8,268.98,275.41,Venda
SKU_1800_MOS,28/07/2025,Varejo,2,559.8,201.64,179.08,Venda
SKU_2056_DEN,28/07/2025,Varejo,2,2069.8,803.26,633.27,Venda
SKU_1815_WHI,28/07/2025,Varejo,1,439.9,133.33,306.57,Venda
SKU_1775_PAL,28/07/2025,Atacado,4,1119.6,546.36,143.31,Venda
SKU_1781_AQU,28/07/2025,Varejo,2,259.8,111.32,74.24,Venda
SKU_1941_MIN,28/07/2025,Atacado,8,8399.2,3668.4,591.35,Venda
SKU_1796_OLI,28/07/2025,Atacado,2,1009.8,475.28,267.26,Venda
SKU_1784_BLA,28/07/2025,Varejo,1,309.9,153.14,156.76,Venda
SKU_1795_HUN,28/07/2025,Atacado,3,899.7,425.1,158.2,Venda
SKU_1754_SER,28/07/2025,Varejo,1,339.9,158.08,181.82,Venda
SKU_1719_WHI,28/07/2025,Varejo,1,319.9,135.23,184.67,Venda
SKU_1717_CRE,28/07/2025,E-commerce,1,259.9,121.78,138.12,Venda
SKU_1737_SAG,28/07/2025,E-commerce,1,769.9,342.22,427.68,Venda
SKU_1760_PAS,28/07/2025,Varejo,1,249.9,123.86,126.04,Venda
SKU_1763_HOT,28/07/2025,Varejo,1,299.9,143.53,156.37,Venda
SKU_1517_FOR,28/07/2025,Varejo,1,1199.9,456.8,743.1,Venda
SKU_1409_PEA,28/07/2025,Atacado,5,1049.5,572.9,95.32,Venda
SKU_1457_SNO,28/07/2025,Atacado,4,639.6,278.88,90.18,Venda
SKU_1757_PIN,28/07/2025,Varejo,2,529.8,168.06,180.87,Venda
SKU_1774_COB,28/07/2025,Varejo,1,204.9,79.76,125.14,Venda
SKU_1698_SNO,28/07/2025,Varejo,1,419.9,141.56,278.34,Venda
SKU_1691_ROS,28/07/2025,Atacado,5,1549.5,746.95,160.51,Venda
SKU_1688_LIG,28/07/2025,Atacado,2,859.8,468.4,195.7,Venda
SKU_1717_CRE,28/07/2025,Varejo,1,259.9,104.84,155.06,Venda
SKU_1585_BLA,28/07/2025,E-commerce,1,319.9,156.67,163.23,Venda
SKU_1681_OFF,28/07/2025,Varejo,1,234.9,90.6,144.3,Venda
SKU_1659_MOS,28/07/2025,Varejo,1,1024.9,387.98,636.92,Venda
SKU_1726_BUB,28/07/2025,E-commerce,1,429.9,174.72,255.18,Venda
SKU_1721_FRE,28/07/2025,Varejo,2,839.8,346.04,246.88,Venda
SKU_1777_TUR,28/07/2025,Varejo,3,719.7,293.34,142.12,Venda
SKU_1728_EGR,28/07/2025,E-commerce,2,659.8,274.48,192.66,Venda
SKU_1791_ARM,28/07/2025,Varejo,2,529.8,261.1,134.35,Venda
SKU_1575_JAD,28/07/2025,E-commerce,2,1729.8,720.82,504.49,Venda
SKU_1711_VAN,28/07/2025,Atacado,2,1989.8,1111.96,438.92,Venda
SKU_1715_HON,28/07/2025,Varejo,2,439.8,196.92,121.44,Venda
SKU_1447_BLU,28/07/2025,Atacado,3,719.7,339.66,126.68,Venda
SKU_1789_EME,28/07/2025,Atacado,4,1079.6,506.24,143.34,Venda
SKU_1777_FRE,28/07/2025,Atacado,5,1199.5,646.05,110.69,Venda
SKU_1753_PAL,28/07/2025,Varejo,1,789.9,379.18,410.72,Venda
SKU_1425_WHI,28/07/2025,Varejo,2,419.8,200.18,109.81,Venda
SKU_1763_MAR,28/07/2025,E-commerce,2,599.8,257.18,171.31,Venda
SKU_1739_MOS,28/07/2025,Atacado,10,2549.0,1103.1,144.59,Venda
SKU_1737_SAG,28/07/2025,Varejo,1,769.9,368.11,401.79,Venda
SKU_1798_OFF,28/07/2025,Atacado,12,5038.8,2661.96,198.07,Venda
SKU_1682_OLI,28/07/2025,Varejo,1,234.9,85.23,149.67,Venda
SKU_1776_PAS,28/07/2025,Atacado,5,1649.5,780.9,173.72,Venda
SKU_1734_FRE,28/07/2025,Varejo,2,699.8,327.38,186.21,Venda
SKU_1690_MAG,28/07/2025,Varejo,2,1079.8,357.26,361.27,Venda
SKU_1794_FLA,28/07/2025,Varejo,1,209.9,66.25,143.65,Venda
SKU_1735_MOS,28/07/2025,Atacado,12,3238.8,1691.88,128.91,Venda
SKU_1461_PRI,28/07/2025,Varejo,1,1069.9,476.08,593.82,Venda
SKU_1687_WHI,28/07/2025,Varejo,2,1799.8,577.5,611.15,Venda
SKU_1545_HOT,28/07/2025,Atacado,4,1039.6,535.8,125.95,Venda
SKU_1743_DEE,28/07/2025,Atacado,6,2639.4,1377.72,210.28,Venda
SKU_1739_AQU,28/07/2025,Varejo,1,254.9,78.12,176.78,Venda
SKU_1553_DEN,28/07/2025,Atacado,6,1529.4,726.78,133.77,Venda
SKU_1758_HON,28/07/2025,Atacado,6,1079.4,535.44,90.66,Venda
SKU_1391_LIG,28/07/2025,Atacado,3,854.7,363.84,163.62,Venda
SKU_1765_MYS,28/07/2025,Atacado,12,3118.8,1767.48,112.61,Venda
SKU_1686_MOS,28/07/2025,Atacado,2,429.8,223.52,103.14,Venda
SKU_1684_HON,28/07/2025,Atacado,4,739.6,393.44,86.54,Venda
SKU_1709_MAR,28/07/2025,Atacado,6,1259.4,592.74,111.11,Venda
SKU_1748_COB,28/07/2025,Atacado,3,929.7,403.62,175.36,Venda
SKU_1492_SKY,28/07/2025,Varejo,2,749.8,273.42,238.19,Venda
SKU_1745_FOR,28/07/2025,Varejo,1,409.9,168.26,241.64,Venda
SKU_1745_FOR,28/07/2025,Atacado,10,4099.0,2099.1,199.99,Venda
SKU_1566_PEA,28/07/2025,Varejo,1,1034.9,410.37,624.53,Venda
SKU_1399_CRE,28/07/2025,Atacado,5,1349.5,709.0,128.1,Venda
SKU_1703_BLU,28/07/2025,Atacado,6,1619.4,851.58,127.97,Venda
SKU_1716_AQU,28/07/2025,Varejo,1,164.9,52.94,111.96,Venda
SKU_1734_BRI,28/07/2025,Varejo,4,1399.6,430.28,242.33,Venda
SKU_1738_BLU,28/07/2025,E-commerce,1,194.9,83.01,111.89,Venda
SKU_1696_SER,28/07/2025,Atacado,2,559.8,266.96,146.42,Venda
SKU_1745_PEA,28/07/2025,Atacado,10,4099.0,2183.7,191.53,Venda
SKU_1901_LIM,28/07/2025,E-commerce,1,234.9,89.57,145.33,Venda
SKU_1793_WHI,28/07/2025,Atacado,4,759.6,374.44,96.29,Venda
SKU_1757_TUR,28/07/2025,Varejo,1,264.9,117.49,147.41,Venda
SKU_1646_CLE,28/07/2025,E-commerce,1,204.9,61.52,143.38,Venda
SKU_1690_MYS,28/07/2025,Atacado,2,1079.8,595.68,242.06,Venda
SKU_1747_FUC,28/07/2025,E-commerce,1,174.9,72.87,102.03,Venda
SKU_1767_PRI,28/07/2025,Varejo,1,204.9,65.72,139.18,Venda
SKU_1779_MIN,28/07/2025,Atacado,10,2149.0,952.4,119.66,Venda
SKU_1685_COB,28/07/2025,Varejo,1,664.9,320.75,344.15,Venda
SKU_1758_CLO,28/07/2025,Atacado,5,899.5,447.25,90.45,Venda
SKU_1759_CLE,28/07/2025,Atacado,6,1619.4,939.84,113.26,Venda
SKU_1727_WHI,28/07/2025,Varejo,2,309.8,118.08,95.86,Venda
SKU_2115_CER,28/07/2025,Varejo,1,384.9,126.82,258.08,Venda
SKU_1710_MEX,28/07/2025,Varejo,1,809.9,290.49,519.41,Venda
SKU_1739_MOS,28/07/2025,Atacado,4,1019.6,466.84,138.19,Venda
SKU_1503_CER,28/07/2025,E-commerce,1,229.9,85.71,144.19,Venda
SKU_1726_BUB,28/07/2025,Varejo,1,429.9,133.44,296.46,Venda
SKU_1801_MOS,28/07/2025,Atacado,6,2249.4,1174.14,179.21,Venda
SKU_1760_PAS,28/07/2025,Atacado,5,1249.5,545.25,140.85,Venda
SKU_1690_MAG,28/07/2025,Atacado,8,4319.2,2019.44,287.47,Venda
SKU_1711_ARM,28/07/2025,Varejo,3,2984.7,1271.88,570.94,Venda
SKU_1753_WHI,28/07/2025,Atacado,8,6319.2,3292.48,378.34,Venda
SKU_1840_LIM,28/07/2025,Varejo,1,214.9,77.15,137.75,Venda
SKU_1712_NAV,28/07/2025,Atacado,4,719.6,354.96,91.16,Venda
SKU_1794_FLA,28/07/2025,Varejo,1,209.9,84.69,125.21,Venda
SKU_1741_PIN,28/07/2025,Atacado,5,1199.5,590.75,121.75,Venda
SKU_1775_PAS,28/07/2025,Varejo,1,279.9,126.96,152.94,Venda
SKU_1553_DEN,28/07/2025,E-commerce,1,254.9,82.02,172.88,Venda
SKU_1780_LIG,28/07/2025,Varejo,1,334.9,137.94,196.96,Venda
SKU_1794_FLA,28/07/2025,Atacado,8,1679.2,744.64,116.82,Venda
SKU_1700_PIS,28/07/2025,E-commerce,1,699.9,330.97,368.93,Venda
SKU_1713_SAL,28/07/2025,Atacado,4,2019.6,1023.32,249.07,Venda
SKU_1750_SNO,28/07/2025,Varejo,1,369.9,154.81,215.09,Venda
SKU_1663_FLA,28/07/2025,E-commerce,1,794.9,336.4,458.5,Venda
SKU_1699_CLO,28/07/2025,E-commerce,1,329.9,153.56,176.34,Venda
SKU_1503_VAN,28/07/2025,E-commerce,1,229.9,87.46,142.44,Venda
SKU_2040_BIR,28/07/2025,Varejo,1,294.9,113.66,181.24,Venda
SKU_1742_DEN,28/07/2025,E-commerce,1,259.9,113.66,146.24,Venda
SKU_1883_ARM,28/07/2025,Varejo,1,224.9,108.23,116.67,Venda
SKU_1630_SNO,28/07/2025,E-commerce,1,334.9,160.27,174.63,Venda
SKU_1781_CLE,28/07/2025,Varejo,2,259.8,103.82,77.99,Venda
SKU_1795_RAS,28/07/2025,Varejo,1,299.9,100.64,199.26,Venda
SKU_1557_SAG,28/07/2025,Varejo,1,199.9,97.19,102.71,Venda
SKU_1717_CRE,28/07/2025,Atacado,2,519.8,235.7,142.05,Venda
SKU_1689_MAG,28/07/2025,Atacado,4,3859.6,1644.52,553.77,Venda
SKU_1816_WHI,28/07/2025,Atacado,6,1439.4,744.12,115.88,Venda
SKU_1767_PRI,28/07/2025,E-commerce,1,204.9,66.58,138.32,Venda
SKU_1779_LIG,28/07/2025,Atacado,6,1289.4,811.32,79.68,Venda
SKU_1766_CLE,28/07/2025,Atacado,5,1974.5,937.4,207.42,Venda
SKU_1674_PAS,28/07/2025,Atacado,3,689.7,329.46,120.08,Venda
SKU_1712_NAV,28/07/2025,Varejo,2,359.8,127.84,115.98,Venda
SKU_1668_VAN,28/07/2025,Atacado,12,3238.8,1396.8,153.5,Venda
SKU_1394_FOR,28/07/2025,Varejo,1,469.9,202.1,267.8,Venda
SKU_1774_MOS,28/07/2025,E-commerce,1,204.9,86.03,118.87,Venda
SKU_1780_AQU,28/07/2025,Atacado,4,1339.6,642.24,174.34,Venda
SKU_1771_PIN,28/07/2025,Varejo,1,264.9,125.09,139.81,Venda
SKU_1739_AQU,28/07/2025,Atacado,3,764.7,341.31,141.13,Venda
SKU_1755_BIR,28/07/2025,E-commerce,1,334.9,162.09,172.81,Venda
SKU_1552_CLE,28/07/2025,Varejo,1,659.9,298.35,361.55,Venda
SKU_1762_DEN,28/07/2025,Varejo,1,254.9,103.04,151.86,Venda
SKU_1542_DEE,28/07/2025,Atacado,6,2819.4,1420.86,233.09,Venda
SKU_1703_PAS,28/07/2025,Atacado,5,1349.5,711.8,127.54,Venda
SKU_1743_CLO,28/07/2025,Varejo,1,439.9,162.99,276.91,Venda
SKU_1727_LIG,28/07/2025,Atacado,6,929.4,432.96,82.74,Venda
SKU_1786_TEA,28/07/2025,Varejo,1,179.9,69.7,110.2,Venda
SKU_1798_MOS,28/07/2025,Varejo,1,419.9,140.96,278.94,Venda
SKU_1838_BAL,28/07/2025,Varejo,1,319.9,147.84,172.06,Venda
SKU_1787_BAB,28/07/2025,E-commerce,1,289.9,134.49,155.41,Venda
SKU_1761_MOS,28/07/2025,Atacado,4,4419.6,2424.32,498.82,Venda
SKU_1728_MID,28/07/2025,Atacado,3,989.7,423.75,188.65,Venda
SKU_1772_SNO,28/07/2025,Varejo,1,414.9,163.07,251.83,Venda
SKU_1415_BAB,28/07/2025,E-commerce,2,709.8,336.6,186.6,Venda
SKU_1872_SAP,28/07/2025,Atacado,6,5129.4,2715.24,402.36,Venda
SKU_1775_PAS,28/07/2025,Varejo,4,1119.6,440.24,169.84,Venda
SKU_1706_BLA,28/07/2025,E-commerce,1,184.9,84.49,100.41,Venda
SKU_1683_SHO,28/07/2025,Atacado,5,1574.5,821.95,150.51,Venda
SKU_1737_SAG,28/07/2025,Varejo,1,769.9,239.76,530.14,Venda
SKU_1685_COB,28/07/2025,E-commerce,1,664.9,224.42,440.48,Venda
SKU_2095_CLO,28/07/2025,E-commerce,1,239.9,112.43,127.47,Venda
SKU_1807_BLU,28/07/2025,Atacado,6,2729.4,1326.12,233.88,Venda
SKU_1582_PAS,28/07/2025,Atacado,3,689.7,322.2,122.5,Venda
SKU_1788_MYS,28/07/2025,Varejo,1,249.9,76.36,173.54,Venda
SKU_1710_MEX,28/07/2025,Atacado,6,4859.4,2575.56,380.64,Venda
SKU_1900_HON,28/07/2025,Varejo,1,424.9,158.01,266.89,Venda
SKU_1527_FUC,28/07/2025,Atacado,12,10918.8,6821.4,341.45,Venda
SKU_1757_PIN,28/07/2025,Atacado,4,1059.6,487.44,143.04,Venda
SKU_1743_DEE,28/07/2025,Varejo,1,439.9,168.09,271.81,Venda
SKU_1772_BLU,28/07/2025,Atacado,5,2074.5,977.55,219.39,Venda
SKU_1604_CLE,28/07/2025,Atacado,4,2419.6,1328.28,272.83,Venda
SKU_1631_BAL,28/07/2025,Varejo,1,179.9,86.14,93.76,Venda
SKU_1790_EGR,28/07/2025,Varejo,1,259.9,89.36,170.54,Venda
SKU_1800_MOS,28/07/2025,Atacado,5,1399.5,658.25,148.25,Venda
SKU_1864_VAN,28/07/2025,Atacado,10,1699.0,986.6,71.24,Venda
SKU_1748_COB,28/07/2025,Atacado,5,1549.5,847.9,140.32,Venda
SKU_1522_BIR,28/07/2025,Varejo,1,149.9,72.4,77.5,Venda
SKU_1781_AQU,28/07/2025,Atacado,4,519.6,257.24,65.59,Venda
SKU_1748_BAB,28/07/2025,Varejo,1,309.9,98.38,211.52,Venda
SKU_1748_BAB,28/07/2025,Varejo,1,309.9,103.04,206.86,Venda
SKU_1497_FUC,28/07/2025,Varejo,1,134.9,44.26,90.64,Venda
SKU_1713_SNO,28/07/2025,Varejo,1,504.9,223.09,281.81,Venda
SKU_1715_HON,28/07/2025,Varejo,2,439.8,217.0,111.4,Venda
SKU_1750_SNO,28/07/2025,Atacado,4,1479.6,684.52,198.77,Venda
SKU_1717_MIN,28/07/2025,E-commerce,1,259.9,122.6,137.3,Venda
SKU_1734_BRI,28/07/2025,Atacado,3,1049.7,474.9,191.6,Venda
SKU_1650_OLI,28/07/2025,Atacado,5,5024.5,2146.5,575.6,Venda
SKU_1678_LIG,28/07/2025,Varejo,1,714.9,280.98,433.92,Venda
SKU_1727_LIG,28/07/2025,E-commerce,1,154.9,55.36,99.54,Venda
SKU_1468_BAB,28/07/2025,Atacado,2,1059.8,610.5,224.65,Venda
SKU_1704_BAB,28/07/2025,Atacado,5,1674.5,884.55,157.99,Venda
SKU_1501_OLI,28/07/2025,Varejo,1,169.9,76.68,93.22,Venda
SKU_1420_LIM,28/07/2025,Varejo,1,989.9,322.05,667.85,Venda
SKU_1770_JAD,28/07/2025,Varejo,2,439.8,188.16,125.82,Venda
SKU_1779_LIG,28/07/2025,Varejo,1,214.9,90.86,124.04,Venda
SKU_1558_CLE,28/07/2025,Varejo,1,329.9,115.06,214.84,Venda
SKU_1715_HON,28/07/2025,Varejo,1,219.9,68.56,151.34,Venda
SKU_1597_FLA,28/07/2025,Varejo,1,529.9,247.08,282.82,Venda
SKU_1798_MOS,28/07/2025,Atacado,10,4199.0,1978.3,222.07,Venda
SKU_1478_COB,28/07/2025,Varejo,1,194.9,94.37,100.53,Venda
SKU_1762_DEN,28/07/2025,Atacado,6,1529.4,734.16,132.54,Venda
SKU_1680_SEA,28/07/2025,E-commerce,2,669.8,310.84,179.48,Venda
SKU_1791_IVO,28/07/2025,Atacado,6,1589.4,817.2,128.7,Venda
SKU_1713_SNO,28/07/2025,Atacado,3,1514.7,796.83,239.29,Venda
SKU_1795_RAS,28/07/2025,Varejo,1,299.9,116.41,183.49,Venda
SKU_1999_SKY,28/07/2025,E-commerce,1,234.9,72.96,161.94,Venda
SKU_1523_CRE,28/07/2025,Atacado,6,2249.4,1092.3,192.85,Venda
SKU_1746_EME,28/07/2025,Atacado,5,899.5,426.15,94.67,Venda
SKU_1729_CLE,28/07/2025,Varejo,2,349.8,166.9,91.45,Venda
SKU_1743_DEE,28/07/2025,Atacado,3,1319.7,662.55,219.05,Venda
SKU_1778_TEA,28/07/2025,Atacado,4,1139.6,556.64,145.74,Venda
SKU_1869_CRE,28/07/2025,E-commerce,1,489.9,211.13,278.77,Venda
SKU_1736_PAS,28/07/2025,Varejo,1,324.9,160.39,164.51,Venda
SKU_1702_COR,28/07/2025,Varejo,1,619.9,191.34,428.56,Venda
SKU_1661_CER,28/07/2025,Varejo,1,989.9,431.73,558.17,Venda
SKU_1707_ARM,28/07/2025,E-commerce,1,279.9,92.76,187.14,Venda
SKU_1733_NAV,28/07/2025,Atacado,4,1399.6,780.48,154.78,Venda
SKU_1703_BLU,28/07/2025,Varejo,1,269.9,123.65,146.25,Venda
SKU_1759_CLE,28/07/2025,Varejo,3,809.7,269.94,179.92,Venda
SKU_1784_BLA,28/07/2025,E-commerce,1,309.9,117.16,192.74,Venda
SKU_1574_COB,28/07/2025,Varejo,1,604.9,186.21,418.69,Venda
SKU_1781_AQU,28/07/2025,Varejo,1,129.9,51.45,78.45,Venda
SKU_1839_DUS,28/07/2025,Atacado,5,1474.5,651.4,164.62,Venda
SKU_1754_SER,28/07/2025,Varejo,4,1359.6,655.96,175.91,Venda
SKU_1562_BLU,28/07/2025,Atacado,4,1239.6,570.4,167.3,Venda
SKU_1722_AQU,28/07/2025,Varejo,2,649.8,244.56,202.62,Venda
SKU_1764_MAR,28/07/2025,E-commerce,1,234.9,110.26,124.64,Venda
SKU_2065_OFF,28/07/2025,E-commerce,1,199.9,74.58,125.32,Venda
SKU_1683_SHO,28/07/2025,Atacado,3,944.7,519.27,141.81,Venda
SKU_1447_OLI,28/07/2025,Varejo,3,719.7,219.99,166.57,Venda
SKU_1719_OFF,28/07/2025,Varejo,1,319.9,144.09,175.81,Venda
SKU_1797_BLU,28/07/2025,Varejo,1,379.9,181.7,198.2,Venda
SKU_1697_MIN,28/07/2025,Varejo,3,659.7,250.62,136.36,Venda
SKU_1961_LIG,28/07/2025,Atacado,5,2074.5,1021.1,210.68,Venda
SKU_1448_SEA,28/07/2025,Atacado,4,719.6,324.16,98.86,Venda
SKU_1708_FLA,28/07/2025,Varejo,1,169.9,61.92,107.98,Venda
SKU_1731_ARM,28/07/2025,E-commerce,1,909.9,426.97,482.93,Venda
SKU_1783_EGR,28/07/2025,Atacado,5,5999.5,2560.7,687.76,Venda
SKU_1740_FRE,28/07/2025,Varejo,1,214.9,95.1,119.8,Venda
SKU_1799_POW,28/07/2025,Atacado,5,1349.5,685.9,132.72,Venda
SKU_1744_EME,28/07/2025,Atacado,8,2119.2,1056.88,132.79,Venda
SKU_1726_PAS,28/07/2025,Varejo,1,429.9,135.29,294.61,Venda
SKU_1685_COB,28/07/2025,Varejo,2,1329.8,420.96,454.42,Venda
SKU_1722_PAS,28/07/2025,Varejo,1,324.9,105.76,219.14,Venda
SKU_1485_PAS,28/07/2025,Varejo,1,664.9,321.33,343.57,Venda
SKU_1796_SHO,28/07/2025,Atacado,5,2524.5,1321.45,240.61,Venda
SKU_1696_SER,28/07/2025,Atacado,3,839.7,464.52,125.06,Venda
SKU_1514_PEA,28/07/2025,Varejo,1,829.9,361.88,468.02,Venda
SKU_1786_POW,28/07/2025,Atacado,8,1439.2,695.6,92.95,Venda
SKU_1737_DEE,28/07/2025,Atacado,6,4619.4,2013.48,434.32,Venda
SKU_1576_AQU,28/07/2025,Atacado,12,2938.8,1419.84,126.58,Venda
SKU_1930_SHO,28/07/2025,E-commerce,1,659.9,312.7,347.2,Venda
SKU_1916_HOT,28/07/2025,Atacado,2,509.8,232.04,138.88,Venda
SKU_1521_FRE,28/07/2025,Atacado,10,1899.0,908.2,99.08,Venda
SKU_1720_PAL,28/07/2025,Atacado,6,1349.4,634.26,119.19,Venda
SKU_2004_AQU,28/07/2025,Varejo,3,674.7,309.93,121.59,Venda
SKU_1571_BIR,28/07/2025,Varejo,1,249.9,79.28,170.62,Venda
SKU_1728_EGR,28/07/2025,Varejo,2,659.8,244.5,207.65,Venda
SKU_1621_FUC,28/07/2025,Varejo,1,234.9,112.44,122.46,Venda
SKU_1789_EME,28/07/2025,E-commerce,1,269.9,82.85,187.05,Venda
SKU_2085_ARM,28/07/2025,Varejo,1,454.9,150.65,304.25,Venda
SKU_1746_NAV,28/07/2025,Atacado,6,1079.4,507.72,95.28,Venda
SKU_1967_BAB,28/07/2025,Varejo,1,194.9,80.25,114.65,Venda
SKU_1765_PAS,28/07/2025,Atacado,3,779.7,421.8,119.3,Venda
SKU_1630_LIM,28/07/2025,E-commerce,1,334.9,111.93,222.97,Venda
SKU_1794_FLA,28/07/2025,Varejo,3,629.7,218.01,137.23,Venda
SKU_1684_HON,28/07/2025,Varejo,1,184.9,84.1,100.8,Venda
SKU_1801_FLA,28/07/2025,E-commerce,3,1124.7,387.27,245.81,Venda
SKU_1772_BLU,28/07/2025,E-commerce,1,414.9,189.7,225.2,Venda
SKU_1678_MAG,28/07/2025,Atacado,4,2859.6,1390.4,367.3,Venda
SKU_1793_MIN,28/07/2025,Varejo,2,379.8,141.9,118.95,Venda
SKU_1754_SER,28/07/2025,Varejo,1,339.9,106.75,233.15,Venda
SKU_1688_WHI,28/07/2025,Atacado,10,4299.0,2055.7,224.33,Venda
SKU_1658_MYS,28/07/2025,Varejo,3,2639.7,921.84,572.62,Venda
SKU_1708_FRE,28/07/2025,Varejo,2,339.8,166.46,86.67,Venda
SKU_2095_SEA,28/07/2025,Varejo,1,239.9,92.36,147.54,Venda
SKU_1743_DEE,28/07/2025,Atacado,4,1759.6,753.28,251.58,Venda
SKU_1609_SAP,28/07/2025,Varejo,4,1079.6,335.68,185.98,Venda
SKU_1790_EGR,28/07/2025,E-commerce,1,259.9,84.44,175.46,Venda
SKU_1490_VAN,28/07/2025,Atacado,4,1259.6,602.4,164.3,Venda
SKU_1785_PAS,28/07/2025,Atacado,4,979.6,507.68,117.98,Venda
SKU_1800_SKY,28/07/2025,Atacado,6,1679.4,768.3,151.85,Venda
SKU_1753_PAL,28/07/2025,E-commerce,1,789.9,257.95,531.95,Venda
SKU_1531_SNO,28/07/2025,Atacado,5,2749.5,1537.65,242.37,Venda
SKU_1698_PRI,28/07/2025,Atacado,6,2519.4,1202.46,219.49,Venda
SKU_1786_POW,28/07/2025,Atacado,12,2158.8,1078.8,90.0,Venda
SKU_1773_FRE,28/07/2025,Varejo,1,324.9,108.36,216.54,Venda
SKU_2008_HOT,28/07/2025,Atacado,10,2449.0,1157.4,129.16,Venda
SKU_1801_FLA,28/07/2025,Atacado,2,749.8,357.88,195.96,Venda
SKU_1763_HOT,28/07/2025,Atacado,6,1799.4,799.56,166.64,Venda
SKU_1755_AQU,28/07/2025,Varejo,1,334.9,159.75,175.15,Venda
SKU_1483_WHI,28/07/2025,Atacado,10,3249.0,1730.5,151.85,Venda
SKU_1692_OLI,28/07/2025,Varejo,1,219.9,88.51,131.39,Venda
SKU_1719_OFF,28/07/2025,Atacado,5,1599.5,890.95,141.71,Venda
SKU_1492_SKY,28/07/2025,Atacado,3,1124.7,498.33,208.79,Venda
SKU_1591_MYS,28/07/2025,Atacado,5,4449.5,2293.35,431.23,Venda
SKU_1741_PIN,28/07/2025,Atacado,10,2399.0,1164.7,123.43,Venda
SKU_1495_BLA,28/07/2025,Varejo,1,329.9,128.6,201.3,Venda
SKU_1768_PEA,28/07/2025,Varejo,2,1249.8,610.38,319.71,Venda
SKU_1720_PAL,28/07/2025,E-commerce,3,674.7,321.33,117.79,Venda
SKU_1701_SPA,28/07/2025,Atacado,5,1699.5,800.5,179.8,Venda
SKU_1759_COB,28/07/2025,Varejo,1,269.9,119.63,150.27,Venda
SKU_1747_TEA,28/07/2025,Atacado,4,699.6,360.32,84.82,Venda
SKU_1702_COR,28/07/2025,E-commerce,1,619.9,306.72,313.18,Venda
SKU_1765_MYS,28/07/2025,Atacado,3,779.7,423.66,118.68,Venda
SKU_1767_FUC,28/07/2025,Varejo,1,204.9,67.86,137.04,Venda
SKU_1471_ROS,28/07/2025,Atacado,3,614.7,293.91,106.93,Venda
SKU_1762_DEN,28/07/2025,Atacado,5,1274.5,611.05,132.69,Venda
SKU_1734_BRI,28/07/2025,Atacado,12,4198.8,2197.32,166.79,Venda
SKU_1724_PEA,28/07/2025,Varejo,1,1114.9,466.77,648.13,Venda
SKU_1784_BLA,28/07/2025,Atacado,5,1549.5,878.1,134.28,Venda
SKU_1640_IVO,28/07/2025,Atacado,8,1759.2,956.72,100.31,Venda
SKU_1707_SAP,28/07/2025,Atacado,8,2239.2,1063.68,146.94,Venda
SKU_1583_WHI,28/07/2025,Atacado,5,1274.5,580.15,138.87,Venda
SKU_1603_PEA,28/07/2025,Varejo,2,1489.8,587.8,451.0,Venda
SKU_1710_OLI,28/07/2025,E-commerce,1,809.9,295.27,514.63,Venda
SKU_1765_PAS,28/07/2025,Varejo,1,259.9,82.26,177.64,Venda
SKU_1733_SAG,28/07/2025,Atacado,10,3499.0,1626.1,187.29,Venda
SKU_1712_MOS,28/07/2025,Atacado,2,359.8,168.4,95.7,Venda
SKU_1773_FRE,28/07/2025,Varejo,2,649.8,202.38,223.71,Venda
SKU_1751_MIN,28/07/2025,Atacado,5,1649.5,713.65,187.17,Venda
SKU_1758_CLO,28/07/2025,Varejo,1,179.9,87.46,92.44,Venda
SKU_1439_SHO,28/07/2025,Atacado,8,1479.2,676.72,100.31,Venda
SKU_1525_MYS,28/07/2025,Varejo,1,289.9,99.43,190.47,Venda
SKU_1687_FOR,28/07/2025,Varejo,2,1799.8,847.28,476.26,Venda
SKU_1560_CRE,28/07/2025,Varejo,1,224.9,105.17,119.73,Venda
SKU_1720_PAS,28/07/2025,Varejo,1,224.9,101.87,123.03,Venda
SKU_1724_PIN,28/07/2025,Varejo,1,1114.9,334.65,780.25,Venda
SKU_1894_IVO,28/07/2025,Varejo,1,274.9,133.01,141.89,Venda
SKU_1786_TEA,28/07/2025,Varejo,3,539.7,181.56,119.38,Venda
SKU_1680_NAV,28/07/2025,Varejo,2,669.8,240.78,214.51,Venda
SKU_1836_CRE,28/07/2025,Atacado,4,2859.6,1510.72,337.22,Venda
SKU_1735_COR,28/07/2025,Atacado,2,539.8,267.6,136.1,Venda
SKU_1750_SNO,28/07/2025,Atacado,3,1109.7,534.69,191.67,Venda
SKU_1710_MEX,28/07/2025,Varejo,2,1619.8,646.3,486.75,Venda
SKU_1706_JAD,28/07/2025,E-commerce,1,184.9,90.9,94.0,Venda
SKU_1683_SHO,28/07/2025,Atacado,4,1259.6,619.28,160.08,Venda
SKU_1518_CLE,28/07/2025,Varejo,2,469.8,169.78,150.01,Venda
SKU_1941_MIN,28/07/2025,Varejo,1,1049.9,426.05,623.85,Venda
SKU_1950_BLU,28/07/2025,E-commerce,1,414.9,169.22,245.68,Venda
SKU_1751_BLU,28/07/2025,Varejo,1,329.9,131.01,198.89,Venda
SKU_1766_CLE,28/07/2025,Atacado,6,2369.4,1315.44,175.66,Venda
SKU_1557_TUR,28/07/2025,Atacado,4,799.6,412.0,96.9,Venda
SKU_1753_PAL,28/07/2025,Varejo,2,1579.8,708.7,435.55,Venda
SKU_1399_PAL,28/07/2025,Atacado,5,1349.5,641.0,141.7,Venda
SKU_1729_CLE,28/07/2025,E-commerce,2,349.8,134.5,107.65,Venda
SKU_1799_DEN,28/07/2025,Atacado,4,1079.6,543.96,133.91,Venda
SKU_1696_SHO,28/07/2025,E-commerce,2,559.8,197.54,181.13,Venda
SKU_1751_MIN,28/07/2025,Atacado,8,2639.2,1320.48,164.84,Venda
SKU_1801_MOS,28/07/2025,Atacado,3,1124.7,524.85,199.95,Venda
SKU_1558_MEX,28/07/2025,Atacado,6,1979.4,934.02,174.23,Venda
SKU_1776_BIR,28/07/2025,Atacado,4,1319.6,582.08,184.38,Venda
SKU_1597_SHO,28/07/2025,Atacado,8,4239.2,2032.64,275.82,Venda
SKU_1768_MIN,28/07/2025,Varejo,1,624.9,240.75,384.15,Venda
SKU_1830_NAV,28/07/2025,E-commerce,1,259.9,122.52,137.38,Venda
SKU_1771_PIN,28/07/2025,Atacado,12,3178.8,1340.16,153.22,Venda
SKU_1785_HUN,28/07/2025,Varejo,1,244.9,116.44,128.46,Venda
SKU_1690_MAG,28/07/2025,Atacado,10,5399.0,2600.4,279.86,Venda
SKU_1905_PRI,28/07/2025,Varejo,3,1079.7,500.34,193.12,Venda
SKU_1780_AQU,28/07/2025,Atacado,3,1004.7,510.03,164.89,Venda
SKU_1790_EGR,29/07/2025,Atacado,4,1039.6,559.24,120.09,Venda
SKU_1790_EGR,29/07/2025,Atacado,10,2599.0,1251.5,134.75,Venda
SKU_1406_PRI,29/07/2025,Varejo,1,349.9,162.28,187.62,Venda
SKU_2001_MAR,29/07/2025,Atacado,5,1924.5,901.7,204.56,Venda
SKU_1705_JAD,29/07/2025,Varejo,1,409.9,137.21,272.69,Venda
SKU_1795_RAS,29/07/2025,E-commerce,1,299.9,148.94,150.96,Venda
SKU_2013_MYS,29/07/2025,Varejo,1,184.9,66.06,118.84,Venda
SKU_1699_CLO,29/07/2025,Varejo,3,989.7,347.01,214.23,Venda
SKU_1403_DUS,29/07/2025,Varejo,2,769.8,305.0,232.4,Venda
SKU_1745_PEA,29/07/2025,Varejo,2,819.8,254.3,282.75,Venda
SKU_1802_DEN,29/07/2025,E-commerce,1,744.9,291.45,453.45,Venda
SKU_1726_PAS,29/07/2025,Varejo,1,429.9,152.51,277.39,Venda
SKU_1740_FRE,29/07/2025,Atacado,4,859.6,449.28,102.58,Venda
SKU_1772_SNO,29/07/2025,Varejo,1,414.9,164.87,250.03,Venda
SKU_1789_EME,29/07/2025,Varejo,1,269.9,114.38,155.52,Venda
SKU_1696_SER,29/07/2025,E-commerce,1,279.9,111.53,168.37,Venda
SKU_1779_MIN,29/07/2025,Atacado,10,2149.0,995.0,115.4,Venda
SKU_1595_FLA,29/07/2025,Atacado,2,599.8,280.4,159.7,Venda
SKU_1770_DEE,29/07/2025,E-commerce,1,219.9,77.44,142.46,Venda
SKU_1746_EME,29/07/2025,Varejo,2,359.8,130.64,114.58,Venda
SKU_1834_MAG,29/07/2025,Varejo,3,1199.7,496.92,234.26,Venda
SKU_1390_PAS,29/07/2025,Atacado,8,1839.2,921.2,114.75,Venda
SKU_1749_BIR,29/07/2025,Varejo,3,1049.7,414.06,211.88,Venda
SKU_1679_SHO,29/07/2025,E-commerce,1,919.9,343.34,576.56,Venda
SKU_1742_DEN,29/07/2025,Varejo,1,259.9,119.87,140.03,Venda
SKU_1558_CLE,29/07/2025,Varejo,1,329.9,163.39,166.51,Venda
SKU_1727_WHI,29/07/2025,Varejo,1,154.9,60.92,93.98,Venda
SKU_1715_HON,29/07/2025,Varejo,1,219.9,95.71,124.19,Venda
SKU_1912_PAS,29/07/2025,Atacado,12,4618.8,2310.6,192.35,Venda
SKU_1683_PAL,29/07/2025,Varejo,2,629.8,189.4,220.2,Venda
SKU_1725_OFF,29/07/2025,E-commerce,1,244.9,102.31,142.59,Venda
SKU_1787_BAB,29/07/2025,E-commerce,1,289.9,106.82,183.08,Venda
SKU_1688_LIG,29/07/2025,Varejo,2,859.8,391.14,234.33,Venda
SKU_1414_DUS,29/07/2025,Varejo,2,679.8,230.12,224.84,Venda
SKU_1766_CLE,29/07/2025,Atacado,8,3159.2,1489.52,208.71,Venda
SKU_1440_BLU,29/07/2025,Atacado,6,7199.4,3638.52,593.48,Venda
SKU_1746_EME,29/07/2025,Varejo,1,179.9,59.29,120.61,Venda
SKU_1960_BAL,29/07/2025,Atacado,6,1049.4,550.02,83.23,Venda
SKU_1735_MOS,29/07/2025,Atacado,4,1079.6,541.64,134.49,Venda
SKU_1897_SHO,29/07/2025,Varejo,1,234.9,74.76,160.14,Venda
SKU_1648_RAS,29/07/2025,Varejo,1,699.9,321.96,377.94,Venda
SKU_1775_PAL,29/07/2025,Varejo,1,279.9,139.51,140.39,Venda
SKU_1442_EME,29/07/2025,Atacado,6,1739.4,804.6,155.8,Venda
SKU_1716_SAL,29/07/2025,Varejo,3,494.7,228.0,88.9,Venda
SKU_1682_BIR,29/07/2025,Varejo,1,234.9,95.51,139.39,Venda
SKU_1717_MIN,29/07/2025,Varejo,1,259.9,108.41,151.49,Venda
SKU_1773_FRE,29/07/2025,Varejo,2,649.8,304.76,172.52,Venda
SKU_1758_HON,29/07/2025,Varejo,1,179.9,58.53,121.37,Venda
SKU_1682_BIR,29/07/2025,Varejo,2,469.8,177.38,146.21,Venda
SKU_1722_PAS,29/07/2025,Atacado,5,1624.5,852.5,154.4,Venda
SKU_1775_PAS,29/07/2025,Varejo,1,279.9,139.71,140.19,Venda
SKU_1731_MIN,29/07/2025,Atacado,6,5459.4,2383.98,512.57,Venda
SKU_1509_MAG,29/07/2025,Atacado,4,1279.6,572.2,176.85,Venda
SKU_1498_LIG,29/07/2025,Atacado,3,1019.7,475.29,181.47,Venda
SKU_1797_GAR,29/07/2025,Varejo,2,759.8,250.78,254.51,Venda
SKU_1674_PAS,29/07/2025,Varejo,1,229.9,96.49,133.41,Venda
SKU_1713_SNO,29/07/2025,Varejo,1,504.9,191.75,313.15,Venda
SKU_2104_PEA,29/07/2025,Varejo,2,449.8,183.46,133.17,Venda
SKU_1473_BAB,29/07/2025,Varejo,1,179.9,88.0,91.9,Venda
SKU_1686_MOS,29/07/2025,Varejo,1,214.9,79.51,135.39,Venda
SKU_1777_TUR,29/07/2025,Atacado,6,1439.4,666.9,128.75,Venda
SKU_1578_TEA,29/07/2025,Varejo,1,124.9,42.92,81.98,Venda
SKU_1528_DEN,29/07/2025,Varejo,2,429.8,205.42,112.19,Venda
SKU_1835_BAB,29/07/2025,Varejo,1,184.9,91.66,93.24,Venda
SKU_1792_AQU,29/07/2025,Varejo,1,439.9,140.43,299.47,Venda
SKU_1763_MAR,29/07/2025,Atacado,6,1799.4,853.08,157.72,Venda
SKU_1740_FRE,29/07/2025,E-commerce,1,214.9,65.9,149.0,Venda
SKU_1465_OFF,29/07/2025,E-commerce,1,314.9,131.25,183.65,Venda
SKU_1565_BAB,29/07/2025,Varejo,2,719.8,343.28,188.26,Venda
SKU_1730_MIN,29/07/2025,Varejo,1,319.9,121.81,198.09,Venda
SKU_1496_PEA,29/07/2025,Atacado,5,5674.5,2741.4,586.62,Venda
SKU_1723_COB,29/07/2025,E-commerce,1,434.9,173.1,261.8,Venda
SKU_1976_JAD,29/07/2025,Varejo,1,539.9,203.64,336.26,Venda
SKU_1688_WHI,29/07/2025,Atacado,6,2579.4,1272.9,217.75,Venda
SKU_1723_COB,29/07/2025,E-commerce,1,434.9,130.92,303.98,Venda
SKU_1681_PIS,29/07/2025,Atacado,8,1879.2,790.08,136.14,Venda
SKU_1486_PAL,29/07/2025,Atacado,4,1159.6,492.36,166.81,Venda
SKU_1765_PAS,29/07/2025,Atacado,10,2599.0,1146.3,145.27,Venda
SKU_1681_OFF,29/07/2025,Varejo,1,234.9,111.2,123.7,Venda
SKU_1801_FLA,29/07/2025,Atacado,4,1499.6,713.12,196.62,Venda
SKU_1771_EME,29/07/2025,Varejo,1,264.9,100.9,164.0,Venda
SKU_1710_OLI,29/07/2025,Atacado,12,9718.8,4284.12,452.89,Venda
SKU_1693_MEX,29/07/2025,Atacado,10,2049.0,968.9,108.01,Venda
SKU_1809_SHO,29/07/2025,Atacado,10,2399.0,1198.0,120.1,Venda
SKU_1708_FRE,29/07/2025,Varejo,1,169.9,84.48,85.42,Venda
SKU_1709_MAR,29/07/2025,Varejo,3,629.7,261.72,122.66,Venda
SKU_1533_DUS,29/07/2025,Varejo,1,164.9,81.6,83.3,Venda
SKU_1791_IVO,29/07/2025,Varejo,1,264.9,113.86,151.04,Venda
SKU_2027_CLE,29/07/2025,E-commerce,1,349.9,150.7,199.2,Venda
SKU_1898_WHI,29/07/2025,Varejo,1,484.9,161.22,323.68,Venda
SKU_1676_NAV,29/07/2025,Varejo,1,169.9,79.16,90.74,Venda
SKU_1809_PRI,29/07/2025,Varejo,1,239.9,118.43,121.47,Venda
SKU_1518_CLE,29/07/2025,E-commerce,1,234.9,102.46,132.44,Venda
SKU_1644_BAB,29/07/2025,Varejo,1,319.9,144.55,175.35,Venda
SKU_1557_SAG,29/07/2025,Atacado,5,999.5,514.6,96.98,Venda
SKU_1711_VAN,29/07/2025,Varejo,1,994.9,487.81,507.09,Venda
SKU_1471_LIG,29/07/2025,Atacado,4,819.6,362.64,114.24,Venda
SKU_1696_SER,29/07/2025,Varejo,1,279.9,88.71,191.19,Venda
SKU_1461_NAV,29/07/2025,Atacado,12,12838.8,6531.12,525.64,Venda
SKU_1616_COR,29/07/2025,Atacado,12,12298.8,6309.36,499.12,Venda
SKU_1700_HUN,29/07/2025,Atacado,3,2099.7,1068.51,343.73,Venda
SKU_1795_HUN,29/07/2025,Atacado,3,899.7,401.76,165.98,Venda
SKU_1756_BUB,29/07/2025,Atacado,2,359.8,172.02,93.89,Venda
SKU_1792_AQU,29/07/2025,Varejo,2,879.8,379.9,249.95,Venda
SKU_1788_EME,29/07/2025,Varejo,2,499.8,238.1,130.85,Venda
SKU_2007_LIG,29/07/2025,Atacado,2,419.8,210.5,104.65,Venda
SKU_1738_ROY,29/07/2025,Varejo,1,194.9,92.94,101.96,Venda
SKU_1736_PAS,29/07/2025,Varejo,1,324.9,156.15,168.75,Venda
SKU_1795_RAS,29/07/2025,Varejo,1,299.9,115.25,184.65,Venda
SKU_1698_SNO,29/07/2025,Atacado,5,2099.5,994.3,221.04,Venda
SKU_1714_MID,29/07/2025,Varejo,1,304.9,130.8,174.1,Venda
SKU_1551_ROS,29/07/2025,Varejo,1,219.9,88.01,131.89,Venda
SKU_1709_MAR,29/07/2025,Atacado,5,1049.5,538.2,102.26,Venda
SKU_1691_ROS,29/07/2025,E-commerce,1,309.9,97.28,212.62,Venda
SKU_1702_LIG,29/07/2025,Varejo,1,619.9,272.53,347.37,Venda
SKU_1779_LIG,29/07/2025,Varejo,1,214.9,91.11,123.79,Venda
SKU_1688_LIG,29/07/2025,E-commerce,1,429.9,172.72,257.18,Venda
SKU_1755_AQU,29/07/2025,Atacado,5,1674.5,778.95,179.11,Venda
SKU_1685_BIR,29/07/2025,Atacado,2,1329.8,769.54,280.13,Venda
SKU_1759_CLE,29/07/2025,Atacado,5,1349.5,732.35,123.43,Venda
SKU_1788_MYS,29/07/2025,Atacado,3,749.7,354.54,131.72,Venda
SKU_1716_SAL,29/07/2025,Atacado,12,1978.8,977.4,83.45,Venda
SKU_1703_BLU,29/07/2025,Atacado,5,1349.5,775.45,114.81,Venda
SKU_1854_NAV,29/07/2025,Atacado,5,924.5,441.85,96.53,Venda
SKU_1809_SHO,29/07/2025,E-commerce,1,239.9,113.62,126.28,Venda
SKU_1757_TUR,29/07/2025,Varejo,1,264.9,107.99,156.91,Venda
SKU_1613_AQU,29/07/2025,Atacado,2,379.8,172.5,103.65,Venda
SKU_1798_MOS,29/07/2025,Varejo,4,1679.6,836.4,210.8,Venda
SKU_1794_LIG,29/07/2025,E-commerce,1,209.9,83.32,126.58,Venda
SKU_1435_OLI,29/07/2025,Varejo,1,1009.9,344.52,665.38,Venda
SKU_1794_FLA,29/07/2025,Atacado,4,839.6,430.24,102.34,Venda
SKU_1727_WHI,29/07/2025,Varejo,1,154.9,70.88,84.02,Venda
SKU_1527_FUC,29/07/2025,Varejo,1,909.9,407.83,502.07,Venda
SKU_1779_LIG,29/07/2025,Atacado,3,644.7,317.88,108.94,Venda
SKU_1502_PEA,29/07/2025,Atacado,12,2518.8,1356.48,96.86,Venda
SKU_1845_TUR,29/07/2025,Atacado,12,9838.8,4805.28,419.46,Venda
SKU_1546_IVO,29/07/2025,Atacado,8,1399.2,670.16,91.13,Venda
SKU_1726_BUB,29/07/2025,Atacado,5,2149.5,913.55,247.19,Venda
SKU_1722_PAS,29/07/2025,E-commerce,1,324.9,131.72,193.18,Venda
SKU_1731_MIN,29/07/2025,Varejo,2,1819.8,558.66,630.57,Venda
SKU_1701_BLU,29/07/2025,E-commerce,1,339.9,158.39,181.51,Venda
SKU_1705_SER,29/07/2025,Varejo,2,819.8,390.12,214.84,Venda
SKU_1775_PAL,29/07/2025,Atacado,8,2239.2,955.2,160.5,Venda
SKU_2061_POW,29/07/2025,Atacado,10,2099.0,903.3,119.57,Venda
SKU_1687_FOR,29/07/2025,Atacado,4,3599.6,1767.88,457.93,Venda
SKU_1744_LIG,29/07/2025,E-commerce,1,264.9,84.33,180.57,Venda
SKU_1695_CRE,29/07/2025,E-commerce,1,209.9,81.72,128.18,Venda
SKU_1738_ROY,29/07/2025,E-commerce,1,194.9,92.07,102.83,Venda
SKU_1606_SEA,29/07/2025,Varejo,4,4339.6,1723.56,654.01,Venda
SKU_1717_CRE,29/07/2025,Varejo,3,779.7,333.3,148.8,Venda
SKU_1694_PIS,29/07/2025,Atacado,10,2799.0,1374.5,142.45,Venda
SKU_1469_SAL,29/07/2025,Atacado,5,1474.5,733.8,148.14,Venda
SKU_1549_BAL,29/07/2025,Atacado,8,1479.2,696.24,97.87,Venda
SKU_1682_OLI,29/07/2025,Varejo,3,704.7,322.44,127.42,Venda
SKU_1706_BLA,29/07/2025,Varejo,1,184.9,64.95,119.95,Venda
SKU_1479_FUC,29/07/2025,Atacado,6,3329.4,1593.18,289.37,Venda
SKU_1686_MOS,29/07/2025,Atacado,3,644.7,328.98,105.24,Venda
SKU_1771_EME,29/07/2025,Atacado,4,1059.6,562.16,124.36,Venda
SKU_1482_MOS,29/07/2025,Varejo,1,444.9,191.64,253.26,Venda
SKU_1742_DEN,29/07/2025,Varejo,2,519.8,162.3,178.75,Venda
SKU_1613_BIR,29/07/2025,E-commerce,2,379.8,174.66,102.57,Venda
SKU_1772_SNO,29/07/2025,Atacado,3,1244.7,616.02,209.56,Venda
SKU_1704_PEA,29/07/2025,E-commerce,1,334.9,110.34,224.56,Venda
SKU_1722_PAS,29/07/2025,Varejo,2,649.8,244.98,202.41,Venda
SKU_1956_CLO,29/07/2025,Atacado,6,1259.4,599.1,110.05,Venda
SKU_1733_NAV,29/07/2025,Varejo,1,349.9,164.71,185.19,Venda
SKU_1776_BIR,29/07/2025,Atacado,2,659.8,375.8,142.0,Venda
SKU_1686_MOS,29/07/2025,Varejo,1,214.9,73.1,141.8,Venda
SKU_1701_BLU,29/07/2025,Atacado,8,2719.2,1213.6,188.2,Venda
SKU_1788_EME,29/07/2025,Varejo,1,249.9,122.83,127.07,Venda
SKU_1554_PIS,29/07/2025,Varejo,3,3104.7,1095.48,669.74,Venda
SKU_1754_SER,29/07/2025,E-commerce,1,339.9,161.91,177.99,Venda
SKU_1535_NAV,29/07/2025,Atacado,3,914.7,425.64,163.02,Venda
SKU_1476_CLO,29/07/2025,E-commerce,2,549.8,170.56,189.62,Venda
SKU_1499_HOT,29/07/2025,Atacado,5,1299.5,615.2,136.86,Venda
SKU_1798_MOS,29/07/2025,Varejo,2,839.8,290.36,274.72,Venda
SKU_1774_MOS,29/07/2025,Varejo,1,204.9,77.99,126.91,Venda
SKU_1735_MOS,29/07/2025,Varejo,1,269.9,88.17,181.73,Venda
SKU_1739_MOS,29/07/2025,E-commerce,1,254.9,124.17,130.73,Venda
SKU_2113_DUS,29/07/2025,Atacado,8,1319.2,642.64,84.57,Venda
SKU_1714_MID,29/07/2025,Atacado,2,609.8,311.62,149.09,Venda
SKU_1683_PAL,29/07/2025,E-commerce,1,314.9,133.66,181.24,Venda
SKU_1760_OFF,29/07/2025,E-commerce,1,249.9,87.81,162.09,Venda
SKU_1681_PIS,29/07/2025,Varejo,1,234.9,82.96,151.94,Venda
SKU_1408_FUC,29/07/2025,Atacado,5,4599.5,2061.15,507.67,Venda
SKU_1867_LIG,29/07/2025,Varejo,1,199.9,80.23,119.67,Venda
SKU_1787_BAB,29/07/2025,Atacado,5,1449.5,707.9,148.32,Venda
SKU_1776_PAS,29/07/2025,Atacado,2,659.8,300.62,179.59,Venda
SKU_1599_CER,29/07/2025,Varejo,1,469.9,149.59,320.31,Venda
SKU_1736_PAS,29/07/2025,Varejo,2,649.8,317.32,166.24,Venda
SKU_2080_VAN,29/07/2025,Varejo,1,239.9,93.95,145.95,Venda
SKU_1699_CLO,29/07/2025,Atacado,8,2639.2,1337.44,162.72,Venda
SKU_1634_NAV,29/07/2025,Varejo,1,979.9,390.74,589.16,Venda
SKU_1494_EGR,29/07/2025,Atacado,12,13018.8,6833.76,515.42,Venda
SKU_1706_BLA,29/07/2025,Atacado,2,369.8,167.78,101.01,Venda
SKU_1737_DEE,29/07/2025,Atacado,6,4619.4,2573.4,341.0,Venda
SKU_1732_WHI,29/07/2025,Atacado,2,2229.8,1051.56,589.12,Venda
SKU_1734_FRE,29/07/2025,Atacado,6,2099.4,894.36,200.84,Venda
SKU_1700_HUN,29/07/2025,Varejo,1,699.9,315.1,384.8,Venda
SKU_1761_SAP,29/07/2025,Atacado,6,6629.4,3335.46,548.99,Venda
SKU_1699_CLO,29/07/2025,Atacado,6,1979.4,832.98,191.07,Venda
SKU_1707_ARM,29/07/2025,Atacado,5,1399.5,612.95,157.31,Venda
SKU_1694_PIS,29/07/2025,Atacado,6,1679.4,708.42,161.83,Venda
SKU_1742_DEN,29/07/2025,Atacado,5,1299.5,554.85,148.93,Venda
SKU_1567_PRI,29/07/2025,Atacado,6,4139.4,2016.9,353.75,Venda
SKU_1765_PAS,29/07/2025,Varejo,1,259.9,111.02,148.88,Venda
SKU_1622_VAN,29/07/2025,Varejo,1,269.9,118.95,150.95,Venda
SKU_1787_BAB,29/07/2025,Atacado,2,579.8,329.4,125.2,Venda
SKU_1468_BAB,29/07/2025,E-commerce,2,1059.8,465.16,297.32,Venda
SKU_1746_EME,29/07/2025,Varejo,1,179.9,70.88,109.02,Venda
SKU_1990_LIM,29/07/2025,Varejo,1,179.9,72.64,107.26,Venda
SKU_1722_PAS,29/07/2025,Atacado,3,974.7,518.43,152.09,Venda
SKU_2095_CLO,29/07/2025,Atacado,5,1199.5,644.65,110.97,Venda
SKU_1791_ARM,29/07/2025,Atacado,10,2649.0,1135.2,151.38,Venda
SKU_1715_JAD,29/07/2025,Varejo,1,219.9,73.17,146.73,Venda
SKU_1800_SKY,29/07/2025,Varejo,1,279.9,116.87,163.03,Venda
SKU_1950_BLU,29/07/2025,Varejo,1,414.9,205.62,209.28,Venda
SKU_1707_SAP,29/07/2025,Atacado,5,1399.5,656.65,148.57,Venda
SKU_1788_EME,29/07/2025,E-commerce,1,249.9,81.33,168.57,Venda
SKU_1796_OLI,29/07/2025,Varejo,2,1009.8,361.18,324.31,Venda
SKU_1529_HUN,29/07/2025,Varejo,2,489.8,209.28,140.26,Venda
SKU_1789_SNO,29/07/2025,E-commerce,1,269.9,106.08,163.82,Venda
SKU_1917_LIG,29/07/2025,Atacado,2,749.8,374.5,187.65,Venda
SKU_1607_MAR,29/07/2025,Atacado,4,1199.6,573.56,156.51,Venda
SKU_1627_MOS,29/07/2025,Varejo,1,329.9,129.79,200.11,Venda
SKU_1709_CRE,29/07/2025,Atacado,10,2099.0,1090.4,100.86,Venda
SKU_1754_SER,29/07/2025,Varejo,1,339.9,140.6,199.3,Venda
SKU_1463_LIG,29/07/2025,Varejo,1,259.9,103.85,156.05,Venda
SKU_1841_LIM,29/07/2025,E-commerce,1,144.9,48.0,96.9,Venda
SKU_1406_SHO,29/07/2025,E-commerce,1,349.9,106.63,243.27,Venda
SKU_1781_AQU,29/07/2025,Atacado,6,779.4,361.32,69.68,Venda
SKU_2068_HON,29/07/2025,Atacado,5,2024.5,879.55,228.99,Venda
SKU_1732_WHI,29/07/2025,Varejo,1,1114.9,553.83,561.07,Venda
SKU_1752_SPA,29/07/2025,Varejo,1,429.9,168.75,261.15,Venda
SKU_1410_ROS,29/07/2025,Atacado,5,5699.5,2645.25,610.85,Venda
SKU_1467_OLI,29/07/2025,Varejo,1,204.9,99.87,105.03,Venda
SKU_1696_SHO,29/07/2025,Atacado,5,1399.5,783.65,123.17,Venda
SKU_2023_MID,29/07/2025,Varejo,1,159.9,60.85,99.05,Venda
SKU_1862_PAS,29/07/2025,Varejo,1,224.9,96.57,128.33,Venda
SKU_1751_MIN,29/07/2025,E-commerce,1,329.9,106.29,223.61,Venda
SKU_1680_SEA,29/07/2025,Atacado,4,1339.6,722.04,154.39,Venda
SKU_1786_POW,29/07/2025,Varejo,1,179.9,73.17,106.73,Venda
SKU_1416_AQU,29/07/2025,Atacado,12,3358.8,1849.92,125.74,Venda
SKU_1709_CRE,29/07/2025,Atacado,2,419.8,200.64,109.58,Venda
SKU_1957_CRE,29/07/2025,E-commerce,1,189.9,90.36,99.54,Venda
SKU_1785_PAS,29/07/2025,E-commerce,1,244.9,117.15,127.75,Venda
SKU_1666_PAS,29/07/2025,Varejo,1,799.9,294.29,505.61,Venda
SKU_1401_BLU,29/07/2025,Atacado,8,1919.2,1015.6,112.95,Venda
SKU_1728_MID,29/07/2025,Varejo,1,329.9,100.8,229.1,Venda
SKU_1750_SNO,29/07/2025,Varejo,1,369.9,145.63,224.27,Venda
SKU_1682_OLI,29/07/2025,Varejo,1,234.9,113.42,121.48,Venda
SKU_1732_WHI,29/07/2025,Atacado,5,5574.5,2519.3,611.04,Venda
SKU_1794_FLA,29/07/2025,Atacado,4,839.6,453.56,96.51,Venda
SKU_1628_PEA,29/07/2025,Atacado,3,1649.7,819.87,276.61,Venda
SKU_1759_CLE,29/07/2025,Varejo,1,269.9,130.54,139.36,Venda
SKU_1734_BRI,29/07/2025,Varejo,1,349.9,135.98,213.92,Venda
SKU_2075_COR,29/07/2025,Atacado,5,1199.5,579.5,124.0,Venda
SKU_1504_NAV,29/07/2025,Varejo,1,339.9,110.57,229.33,Venda
SKU_1653_BAB,29/07/2025,Atacado,4,1439.6,706.44,183.29,Venda
SKU_1734_FRE,29/07/2025,Varejo,1,349.9,144.77,205.13,Venda
SKU_1449_NAV,29/07/2025,Atacado,5,1624.5,727.15,179.47,Venda
SKU_1801_FLA,29/07/2025,Varejo,1,374.9,119.47,255.43,Venda
SKU_1766_CLE,29/07/2025,Atacado,2,789.8,408.56,190.62,Venda
SKU_1719_OFF,29/07/2025,Varejo,2,639.8,230.16,204.82,Venda
SKU_1746_EME,29/07/2025,E-commerce,1,179.9,69.11,110.79,Venda
SKU_1900_HON,29/07/2025,Atacado,6,2549.4,1261.14,214.71,Venda
SKU_1797_GAR,29/07/2025,Atacado,5,1899.5,934.7,192.96,Venda
SKU_1638_SAP,29/07/2025,Atacado,5,5699.5,2893.15,561.27,Venda
SKU_2070_COR,29/07/2025,Atacado,6,1289.4,629.52,109.98,Venda
SKU_1773_FRE,29/07/2025,Varejo,1,324.9,103.12,221.78,Venda
SKU_1400_FOR,29/07/2025,Varejo,1,209.9,72.36,137.54,Venda
SKU_1707_SAP,29/07/2025,Atacado,6,1679.4,810.0,144.9,Venda
SKU_1560_PAL,29/07/2025,Atacado,3,674.7,399.84,91.62,Venda
SKU_1694_PIS,29/07/2025,Atacado,8,2239.2,1244.64,124.32,Venda
SKU_1498_OLI,29/07/2025,Varejo,1,339.9,169.04,170.86,Venda
SKU_1797_BLU,29/07/2025,Atacado,3,1139.7,563.37,192.11,Venda
SKU_1685_COB,29/07/2025,Varejo,1,664.9,226.5,438.4,Venda
SKU_1703_BLU,29/07/2025,Varejo,1,269.9,126.3,143.6,Venda
SKU_1783_BAB,29/07/2025,Varejo,1,1199.9,546.92,652.98,Venda
SKU_1756_BUB,29/07/2025,Varejo,2,359.8,146.54,106.63,Venda
SKU_1793_MIN,29/07/2025,Varejo,1,189.9,84.4,105.5,Venda
SKU_1649_GAR,29/07/2025,Varejo,1,234.9,71.64,163.26,Venda
SKU_1655_SNO,29/07/2025,Atacado,6,3869.4,2158.26,285.19,Venda
SKU_1763_MAR,29/07/2025,Atacado,3,899.7,423.42,158.76,Venda
SKU_1392_LIM,29/07/2025,Atacado,2,589.8,261.86,163.97,Venda
SKU_1782_HUN,29/07/2025,Varejo,1,249.9,108.96,140.94,Venda
SKU_1694_PIS,29/07/2025,Varejo,1,279.9,114.09,165.81,Venda
SKU_1415_MID,29/07/2025,E-commerce,1,354.9,161.58,193.32,Venda
SKU_1497_VAN,29/07/2025,Atacado,12,1618.8,917.52,58.44,Venda
SKU_1438_MOS,29/07/2025,E-commerce,1,204.9,86.26,118.64,Venda
SKU_1629_CLO,29/07/2025,Atacado,4,1019.6,502.8,129.2,Venda
SKU_1760_PAS,29/07/2025,Atacado,4,999.6,517.68,120.48,Venda
SKU_2116_SNO,29/07/2025,Varejo,2,759.8,309.92,224.94,Venda
SKU_1894_IVO,29/07/2025,Atacado,5,1374.5,578.9,159.12,Venda
SKU_2000_SAG,29/07/2025,Atacado,8,1719.2,826.16,111.63,Venda
SKU_1703_BLU,29/07/2025,Atacado,8,2159.2,1033.92,140.66,Venda
SKU_1767_FUC,29/07/2025,E-commerce,1,204.9,100.44,104.46,Venda
SKU_1782_HUN,29/07/2025,Varejo,1,249.9,92.09,157.81,Venda
SKU_1549_BAL,29/07/2025,Atacado,4,739.6,329.16,102.61,Venda
SKU_1745_FOR,29/07/2025,Atacado,6,2459.4,1265.52,198.98,Venda
SKU_1966_CER,29/07/2025,Atacado,2,1349.8,592.3,378.75,Venda
SKU_1729_CLE,29/07/2025,Atacado,8,1399.2,673.2,90.75,Venda
SKU_1806_ROS,29/07/2025,E-commerce,1,194.9,95.45,99.45,Venda
SKU_1742_DEN,29/07/2025,Atacado,12,3118.8,1526.88,132.66,Venda
SKU_1954_WHI,29/07/2025,E-commerce,1,209.9,86.13,123.77,Venda
SKU_1563_MEX,29/07/2025,E-commerce,1,149.9,74.51,75.39,Venda
SKU_1737_DEE,29/07/2025,Atacado,6,4619.4,2455.62,360.63,Venda
SKU_1890_ROY,29/07/2025,Varejo,1,254.9,95.55,159.35,Venda
SKU_1682_OLI,29/07/2025,Varejo,1,234.9,116.36,118.54,Venda
SKU_1759_COB,29/07/2025,Atacado,8,2159.2,1075.12,135.51,Venda
SKU_1513_RAS,29/07/2025,Atacado,5,1074.5,584.65,97.97,Venda
SKU_1801_MOS,29/07/2025,E-commerce,1,374.9,146.45,228.45,Venda
SKU_1719_WHI,29/07/2025,Varejo,2,639.8,198.4,220.7,Venda
SKU_1526_FOR,29/07/2025,Atacado,8,1359.2,706.8,81.55,Venda
SKU_1949_VAN,29/07/2025,Varejo,3,494.7,150.69,114.67,Venda
SKU_1715_JAD,29/07/2025,Atacado,5,1099.5,520.85,115.73,Venda
SKU_1975_PAS,29/07/2025,Varejo,2,889.8,268.0,310.9,Venda
SKU_1768_PEA,29/07/2025,Atacado,4,2499.6,1104.04,348.89,Venda
SKU_1684_SHO,29/07/2025,E-commerce,1,184.9,66.1,118.8,Venda
SKU_1696_SHO,29/07/2025,Atacado,3,839.7,379.65,153.35,Venda
SKU_1730_OFF,29/07/2025,Varejo,2,639.8,260.12,189.84,Venda
SKU_1667_LIG,29/07/2025,Atacado,6,1259.4,647.58,101.97,Venda
SKU_1721_COR,29/07/2025,Varejo,1,419.9,131.23,288.67,Venda
SKU_1662_PIS,29/07/2025,Atacado,4,799.6,354.56,111.26,Venda
SKU_1707_SAP,29/07/2025,Atacado,6,1679.4,753.0,154.4,Venda
SKU_1736_JAD,29/07/2025,Atacado,10,3249.0,1507.8,174.12,Venda
SKU_1633_DEN,29/07/2025,Atacado,3,704.7,356.19,116.17,Venda
SKU_1490_VAN,29/07/2025,Atacado,6,1889.4,842.82,174.43,Venda
SKU_1414_CLO,29/07/2025,Varejo,2,679.8,269.86,204.97,Venda
SKU_1412_BAB,29/07/2025,Atacado,5,4474.5,2182.7,458.36,Venda
SKU_1682_BIR,29/07/2025,Atacado,3,704.7,362.1,114.2,Venda
SKU_1664_PIN,29/07/2025,Atacado,10,3299.0,1566.8,173.22,Venda
SKU_1774_COB,29/07/2025,E-commerce,3,614.7,253.53,120.39,Venda
SKU_1731_MIN,29/07/2025,E-commerce,2,1819.8,565.52,627.14,Venda
SKU_1801_FLA,29/07/2025,Varejo,1,374.9,145.19,229.71,Venda
SKU_1801_FLA,29/07/2025,Atacado,12,4498.8,2111.76,198.92,Venda
SKU_1716_AQU,29/07/2025,Atacado,12,1978.8,1131.36,70.62,Venda
SKU_1766_MYS,29/07/2025,Atacado,5,1974.5,1023.3,190.24,Venda
SKU_1692_OLI,29/07/2025,Atacado,5,1099.5,555.15,108.87,Venda
SKU_1620_SAG,29/07/2025,E-commerce,1,264.9,92.02,172.88,Venda
SKU_1986_TEA,29/07/2025,Atacado,3,629.7,306.51,107.73,Venda
SKU_1744_LIG,29/07/2025,Atacado,6,1589.4,915.3,112.35,Venda
SKU_1712_NAV,29/07/2025,Atacado,3,539.7,286.56,84.38,Venda
SKU_1800_MOS,29/07/2025,E-commerce,1,279.9,121.8,158.1,Venda
SKU_1684_SHO,29/07/2025,Varejo,1,184.9,71.91,112.99,Venda
SKU_1750_MIN,29/07/2025,Atacado,2,739.8,349.56,195.12,Venda
SKU_1798_MOS,29/07/2025,Varejo,1,419.9,138.67,281.23,Venda
SKU_1557_SAG,29/07/2025,Varejo,1,199.9,90.18,109.72,Venda
SKU_1710_OLI,29/07/2025,Varejo,1,809.9,348.07,461.83,Venda
SKU_1734_BRI,29/07/2025,Atacado,2,699.8,342.92,178.44,Venda
SKU_1746_NAV,29/07/2025,Varejo,1,179.9,79.21,100.69,Venda
SKU_1771_EME,29/07/2025,Varejo,1,264.9,129.35,135.55,Venda
SKU_1768_PEA,29/07/2025,Varejo,1,624.9,303.99,320.91,Venda
SKU_1759_COB,29/07/2025,E-commerce,1,269.9,93.79,176.11,Venda
SKU_1730_OFF,29/07/2025,Atacado,3,959.7,551.94,135.92,Venda
SKU_1736_JAD,29/07/2025,Atacado,8,2599.2,1173.12,178.26,Venda
SKU_1703_BLU,29/07/2025,Varejo,1,269.9,112.75,157.15,Venda
SKU_1530_HON,29/07/2025,Varejo,1,129.9,49.24,80.66,Venda
SKU_2108_BLU,29/07/2025,Varejo,1,299.9,91.66,208.24,Venda
SKU_1443_BLU,29/07/2025,Atacado,10,2699.0,1290.5,140.85,Venda
SKU_1723_COB,29/07/2025,Varejo,2,869.8,324.42,272.69,Venda
SKU_2101_PAS,29/07/2025,Varejo,1,244.9,87.21,157.69,Venda
SKU_1774_MOS,29/07/2025,E-commerce,1,204.9,67.78,137.12,Venda
SKU_1687_FOR,29/07/2025,Varejo,1,899.9,331.19,568.71,Venda
SKU_1722_PAS,29/07/2025,Atacado,6,1949.4,937.44,168.66,Venda
SKU_1793_WHI,29/07/2025,Atacado,2,379.8,185.96,96.92,Venda
SKU_2030_BRI,29/07/2025,Varejo,1,344.9,113.25,231.65,Venda
SKU_1690_MAG,29/07/2025,Atacado,6,3239.4,1774.8,244.1,Venda
SKU_1617_MIN,29/07/2025,Atacado,4,659.6,322.68,84.23,Venda
SKU_1650_OLI,29/07/2025,Atacado,4,4019.6,1918.64,525.24,Venda
SKU_1623_SER,29/07/2025,Varejo,1,914.9,418.37,496.53,Venda
SKU_1683_PAL,29/07/2025,Varejo,2,629.8,295.06,167.37,Venda
SKU_2037_SNO,29/07/2025,Atacado,4,2899.6,1378.2,380.35,Venda
SKU_1517_FOR,29/07/2025,Atacado,8,9599.2,5189.76,551.18,Venda
SKU_1558_CLE,29/07/2025,Atacado,8,2639.2,1125.12,189.26,Venda
SKU_1721_COR,29/07/2025,Varejo,1,419.9,199.74,220.16,Venda
SKU_1676_PIN,29/07/2025,Varejo,1,169.9,68.13,101.77,Venda
SKU_1943_FUC,29/07/2025,E-commerce,1,279.9,87.88,192.02,Venda
SKU_1747_TEA,29/07/2025,Varejo,1,174.9,75.37,99.53,Venda
SKU_1763_HOT,29/07/2025,Varejo,2,599.8,247.8,176.0,Venda
SKU_1797_BLU,29/07/2025,Atacado,10,3799.0,1822.4,197.66,Venda
SKU_1696_SHO,29/07/2025,Atacado,5,1399.5,674.8,144.94,Venda
SKU_1731_MIN,29/07/2025,E-commerce,1,909.9,292.1,617.8,Venda
SKU_1408_FUC,29/07/2025,Varejo,1,919.9,333.22,586.68,Venda
SKU_1694_SER,29/07/2025,Varejo,2,559.8,214.08,172.86,Venda
SKU_1496_PAS,29/07/2025,Atacado,2,2269.8,1058.94,605.43,Venda
SKU_1418_CLE,29/07/2025,Varejo,1,844.9,335.98,508.92,Venda
SKU_1434_ARM,29/07/2025,Varejo,1,209.9,101.84,108.06,Venda
SKU_1754_IVO,29/07/2025,Atacado,2,679.8,304.82,187.49,Venda
SKU_1559_SKY,29/07/2025,E-commerce,1,1199.9,488.11,711.79,Venda
SKU_1784_BLA,29/07/2025,Varejo,1,309.9,107.89,202.01,Venda
SKU_1782_NAV,29/07/2025,E-commerce,2,499.8,217.72,141.04,Venda
SKU_1773_OLI,29/07/2025,Atacado,6,1949.4,965.64,163.96,Venda
SKU_1471_ROS,29/07/2025,E-commerce,3,614.7,287.34,109.12,Venda
SKU_1588_PAS,29/07/2025,Atacado,4,1959.6,1035.24,231.09,Venda
SKU_1772_SNO,29/07/2025,E-commerce,1,414.9,162.99,251.91,Venda
SKU_1647_ARM,29/07/2025,Atacado,4,1359.6,672.16,171.86,Venda
SKU_1706_JAD,29/07/2025,Atacado,5,924.5,439.05,97.09,Venda
SKU_1746_EME,29/07/2025,Atacado,4,719.6,332.64,96.74,Venda
SKU_1723_COB,29/07/2025,E-commerce,1,434.9,201.0,233.9,Venda
SKU_1772_SNO,29/07/2025,Atacado,8,3319.2,1588.96,216.28,Venda
SKU_1578_TEA,29/07/2025,Atacado,8,999.2,444.0,69.4,Venda
SKU_1777_FRE,29/07/2025,Atacado,4,959.6,506.88,113.18,Venda
SKU_1601_AQU,29/07/2025,Varejo,1,734.9,346.13,388.77,Venda
SKU_1926_IVO,29/07/2025,Atacado,3,809.7,359.49,150.07,Venda
SKU_1720_PAS,29/07/2025,Varejo,1,224.9,72.1,152.8,Venda
SKU_1704_BAB,29/07/2025,Atacado,4,1339.6,662.24,169.34,Venda
SKU_1752_SPA,29/07/2025,Varejo,2,859.8,418.58,220.61,Venda
SKU_2111_SNO,29/07/2025,E-commerce,1,234.9,85.67,149.23,Venda
SKU_1712_MOS,29/07/2025,Varejo,1,179.9,65.37,114.53,Venda
SKU_1435_OLI,29/07/2025,Varejo,1,1009.9,440.18,569.72,Venda
SKU_1920_NAV,29/07/2025,Varejo,1,254.9,89.97,164.93,Venda
SKU_1765_PAS,29/07/2025,Atacado,3,779.7,393.0,128.9,Venda
SKU_1516_CRE,29/07/2025,Varejo,1,349.9,117.02,232.88,Venda
SKU_1481_BLA,29/07/2025,E-commerce,1,809.9,316.31,493.59,Venda
SKU_1687_WHI,29/07/2025,Varejo,2,1799.8,799.04,500.38,Venda
SKU_1758_CLO,29/07/2025,Atacado,10,1799.0,972.0,82.7,Venda
SKU_1780_LIG,29/07/2025,Varejo,1,334.9,110.94,223.96,Venda
SKU_1739_AQU,29/07/2025,Varejo,1,254.9,116.28,138.62,Venda
SKU_1461_PRI,29/07/2025,Varejo,1,1069.9,444.9,625.0,Venda
SKU_1743_DEE,29/07/2025,Varejo,1,439.9,148.0,291.9,Venda
SKU_1579_DEN,29/07/2025,Varejo,1,229.9,112.02,117.88,Venda
SKU_1578_PAS,29/07/2025,Varejo,1,124.9,62.27,62.63,Venda
SKU_2010_SPA,29/07/2025,E-commerce,1,919.9,307.36,612.54,Venda
SKU_1695_LIM,29/07/2025,Atacado,2,419.8,188.08,115.86,Venda
SKU_1858_IVO,29/07/2025,Atacado,6,5399.4,2610.18,464.87,Venda
SKU_1727_LIG,29/07/2025,Atacado,2,309.8,141.24,84.28,Venda
SKU_1688_LIG,29/07/2025,Varejo,2,859.8,388.74,235.53,Venda
SKU_1690_MAG,29/07/2025,Atacado,4,2159.6,1033.6,281.5,Venda
SKU_1798_OFF,29/07/2025,Atacado,6,2519.4,1063.56,242.64,Venda
SKU_1939_ROS,29/07/2025,Varejo,1,159.9,66.29,93.61,Venda
SKU_1700_PIS,29/07/2025,E-commerce,1,699.9,321.71,378.19,Venda
SKU_1703_BLU,29/07/2025,Atacado,3,809.7,346.11,154.53,Venda
SKU_1763_MAR,29/07/2025,Atacado,4,1199.6,644.28,138.83,Venda
SKU_1718_DUS,29/07/2025,Atacado,6,2219.4,1051.38,194.67,Venda
SKU_1891_MAR,29/07/2025,Atacado,6,1979.4,1011.36,161.34,Venda
SKU_2052_NAV,29/07/2025,Atacado,4,1199.6,611.0,147.15,Venda
SKU_1730_MIN,29/07/2025,Varejo,2,639.8,275.2,182.3,Venda
SKU_1722_PAS,29/07/2025,Varejo,1,324.9,161.87,163.03,Venda
SKU_1792_AQU,29/07/2025,Varejo,1,439.9,156.97,282.93,Venda
SKU_1724_PEA,29/07/2025,Atacado,3,3344.7,1907.64,479.02,Venda
SKU_1635_SAG,29/07/2025,Varejo,2,1209.8,441.48,384.16,Venda
SKU_1929_COB,29/07/2025,Varejo,1,294.9,108.29,186.61,Venda
SKU_1517_FOR,29/07/2025,E-commerce,1,1199.9,503.83,696.07,Venda
SKU_1700_PIS,29/07/2025,E-commerce,1,699.9,320.1,379.8,Venda
SKU_1408_FUC,29/07/2025,Varejo,1,919.9,360.68,559.22,Venda
SKU_1755_AQU,29/07/2025,E-commerce,1,334.9,142.63,192.27,Venda
SKU_1508_LIM,29/07/2025,Atacado,5,1049.5,529.65,103.97,Venda
SKU_1689_MAG,29/07/2025,Varejo,4,3859.6,1766.84,523.19,Venda
SKU_1760_PAS,29/07/2025,Varejo,1,249.9,91.17,158.73,Venda
SKU_1752_SPA,29/07/2025,Varejo,1,429.9,147.12,282.78,Venda
SKU_1750_MIN,29/07/2025,Varejo,1,369.9,166.96,202.94,Venda
SKU_1727_WHI,29/07/2025,Atacado,8,1239.2,538.24,87.62,Venda
SKU_1741_PEA,29/07/2025,E-commerce,1,239.9,84.34,155.56,Venda
SKU_1778_MIN,29/07/2025,E-commerce,1,284.9,141.03,143.87,Venda
SKU_1559_SKY,29/07/2025,Varejo,1,1199.9,474.13,725.77,Venda
SKU_1798_MOS,29/07/2025,Atacado,6,2519.4,1336.98,197.07,Venda
SKU_1739_MOS,29/07/2025,Atacado,6,1529.4,800.82,121.43,Venda
SKU_1678_MAG,29/07/2025,E-commerce,1,714.9,258.98,455.92,Venda
SKU_1716_AQU,29/07/2025,Atacado,4,659.6,316.48,85.78,Venda
SKU_1755_BIR,29/07/2025,Atacado,5,1674.5,745.5,185.8,Venda
SKU_1485_CER,29/07/2025,Atacado,4,2659.6,1332.4,331.8,Venda
SKU_1725_OFF,29/07/2025,Atacado,6,1469.4,738.66,121.79,Venda
SKU_1782_NAV,29/07/2025,Varejo,1,249.9,105.15,144.75,Venda
SKU_1698_SNO,29/07/2025,E-commerce,1,419.9,167.51,252.39,Venda
SKU_1730_OFF,29/07/2025,E-commerce,1,319.9,155.3,164.6,Venda
SKU_1586_EGR,29/07/2025,Atacado,5,1524.5,730.5,158.8,Venda
SKU_1765_PAS,29/07/2025,Atacado,3,779.7,410.1,123.2,Venda
SKU_1690_MYS,29/07/2025,Atacado,3,1619.7,816.36,267.78,Venda
SKU_1631_SNO,29/07/2025,Atacado,10,1799.0,763.8,103.52,Venda
SKU_1706_BLA,29/07/2025,E-commerce,1,184.9,70.11,114.79,Venda
SKU_1723_MOS,29/07/2025,Atacado,4,1739.6,830.6,227.25,Venda
SKU_1739_MOS,29/07/2025,Atacado,5,1274.5,711.65,112.57,Venda
SKU_1723_MOS,29/07/2025,Atacado,4,1739.6,969.0,192.65,Venda
SKU_1691_ROS,29/07/2025,Atacado,5,1549.5,740.5,161.8,Venda
SKU_1713_SAL,29/07/2025,Atacado,8,4039.2,1772.72,283.31,Venda
SKU_1733_SAG,29/07/2025,Varejo,1,349.9,146.53,203.37,Venda
SKU_1619_PAS,29/07/2025,Atacado,8,1599.2,905.92,86.66,Venda
SKU_1755_AQU,29/07/2025,Varejo,1,334.9,161.71,173.19,Venda
SKU_1754_IVO,29/07/2025,Atacado,4,1359.6,768.0,147.9,Venda
SKU_1695_LIM,29/07/2025,Atacado,10,2099.0,1032.7,106.63,Venda
SKU_1461_PRI,29/07/2025,Varejo,1,1069.9,342.01,727.89,Venda
SKU_1796_OLI,29/07/2025,Atacado,5,2524.5,1383.05,228.29,Venda
SKU_1733_NAV,29/07/2025,E-commerce,1,349.9,111.56,238.34,Venda
SKU_1771_EME,29/07/2025,Varejo,1,264.9,115.67,149.23,Venda
SKU_1680_NAV,29/07/2025,Varejo,1,334.9,161.02,173.88,Venda
SKU_1404_SAP,29/07/2025,Varejo,2,2039.8,650.72,694.54,Venda
SKU_1761_SAP,29/07/2025,Varejo,2,2209.8,974.44,617.68,Venda
SKU_1698_SNO,29/07/2025,Varejo,2,839.8,311.54,264.13,Venda
SKU_1921_PIN,29/07/2025,Varejo,1,249.9,95.4,154.5,Venda
SKU_1725_OFF,29/07/2025,Atacado,2,489.8,258.12,115.84,Venda
SKU_1683_SHO,29/07/2025,Varejo,2,629.8,206.0,211.9,Venda
SKU_1637_WHI,29/07/2025,Atacado,5,4599.5,2126.95,494.51,Venda
SKU_1981_SEA,29/07/2025,Atacado,6,3089.4,1713.06,229.39,Venda
SKU_1994_LIM,29/07/2025,Atacado,2,539.8,261.96,138.92,Venda
SKU_2071_PAS,29/07/2025,Atacado,2,519.8,274.78,122.51,Venda
SKU_1818_BRI,29/07/2025,Atacado,5,1024.5,493.3,106.24,Venda
SKU_1845_TUR,29/07/2025,Atacado,2,1639.8,907.02,366.39,Venda
SKU_1816_WHI,29/07/2025,Atacado,6,1439.4,762.66,112.79,Venda
SKU_1684_SHO,29/07/2025,Varejo,2,369.8,156.78,106.51,Venda
SKU_1457_MAG,29/07/2025,Varejo,2,319.8,134.44,92.68,Venda
SKU_1721_FRE,29/07/2025,E-commerce,1,419.9,171.38,248.52,Venda
SKU_2060_VAN,29/07/2025,Atacado,2,1869.8,833.1,518.35,Venda
SKU_1793_WHI,29/07/2025,E-commerce,1,189.9,77.02,112.88,Venda
SKU_1574_GAR,29/07/2025,Varejo,1,604.9,298.57,306.33,Venda
SKU_1738_ROY,29/07/2025,Varejo,1,194.9,73.44,121.46,Venda
SKU_1688_LIG,29/07/2025,Varejo,2,859.8,298.24,280.78,Venda
SKU_1760_PAS,29/07/2025,Varejo,1,249.9,92.47,157.43,Venda
SKU_2050_MOS,29/07/2025,Atacado,8,3639.2,1732.16,238.38,Venda
SKU_1773_FRE,29/07/2025,Varejo,1,324.9,107.84,217.06,Venda
SKU_1533_DUS,29/07/2025,Atacado,6,989.4,522.06,77.89,Venda
SKU_1719_WHI,29/07/2025,Atacado,10,3199.0,1649.8,154.92,Venda
SKU_1692_BLU,29/07/2025,Atacado,6,1319.4,687.72,105.28,Venda
SKU_1707_SAP,29/07/2025,Varejo,1,279.9,92.76,187.14,Venda
SKU_1482_SHO,29/07/2025,Atacado,6,2669.4,1270.08,233.22,Venda
SKU_1692_BLU,29/07/2025,Varejo,2,439.8,163.44,138.18,Venda
SKU_1655_SNO,29/07/2025,Atacado,5,3224.5,1947.35,255.43,Venda
SKU_1739_MOS,29/07/2025,E-commerce,1,254.9,122.86,132.04,Venda
SKU_1740_FRE,29/07/2025,Atacado,10,2149.0,1046.8,110.22,Venda
SKU_1742_DEN,29/07/2025,Atacado,5,1299.5,625.25,134.85,Venda
SKU_1792_MIN,29/07/2025,Varejo,1,439.9,163.67,276.23,Venda
SKU_1611_MID,29/07/2025,Atacado,8,1759.2,768.56,123.83,Venda
SKU_1494_HOT,29/07/2025,Atacado,2,2169.8,990.12,589.84,Venda
SKU_1704_BAB,29/07/2025,E-commerce,1,334.9,111.57,223.33,Venda
SKU_1762_BRI,29/07/2025,Atacado,8,2039.2,863.6,146.95,Venda
SKU_1696_SER,29/07/2025,Varejo,2,559.8,263.98,147.91,Venda
SKU_1766_MYS,29/07/2025,Atacado,6,2369.4,1114.74,209.11,Venda
SKU_2022_ROY,29/07/2025,Atacado,6,1679.4,720.0,159.9,Venda
SKU_1722_AQU,29/07/2025,Atacado,10,3249.0,1763.7,148.53,Venda
SKU_1973_MYS,29/07/2025,Varejo,1,319.9,106.93,212.97,Venda
SKU_1618_SAP,29/07/2025,Atacado,10,1799.0,793.3,100.57,Venda
SKU_2077_MOS,29/07/2025,Atacado,2,409.8,190.1,109.85,Venda
SKU_1616_COR,29/07/2025,E-commerce,1,1024.9,371.26,653.64,Venda
SKU_1757_TUR,29/07/2025,Atacado,10,2649.0,1153.9,149.51,Venda
SKU_1771_PIN,29/07/2025,Atacado,5,1324.5,598.7,145.16,Venda
SKU_1640_IVO,29/07/2025,Varejo,1,219.9,102.4,117.5,Venda
SKU_1722_AQU,29/07/2025,E-commerce,1,324.9,118.78,206.12,Venda
SKU_1734_FRE,29/07/2025,Atacado,6,2099.4,979.14,186.71,Venda
SKU_1704_PEA,29/07/2025,Varejo,1,334.9,147.99,186.91,Venda
SKU_1426_SEA,29/07/2025,Atacado,12,1558.8,713.28,70.46,Venda
SKU_2043_ROS,29/07/2025,E-commerce,1,349.9,135.93,213.97,Venda
SKU_1548_HOT,29/07/2025,Atacado,8,3799.2,1632.24,270.87,Venda
SKU_1743_DEE,29/07/2025,Varejo,1,439.9,156.56,283.34,Venda
SKU_1724_PEA,29/07/2025,E-commerce,1,1114.9,494.98,619.92,Venda
SKU_1701_SPA,29/07/2025,Atacado,3,1019.7,525.15,164.85,Venda
SKU_1765_MYS,29/07/2025,Varejo,1,259.9,108.84,151.06,Venda
SKU_1667_LIG,29/07/2025,Atacado,8,1679.2,927.84,93.92,Venda
SKU_1754_IVO,29/07/2025,Varejo,1,339.9,124.92,214.98,Venda
SKU_1773_FRE,29/07/2025,Atacado,4,1299.6,739.52,140.02,Venda
SKU_1772_SNO,29/07/2025,Atacado,4,1659.6,878.96,195.16,Venda
SKU_1778_TEA,29/07/2025,Atacado,5,1424.5,816.95,121.51,Venda
SKU_1785_HUN,29/07/2025,E-commerce,1,244.9,99.59,145.31,Venda
SKU_1391_LIG,29/07/2025,E-commerce,1,284.9,136.38,148.52,Venda
SKU_1790_EGR,29/07/2025,E-commerce,1,259.9,121.17,138.73,Venda
SKU_1600_SHO,29/07/2025,Varejo,1,394.9,122.93,271.97,Venda
SKU_1769_WHI,29/07/2025,E-commerce,1,324.9,140.99,183.91,Venda
SKU_1783_EGR,29/07/2025,E-commerce,1,1199.9,364.69,835.21,Venda
SKU_1791_ARM,29/07/2025,E-commerce,1,264.9,101.82,163.08,Venda
SKU_1756_FLA,29/07/2025,Varejo,1,179.9,80.0,99.9,Venda
SKU_1773_FRE,29/07/2025,Atacado,8,2599.2,1238.8,170.05,Venda
SKU_1732_OFF,29/07/2025,Varejo,1,1114.9,389.06,725.84,Venda
SKU_1708_FLA,29/07/2025,Varejo,2,339.8,132.18,103.81,Venda
SKU_1644_PEA,29/07/2025,Atacado,12,3838.8,1737.72,175.09,Venda
SKU_1604_SNO,29/07/2025,Atacado,12,7258.8,3532.8,310.5,Venda
SKU_1725_BAB,29/07/2025,E-commerce,1,244.9,78.8,166.1,Venda
SKU_1759_COB,29/07/2025,E-commerce,1,269.9,106.26,163.64,Venda
SKU_1689_MAG,29/07/2025,Varejo,1,964.9,389.09,575.81,Venda
SKU_1686_MOS,29/07/2025,E-commerce,1,214.9,82.83,132.07,Venda
SKU_1727_LIG,29/07/2025,Varejo,1,154.9,47.98,106.92,Venda
SKU_1706_BLA,29/07/2025,Varejo,2,369.8,158.56,105.62,Venda
SKU_1757_TUR,29/07/2025,Atacado,12,3178.8,1481.04,141.48,Venda
SKU_1683_SHO,29/07/2025,Atacado,5,1574.5,938.3,127.24,Venda
SKU_1786_TEA,29/07/2025,Varejo,1,179.9,58.5,121.4,Venda
SKU_1591_MYS,29/07/2025,E-commerce,1,889.9,288.47,601.43,Venda
SKU_1423_JAD,29/07/2025,Varejo,1,1199.9,479.11,720.79,Venda
SKU_1418_MOS,29/07/2025,Atacado,10,8449.0,4173.0,427.6,Venda
SKU_1705_SER,29/07/2025,Varejo,4,1639.6,522.52,279.27,Venda
SKU_1465_CLE,29/07/2025,Atacado,4,1259.6,586.64,168.24,Venda
SKU_1724_PIN,29/07/2025,Varejo,1,1114.9,524.84,590.06,Venda
SKU_1767_FUC,29/07/2025,Atacado,5,1024.5,430.5,118.8,Venda
SKU_1737_DEE,29/07/2025,Atacado,8,6159.2,2686.08,434.14,Venda
SKU_1716_AQU,29/07/2025,Atacado,8,1319.2,592.72,90.81,Venda
SKU_1735_MOS,29/07/2025,E-commerce,1,269.9,81.6,188.3,Venda
SKU_1861_SAP,29/07/2025,Varejo,1,194.9,59.35,135.55,Venda
SKU_1714_DEE,29/07/2025,Varejo,2,609.8,289.26,160.27,Venda
SKU_1766_MYS,29/07/2025,Atacado,5,1974.5,847.7,225.36,Venda
SKU_1787_BAB,29/07/2025,Atacado,5,1449.5,688.6,152.18,Venda
SKU_1769_WHI,29/07/2025,Varejo,1,324.9,130.53,194.37,Venda
SKU_1754_SER,29/07/2025,E-commerce,1,339.9,153.88,186.02,Venda
SKU_1772_BLU,29/07/2025,Varejo,1,414.9,157.86,257.04,Venda
SKU_1726_PAS,29/07/2025,Atacado,4,1719.6,852.48,216.78,Venda
SKU_1783_EGR,29/07/2025,E-commerce,2,2399.8,1128.96,635.42,Venda
SKU_1444_HUN,29/07/2025,Varejo,2,479.8,151.2,164.3,Venda
SKU_1726_PAS,29/07/2025,Varejo,1,429.9,160.48,269.42,Venda
SKU_1722_AQU,29/07/2025,Atacado,4,1299.6,615.28,171.08,Venda
SKU_1583_BLU,29/07/2025,Varejo,1,254.9,79.32,175.58,Venda
SKU_1419_WHI,29/07/2025,Atacado,4,999.6,492.64,126.74,Venda
SKU_1822_SEA,29/07/2025,Varejo,1,309.9,107.84,202.06,Venda
SKU_1495_BLA,29/07/2025,Atacado,6,1979.4,957.36,170.34,Venda
SKU_1731_ARM,29/07/2025,Varejo,1,909.9,347.62,562.28,Venda
SKU_1723_MOS,29/07/2025,Varejo,1,434.9,216.93,217.97,Venda
SKU_1693_FLA,29/07/2025,Atacado,6,1229.4,587.04,107.06,Venda
SKU_1705_JAD,29/07/2025,Atacado,5,2049.5,932.95,223.31,Venda
SKU_1646_BLU,29/07/2025,Varejo,1,204.9,65.56,139.34,Venda
SKU_1764_FUC,29/07/2025,Varejo,1,234.9,101.14,133.76,Venda
SKU_1718_DUS,29/07/2025,Atacado,4,1479.6,661.92,204.42,Venda
SKU_1680_NAV,29/07/2025,Varejo,1,334.9,145.01,189.89,Venda
SKU_1764_MAR,29/07/2025,Atacado,8,1879.2,945.52,116.71,Venda
SKU_1430_PEA,29/07/2025,E-commerce,1,179.9,74.86,105.04,Venda
SKU_1839_BAB,29/07/2025,Atacado,5,1474.5,917.55,111.39,Venda
SKU_1781_CLE,29/07/2025,Varejo,1,129.9,42.75,87.15,Venda
SKU_1745_FOR,29/07/2025,Atacado,2,819.8,385.66,217.07,Venda
SKU_1677_VAN,29/07/2025,Varejo,1,569.9,268.46,301.44,Venda
SKU_1703_BLU,29/07/2025,E-commerce,1,269.9,115.65,154.25,Venda
SKU_1745_PEA,29/07/2025,Atacado,3,1229.7,526.68,234.34,Venda
SKU_1764_FUC,29/07/2025,Atacado,6,1409.4,643.5,127.65,Venda
SKU_1744_LIG,29/07/2025,Atacado,4,1059.6,588.76,117.71,Venda
SKU_1772_BLU,29/07/2025,Atacado,10,4149.0,1976.2,217.28,Venda
SKU_1745_FOR,29/07/2025,Atacado,4,1639.6,773.36,216.56,Venda
SKU_1692_BLU,29/07/2025,Atacado,12,2638.8,1406.28,102.71,Venda
SKU_1728_MID,29/07/2025,Varejo,1,329.9,137.58,192.32,Venda
SKU_1636_SHO,29/07/2025,Varejo,1,439.9,146.48,293.42,Venda
SKU_1958_BLU,29/07/2025,Varejo,2,369.8,177.32,96.24,Venda
SKU_1785_PAS,29/07/2025,Varejo,3,734.7,300.72,144.66,Venda
SKU_1705_SER,29/07/2025,Atacado,4,1639.6,744.84,223.69,Venda
SKU_1615_SHO,29/07/2025,Atacado,3,1394.7,803.94,196.92,Venda
SKU_1748_COB,29/07/2025,Varejo,1,309.9,152.9,157.0,Venda
SKU_1739_MOS,29/07/2025,Atacado,6,1529.4,687.3,140.35,Venda
SKU_1448_SKY,29/07/2025,Varejo,1,179.9,64.32,115.58,Venda
SKU_1745_PEA,29/07/2025,Atacado,2,819.8,402.62,208.59,Venda
SKU_1699_COB,29/07/2025,Varejo,1,329.9,132.68,197.22,Venda
SKU_1450_JAD,29/07/2025,Atacado,3,1229.7,561.6,222.7,Venda
SKU_1671_SEA,29/07/2025,Varejo,3,1049.7,453.57,198.71,Venda
SKU_1763_MAR,29/07/2025,Atacado,3,899.7,397.23,167.49,Venda
SKU_1579_SAG,29/07/2025,Varejo,1,229.9,95.78,134.12,Venda
SKU_1771_EME,29/07/2025,Varejo,2,529.8,252.68,138.56,Venda
SKU_1991_PIN,29/07/2025,Atacado,2,599.8,252.8,173.5,Venda
SKU_1696_SHO,29/07/2025,Varejo,1,279.9,101.84,178.06,Venda
SKU_1708_FRE,29/07/2025,Atacado,12,2038.8,1042.32,83.04,Venda
SKU_1724_PIN,29/07/2025,Atacado,8,8919.2,5042.4,484.6,Venda
SKU_1798_MOS,29/07/2025,Atacado,5,2099.5,1075.0,204.9,Venda
SKU_1702_COR,29/07/2025,Atacado,3,1859.7,892.11,322.53,Venda
SKU_1718_DUS,29/07/2025,E-commerce,1,369.9,118.98,250.92,Venda
SKU_1479_FUC,29/07/2025,Varejo,1,554.9,232.95,321.95,Venda
SKU_1705_SER,29/07/2025,Varejo,1,409.9,194.81,215.09,Venda
SKU_1729_CLE,29/07/2025,Varejo,1,174.9,80.16,94.74,Venda
SKU_1755_BIR,29/07/2025,E-commerce,1,334.9,146.59,188.31,Venda
SKU_1714_DEE,29/07/2025,Varejo,1,304.9,132.8,172.1,Venda
SKU_1739_AQU,29/07/2025,Atacado,8,2039.2,870.0,146.15,Venda
SKU_1957_CRE,29/07/2025,Varejo,1,189.9,72.56,117.34,Venda
SKU_1405_FLA,29/07/2025,Varejo,1,214.9,95.4,119.5,Venda
SKU_1701_SPA,29/07/2025,Atacado,12,4078.8,2300.04,148.23,Venda
SKU_1756_FLA,29/07/2025,E-commerce,1,179.9,84.07,95.83,Venda
SKU_1713_SAL,29/07/2025,Varejo,3,1514.7,518.4,332.1,Venda
SKU_1713_SAL,29/07/2025,Atacado,5,2524.5,1115.5,281.8,Venda
SKU_1682_OLI,29/07/2025,Atacado,4,939.6,483.6,114.0,Venda
SKU_1730_MIN,29/07/2025,Atacado,5,1599.5,682.2,183.46,Venda
SKU_1700_HUN,29/07/2025,Varejo,2,1399.8,440.56,479.62,Venda
SKU_1794_LIG,29/07/2025,Atacado,10,2099.0,1119.0,98.0,Venda
SKU_1726_PAS,29/07/2025,Atacado,3,1289.7,622.8,222.3,Venda
SKU_1730_OFF,29/07/2025,Atacado,4,1279.6,718.44,140.29,Venda
SKU_1780_LIG,29/07/2025,Atacado,3,1004.7,446.94,185.92,Venda
SKU_1986_TEA,29/07/2025,E-commerce,1,209.9,87.87,122.03,Venda
SKU_1796_OLI,29/07/2025,Varejo,1,504.9,168.0,336.9,Venda
SKU_1724_PEA,29/07/2025,Atacado,6,6689.4,3199.5,581.65,Venda
SKU_1701_BLU,29/07/2025,Atacado,4,1359.6,611.4,187.05,Venda
SKU_1772_SNO,29/07/2025,Varejo,2,829.8,336.9,246.45,Venda
SKU_1768_MIN,29/07/2025,Varejo,1,624.9,283.21,341.69,Venda
SKU_1763_HOT,29/07/2025,Varejo,2,599.8,263.42,168.19,Venda
SKU_1745_PEA,29/07/2025,Atacado,4,1639.6,783.92,213.92,Venda
SKU_1767_PRI,29/07/2025,Atacado,5,1024.5,521.55,100.59,Venda
SKU_1758_HON,29/07/2025,E-commerce,1,179.9,85.82,94.08,Venda
SKU_1488_IVO,29/07/2025,Varejo,1,339.9,143.89,196.01,Venda
SKU_1785_PAS,29/07/2025,Varejo,1,244.9,121.13,123.77,Venda
SKU_1445_PRI,29/07/2025,Atacado,6,2459.4,1420.02,173.23,Venda
SKU_1795_RAS,29/07/2025,Atacado,8,2399.2,1178.4,152.6,Venda
SKU_1500_MOS,29/07/2025,Varejo,3,779.7,290.07,163.21,Venda
SKU_1758_CLO,29/07/2025,Atacado,5,899.5,442.4,91.42,Venda
SKU_1470_WHI,29/07/2025,Atacado,4,3679.6,1604.6,518.75,Venda
SKU_1595_MYS,29/07/2025,Varejo,1,299.9,117.77,182.13,Venda
SKU_1727_WHI,29/07/2025,Atacado,5,774.5,354.1,84.08,Venda
SKU_1793_MIN,29/07/2025,Atacado,5,949.5,485.05,92.89,Venda
SKU_1759_COB,29/07/2025,E-commerce,1,269.9,83.26,186.64,Venda
SKU_2058_MOS,29/07/2025,Varejo,1,209.9,87.49,122.41,Venda
SKU_1721_FRE,29/07/2025,Atacado,3,1259.7,557.49,234.07,Venda
SKU_1800_MOS,29/07/2025,E-commerce,1,279.9,94.05,185.85,Venda
SKU_1458_MIN,29/07/2025,E-commerce,1,349.9,160.87,189.03,Venda
SKU_1779_LIG,29/07/2025,Atacado,6,1289.4,680.58,101.47,Venda
SKU_1766_CLE,29/07/2025,Atacado,8,3159.2,1534.64,203.07,Venda
SKU_1745_FOR,29/07/2025,Varejo,1,409.9,167.66,242.24,Venda
SKU_1526_FOR,29/07/2025,E-commerce,2,339.8,130.64,104.58,Venda
SKU_1770_DEE,29/07/2025,Varejo,2,439.8,207.16,116.32,Venda
SKU_1923_PEA,29/07/2025,E-commerce,2,379.8,124.98,127.41,Venda
SKU_1398_SPA,29/07/2025,Varejo,2,1349.8,428.78,460.51,Venda
SKU_1515_SEA,29/07/2025,Varejo,1,194.9,94.15,100.75,Venda
SKU_2017_FRE,29/07/2025,Atacado,8,2279.2,1141.36,142.23,Venda
SKU_1742_EME,29/07/2025,Atacado,6,1559.4,745.5,135.65,Venda
SKU_1583_WHI,29/07/2025,Varejo,3,764.7,263.01,167.23,Venda
SKU_1584_AQU,29/07/2025,Atacado,8,1479.2,783.84,86.92,Venda
SKU_1785_PAS,29/07/2025,E-commerce,1,244.9,108.6,136.3,Venda
SKU_1755_AQU,29/07/2025,E-commerce,1,334.9,131.21,203.69,Venda
SKU_1605_VAN,29/07/2025,Atacado,4,879.6,459.88,104.93,Venda
SKU_1772_BLU,29/07/2025,E-commerce,1,414.9,140.19,274.71,Venda
SKU_1901_MIN,29/07/2025,Atacado,5,1174.5,562.25,122.45,Venda
SKU_1794_FLA,29/07/2025,E-commerce,1,209.9,74.78,135.12,Venda
SKU_1768_MIN,29/07/2025,E-commerce,1,624.9,266.55,358.35,Venda
SKU_2117_SAL,29/07/2025,Atacado,3,2309.7,976.77,444.31,Venda
SKU_1793_WHI,29/07/2025,Atacado,10,1899.0,824.0,107.5,Venda
SKU_1792_MIN,29/07/2025,E-commerce,1,439.9,137.27,302.63,Venda
SKU_1650_OLI,29/07/2025,Atacado,3,3014.7,1364.37,550.11,Venda
SKU_1691_HUN,29/07/2025,Atacado,3,929.7,490.38,146.44,Venda
SKU_1901_LIM,29/07/2025,E-commerce,1,234.9,80.1,154.8,Venda
SKU_1700_PIS,29/07/2025,Atacado,3,2099.7,993.42,368.76,Venda
SKU_1768_PEA,29/07/2025,Atacado,3,1874.7,946.77,309.31,Venda
SKU_1421_LIG,29/07/2025,Varejo,1,229.9,108.99,120.91,Venda
SKU_1724_PEA,29/07/2025,Atacado,5,5574.5,2666.75,581.55,Venda
SKU_1777_FRE,29/07/2025,Atacado,12,2878.8,1318.32,130.04,Venda
SKU_1563_MEX,29/07/2025,Varejo,2,299.8,95.04,102.38,Venda
SKU_1463_DUS,29/07/2025,Atacado,2,519.8,244.44,137.68,Venda
SKU_1777_FRE,29/07/2025,Atacado,4,959.6,404.6,138.75,Venda
SKU_1688_LIG,29/07/2025,Atacado,4,1719.6,809.24,227.59,Venda
SKU_1585_BLA,29/07/2025,E-commerce,2,639.8,222.2,208.8,Venda
SKU_1531_TEA,29/07/2025,Varejo,1,549.9,186.19,363.71,Venda
SKU_1801_MOS,29/07/2025,E-commerce,1,374.9,121.89,253.01,Venda
SKU_1762_BRI,29/07/2025,Atacado,6,1529.4,676.98,142.07,Venda
SKU_1713_SNO,29/07/2025,E-commerce,1,504.9,228.49,276.41,Venda
SKU_1721_COR,29/07/2025,Atacado,3,1259.7,635.73,207.99,Venda
SKU_1791_ARM,29/07/2025,E-commerce,1,264.9,115.35,149.55,Venda
SKU_1766_MYS,29/07/2025,Varejo,1,394.9,145.67,249.23,Venda
SKU_1695_LIM,29/07/2025,Varejo,1,209.9,92.73,117.17,Venda
SKU_1765_PAS,29/07/2025,Varejo,1,259.9,104.63,155.27,Venda
SKU_1706_BLA,29/07/2025,Varejo,3,554.7,263.31,97.13,Venda
SKU_1749_BIR,29/07/2025,Atacado,8,2799.2,1339.92,182.41,Venda
SKU_1758_CLO,29/07/2025,Varejo,1,179.9,63.77,116.13,Venda
SKU_1594_WHI,29/07/2025,E-commerce,1,499.9,192.37,307.53,Venda
SKU_1931_COR,29/07/2025,Atacado,2,1489.8,780.54,354.63,Venda
SKU_1747_FUC,29/07/2025,Atacado,4,699.6,350.08,87.38,Venda
SKU_1910_MYS,29/07/2025,Atacado,12,8998.8,4966.68,336.01,Venda
SKU_1692_BLU,29/07/2025,E-commerce,1,219.9,98.27,121.63,Venda
SKU_1684_SHO,29/07/2025,Varejo,1,184.9,56.83,128.07,Venda
SKU_1685_COB,29/07/2025,Varejo,1,664.9,247.35,417.55,Venda
SKU_1440_BLU,29/07/2025,Atacado,8,9599.2,4130.16,683.63,Venda
SKU_1551_ROS,29/07/2025,Atacado,6,1319.4,605.28,119.02,Venda
SKU_1398_SPA,29/07/2025,Atacado,5,3374.5,1767.55,321.39,Venda
SKU_1614_VAN,29/07/2025,Varejo,1,444.9,216.98,227.92,Venda
SKU_1717_CRE,29/07/2025,Atacado,10,2599.0,1232.3,136.67,Venda
SKU_1692_OLI,29/07/2025,Atacado,10,2199.0,1085.4,111.36,Venda
SKU_1696_SHO,29/07/2025,Varejo,1,279.9,91.56,188.34,Venda
SKU_1498_LIG,29/07/2025,Atacado,8,2719.2,1193.28,190.74,Venda
SKU_1801_MOS,29/07/2025,Varejo,1,374.9,165.94,208.96,Venda
SKU_1579_DEN,29/07/2025,Atacado,6,1379.4,675.72,117.28,Venda
SKU_1786_POW,29/07/2025,E-commerce,1,179.9,86.4,93.5,Venda
SKU_1527_TEA,29/07/2025,Varejo,3,2729.7,1031.25,566.15,Venda
SKU_1527_TEA,29/07/2025,Atacado,10,9099.0,3902.7,519.63,Venda
SKU_1433_SAP,29/07/2025,Varejo,3,944.7,288.3,218.8,Venda
SKU_1770_JAD,29/07/2025,Atacado,5,1099.5,570.0,105.9,Venda
SKU_1753_PAL,29/07/2025,E-commerce,1,789.9,350.28,439.62,Venda
SKU_1798_OFF,29/07/2025,Atacado,4,1679.6,795.96,220.91,Venda
SKU_1648_RAS,29/07/2025,Atacado,3,2099.7,1053.66,348.68,Venda
SKU_1763_HOT,29/07/2025,Atacado,4,1199.6,675.36,131.06,Venda
SKU_1779_MIN,29/07/2025,Varejo,1,214.9,69.25,145.65,Venda
SKU_1696_SER,29/07/2025,E-commerce,1,279.9,105.1,174.8,Venda
SKU_1695_LIM,29/07/2025,Varejo,1,209.9,97.25,112.65,Venda
SKU_1912_MEX,29/07/2025,Varejo,1,384.9,188.12,196.78,Venda
SKU_1726_BUB,29/07/2025,E-commerce,1,429.9,156.75,273.15,Venda
SKU_1720_PAS,29/07/2025,Atacado,4,899.6,378.6,130.25,Venda
SKU_1718_DUS,29/07/2025,Atacado,5,1849.5,886.9,192.52,Venda
SKU_1685_COB,29/07/2025,Varejo,1,664.9,280.43,384.47,Venda
SKU_1793_WHI,29/07/2025,Atacado,4,759.6,356.92,100.67,Venda
SKU_1599_CER,29/07/2025,E-commerce,1,469.9,175.43,294.47,Venda
SKU_1484_EGR,29/07/2025,Varejo,1,459.9,197.98,261.92,Venda
SKU_1628_POW,29/07/2025,Atacado,6,3299.4,1573.32,287.68,Venda
SKU_1430_JAD,29/07/2025,Varejo,1,179.9,73.89,106.01,Venda
SKU_1776_PAS,29/07/2025,Atacado,4,1319.6,601.32,179.57,Venda
SKU_1636_SHO,29/07/2025,Varejo,3,1319.7,606.42,237.76,Venda
SKU_1703_PAS,29/07/2025,E-commerce,1,269.9,110.46,159.44,Venda
SKU_1699_CLO,29/07/2025,E-commerce,1,329.9,129.08,200.82,Venda
SKU_1723_MOS,29/07/2025,Atacado,4,1739.6,845.48,223.53,Venda
SKU_1765_MYS,29/07/2025,Atacado,2,519.8,233.58,143.11,Venda
SKU_1826_IVO,29/07/2025,Atacado,3,1454.7,734.31,240.13,Venda
SKU_1728_EGR,29/07/2025,Varejo,1,329.9,129.72,200.18,Venda
SKU_1591_MYS,29/07/2025,Atacado,2,1779.8,1095.94,341.93,Venda
SKU_1584_AQU,29/07/2025,Varejo,1,184.9,56.67,128.23,Venda
SKU_1793_WHI,29/07/2025,Varejo,1,189.9,69.74,120.16,Venda
SKU_1588_CRE,29/07/2025,Atacado,8,3919.2,2172.8,218.3,Venda
SKU_1685_COB,29/07/2025,E-commerce,1,664.9,310.69,354.21,Venda
SKU_1759_CLE,29/07/2025,Atacado,5,1349.5,695.35,130.83,Venda
SKU_1826_SAP,29/07/2025,Varejo,3,1454.7,520.05,311.55,Venda
SKU_1789_EME,29/07/2025,Atacado,8,2159.2,939.36,152.48,Venda
SKU_1666_PAS,29/07/2025,Atacado,8,6399.2,3154.88,405.54,Venda
SKU_1706_BLA,29/07/2025,Varejo,2,369.8,170.18,99.81,Venda
SKU_1452_DEE,29/07/2025,Atacado,8,1159.2,551.52,75.96,Venda
SKU_1728_EGR,29/07/2025,Atacado,5,1649.5,813.45,167.21,Venda
SKU_1714_MID,29/07/2025,Atacado,8,2439.2,1161.84,159.67,Venda
SKU_1721_FRE,29/07/2025,Varejo,1,419.9,152.27,267.63,Venda
SKU_1774_COB,29/07/2025,Varejo,1,204.9,85.05,119.85,Venda
SKU_1542_DEE,29/07/2025,Atacado,4,1879.6,947.24,233.09,Venda
SKU_1728_MID,29/07/2025,Atacado,5,1649.5,753.85,179.13,Venda
SKU_1845_TUR,29/07/2025,E-commerce,1,819.9,352.98,466.92,Venda
SKU_1691_ROS,29/07/2025,Atacado,4,1239.6,533.76,176.46,Venda
SKU_1728_MID,29/07/2025,Varejo,1,329.9,109.94,219.96,Venda
SKU_1779_LIG,29/07/2025,Varejo,1,214.9,106.03,108.87,Venda
SKU_1764_FUC,29/07/2025,E-commerce,1,234.9,96.4,138.5,Venda
SKU_1719_OFF,29/07/2025,Atacado,12,3838.8,2011.2,152.3,Venda
SKU_1399_CRE,29/07/2025,Atacado,8,2159.2,992.24,145.87,Venda
SKU_1452_SKY,29/07/2025,E-commerce,1,144.9,52.78,92.12,Venda
SKU_1725_BAB,29/07/2025,Atacado,3,734.7,370.41,121.43,Venda
SKU_1975_PAS,29/07/2025,Atacado,6,2669.4,1307.76,226.94,Venda
SKU_1765_PAS,29/07/2025,Varejo,2,519.8,227.0,146.4,Venda
SKU_1755_AQU,29/07/2025,Atacado,5,1674.5,818.65,171.17,Venda
SKU_1776_BIR,29/07/2025,E-commerce,1,329.9,106.01,223.89,Venda
SKU_1785_HUN,29/07/2025,Varejo,2,489.8,173.3,158.25,Venda
SKU_1700_HUN,29/07/2025,Varejo,1,699.9,284.96,414.94,Venda
SKU_1762_DEN,29/07/2025,Atacado,5,1274.5,730.2,108.86,Venda
SKU_1714_DEE,29/07/2025,Varejo,1,304.9,137.78,167.12,Venda
SKU_1746_NAV,29/07/2025,Atacado,6,1079.4,544.5,89.15,Venda
SKU_1637_WHI,29/07/2025,Varejo,2,1839.8,771.98,533.91,Venda
SKU_1766_MYS,29/07/2025,E-commerce,2,789.8,376.0,206.9,Venda
SKU_1600_LIG,29/07/2025,Atacado,10,3949.0,1816.2,213.28,Venda
SKU_1604_SNO,29/07/2025,Atacado,2,1209.8,646.2,281.8,Venda
SKU_1789_EME,29/07/2025,Varejo,3,809.7,401.37,136.11,Venda
SKU_1628_PEA,29/07/2025,Atacado,12,6598.8,3158.16,286.72,Venda
SKU_1502_PEA,29/07/2025,Atacado,10,2099.0,1004.5,109.45,Venda
SKU_1697_PIS,29/07/2025,Varejo,2,439.8,196.08,121.86,Venda
SKU_1680_NAV,29/07/2025,Varejo,1,334.9,159.16,175.74,Venda
SKU_1781_CLE,29/07/2025,Atacado,4,519.6,272.0,61.9,Venda
SKU_1730_MIN,29/07/2025,Atacado,8,2559.2,1187.12,171.51,Venda
SKU_1431_TEA,29/07/2025,Varejo,1,369.9,151.47,218.43,Venda
SKU_1766_MYS,29/07/2025,Varejo,1,394.9,120.74,274.16,Venda
SKU_1768_PEA,29/07/2025,Varejo,1,624.9,195.73,429.17,Venda
SKU_1764_MAR,29/07/2025,Atacado,3,704.7,331.95,124.25,Venda
SKU_1722_PAS,29/07/2025,Atacado,3,974.7,562.53,137.39,Venda
SKU_1693_FLA,29/07/2025,Varejo,1,204.9,92.19,112.71,Venda
SKU_1722_AQU,29/07/2025,Atacado,6,1949.4,1115.1,139.05,Venda
SKU_1886_BAL,29/07/2025,E-commerce,1,204.9,86.92,117.98,Venda
SKU_1958_PAS,29/07/2025,Atacado,4,739.6,406.68,83.23,Venda
SKU_1744_LIG,29/07/2025,Atacado,4,1059.6,503.8,138.95,Venda
SKU_1684_SHO,29/07/2025,Atacado,3,554.7,281.34,91.12,Venda
SKU_1714_DEE,29/07/2025,Varejo,1,304.9,121.35,183.55,Venda
SKU_1751_MIN,29/07/2025,Atacado,10,3299.0,1522.5,177.65,Venda
SKU_1813_BLU,29/07/2025,E-commerce,1,254.9,119.0,135.9,Venda
SKU_1442_EME,29/07/2025,Varejo,1,289.9,113.47,176.43,Venda
SKU_1425_LIG,29/07/2025,Varejo,3,629.7,227.67,134.01,Venda
SKU_1713_SAL,29/07/2025,Atacado,6,3029.4,1715.4,219.0,Venda
SKU_1811_BLU,29/07/2025,Varejo,2,1379.8,657.02,361.39,Venda
SKU_1644_BAB,29/07/2025,Atacado,5,1599.5,736.55,172.59,Venda
SKU_1714_MID,29/07/2025,E-commerce,1,304.9,118.91,185.99,Venda
SKU_2003_FOR,29/07/2025,E-commerce,1,239.9,111.26,128.64,Venda
SKU_1703_BLU,29/07/2025,Atacado,12,3238.8,1685.64,129.43,Venda
SKU_1745_FOR,29/07/2025,Varejo,1,409.9,177.93,231.97,Venda
SKU_1629_ARM,29/07/2025,Atacado,6,1529.4,805.56,120.64,Venda
SKU_1719_WHI,29/07/2025,Atacado,3,959.7,436.8,174.3,Venda
SKU_1731_ARM,29/07/2025,Atacado,5,4549.5,2472.05,415.49,Venda
SKU_1735_MOS,29/07/2025,Varejo,2,539.8,246.36,146.72,Venda
SKU_1630_SNO,29/07/2025,Atacado,4,1339.6,604.2,183.85,Venda
SKU_1733_SAG,29/07/2025,E-commerce,1,349.9,110.19,239.71,Venda
SKU_1701_BLU,29/07/2025,Atacado,10,3399.0,1729.0,167.0,Venda
SKU_1726_BUB,29/07/2025,Varejo,1,429.9,210.09,219.81,Venda
SKU_1779_MIN,29/07/2025,Atacado,4,859.6,442.08,104.38,Venda
SKU_1753_WHI,29/07/2025,Varejo,3,2369.7,883.29,495.47,Venda
SKU_1802_DEN,29/07/2025,Atacado,4,2979.6,1494.76,371.21,Venda
SKU_1751_BLU,29/07/2025,Varejo,1,329.9,132.4,197.5,Venda
SKU_1783_BAB,29/07/2025,Varejo,3,3599.7,1287.96,770.58,Venda
SKU_1799_POW,29/07/2025,Varejo,1,269.9,85.69,184.21,Venda
SKU_1974_MIN,29/07/2025,E-commerce,1,199.9,81.4,118.5,Venda
SKU_1721_COR,29/07/2025,E-commerce,1,419.9,159.51,260.39,Venda
SKU_1698_PRI,29/07/2025,Atacado,2,839.8,442.72,198.54,Venda
SKU_1748_BAB,29/07/2025,Varejo,1,309.9,153.37,156.53,Venda
SKU_1787_BAB,29/07/2025,Atacado,5,1449.5,677.45,154.41,Venda
SKU_1754_SER,29/07/2025,Varejo,1,339.9,160.83,179.07,Venda
SKU_1578_TEA,29/07/2025,Atacado,10,1249.0,539.2,70.98,Venda
SKU_1800_SKY,29/07/2025,Varejo,1,279.9,129.48,150.42,Venda
SKU_1722_AQU,29/07/2025,Varejo,2,649.8,318.94,165.43,Venda
SKU_1406_PRI,29/07/2025,Varejo,1,349.9,162.04,187.86,Venda
SKU_2010_SPA,29/07/2025,Atacado,4,3679.6,1679.76,499.96,Venda
SKU_1693_MEX,29/07/2025,Atacado,2,409.8,214.48,97.66,Venda
SKU_1709_CRE,29/07/2025,Atacado,4,839.6,423.36,104.06,Venda
SKU_1781_AQU,29/07/2025,Atacado,3,389.7,170.76,72.98,Venda
SKU_1773_OLI,29/07/2025,Varejo,1,324.9,134.88,190.02,Venda
SKU_1708_FLA,29/07/2025,E-commerce,1,169.9,76.81,93.09,Venda
SKU_1590_MYS,29/07/2025,Varejo,1,189.9,93.34,96.56,Venda
SKU_2058_BUB,29/07/2025,Varejo,1,209.9,64.58,145.32,Venda
SKU_1729_CLE,29/07/2025,Varejo,2,349.8,143.58,103.11,Venda
SKU_1650_OLI,29/07/2025,Varejo,1,1004.9,370.72,634.18,Venda
SKU_1726_PAS,29/07/2025,Atacado,6,2579.4,1120.2,243.2,Venda
SKU_2111_SNO,29/07/2025,Varejo,1,234.9,78.29,156.61,Venda
SKU_1558_MEX,29/07/2025,Varejo,1,329.9,154.55,175.35,Venda
SKU_1689_IVO,29/07/2025,Atacado,12,11578.8,5911.68,472.26,Venda
SKU_1519_BLU,29/07/2025,Varejo,3,1889.7,759.18,376.84,Venda
SKU_1770_DEE,29/07/2025,E-commerce,1,219.9,105.21,114.69,Venda
SKU_1989_HOT,29/07/2025,Varejo,1,349.9,144.12,205.78,Venda
SKU_1581_COB,29/07/2025,Atacado,3,2564.7,1206.36,452.78,Venda
SKU_1677_VAN,29/07/2025,Atacado,2,1139.8,549.76,295.02,Venda
SKU_1741_PEA,29/07/2025,E-commerce,1,239.9,92.21,147.69,Venda
SKU_1794_LIG,29/07/2025,Varejo,1,209.9,101.48,108.42,Venda
SKU_1970_TUR,29/07/2025,Atacado,6,4619.4,2507.22,352.03,Venda
SKU_1721_COR,29/07/2025,Atacado,6,2519.4,1345.74,195.61,Venda
SKU_1707_ARM,29/07/2025,Atacado,6,1679.4,817.98,143.57,Venda
SKU_1708_FRE,29/07/2025,Atacado,6,1019.4,434.7,97.45,Venda
SKU_1723_COB,29/07/2025,Varejo,1,434.9,205.53,229.37,Venda
SKU_1525_MYS,29/07/2025,Atacado,6,1739.4,882.06,142.89,Venda
SKU_1682_BIR,29/07/2025,Atacado,10,2349.0,1199.1,114.99,Venda
SKU_1690_MAG,29/07/2025,Varejo,2,1079.8,411.6,334.1,Venda
SKU_1402_WHI,29/07/2025,Varejo,1,234.9,91.35,143.55,Venda
SKU_1763_HOT,29/07/2025,Varejo,1,299.9,105.55,194.35,Venda
SKU_1788_MYS,29/07/2025,Varejo,1,249.9,83.36,166.54,Venda
SKU_1759_COB,29/07/2025,Atacado,5,1349.5,599.1,150.08,Venda
SKU_1757_TUR,29/07/2025,Atacado,6,1589.4,671.1,153.05,Venda
SKU_1530_PEA,29/07/2025,Varejo,4,519.6,219.16,75.11,Venda
SKU_1399_PAL,29/07/2025,Atacado,10,2699.0,1405.6,129.34,Venda
SKU_1754_IVO,29/07/2025,Varejo,1,339.9,167.67,172.23,Venda
SKU_1900_FRE,29/07/2025,Varejo,2,849.8,270.92,289.44,Venda
SKU_1722_PAS,29/07/2025,Atacado,4,1299.6,677.96,155.41,Venda
SKU_1695_CRE,29/07/2025,Atacado,12,2518.8,1209.84,109.08,Venda
SKU_1795_RAS,29/07/2025,Varejo,1,299.9,91.48,208.42,Venda
SKU_1765_PAS,29/07/2025,Varejo,2,519.8,224.96,147.42,Venda
SKU_1799_DEN,29/07/2025,Atacado,10,2699.0,1393.5,130.55,Venda
SKU_1690_MAG,29/07/2025,E-commerce,1,539.9,217.64,322.26,Venda
SKU_1705_SER,29/07/2025,Atacado,6,2459.4,1202.28,209.52,Venda
SKU_1993_MEX,29/07/2025,Atacado,10,2049.0,1074.9,97.41,Venda
SKU_1750_SNO,29/07/2025,E-commerce,1,369.9,124.76,245.14,Venda
SKU_1771_EME,29/07/2025,E-commerce,1,264.9,88.27,176.63,Venda
SKU_1772_SNO,29/07/2025,Varejo,1,414.9,183.73,231.17,Venda
SKU_1554_SKY,29/07/2025,Atacado,8,8279.2,3624.0,581.9,Venda
SKU_1525_MYS,29/07/2025,E-commerce,1,289.9,108.1,181.8,Venda
SKU_1712_NAV,29/07/2025,Varejo,1,179.9,86.87,93.03,Venda
SKU_1724_PIN,29/07/2025,Atacado,10,11149.0,5329.2,581.98,Venda
SKU_1579_SAG,29/07/2025,E-commerce,1,229.9,70.84,159.06,Venda
SKU_1763_MAR,29/07/2025,Atacado,2,599.8,288.92,155.44,Venda
SKU_1786_POW,29/07/2025,Varejo,2,359.8,146.84,106.48,Venda
SKU_1775_PAL,29/07/2025,Atacado,8,2239.2,1167.2,134.0,Venda
SKU_1554_SKY,29/07/2025,Atacado,3,3104.7,1568.19,512.17,Venda
SKU_1683_SHO,29/07/2025,Varejo,1,314.9,126.61,188.29,Venda
SKU_1763_MAR,29/07/2025,Varejo,2,599.8,273.96,162.92,Venda
SKU_1876_CLO,29/07/2025,Varejo,1,199.9,82.01,117.89,Venda
SKU_1712_MOS,29/07/2025,Atacado,5,899.5,447.95,90.31,Venda
SKU_1747_FUC,29/07/2025,Atacado,4,699.6,359.76,84.96,Venda
SKU_2033_RAS,29/07/2025,E-commerce,1,309.9,130.01,179.89,Venda
SKU_1734_FRE,29/07/2025,Varejo,1,349.9,106.37,243.53,Venda
SKU_1486_OLI,29/07/2025,Atacado,10,2899.0,1325.9,157.31,Venda
SKU_1718_DUS,29/07/2025,Atacado,3,1109.7,640.44,156.42,Venda
SKU_1681_PIS,29/07/2025,Varejo,1,234.9,101.31,133.59,Venda
SKU_1687_FOR,29/07/2025,Atacado,3,2699.7,1362.87,445.61,Venda
SKU_1785_HUN,29/07/2025,Varejo,1,244.9,101.93,142.97,Venda
SKU_1725_OFF,29/07/2025,Varejo,1,244.9,85.76,159.14,Venda
SKU_2095_SEA,29/07/2025,Atacado,5,1199.5,524.45,135.01,Venda
SKU_1752_SNO,29/07/2025,E-commerce,1,429.9,163.49,266.41,Venda
SKU_1690_MAG,29/07/2025,E-commerce,1,539.9,244.02,295.88,Venda
SKU_1759_COB,29/07/2025,Varejo,1,269.9,86.19,183.71,Venda
SKU_1514_SPA,29/07/2025,Atacado,4,3319.6,1621.72,424.47,Venda
SKU_1453_SAP,29/07/2025,Atacado,12,2818.8,1300.8,126.5,Venda
SKU_1715_HON,29/07/2025,Atacado,8,1759.2,747.84,126.42,Venda
SKU_1726_BUB,29/07/2025,Varejo,1,429.9,178.67,251.23,Venda
SKU_1702_COR,29/07/2025,Atacado,3,1859.7,921.69,312.67,Venda
SKU_1737_SAG,29/07/2025,Varejo,1,769.9,289.23,480.67,Venda
SKU_1857_IVO,29/07/2025,Atacado,3,719.7,344.58,125.04,Venda
SKU_1778_TEA,29/07/2025,E-commerce,1,284.9,108.35,176.55,Venda
SKU_1774_COB,29/07/2025,Atacado,6,1229.4,631.56,99.64,Venda
SKU_1396_FUC,29/07/2025,Atacado,8,1079.2,517.12,70.26,Venda
SKU_1801_MOS,29/07/2025,Atacado,10,3749.0,1979.0,177.0,Venda
SKU_1575_JAD,29/07/2025,Atacado,4,3459.6,1884.76,393.71,Venda
SKU_1740_FRE,29/07/2025,Atacado,5,1074.5,530.65,108.77,Venda
SKU_1500_PAS,29/07/2025,Atacado,6,1559.4,678.6,146.8,Venda
SKU_1418_CLE,29/07/2025,Varejo,2,1689.8,539.94,574.93,Venda
SKU_1680_NAV,29/07/2025,Atacado,5,1674.5,722.45,190.41,Venda
SKU_1771_PIN,29/07/2025,E-commerce,1,264.9,122.61,142.29,Venda
SKU_1751_MIN,29/07/2025,Varejo,1,329.9,100.36,229.54,Venda
SKU_1730_MIN,29/07/2025,Atacado,10,3199.0,1670.9,152.81,Venda
SKU_1795_RAS,29/07/2025,E-commerce,2,599.8,222.76,188.52,Venda
SKU_1749_SNO,29/07/2025,E-commerce,1,349.9,139.92,209.98,Venda
SKU_1722_PAS,29/07/2025,Atacado,2,649.8,373.34,138.23,Venda
SKU_1766_MYS,29/07/2025,Atacado,5,1974.5,1014.1,192.08,Venda
SKU_1706_JAD,29/07/2025,Varejo,2,369.8,172.38,98.71,Venda
SKU_1704_BAB,29/07/2025,Atacado,5,1674.5,759.75,182.95,Venda
SKU_1711_ARM,29/07/2025,Atacado,5,4974.5,2857.6,423.38,Venda
SKU_1767_FUC,29/07/2025,Varejo,1,204.9,78.43,126.47,Venda
SKU_1712_NAV,29/07/2025,Atacado,5,899.5,429.15,94.07,Venda
SKU_1693_FLA,29/07/2025,Varejo,1,204.9,80.7,124.2,Venda
SKU_1794_LIG,29/07/2025,Atacado,4,839.6,415.44,106.04,Venda
SKU_2025_SAP,29/07/2025,Atacado,8,1839.2,916.16,115.38,Venda
SKU_1693_FLA,29/07/2025,Atacado,5,1024.5,564.9,91.92,Venda
SKU_1763_MAR,29/07/2025,Atacado,12,3598.8,1839.84,146.58,Venda
SKU_1750_MIN,29/07/2025,E-commerce,1,369.9,125.56,244.34,Venda
SKU_1427_AQU,29/07/2025,Atacado,2,399.8,192.68,103.56,Venda
SKU_1680_NAV,29/07/2025,Atacado,5,1674.5,886.85,157.53,Venda
SKU_1611_MID,29/07/2025,E-commerce,1,219.9,95.88,124.02,Venda
SKU_1775_PAS,29/07/2025,Varejo,1,279.9,125.19,154.71,Venda
SKU_1684_HON,29/07/2025,Atacado,2,369.8,201.6,84.1,Venda
SKU_1748_COB,29/07/2025,Atacado,5,1549.5,874.0,135.1,Venda
SKU_1764_FUC,29/07/2025,Varejo,1,234.9,110.56,124.34,Venda
SKU_1709_MAR,29/07/2025,Varejo,1,209.9,86.18,123.72,Venda
SKU_1698_PRI,29/07/2025,E-commerce,1,419.9,129.79,290.11,Venda
SKU_1789_EME,29/07/2025,Atacado,3,809.7,463.23,115.49,Venda
SKU_1712_MOS,29/07/2025,Atacado,4,719.6,311.44,102.04,Venda
SKU_1447_BLU,29/07/2025,Varejo,2,479.8,154.92,162.44,Venda
SKU_1706_JAD,29/07/2025,Varejo,1,184.9,84.12,100.78,Venda
SKU_1727_WHI,29/07/2025,Atacado,12,1858.8,924.72,77.84,Venda
SKU_1418_CLE,29/07/2025,Atacado,5,4224.5,2008.55,443.19,Venda
SKU_1779_MIN,29/07/2025,Varejo,2,429.8,214.28,107.76,Venda
SKU_1430_PEA,29/07/2025,Varejo,1,179.9,67.88,112.02,Venda
SKU_1676_NAV,29/07/2025,E-commerce,1,169.9,53.52,116.38,Venda
SKU_1772_SNO,29/07/2025,Atacado,8,3319.2,1742.88,197.04,Venda
SKU_1753_WHI,29/07/2025,Atacado,3,2369.7,1129.11,413.53,Venda
SKU_1780_AQU,29/07/2025,Atacado,5,1674.5,863.4,162.22,Venda
SKU_1738_ROY,29/07/2025,E-commerce,1,194.9,88.2,106.7,Venda
SKU_1932_NAV,29/07/2025,Varejo,2,389.8,132.84,128.48,Venda
SKU_1393_SKY,29/07/2025,E-commerce,2,619.8,202.18,208.81,Venda
SKU_1766_MYS,29/07/2025,Varejo,1,394.9,141.39,253.51,Venda
SKU_2059_SNO,29/07/2025,Atacado,2,1279.8,605.92,336.94,Venda
SKU_1552_CLE,29/07/2025,Varejo,1,659.9,285.27,374.63,Venda
SKU_1711_VAN,29/07/2025,Varejo,2,1989.8,908.44,540.68,Venda
SKU_1688_WHI,29/07/2025,Atacado,4,1719.6,734.24,246.34,Venda
SKU_1448_SEA,29/07/2025,Atacado,4,719.6,343.68,93.98,Venda
SKU_1738_ROY,29/07/2025,Varejo,1,194.9,77.53,117.37,Venda
SKU_1989_HOT,29/07/2025,E-commerce,1,349.9,156.19,193.71,Venda
SKU_1399_CRE,29/07/2025,Varejo,1,269.9,82.43,187.47,Venda
SKU_2088_DUS,29/07/2025,Varejo,1,1094.9,524.26,570.64,Venda
SKU_1706_JAD,29/07/2025,Atacado,6,1109.4,559.38,91.67,Venda
SKU_1738_BLU,29/07/2025,Varejo,1,194.9,79.62,115.28,Venda
SKU_1691_HUN,29/07/2025,Atacado,12,3718.8,1910.04,150.73,Venda
SKU_1618_SAL,29/07/2025,Varejo,1,179.9,63.2,116.7,Venda
SKU_1762_DEN,29/07/2025,Varejo,2,509.8,227.16,141.32,Venda
SKU_1786_TEA,30/07/2025,Varejo,1,179.9,63.02,116.88,Venda
SKU_1733_SAG,30/07/2025,Varejo,1,349.9,166.89,183.01,Venda
SKU_1688_LIG,30/07/2025,Varejo,1,429.9,166.79,263.11,Venda
SKU_1760_OFF,30/07/2025,Varejo,1,249.9,92.52,157.38,Venda
SKU_1715_HON,30/07/2025,Varejo,1,219.9,98.14,121.76,Venda
SKU_1696_SHO,30/07/2025,Varejo,1,279.9,128.97,150.93,Venda
SKU_1740_OLI,30/07/2025,Atacado,10,2149.0,1055.1,109.39,Venda
SKU_1688_LIG,30/07/2025,Atacado,2,859.8,436.6,211.6,Venda
SKU_1496_PEA,30/07/2025,Atacado,3,3404.7,1721.49,561.07,Venda
SKU_1724_PEA,30/07/2025,Varejo,4,4459.6,2176.16,570.86,Venda
SKU_1761_SAP,30/07/2025,Atacado,4,4419.6,1877.28,635.58,Venda
SKU_1704_PEA,30/07/2025,E-commerce,1,334.9,122.24,212.66,Venda
SKU_1797_BLU,30/07/2025,Varejo,1,379.9,172.4,207.5,Venda
SKU_1538_PAS,30/07/2025,E-commerce,1,209.9,98.07,111.83,Venda
SKU_1760_OFF,30/07/2025,Atacado,5,1249.5,618.65,126.17,Venda
SKU_2079_WHI,30/07/2025,Atacado,8,8559.2,4139.68,552.44,Venda
SKU_1871_WHI,30/07/2025,Varejo,1,199.9,74.46,125.44,Venda
SKU_1792_MIN,30/07/2025,Varejo,1,439.9,172.82,267.08,Venda
SKU_1783_BAB,30/07/2025,Atacado,10,11999.0,5526.1,647.29,Venda
SKU_1770_JAD,30/07/2025,Varejo,1,219.9,99.89,120.01,Venda
SKU_1827_PRI,30/07/2025,Varejo,3,584.7,243.81,113.63,Venda
SKU_1892_ROS,30/07/2025,Atacado,6,1739.4,864.42,145.83,Venda
SKU_1560_PAL,30/07/2025,E-commerce,1,224.9,107.96,116.94,Venda
SKU_1827_BUB,30/07/2025,Atacado,3,584.7,294.27,96.81,Venda
SKU_1741_PEA,30/07/2025,E-commerce,1,239.9,109.34,130.56,Venda
SKU_1553_HOT,30/07/2025,Varejo,2,509.8,171.3,169.25,Venda
SKU_1747_TEA,30/07/2025,Varejo,1,174.9,70.05,104.85,Venda
SKU_1777_TUR,30/07/2025,Atacado,2,479.8,228.8,125.5,Venda
SKU_1393_SKY,30/07/2025,Varejo,1,309.9,114.68,195.22,Venda
SKU_1734_BRI,30/07/2025,Varejo,2,699.8,322.56,188.62,Venda
SKU_1502_PEA,30/07/2025,E-commerce,1,209.9,66.19,143.71,Venda
SKU_1747_TEA,30/07/2025,E-commerce,1,174.9,78.55,96.35,Venda
SKU_1630_LIM,30/07/2025,Atacado,4,1339.6,622.4,179.3,Venda
SKU_1793_MIN,30/07/2025,Varejo,1,189.9,59.84,130.06,Venda
SKU_1597_FLA,30/07/2025,Atacado,10,5299.0,2911.4,238.76,Venda
SKU_1755_AQU,30/07/2025,Atacado,6,2009.4,914.7,182.45,Venda
SKU_1749_BIR,30/07/2025,Atacado,5,1749.5,933.3,163.24,Venda
SKU_1682_OLI,30/07/2025,Varejo,2,469.8,217.2,126.3,Venda
SKU_1756_BUB,30/07/2025,Varejo,1,179.9,80.57,99.33,Venda
SKU_1497_FUC,30/07/2025,Atacado,12,1618.8,914.16,58.72,Venda
SKU_1746_NAV,30/07/2025,Varejo,1,179.9,57.12,122.78,Venda
SKU_2012_ROY,30/07/2025,E-commerce,1,819.9,370.09,449.81,Venda
SKU_1391_SEA,30/07/2025,Atacado,8,2279.2,1056.24,152.87,Venda
SKU_1797_BLU,30/07/2025,E-commerce,1,379.9,136.92,242.98,Venda
SKU_1795_RAS,30/07/2025,Varejo,1,299.9,148.89,151.01,Venda
SKU_1670_SAP,30/07/2025,Atacado,6,869.4,395.22,79.03,Venda
SKU_1541_AQU,30/07/2025,E-commerce,1,674.9,278.18,396.72,Venda
SKU_2077_MOS,30/07/2025,Atacado,8,1639.2,846.0,99.15,Venda
SKU_1777_FRE,30/07/2025,Atacado,4,959.6,541.4,104.55,Venda
SKU_1749_SNO,30/07/2025,Atacado,4,1399.6,725.8,168.45,Venda
SKU_1680_NAV,30/07/2025,Atacado,2,669.8,312.78,178.51,Venda
SKU_1790_ROY,30/07/2025,Atacado,8,2079.2,1024.4,131.85,Venda
SKU_1393_COB,30/07/2025,E-commerce,1,309.9,150.25,159.65,Venda
SKU_1720_PAL,30/07/2025,Atacado,3,674.7,297.84,125.62,Venda
SKU_1749_BIR,30/07/2025,Atacado,6,2099.4,948.66,191.79,Venda
SKU_1689_IVO,30/07/2025,Atacado,4,3859.6,1853.8,501.45,Venda
SKU_1727_WHI,30/07/2025,Atacado,2,309.8,140.24,84.78,Venda
SKU_1810_OFF,30/07/2025,Varejo,1,159.9,78.83,81.07,Venda
SKU_1646_BLU,30/07/2025,E-commerce,1,204.9,93.47,111.43,Venda
SKU_1764_MAR,30/07/2025,Atacado,5,1174.5,599.7,114.96,Venda
SKU_1792_AQU,30/07/2025,Atacado,2,879.8,432.76,223.52,Venda
SKU_1530_PEA,30/07/2025,Varejo,1,129.9,40.54,89.36,Venda
SKU_1785_HUN,30/07/2025,Atacado,5,1224.5,648.45,115.21,Venda
SKU_1437_AQU,30/07/2025,Atacado,8,1319.2,744.32,71.86,Venda
SKU_1782_NAV,30/07/2025,Atacado,12,2998.8,1520.28,123.21,Venda
SKU_1777_FRE,30/07/2025,E-commerce,1,239.9,102.25,137.65,Venda
SKU_1751_MIN,30/07/2025,Varejo,2,659.8,329.26,165.27,Venda
SKU_1658_MYS,30/07/2025,Varejo,1,879.9,388.7,491.2,Venda
SKU_1606_COB,30/07/2025,Atacado,5,5424.5,2628.05,559.29,Venda
SKU_1729_CLE,30/07/2025,Atacado,5,874.5,410.35,92.83,Venda
SKU_1781_AQU,30/07/2025,Varejo,2,259.8,112.42,73.69,Venda
SKU_1468_MYS,30/07/2025,Atacado,6,3179.4,1773.84,234.26,Venda
SKU_1468_BAB,30/07/2025,Atacado,5,2649.5,1134.15,303.07,Venda
SKU_1729_FUC,30/07/2025,Atacado,8,1399.2,662.8,92.05,Venda
SKU_1730_MIN,30/07/2025,Varejo,1,319.9,112.74,207.16,Venda
SKU_1731_MIN,30/07/2025,Atacado,4,3639.6,1927.72,427.97,Venda
SKU_1585_COR,30/07/2025,Atacado,3,959.7,441.39,172.77,Venda
SKU_1443_PRI,30/07/2025,E-commerce,1,269.9,89.48,180.42,Venda
SKU_1613_AQU,30/07/2025,E-commerce,1,189.9,90.84,99.06,Venda
SKU_1750_MIN,30/07/2025,E-commerce,1,369.9,159.78,210.12,Venda
SKU_1716_SAL,30/07/2025,Atacado,5,824.5,382.6,88.38,Venda
SKU_1760_OFF,30/07/2025,Varejo,1,249.9,112.51,137.39,Venda
SKU_1761_SAP,30/07/2025,E-commerce,1,1104.9,405.07,699.83,Venda
SKU_2084_GAR,30/07/2025,Varejo,1,254.9,107.66,147.24,Venda
SKU_1824_COR,30/07/2025,Atacado,5,1799.5,940.8,171.74,Venda
SKU_1791_ARM,30/07/2025,Varejo,1,264.9,124.31,140.59,Venda
SKU_1721_COR,30/07/2025,Varejo,1,419.9,182.84,237.06,Venda
SKU_1640_IVO,30/07/2025,Varejo,3,659.7,203.91,151.93,Venda
SKU_1689_MAG,30/07/2025,Varejo,2,1929.8,846.2,541.8,Venda
SKU_1595_MYS,30/07/2025,Varejo,1,299.9,121.4,178.5,Venda
SKU_1681_PIS,30/07/2025,Atacado,2,469.8,238.84,115.48,Venda
SKU_2081_HUN,30/07/2025,Varejo,1,389.9,184.45,205.45,Venda
SKU_1698_PRI,30/07/2025,Atacado,4,1679.6,749.84,232.44,Venda
SKU_1733_SAG,30/07/2025,Varejo,1,349.9,109.28,240.62,Venda
SKU_1676_NAV,30/07/2025,Atacado,3,509.7,245.46,88.08,Venda
SKU_1789_EME,30/07/2025,Varejo,1,269.9,90.1,179.8,Venda
SKU_1736_JAD,30/07/2025,Atacado,12,3898.8,1861.8,169.75,Venda
SKU_1746_NAV,30/07/2025,Varejo,1,179.9,77.02,102.88,Venda
SKU_2082_PAS,30/07/2025,Atacado,3,1529.7,728.28,267.14,Venda
SKU_1547_FUC,30/07/2025,E-commerce,1,329.9,99.02,230.88,Venda
SKU_1800_MOS,30/07/2025,E-commerce,1,279.9,109.52,170.38,Venda
SKU_1474_BRI,30/07/2025,E-commerce,1,1059.9,433.86,626.04,Venda
SKU_1765_MYS,30/07/2025,Atacado,3,779.7,400.89,126.27,Venda
SKU_1751_BLU,30/07/2025,Atacado,4,1319.6,562.96,189.16,Venda
SKU_1485_PAS,30/07/2025,Atacado,2,1329.8,737.84,295.98,Venda
SKU_1735_COR,30/07/2025,Atacado,6,1619.4,691.32,154.68,Venda
SKU_1726_PAS,30/07/2025,Atacado,6,2579.4,1088.76,248.44,Venda
SKU_1947_SKY,30/07/2025,Atacado,5,2199.5,979.95,243.91,Venda
SKU_1444_HUN,30/07/2025,E-commerce,2,479.8,211.46,134.17,Venda
SKU_1683_SHO,30/07/2025,E-commerce,1,314.9,139.25,175.65,Venda
SKU_1692_BLU,30/07/2025,E-commerce,1,219.9,90.31,129.59,Venda
SKU_1763_MAR,30/07/2025,Varejo,1,299.9,91.41,208.49,Venda
SKU_1443_BLU,30/07/2025,Atacado,2,539.8,263.96,137.92,Venda
SKU_1797_BLU,30/07/2025,Varejo,1,379.9,162.57,217.33,Venda
SKU_1827_PRI,30/07/2025,Varejo,2,389.8,178.24,105.78,Venda
SKU_1544_OLI,30/07/2025,Atacado,12,2398.8,1169.28,102.46,Venda
SKU_1747_TEA,30/07/2025,Varejo,3,524.7,171.27,117.81,Venda
SKU_1730_OFF,30/07/2025,Varejo,1,319.9,102.38,217.52,Venda
SKU_1709_MAR,30/07/2025,Varejo,1,209.9,88.29,121.61,Venda
SKU_1517_FOR,30/07/2025,E-commerce,1,1199.9,557.26,642.64,Venda
SKU_1716_SAL,30/07/2025,Atacado,5,824.5,396.6,85.58,Venda
SKU_1749_BIR,30/07/2025,Varejo,3,1049.7,385.44,221.42,Venda
SKU_1681_PIS,30/07/2025,Varejo,3,704.7,281.79,140.97,Venda
SKU_1799_POW,30/07/2025,Atacado,4,1079.6,538.04,135.39,Venda
SKU_2003_BAL,30/07/2025,Varejo,1,239.9,105.09,134.81,Venda
SKU_1748_COB,30/07/2025,Atacado,4,1239.6,643.72,148.97,Venda
SKU_1715_HON,30/07/2025,E-commerce,1,219.9,86.07,133.83,Venda
SKU_1754_SER,30/07/2025,Atacado,4,1359.6,703.28,164.08,Venda
SKU_1764_MAR,30/07/2025,Varejo,2,469.8,211.26,129.27,Venda
SKU_1776_PAS,30/07/2025,Varejo,1,329.9,119.04,210.86,Venda
SKU_1881_SNO,30/07/2025,Atacado,8,1959.2,913.92,130.66,Venda
SKU_1578_TEA,30/07/2025,Atacado,5,624.5,305.6,63.78,Venda
SKU_1773_OLI,30/07/2025,Atacado,4,1299.6,565.0,183.65,Venda
SKU_1768_MIN,30/07/2025,Atacado,8,4999.2,2391.92,325.91,Venda
SKU_1401_BLU,30/07/2025,Atacado,6,1439.4,628.44,135.16,Venda
SKU_1622_CLO,30/07/2025,Atacado,5,1349.5,592.1,151.48,Venda
SKU_1697_PIS,30/07/2025,Varejo,3,659.7,225.63,144.69,Venda
SKU_1692_BLU,30/07/2025,Varejo,1,219.9,105.48,114.42,Venda
SKU_1652_TEA,30/07/2025,Atacado,4,879.6,441.88,109.43,Venda
SKU_1705_SER,30/07/2025,Atacado,8,3279.2,1598.8,210.05,Venda
SKU_1796_OLI,30/07/2025,Atacado,5,2524.5,1205.8,263.74,Venda
SKU_1694_SER,30/07/2025,E-commerce,2,559.8,252.52,153.64,Venda
SKU_1683_PAL,30/07/2025,Varejo,1,314.9,122.25,192.65,Venda
SKU_1778_MIN,30/07/2025,Varejo,1,284.9,113.32,171.58,Venda
SKU_1729_CLE,30/07/2025,Varejo,2,349.8,113.12,118.34,Venda
SKU_1466_SAP,30/07/2025,Atacado,4,1079.6,492.0,146.9,Venda
SKU_1765_MYS,30/07/2025,Varejo,2,519.8,253.42,133.19,Venda
SKU_1583_BLU,30/07/2025,E-commerce,1,254.9,125.43,129.47,Venda
SKU_2102_CLO,30/07/2025,Varejo,2,1489.8,469.6,510.1,Venda
SKU_1558_MEX,30/07/2025,Varejo,2,659.8,317.58,171.11,Venda
SKU_1970_TUR,30/07/2025,Atacado,2,1539.8,792.16,373.82,Venda
SKU_1734_FRE,30/07/2025,Atacado,4,1399.6,731.52,167.02,Venda
SKU_1695_LIM,30/07/2025,Atacado,5,1049.5,575.3,94.84,Venda
SKU_1695_CRE,30/07/2025,Atacado,5,1049.5,470.55,115.79,Venda
SKU_1741_PIN,30/07/2025,Varejo,1,239.9,119.27,120.63,Venda
SKU_1729_FUC,30/07/2025,Atacado,6,1049.4,507.48,90.32,Venda
SKU_1629_ARM,30/07/2025,Varejo,1,254.9,84.06,170.84,Venda
SKU_1878_ROS,30/07/2025,Varejo,1,439.9,171.68,268.22,Venda
SKU_1776_BIR,30/07/2025,E-commerce,1,329.9,155.49,174.41,Venda
SKU_1856_PAS,30/07/2025,Atacado,3,974.7,475.32,166.46,Venda
SKU_1692_BLU,30/07/2025,Atacado,6,1319.4,639.36,113.34,Venda
SKU_1751_BLU,30/07/2025,Varejo,1,329.9,109.81,220.09,Venda
SKU_1741_PEA,30/07/2025,Atacado,5,1199.5,571.5,125.6,Venda
SKU_1793_MIN,30/07/2025,Varejo,1,189.9,89.53,100.37,Venda
SKU_1782_NAV,30/07/2025,Varejo,1,249.9,98.36,151.54,Venda
SKU_1716_SAL,30/07/2025,E-commerce,1,164.9,63.65,101.25,Venda
SKU_1584_FLA,30/07/2025,Varejo,2,369.8,165.4,102.2,Venda
SKU_1572_BAL,30/07/2025,Atacado,2,279.8,158.66,60.57,Venda
SKU_1395_BLA,30/07/2025,Varejo,2,579.8,247.8,166.0,Venda
SKU_1733_SAG,30/07/2025,E-commerce,1,349.9,155.42,194.48,Venda
SKU_1728_EGR,30/07/2025,Atacado,12,3958.8,1786.44,181.03,Venda
SKU_1777_TUR,30/07/2025,Varejo,1,239.9,79.03,160.87,Venda
SKU_1696_SHO,30/07/2025,Varejo,1,279.9,110.0,169.9,Venda
SKU_1765_PAS,30/07/2025,Atacado,6,1559.4,757.14,133.71,Venda
SKU_1807_BLU,30/07/2025,Atacado,5,2274.5,1138.6,227.18,Venda
SKU_1720_PAS,30/07/2025,Atacado,5,1124.5,538.25,117.25,Venda
SKU_1755_BIR,30/07/2025,Atacado,6,2009.4,1059.78,158.27,Venda
SKU_1717_MIN,30/07/2025,Atacado,10,2599.0,1186.0,141.3,Venda
SKU_1746_EME,30/07/2025,Varejo,1,179.9,80.74,99.16,Venda
SKU_1700_PIS,30/07/2025,Varejo,1,699.9,249.89,450.01,Venda
SKU_1426_SEA,30/07/2025,Atacado,5,649.5,305.3,68.84,Venda
SKU_1625_DUS,30/07/2025,Atacado,5,1024.5,493.8,106.14,Venda
SKU_1761_SAP,30/07/2025,Atacado,2,2209.8,1056.28,576.76,Venda
SKU_1767_FUC,30/07/2025,Atacado,6,1229.4,717.54,85.31,Venda
SKU_1691_ROS,30/07/2025,Varejo,1,309.9,112.35,197.55,Venda
SKU_1894_AQU,30/07/2025,Varejo,1,274.9,102.49,172.41,Venda
SKU_1801_FLA,30/07/2025,Varejo,1,374.9,161.26,213.64,Venda
SKU_1752_SPA,30/07/2025,Varejo,2,859.8,382.92,238.44,Venda
SKU_1542_PEA,30/07/2025,Varejo,1,469.9,182.02,287.88,Venda
SKU_1771_PIN,30/07/2025,Atacado,6,1589.4,716.76,145.44,Venda
SKU_1781_CLE,30/07/2025,Atacado,3,389.7,188.67,67.01,Venda
SKU_1510_ROS,30/07/2025,Varejo,2,1669.8,673.38,498.21,Venda
SKU_1726_PAS,30/07/2025,Atacado,10,4299.0,2302.3,199.67,Venda
SKU_1691_HUN,30/07/2025,Atacado,2,619.8,300.06,159.87,Venda
SKU_1755_BIR,30/07/2025,E-commerce,1,334.9,100.6,234.3,Venda
SKU_1776_BIR,30/07/2025,E-commerce,1,329.9,156.75,173.15,Venda
SKU_1796_OLI,30/07/2025,E-commerce,1,504.9,179.92,324.98,Venda
SKU_1748_COB,30/07/2025,Varejo,1,309.9,98.26,211.64,Venda
SKU_1769_WHI,30/07/2025,Varejo,2,649.8,253.4,198.2,Venda
SKU_2055_RAS,30/07/2025,Varejo,4,1839.6,631.8,301.95,Venda
SKU_1705_SER,30/07/2025,E-commerce,1,409.9,174.05,235.85,Venda
SKU_1775_PAS,30/07/2025,Varejo,1,279.9,119.13,160.77,Venda
SKU_1695_LIM,30/07/2025,Varejo,1,209.9,67.34,142.56,Venda
SKU_1417_BIR,30/07/2025,Varejo,1,279.9,112.36,167.54,Venda
SKU_1792_MIN,30/07/2025,Atacado,2,879.8,378.0,250.9,Venda
SKU_1687_WHI,30/07/2025,Atacado,6,5399.4,3165.78,372.27,Venda
SKU_1788_EME,30/07/2025,Atacado,3,749.7,346.65,134.35,Venda
SKU_1499_RAS,30/07/2025,Atacado,5,1299.5,582.5,143.4,Venda
SKU_1842_POW,30/07/2025,E-commerce,2,1069.8,476.8,296.5,Venda
SKU_1694_PIS,30/07/2025,Varejo,1,279.9,127.97,151.93,Venda
SKU_1870_SAG,30/07/2025,E-commerce,1,229.9,106.5,123.4,Venda
SKU_1627_BAB,30/07/2025,Varejo,1,329.9,144.56,185.34,Venda
SKU_1772_SNO,30/07/2025,Varejo,2,829.8,397.94,215.93,Venda
SKU_1556_SAL,30/07/2025,E-commerce,2,409.8,176.02,116.89,Venda
SKU_1701_BLU,30/07/2025,E-commerce,1,339.9,128.42,211.48,Venda
SKU_1739_AQU,30/07/2025,Atacado,2,509.8,243.4,133.2,Venda
SKU_1756_FLA,30/07/2025,Atacado,5,899.5,384.75,102.95,Venda
SKU_1391_SEA,30/07/2025,Varejo,2,569.8,256.96,156.42,Venda
SKU_1717_MIN,30/07/2025,Atacado,10,2599.0,1313.3,128.57,Venda
SKU_1488_PEA,30/07/2025,Atacado,6,2039.4,1067.94,161.91,Venda
SKU_1787_BAB,30/07/2025,E-commerce,3,869.7,346.74,174.32,Venda
SKU_1736_JAD,30/07/2025,Varejo,1,324.9,106.77,218.13,Venda
SKU_1692_BLU,30/07/2025,Varejo,1,219.9,97.62,122.28,Venda
SKU_1594_BAL,30/07/2025,Varejo,2,999.8,455.2,272.3,Venda
SKU_1713_SAL,30/07/2025,Atacado,6,3029.4,1648.38,230.17,Venda
SKU_1555_RAS,30/07/2025,E-commerce,1,189.9,66.98,122.92,Venda
SKU_1742_EME,30/07/2025,Varejo,1,259.9,89.67,170.23,Venda
SKU_1681_OFF,30/07/2025,Varejo,2,469.8,189.52,140.14,Venda
SKU_1727_LIG,30/07/2025,Atacado,4,619.6,316.56,75.76,Venda
SKU_1710_OLI,30/07/2025,Varejo,2,1619.8,575.46,522.17,Venda
SKU_1751_BLU,30/07/2025,Atacado,4,1319.6,658.0,165.4,Venda
SKU_1615_MOS,30/07/2025,Atacado,6,2789.4,1208.76,263.44,Venda
SKU_1759_CLE,30/07/2025,Varejo,1,269.9,134.73,135.17,Venda
SKU_1704_BAB,30/07/2025,Atacado,6,2009.4,1063.92,157.58,Venda
SKU_2059_WHI,30/07/2025,E-commerce,1,639.9,212.22,427.68,Venda
SKU_1756_FLA,30/07/2025,Atacado,6,1079.4,599.4,80.0,Venda
SKU_1731_MIN,30/07/2025,Varejo,1,909.9,406.14,503.76,Venda
SKU_1683_PAL,30/07/2025,Atacado,6,1889.4,855.54,172.31,Venda
SKU_1799_DEN,30/07/2025,Varejo,1,269.9,99.44,170.46,Venda
SKU_1751_BLU,30/07/2025,Varejo,1,329.9,156.39,173.51,Venda
SKU_1768_MIN,30/07/2025,Atacado,3,1874.7,1018.23,285.49,Venda
SKU_1532_BRI,30/07/2025,E-commerce,1,979.9,440.22,539.68,Venda
SKU_1763_MAR,30/07/2025,Varejo,1,299.9,148.81,151.09,Venda
SKU_1614_VAN,30/07/2025,Varejo,4,1779.6,592.92,296.67,Venda
SKU_2053_DEN,30/07/2025,Atacado,8,2799.2,1270.88,191.04,Venda
SKU_1747_TEA,30/07/2025,Atacado,10,1749.0,1073.6,67.54,Venda
SKU_1698_PRI,30/07/2025,E-commerce,1,419.9,190.01,229.89,Venda
SKU_1660_NAV,30/07/2025,Atacado,8,2519.2,1200.56,164.83,Venda
SKU_1409_PEA,30/07/2025,Atacado,5,1049.5,613.7,87.16,Venda
SKU_1900_FRE,30/07/2025,Atacado,5,2124.5,1056.15,213.67,Venda
SKU_1752_SNO,30/07/2025,Varejo,2,859.8,296.88,281.46,Venda
SKU_1958_PAS,30/07/2025,Varejo,2,369.8,160.46,104.67,Venda
SKU_1790_ROY,30/07/2025,Atacado,4,1039.6,492.8,136.7,Venda
SKU_1684_SHO,30/07/2025,Varejo,1,184.9,60.52,124.38,Venda
SKU_1614_VAN,30/07/2025,Varejo,1,444.9,201.7,243.2,Venda
SKU_1770_JAD,30/07/2025,E-commerce,1,219.9,109.04,110.86,Venda
SKU_1718_SEA,30/07/2025,E-commerce,1,369.9,125.16,244.74,Venda
SKU_1795_RAS,30/07/2025,Varejo,1,299.9,129.36,170.54,Venda
SKU_2089_CLO,30/07/2025,Varejo,1,494.9,184.87,310.03,Venda
SKU_1766_CLE,30/07/2025,Varejo,1,394.9,194.55,200.35,Venda
SKU_1699_CLO,30/07/2025,Atacado,6,1979.4,1090.26,148.19,Venda
SKU_1719_OFF,30/07/2025,Varejo,1,319.9,123.85,196.05,Venda
SKU_1838_DEN,30/07/2025,E-commerce,1,319.9,102.61,217.29,Venda
SKU_1710_OLI,30/07/2025,Atacado,6,4859.4,2501.4,393.0,Venda
SKU_1647_BLA,30/07/2025,Varejo,1,339.9,158.98,180.92,Venda
SKU_2078_CLE,30/07/2025,Atacado,10,2399.0,1253.3,114.57,Venda
SKU_1685_COB,30/07/2025,Varejo,1,664.9,326.29,338.61,Venda
SKU_1765_PAS,30/07/2025,E-commerce,1,259.9,95.16,164.74,Venda
SKU_1769_WHI,30/07/2025,E-commerce,2,649.8,310.86,169.47,Venda
SKU_1797_BLU,30/07/2025,Atacado,5,1899.5,896.9,200.52,Venda
SKU_1738_BLU,30/07/2025,Atacado,3,584.7,330.54,84.72,Venda
SKU_1512_TEA,30/07/2025,Varejo,1,224.9,94.8,130.1,Venda
SKU_1748_BAB,30/07/2025,Atacado,4,1239.6,587.2,163.1,Venda
SKU_1504_NAV,30/07/2025,Varejo,1,339.9,115.45,224.45,Venda
SKU_1744_EME,30/07/2025,Atacado,4,1059.6,499.44,140.04,Venda
SKU_1708_FLA,30/07/2025,Varejo,1,169.9,65.03,104.87,Venda
SKU_1659_MOS,30/07/2025,Varejo,2,2049.8,733.08,658.36,Venda
SKU_1724_PEA,30/07/2025,Atacado,10,11149.0,5492.5,565.65,Venda
SKU_1436_PAS,30/07/2025,Atacado,12,3358.8,1704.12,137.89,Venda
SKU_1713_SNO,30/07/2025,E-commerce,1,504.9,209.18,295.72,Venda
SKU_1702_LIG,30/07/2025,Atacado,4,2479.6,1083.24,349.09,Venda
SKU_1840_LIM,30/07/2025,E-commerce,1,214.9,82.02,132.88,Venda
SKU_1487_CLE,30/07/2025,Atacado,5,1674.5,830.6,168.78,Venda
SKU_1771_PIN,30/07/2025,Atacado,5,1324.5,587.05,147.49,Venda
SKU_1654_CRE,30/07/2025,Varejo,1,309.9,137.06,172.84,Venda
SKU_1741_PEA,30/07/2025,E-commerce,1,239.9,116.44,123.46,Venda
SKU_1536_MOS,30/07/2025,Atacado,6,2069.4,1022.1,174.55,Venda
SKU_1620_SAG,30/07/2025,Atacado,4,1059.6,537.52,130.52,Venda
SKU_1722_PAS,30/07/2025,Varejo,1,324.9,113.03,211.87,Venda
SKU_1703_PAS,30/07/2025,Varejo,1,269.9,88.36,181.54,Venda
SKU_1659_MOS,30/07/2025,Atacado,5,5124.5,2421.45,540.61,Venda
SKU_1406_PRI,30/07/2025,Varejo,1,349.9,144.78,205.12,Venda
SKU_1438_MOS,30/07/2025,Atacado,12,2458.8,1230.24,102.38,Venda
SKU_1776_PAS,30/07/2025,Varejo,1,329.9,152.41,177.49,Venda
SKU_1550_IVO,30/07/2025,Atacado,8,1319.2,647.36,83.98,Venda
SKU_1609_SAP,30/07/2025,Varejo,2,539.8,248.0,145.9,Venda
SKU_1741_PIN,30/07/2025,Varejo,1,239.9,80.16,159.74,Venda
SKU_1773_OLI,30/07/2025,Atacado,4,1299.6,664.92,158.67,Venda
SKU_1695_CRE,30/07/2025,Varejo,1,209.9,88.98,120.92,Venda
SKU_1770_JAD,30/07/2025,Atacado,4,879.6,434.88,111.18,Venda
SKU_1753_PAL,30/07/2025,Atacado,5,3949.5,1669.05,456.09,Venda
SKU_1778_MIN,30/07/2025,Atacado,6,1709.4,974.52,122.48,Venda
SKU_1756_BUB,30/07/2025,Atacado,6,1079.4,490.44,98.16,Venda
SKU_1765_MYS,30/07/2025,Atacado,3,779.7,331.02,149.56,Venda
SKU_1703_BLU,30/07/2025,Atacado,6,1619.4,854.1,127.55,Venda
SKU_1738_ROY,30/07/2025,Varejo,1,194.9,65.35,129.55,Venda
SKU_1872_SAP,30/07/2025,Atacado,5,4274.5,1829.0,489.1,Venda
SKU_1906_NAV,30/07/2025,Varejo,1,294.9,100.45,194.45,Venda
SKU_1686_SKY,30/07/2025,Varejo,1,214.9,67.48,147.42,Venda
SKU_1502_VAN,30/07/2025,Atacado,4,839.6,374.72,116.22,Venda
SKU_1646_CLE,30/07/2025,Varejo,1,204.9,94.23,110.67,Venda
SKU_2089_CLO,30/07/2025,Varejo,1,494.9,189.15,305.75,Venda
SKU_1795_HUN,30/07/2025,E-commerce,1,299.9,130.09,169.81,Venda
SKU_1461_NAV,30/07/2025,Varejo,1,1069.9,349.09,720.81,Venda
SKU_1526_FOR,30/07/2025,Varejo,2,339.8,131.08,104.36,Venda
SKU_1769_WHI,30/07/2025,Varejo,1,324.9,98.21,226.69,Venda
SKU_1746_EME,30/07/2025,Atacado,3,539.7,289.44,83.42,Venda
SKU_1490_EME,30/07/2025,Atacado,2,629.8,331.04,149.38,Venda
SKU_1688_WHI,30/07/2025,E-commerce,1,429.9,175.2,254.7,Venda
SKU_1686_SKY,30/07/2025,E-commerce,1,214.9,95.34,119.56,Venda
SKU_1478_TEA,30/07/2025,Atacado,6,1169.4,544.02,104.23,Venda
SKU_1734_FRE,30/07/2025,Varejo,1,349.9,107.75,242.15,Venda
SKU_1455_ROY,30/07/2025,Atacado,5,1674.5,814.8,171.94,Venda
SKU_1714_DEE,30/07/2025,Atacado,5,1524.5,781.3,148.64,Venda
SKU_1729_CLE,30/07/2025,Varejo,4,699.6,260.12,109.87,Venda
SKU_1745_FOR,30/07/2025,Varejo,1,409.9,135.93,273.97,Venda
SKU_1699_CLO,30/07/2025,Varejo,3,989.7,447.81,180.63,Venda
SKU_1773_FRE,30/07/2025,Atacado,6,1949.4,881.88,177.92,Venda
SKU_1578_TEA,30/07/2025,Varejo,1,124.9,48.73,76.17,Venda
SKU_1725_BAB,30/07/2025,Atacado,10,2449.0,1153.2,129.58,Venda
SKU_1691_ROS,30/07/2025,Varejo,2,619.8,242.7,188.55,Venda
SKU_1751_MIN,30/07/2025,E-commerce,1,329.9,156.12,173.78,Venda
SKU_1747_FUC,30/07/2025,Atacado,5,874.5,423.55,90.19,Venda
SKU_1744_EME,30/07/2025,E-commerce,1,264.9,93.48,171.42,Venda
SKU_1497_FUC,30/07/2025,Varejo,1,134.9,44.28,90.62,Venda
SKU_1570_HON,30/07/2025,Atacado,2,1429.8,674.02,377.89,Venda
SKU_1722_PAS,30/07/2025,Atacado,8,2599.2,1178.96,177.53,Venda
SKU_1755_BIR,30/07/2025,Atacado,3,1004.7,515.64,163.02,Venda
SKU_1701_BLU,30/07/2025,Atacado,6,2039.4,1011.72,171.28,Venda
SKU_1791_ARM,30/07/2025,Varejo,1,264.9,111.46,153.44,Venda
SKU_1687_WHI,30/07/2025,Atacado,6,5399.4,2606.64,465.46,Venda
SKU_1780_AQU,30/07/2025,Atacado,12,4018.8,1738.32,190.04,Venda
SKU_1868_ARM,30/07/2025,Atacado,6,4739.4,2692.32,341.18,Venda
SKU_1607_GAR,30/07/2025,Atacado,3,899.7,465.39,144.77,Venda
SKU_1774_COB,30/07/2025,Atacado,3,614.7,298.83,105.29,Venda
SKU_1744_LIG,30/07/2025,Varejo,3,794.7,376.68,139.34,Venda
SKU_1698_SNO,30/07/2025,Atacado,4,1679.6,903.8,193.95,Venda
SKU_1705_SER,30/07/2025,Varejo,1,409.9,153.32,256.58,Venda
SKU_1516_EME,30/07/2025,Varejo,1,349.9,162.21,187.69,Venda
SKU_1715_HON,30/07/2025,Atacado,6,1319.4,655.5,110.65,Venda
SKU_1796_OLI,30/07/2025,Varejo,1,504.9,193.88,311.02,Venda
SKU_1502_PEA,30/07/2025,Varejo,1,209.9,101.46,108.44,Venda
SKU_1402_VAN,30/07/2025,Atacado,2,469.8,211.5,129.15,Venda
SKU_1763_MAR,30/07/2025,Atacado,8,2399.2,1149.28,156.24,Venda
SKU_1719_WHI,30/07/2025,Varejo,1,319.9,136.72,183.18,Venda
SKU_2044_PAS,30/07/2025,Varejo,3,749.7,244.29,168.47,Venda
SKU_1539_PEA,30/07/2025,Atacado,6,2099.4,1117.08,163.72,Venda
SKU_1728_EGR,30/07/2025,Atacado,6,1979.4,1018.32,160.18,Venda
SKU_2064_SAP,30/07/2025,Varejo,1,399.9,121.09,278.81,Venda
SKU_1683_SHO,30/07/2025,Varejo,3,944.7,322.32,207.46,Venda
SKU_1583_BLU,30/07/2025,Varejo,1,254.9,115.98,138.92,Venda
SKU_1712_NAV,30/07/2025,Varejo,1,179.9,88.14,91.76,Venda
SKU_1954_WHI,30/07/2025,Varejo,1,209.9,74.29,135.61,Venda
SKU_1729_CLE,30/07/2025,Varejo,1,174.9,58.66,116.24,Venda
SKU_1756_FLA,30/07/2025,Varejo,1,179.9,66.5,113.4,Venda
SKU_1702_LIG,30/07/2025,Atacado,12,7438.8,3869.16,297.47,Venda
SKU_1694_SER,30/07/2025,Varejo,1,279.9,131.76,148.14,Venda
SKU_1695_LIM,30/07/2025,Varejo,1,209.9,70.86,139.04,Venda
SKU_1398_SPA,30/07/2025,Atacado,5,3374.5,1587.2,357.46,Venda
SKU_1693_MEX,30/07/2025,Atacado,4,819.6,398.0,105.4,Venda
SKU_1689_MAG,30/07/2025,Atacado,6,5789.4,2897.1,482.05,Venda
SKU_1490_EME,30/07/2025,Atacado,2,629.8,299.72,165.04,Venda
SKU_1702_LIG,30/07/2025,Atacado,6,3719.4,1792.56,321.14,Venda
SKU_1437_ROY,30/07/2025,Varejo,1,164.9,72.33,92.57,Venda
SKU_1605_COR,30/07/2025,E-commerce,3,659.7,231.99,142.57,Venda
SKU_1440_BLU,30/07/2025,Atacado,3,3599.7,1590.54,669.72,Venda
SKU_1693_FLA,30/07/2025,Varejo,1,204.9,83.35,121.55,Venda
SKU_1702_COR,30/07/2025,Atacado,6,3719.4,1984.02,289.23,Venda
SKU_1992_DEE,30/07/2025,Atacado,6,5549.4,2562.96,497.74,Venda
SKU_1774_COB,30/07/2025,Atacado,4,819.6,423.16,99.11,Venda
SKU_1733_NAV,30/07/2025,Atacado,2,699.8,360.04,169.88,Venda
SKU_2018_BAB,30/07/2025,Varejo,1,479.9,195.84,284.06,Venda
SKU_2009_WHI,30/07/2025,Varejo,2,499.8,162.4,168.7,Venda
SKU_1682_OLI,30/07/2025,Varejo,1,234.9,90.36,144.54,Venda
SKU_1904_CLE,30/07/2025,Atacado,4,2979.6,1655.48,331.03,Venda
SKU_1545_TEA,30/07/2025,Atacado,4,1039.6,454.96,146.16,Venda
SKU_1741_PEA,30/07/2025,Varejo,2,479.8,222.58,128.61,Venda
SKU_2060_VAN,30/07/2025,Atacado,6,5609.4,2555.88,508.92,Venda
SKU_1813_RAS,30/07/2025,Atacado,3,764.7,378.63,128.69,Venda
SKU_1741_PEA,30/07/2025,Atacado,3,719.7,347.82,123.96,Venda
SKU_1750_SNO,30/07/2025,E-commerce,1,369.9,111.13,258.77,Venda
SKU_1682_OLI,30/07/2025,Varejo,2,469.8,222.8,123.5,Venda
SKU_2095_CLO,30/07/2025,Atacado,4,959.6,538.52,105.27,Venda
SKU_1524_DEN,30/07/2025,E-commerce,1,369.9,112.13,257.77,Venda
SKU_1709_CRE,30/07/2025,Atacado,3,629.7,326.19,101.17,Venda
SKU_1695_CRE,30/07/2025,Atacado,4,839.6,389.68,112.48,Venda
SKU_1729_CLE,30/07/2025,Varejo,2,349.8,153.6,98.1,Venda
SKU_1786_POW,30/07/2025,Varejo,2,359.8,113.88,122.96,Venda
SKU_1719_OFF,30/07/2025,Atacado,4,1279.6,648.08,157.88,Venda
SKU_1800_SKY,30/07/2025,Atacado,4,1119.6,512.84,151.69,Venda
SKU_1439_CER,30/07/2025,Varejo,1,184.9,61.64,123.26,Venda
SKU_1725_BAB,30/07/2025,Varejo,1,244.9,101.66,143.24,Venda
SKU_1747_TEA,30/07/2025,Atacado,5,874.5,415.5,91.8,Venda
SKU_1697_MIN,30/07/2025,Varejo,3,659.7,302.19,119.17,Venda
SKU_1541_AQU,30/07/2025,Varejo,2,1349.8,610.8,369.5,Venda
SKU_1699_COB,30/07/2025,E-commerce,1,329.9,126.63,203.27,Venda
SKU_1400_PAL,30/07/2025,Atacado,2,419.8,196.74,111.53,Venda
SKU_1706_BLA,30/07/2025,Atacado,8,1479.2,702.24,97.12,Venda
SKU_1734_BRI,30/07/2025,Atacado,5,1749.5,847.5,180.4,Venda
SKU_1885_MAG,30/07/2025,Varejo,1,549.9,270.98,278.92,Venda
SKU_1724_PIN,30/07/2025,Varejo,1,1114.9,347.75,767.15,Venda
SKU_1792_MIN,30/07/2025,Atacado,4,1759.6,739.48,255.03,Venda
SKU_1725_BAB,30/07/2025,E-commerce,1,244.9,105.08,139.82,Venda
SKU_1664_PIN,30/07/2025,Atacado,4,1319.6,682.16,159.36,Venda
SKU_1743_CLO,30/07/2025,Varejo,2,879.8,429.52,225.14,Venda
SKU_1748_BAB,30/07/2025,Varejo,1,309.9,138.1,171.8,Venda
SKU_1694_PIS,30/07/2025,Atacado,6,1679.4,765.18,152.37,Venda
SKU_1775_PAS,30/07/2025,Varejo,2,559.8,213.08,173.36,Venda
SKU_1680_SEA,30/07/2025,Atacado,8,2679.2,1269.04,176.27,Venda
SKU_1800_MOS,30/07/2025,Varejo,1,279.9,103.76,176.14,Venda
SKU_1518_LIM,30/07/2025,Varejo,3,704.7,221.88,160.94,Venda
SKU_1984_PIN,30/07/2025,E-commerce,2,599.8,210.56,194.62,Venda
SKU_1690_MYS,30/07/2025,Varejo,2,1079.8,432.9,323.45,Venda
SKU_1449_BLA,30/07/2025,Atacado,3,974.7,484.02,163.56,Venda
SKU_1703_BLU,30/07/2025,Atacado,2,539.8,292.46,123.67,Venda
SKU_2060_MEX,30/07/2025,Varejo,2,1869.8,620.62,624.59,Venda
SKU_1724_PIN,30/07/2025,Varejo,1,1114.9,422.22,692.68,Venda
SKU_1965_GAR,30/07/2025,Varejo,1,234.9,110.9,124.0,Venda
SKU_1771_PIN,30/07/2025,Varejo,1,264.9,86.91,177.99,Venda
SKU_1688_WHI,30/07/2025,Atacado,3,1289.7,656.67,211.01,Venda
SKU_1739_MOS,30/07/2025,Atacado,3,764.7,343.77,140.31,Venda
SKU_1574_COB,30/07/2025,Atacado,4,2419.6,1320.32,274.82,Venda
SKU_1774_MOS,30/07/2025,E-commerce,1,204.9,87.7,117.2,Venda
SKU_1749_BIR,30/07/2025,Varejo,1,349.9,172.78,177.12,Venda
SKU_1799_DEN,30/07/2025,Varejo,1,269.9,106.84,163.06,Venda
SKU_1747_TEA,30/07/2025,E-commerce,1,174.9,85.63,89.27,Venda
SKU_1689_IVO,30/07/2025,Varejo,1,964.9,306.41,658.49,Venda
SKU_1680_SEA,30/07/2025,Atacado,6,2009.4,912.72,182.78,Venda
SKU_1738_ROY,30/07/2025,Varejo,2,389.8,129.02,130.39,Venda
SKU_1709_CRE,30/07/2025,Varejo,1,209.9,72.53,137.37,Venda
SKU_1754_IVO,30/07/2025,Atacado,5,1699.5,945.05,150.89,Venda
SKU_1799_POW,30/07/2025,Varejo,1,269.9,129.1,140.8,Venda
SKU_1705_JAD,30/07/2025,Atacado,8,3279.2,1550.72,216.06,Venda
SKU_1425_LIG,30/07/2025,Varejo,1,209.9,75.81,134.09,Venda
SKU_1430_PEA,30/07/2025,E-commerce,1,179.9,67.24,112.66,Venda
SKU_1929_PEA,30/07/2025,Varejo,1,294.9,128.15,166.75,Venda
SKU_1416_AQU,30/07/2025,Varejo,1,279.9,139.81,140.09,Venda
SKU_1728_MID,30/07/2025,Atacado,12,3958.8,1748.76,184.17,Venda
SKU_1790_ROY,30/07/2025,Varejo,1,259.9,79.21,180.69,Venda
SKU_1681_PIS,30/07/2025,Atacado,8,1879.2,906.08,121.64,Venda
SKU_1898_EME,30/07/2025,Atacado,5,2424.5,1167.6,251.38,Venda
SKU_1497_VAN,30/07/2025,E-commerce,1,134.9,50.86,84.04,Venda
SKU_1906_NAV,30/07/2025,Atacado,4,1179.6,598.96,145.16,Venda
SKU_1641_MEX,30/07/2025,Varejo,1,324.9,130.52,194.38,Venda
SKU_1738_BLU,30/07/2025,Varejo,1,194.9,74.67,120.23,Venda
SKU_1739_MOS,30/07/2025,Varejo,1,254.9,79.48,175.42,Venda
SKU_2076_MIN,30/07/2025,Atacado,6,2849.4,1425.06,237.39,Venda
SKU_1857_IVO,30/07/2025,E-commerce,1,239.9,114.0,125.9,Venda
SKU_1719_WHI,30/07/2025,Varejo,1,319.9,147.58,172.32,Venda
SKU_2022_SHO,30/07/2025,Atacado,8,2239.2,1240.56,124.83,Venda
SKU_2099_DEE,30/07/2025,Atacado,4,1079.6,462.2,154.35,Venda
SKU_1768_MIN,30/07/2025,Varejo,1,624.9,216.66,408.24,Venda
SKU_1892_ROS,30/07/2025,Varejo,2,579.8,234.92,172.44,Venda
SKU_1702_LIG,30/07/2025,Atacado,5,3099.5,1566.95,306.51,Venda
SKU_1753_PAL,30/07/2025,Varejo,3,2369.7,1001.16,456.18,Venda
SKU_1749_SNO,30/07/2025,Varejo,1,349.9,168.47,181.43,Venda
SKU_1695_CRE,30/07/2025,E-commerce,1,209.9,91.06,118.84,Venda
SKU_1692_OLI,30/07/2025,Atacado,4,879.6,373.44,126.54,Venda
SKU_1854_NAV,30/07/2025,Atacado,8,1479.2,718.08,95.14,Venda
SKU_1684_SHO,30/07/2025,Varejo,1,184.9,67.57,117.33,Venda
SKU_1739_AQU,30/07/2025,Atacado,5,1274.5,624.55,129.99,Venda
SKU_1444_OLI,30/07/2025,Atacado,2,479.8,229.0,125.4,Venda
SKU_1694_PIS,30/07/2025,Atacado,4,1119.6,618.04,125.39,Venda
SKU_1721_FRE,30/07/2025,Atacado,2,839.8,424.22,207.79,Venda
SKU_1663_SNO,30/07/2025,Varejo,1,794.9,321.73,473.17,Venda
SKU_1705_JAD,30/07/2025,Varejo,1,409.9,200.0,209.9,Venda
SKU_1433_OLI,30/07/2025,E-commerce,2,629.8,237.76,196.02,Venda
SKU_2107_WHI,30/07/2025,Atacado,2,849.8,405.66,222.07,Venda
SKU_1734_BRI,30/07/2025,Atacado,8,2799.2,1387.68,176.44,Venda
SKU_1727_LIG,30/07/2025,Atacado,6,929.4,509.34,70.01,Venda
SKU_1574_COB,30/07/2025,Varejo,1,604.9,209.82,395.08,Venda
SKU_1765_MYS,30/07/2025,Atacado,6,1559.4,763.5,132.65,Venda
SKU_1840_FOR,30/07/2025,Varejo,1,214.9,96.47,118.43,Venda
SKU_2085_OLI,30/07/2025,Varejo,1,454.9,225.07,229.83,Venda
SKU_1747_FUC,30/07/2025,E-commerce,1,174.9,55.63,119.27,Venda
SKU_1730_MIN,30/07/2025,Varejo,1,319.9,120.84,199.06,Venda
SKU_1728_EGR,30/07/2025,Atacado,4,1319.6,688.6,157.75,Venda
SKU_1797_BLU,30/07/2025,Varejo,1,379.9,171.22,208.68,Venda
SKU_1787_BAB,30/07/2025,Varejo,1,289.9,87.71,202.19,Venda
SKU_1695_CRE,30/07/2025,Atacado,3,629.7,296.49,111.07,Venda
SKU_1882_SPA,30/07/2025,Varejo,1,239.9,83.49,156.41,Venda
SKU_1702_COR,30/07/2025,Atacado,6,3719.4,1721.22,333.03,Venda
SKU_1702_COR,30/07/2025,Atacado,12,7438.8,3679.56,313.27,Venda
SKU_1780_LIG,30/07/2025,Varejo,1,334.9,148.29,186.61,Venda
SKU_1765_PAS,30/07/2025,Varejo,2,519.8,232.42,143.69,Venda
SKU_1689_MAG,30/07/2025,E-commerce,1,964.9,362.96,601.94,Venda
SKU_1900_HON,30/07/2025,Atacado,12,5098.8,2559.0,211.65,Venda
SKU_1718_SEA,30/07/2025,Varejo,2,739.8,303.32,218.24,Venda
SKU_1409_PEA,30/07/2025,Varejo,2,419.8,174.96,122.42,Venda
SKU_1625_GAR,30/07/2025,Atacado,5,1024.5,468.2,111.26,Venda
SKU_1712_MOS,30/07/2025,E-commerce,1,179.9,61.43,118.47,Venda
SKU_1712_NAV,30/07/2025,Varejo,1,179.9,67.68,112.22,Venda
SKU_1401_BLU,30/07/2025,Varejo,2,479.8,217.96,130.92,Venda
SKU_1759_COB,30/07/2025,Atacado,6,1619.4,827.46,131.99,Venda
SKU_2002_VAN,30/07/2025,Atacado,6,1229.4,650.04,96.56,Venda
SKU_1741_PEA,30/07/2025,Atacado,8,1919.2,884.88,129.29,Venda
SKU_1704_PEA,30/07/2025,E-commerce,1,334.9,105.1,229.8,Venda
SKU_1788_EME,30/07/2025,Atacado,5,1249.5,530.55,143.79,Venda
SKU_1436_PAS,30/07/2025,Atacado,3,839.7,449.34,130.12,Venda
SKU_1716_SAL,30/07/2025,Varejo,1,164.9,78.04,86.86,Venda
SKU_1471_ROS,30/07/2025,Atacado,12,2458.8,1213.56,103.77,Venda
SKU_1493_PEA,30/07/2025,E-commerce,1,329.9,122.93,206.97,Venda
SKU_1935_DEN,30/07/2025,Atacado,4,719.6,348.76,92.71,Venda
SKU_1764_MAR,30/07/2025,Varejo,2,469.8,147.6,161.1,Venda
SKU_1473_BLU,30/07/2025,Atacado,12,2158.8,1185.48,81.11,Venda
SKU_1760_OFF,30/07/2025,Atacado,4,999.6,570.56,107.26,Venda
SKU_1453_PRI,30/07/2025,Atacado,8,1879.2,916.32,120.36,Venda
SKU_1762_BRI,30/07/2025,Atacado,6,1529.4,649.86,146.59,Venda
SKU_1697_PIS,30/07/2025,Varejo,1,219.9,91.91,127.99,Venda
SKU_1713_SAL,30/07/2025,Varejo,1,504.9,178.76,326.14,Venda
SKU_1706_JAD,30/07/2025,Atacado,4,739.6,408.48,82.78,Venda
SKU_1686_MOS,30/07/2025,Varejo,3,644.7,297.84,115.62,Venda
SKU_1706_JAD,30/07/2025,Atacado,12,2218.8,1024.44,99.53,Venda
SKU_1757_PIN,30/07/2025,Atacado,4,1059.6,578.64,120.24,Venda
SKU_1677_VAN,30/07/2025,E-commerce,1,569.9,276.53,293.37,Venda
SKU_1710_MEX,30/07/2025,Varejo,1,809.9,260.0,549.9,Venda
SKU_1953_IVO,30/07/2025,E-commerce,2,469.8,203.98,132.91,Venda
SKU_1717_MIN,30/07/2025,Varejo,1,259.9,81.14,178.76,Venda
SKU_1752_SPA,30/07/2025,Atacado,6,2579.4,1423.08,192.72,Venda
SKU_1997_MID,30/07/2025,Varejo,1,189.9,94.59,95.31,Venda
SKU_1867_LIG,30/07/2025,Varejo,3,599.7,188.4,137.1,Venda
SKU_1589_CER,30/07/2025,E-commerce,1,679.9,330.54,349.36,Venda
SKU_1717_MIN,30/07/2025,Atacado,3,779.7,407.16,124.18,Venda
SKU_1723_MOS,30/07/2025,Atacado,10,4349.0,2480.6,186.84,Venda
SKU_1789_EME,30/07/2025,E-commerce,3,809.7,401.55,136.05,Venda
SKU_1725_BAB,30/07/2025,Atacado,5,1224.5,668.25,111.25,Venda
SKU_1771_EME,30/07/2025,Atacado,10,2649.0,1164.2,148.48,Venda
SKU_2035_LIG,30/07/2025,Atacado,3,674.7,337.17,112.51,Venda
SKU_1733_NAV,30/07/2025,Atacado,4,1399.6,790.28,152.33,Venda
SKU_1791_IVO,30/07/2025,E-commerce,1,264.9,112.76,152.14,Venda
SKU_1787_BAB,30/07/2025,Varejo,1,289.9,92.8,197.1,Venda
SKU_1725_BAB,30/07/2025,Varejo,1,244.9,94.86,150.04,Venda
SKU_1770_JAD,30/07/2025,Atacado,2,439.8,197.88,120.96,Venda
SKU_1753_WHI,30/07/2025,Atacado,3,2369.7,1106.43,421.09,Venda
SKU_1725_OFF,30/07/2025,Varejo,1,244.9,91.19,153.71,Venda
SKU_1768_MIN,30/07/2025,Atacado,10,6249.0,2963.5,328.55,Venda
SKU_1647_ARM,30/07/2025,E-commerce,2,679.8,219.0,230.4,Venda
SKU_1730_OFF,30/07/2025,Atacado,4,1279.6,632.8,161.7,Venda
SKU_1799_DEN,30/07/2025,Varejo,1,269.9,120.23,149.67,Venda
SKU_1543_FLA,30/07/2025,Varejo,1,734.9,263.49,471.41,Venda
SKU_1787_BAB,30/07/2025,Varejo,2,579.8,281.68,149.06,Venda
SKU_1694_SER,30/07/2025,Atacado,6,1679.4,904.62,129.13,Venda
SKU_1708_FRE,30/07/2025,Varejo,1,169.9,82.49,87.41,Venda
SKU_1445_TEA,30/07/2025,E-commerce,1,409.9,180.97,228.93,Venda
SKU_1757_TUR,30/07/2025,Atacado,6,1589.4,754.02,139.23,Venda
SKU_1741_PEA,30/07/2025,Varejo,4,959.6,338.72,155.22,Venda
SKU_1702_COR,30/07/2025,Atacado,4,2479.6,1066.08,353.38,Venda
SKU_2093_SKY,30/07/2025,Atacado,4,899.6,446.68,113.23,Venda
SKU_1836_MID,30/07/2025,E-commerce,2,1429.8,510.48,459.66,Venda
SKU_1528_DEN,30/07/2025,E-commerce,1,214.9,70.99,143.91,Venda
SKU_1500_PAS,30/07/2025,Varejo,1,259.9,113.57,146.33,Venda
SKU_1620_BLU,30/07/2025,Atacado,5,1324.5,761.1,112.68,Venda
SKU_1743_CLO,30/07/2025,Varejo,2,879.8,301.12,289.34,Venda
SKU_1726_BUB,30/07/2025,E-commerce,1,429.9,167.46,262.44,Venda
SKU_1736_PAS,30/07/2025,E-commerce,1,324.9,101.52,223.38,Venda
SKU_1745_FOR,30/07/2025,Atacado,6,2459.4,1288.5,195.15,Venda
SKU_1859_LIG,30/07/2025,Atacado,3,1289.7,632.22,219.16,Venda
SKU_1720_PAS,30/07/2025,Varejo,1,224.9,96.97,127.93,Venda
SKU_1703_BLU,30/07/2025,Varejo,2,539.8,198.6,170.6,Venda
SKU_1787_BAB,30/07/2025,Varejo,2,579.8,282.02,148.89,Venda
SKU_1762_DEN,30/07/2025,Atacado,3,764.7,330.75,144.65,Venda
SKU_1744_LIG,30/07/2025,Atacado,4,1059.6,478.2,145.35,Venda
SKU_1709_CRE,30/07/2025,Atacado,8,1679.2,750.08,116.14,Venda
SKU_1543_BAB,30/07/2025,Varejo,2,1469.8,540.6,464.6,Venda
SKU_1776_PAS,30/07/2025,Varejo,2,659.8,273.34,193.23,Venda
SKU_1683_SHO,30/07/2025,Atacado,8,2519.2,1119.04,175.02,Venda
SKU_1727_WHI,30/07/2025,Atacado,5,774.5,330.4,88.82,Venda
SKU_1731_ARM,30/07/2025,Varejo,1,909.9,408.33,501.57,Venda
SKU_1728_EGR,30/07/2025,Varejo,1,329.9,113.27,216.63,Venda
SKU_1722_PAS,30/07/2025,Atacado,8,2599.2,1231.92,170.91,Venda
SKU_1724_PEA,30/07/2025,E-commerce,2,2229.8,688.24,770.78,Venda
SKU_1795_HUN,30/07/2025,Atacado,6,1799.4,936.48,143.82,Venda
SKU_1775_PAL,30/07/2025,Varejo,1,279.9,120.1,159.8,Venda
SKU_1440_BLU,30/07/2025,Atacado,4,4799.6,2505.96,573.41,Venda
SKU_1693_FLA,30/07/2025,Varejo,1,204.9,88.07,116.83,Venda
SKU_1722_PAS,30/07/2025,E-commerce,1,324.9,157.82,167.08,Venda
SKU_1451_WHI,30/07/2025,Atacado,6,1469.4,661.56,134.64,Venda
SKU_1729_FUC,30/07/2025,Varejo,1,174.9,56.92,117.98,Venda
SKU_1564_NAV,30/07/2025,Atacado,5,2949.5,1479.45,294.01,Venda
SKU_1780_AQU,30/07/2025,Varejo,1,334.9,110.68,224.22,Venda
SKU_1750_MIN,30/07/2025,Varejo,3,1109.7,534.63,191.69,Venda
SKU_1497_FUC,30/07/2025,Atacado,2,269.8,129.22,70.29,Venda
SKU_1775_PAS,30/07/2025,Atacado,5,1399.5,638.6,152.18,Venda
SKU_1686_MOS,30/07/2025,Atacado,10,2149.0,918.7,123.03,Venda
SKU_1507_FLA,30/07/2025,Varejo,2,359.8,138.46,110.67,Venda
SKU_1799_POW,30/07/2025,Atacado,8,2159.2,908.8,156.3,Venda
SKU_1684_SHO,30/07/2025,E-commerce,1,184.9,56.85,128.05,Venda
SKU_1796_OLI,30/07/2025,Varejo,3,1514.7,492.0,340.9,Venda
SKU_1651_SAL,30/07/2025,Varejo,1,264.9,88.1,176.8,Venda
SKU_1706_BLA,30/07/2025,Varejo,1,184.9,90.1,94.8,Venda
SKU_1774_MOS,30/07/2025,Varejo,1,204.9,87.45,117.45,Venda
SKU_1798_OFF,30/07/2025,Atacado,2,839.8,382.84,228.48,Venda
SKU_1493_PEA,30/07/2025,E-commerce,2,659.8,328.16,165.82,Venda
SKU_1519_BLU,30/07/2025,Varejo,2,1259.8,475.32,392.24,Venda
SKU_1568_PIN,30/07/2025,Varejo,1,234.9,103.09,131.81,Venda
SKU_1681_OFF,30/07/2025,Atacado,8,1879.2,994.08,110.64,Venda
SKU_1797_GAR,30/07/2025,Varejo,1,379.9,158.34,221.56,Venda
SKU_1730_MIN,30/07/2025,Atacado,2,639.8,306.86,166.47,Venda
SKU_2058_MOS,30/07/2025,Varejo,1,209.9,87.74,122.16,Venda
SKU_1706_BLA,30/07/2025,Varejo,1,184.9,80.61,104.29,Venda
SKU_1796_OLI,30/07/2025,Atacado,8,4039.2,1967.2,259.0,Venda
SKU_1799_POW,30/07/2025,Varejo,1,269.9,103.25,166.65,Venda
SKU_1771_PIN,30/07/2025,Atacado,5,1324.5,612.25,142.45,Venda
SKU_1542_DEE,30/07/2025,Atacado,6,2819.4,1276.38,257.17,Venda
SKU_1737_SAG,30/07/2025,Atacado,3,2309.7,1185.42,374.76,Venda
SKU_1580_WHI,30/07/2025,Varejo,1,189.9,89.82,100.08,Venda
SKU_1706_JAD,30/07/2025,Varejo,1,184.9,62.41,122.49,Venda
SKU_1857_PAS,30/07/2025,Atacado,10,2399.0,1091.3,130.77,Venda
SKU_1729_CLE,30/07/2025,Varejo,1,174.9,65.45,109.45,Venda
SKU_1798_MOS,30/07/2025,Atacado,3,1259.7,652.47,202.41,Venda
SKU_1694_SER,30/07/2025,Atacado,8,2239.2,1160.56,134.83,Venda
SKU_1753_WHI,30/07/2025,Atacado,8,6319.2,3585.12,341.76,Venda
SKU_1776_PAS,30/07/2025,Varejo,2,659.8,206.64,226.58,Venda
SKU_1684_HON,30/07/2025,Atacado,4,739.6,314.68,106.23,Venda
SKU_1735_MOS,30/07/2025,Varejo,1,269.9,109.58,160.32,Venda
SKU_2037_SEA,30/07/2025,Varejo,1,724.9,237.14,487.76,Venda
SKU_1759_CLE,30/07/2025,Varejo,1,269.9,87.47,182.43,Venda
SKU_1805_BLU,30/07/2025,Varejo,1,579.9,258.62,321.28,Venda
SKU_1754_SER,30/07/2025,E-commerce,1,339.9,164.77,175.13,Venda
SKU_1439_SHO,30/07/2025,Atacado,8,1479.2,845.28,79.24,Venda
SKU_1752_SPA,30/07/2025,Atacado,10,4299.0,1915.7,238.33,Venda
SKU_1460_FUC,30/07/2025,Varejo,2,349.8,162.38,93.71,Venda
SKU_1759_COB,30/07/2025,Atacado,12,3238.8,1496.16,145.22,Venda
SKU_1755_AQU,30/07/2025,E-commerce,1,334.9,151.95,182.95,Venda
SKU_1717_CRE,30/07/2025,Varejo,1,259.9,87.24,172.66,Venda
SKU_1766_MYS,30/07/2025,Atacado,8,3159.2,1609.12,193.76,Venda
SKU_1920_GAR,30/07/2025,Atacado,2,509.8,256.5,126.65,Venda
SKU_1722_PAS,30/07/2025,Varejo,1,324.9,111.78,213.12,Venda
SKU_1775_PAS,30/07/2025,Atacado,3,839.7,439.23,133.49,Venda
SKU_1700_HUN,30/07/2025,Varejo,1,699.9,211.78,488.12,Venda
SKU_1790_ROY,30/07/2025,Atacado,5,1299.5,610.05,137.89,Venda
SKU_1803_SER,30/07/2025,Atacado,6,1199.4,567.54,105.31,Venda
SKU_1445_TEA,30/07/2025,Atacado,5,2049.5,872.95,235.31,Venda
SKU_1559_SKY,30/07/2025,Atacado,4,4799.6,2361.48,609.53,Venda
SKU_1707_SAP,30/07/2025,Atacado,6,1679.4,896.7,130.45,Venda
SKU_1760_OFF,30/07/2025,Atacado,6,1499.4,742.32,126.18,Venda
SKU_1787_BAB,30/07/2025,Varejo,1,289.9,142.93,146.97,Venda
SKU_1707_ARM,30/07/2025,Atacado,6,1679.4,761.4,153.0,Venda
SKU_1776_BIR,30/07/2025,Varejo,1,329.9,107.01,222.89,Venda
SKU_1796_OLI,30/07/2025,Varejo,1,504.9,243.27,261.63,Venda
SKU_1770_JAD,30/07/2025,Atacado,6,1319.4,765.96,92.24,Venda
SKU_1798_OFF,30/07/2025,E-commerce,1,419.9,191.87,228.03,Venda
SKU_1717_MIN,30/07/2025,Varejo,1,259.9,127.25,132.65,Venda
SKU_1785_HUN,30/07/2025,E-commerce,1,244.9,104.09,140.81,Venda
SKU_1642_OFF,30/07/2025,Varejo,1,224.9,78.52,146.38,Venda
SKU_1772_SNO,30/07/2025,Atacado,3,1244.7,647.49,199.07,Venda
SKU_1684_SHO,30/07/2025,Atacado,6,1109.4,537.12,95.38,Venda
SKU_1585_BLA,30/07/2025,Varejo,1,319.9,121.28,198.62,Venda
SKU_1737_SAG,30/07/2025,Atacado,5,3849.5,1998.7,370.16,Venda
SKU_1921_VAN,30/07/2025,Atacado,3,749.7,387.09,120.87,Venda
SKU_1721_COR,30/07/2025,Atacado,4,1679.6,897.52,195.52,Venda
SKU_1801_MOS,30/07/2025,E-commerce,1,374.9,122.03,252.87,Venda
SKU_1856_PAS,30/07/2025,Atacado,5,1624.5,704.35,184.03,Venda
SKU_1722_PAS,30/07/2025,E-commerce,1,324.9,130.99,193.91,Venda
SKU_1396_FUC,30/07/2025,Atacado,5,674.5,347.0,65.5,Venda
SKU_1629_ARM,30/07/2025,Atacado,6,1529.4,733.38,132.67,Venda
SKU_1397_SNO,30/07/2025,Atacado,12,2818.8,1318.2,125.05,Venda
SKU_1763_HOT,30/07/2025,Varejo,1,299.9,149.48,150.42,Venda
SKU_1729_CLE,30/07/2025,Atacado,3,524.7,287.25,79.15,Venda
SKU_1934_COB,30/07/2025,Atacado,3,779.7,411.63,122.69,Venda
SKU_1730_MIN,30/07/2025,Atacado,2,639.8,330.76,154.52,Venda
SKU_1730_OFF,30/07/2025,Atacado,8,2559.2,1197.04,170.27,Venda
SKU_1682_OLI,30/07/2025,Varejo,1,234.9,89.07,145.83,Venda
SKU_1731_ARM,30/07/2025,Varejo,1,909.9,309.89,600.01,Venda
SKU_1706_JAD,30/07/2025,E-commerce,2,369.8,115.66,127.07,Venda
SKU_1718_SEA,30/07/2025,Atacado,3,1109.7,578.97,176.91,Venda
SKU_1836_CRE,30/07/2025,Atacado,12,8578.8,4196.04,365.23,Venda
SKU_1444_OLI,30/07/2025,Varejo,2,479.8,148.54,165.63,Venda
SKU_1756_FLA,30/07/2025,E-commerce,1,179.9,62.91,116.99,Venda
SKU_1731_MIN,30/07/2025,Varejo,1,909.9,321.61,588.29,Venda
SKU_1723_COB,30/07/2025,Varejo,1,434.9,133.99,300.91,Venda
SKU_1705_SER,30/07/2025,E-commerce,1,409.9,154.03,255.87,Venda
SKU_1704_PEA,30/07/2025,Varejo,1,334.9,100.61,234.29,Venda
SKU_1439_SHO,30/07/2025,Varejo,1,184.9,60.93,123.97,Venda
SKU_1709_MAR,30/07/2025,Atacado,3,629.7,309.99,106.57,Venda
SKU_1430_JAD,30/07/2025,Varejo,1,179.9,71.48,108.42,Venda
SKU_1688_WHI,30/07/2025,E-commerce,1,429.9,171.47,258.43,Venda
SKU_1683_SHO,30/07/2025,Varejo,1,314.9,153.93,160.97,Venda
SKU_1754_SER,30/07/2025,Varejo,1,339.9,155.47,184.43,Venda
SKU_1785_HUN,30/07/2025,E-commerce,1,244.9,107.09,137.81,Venda
SKU_1801_MOS,30/07/2025,Atacado,5,1874.5,789.4,217.02,Venda
SKU_1723_MOS,30/07/2025,Varejo,4,1739.6,676.36,265.81,Venda
SKU_1774_COB,30/07/2025,Atacado,4,819.6,357.16,115.61,Venda
SKU_1738_BLU,30/07/2025,Atacado,6,1169.4,523.2,107.7,Venda
SKU_1778_TEA,30/07/2025,Atacado,10,2849.0,1260.6,158.84,Venda
SKU_1766_CLE,30/07/2025,Atacado,10,3949.0,1733.4,221.56,Venda
SKU_1682_BIR,30/07/2025,Atacado,8,1879.2,899.84,122.42,Venda
SKU_1765_MYS,30/07/2025,Varejo,2,519.8,169.54,175.13,Venda
SKU_1754_IVO,30/07/2025,Varejo,1,339.9,126.59,213.31,Venda
SKU_1730_OFF,30/07/2025,Atacado,2,639.8,275.92,181.94,Venda
SKU_1730_OFF,30/07/2025,Atacado,4,1279.6,611.68,166.98,Venda
SKU_1565_LIG,30/07/2025,Atacado,8,2879.2,1313.12,195.76,Venda
SKU_1748_BAB,30/07/2025,Atacado,8,2479.2,1437.76,130.18,Venda
SKU_1715_JAD,30/07/2025,Atacado,8,1759.2,816.4,117.85,Venda
SKU_1743_DEE,30/07/2025,Varejo,1,439.9,133.6,306.3,Venda
SKU_1710_MEX,30/07/2025,E-commerce,2,1619.8,716.26,451.77,Venda
SKU_1761_SAP,30/07/2025,Varejo,1,1104.9,376.41,728.49,Venda
SKU_1794_LIG,30/07/2025,Varejo,1,209.9,75.14,134.76,Venda
SKU_1801_MOS,30/07/2025,Varejo,1,374.9,174.13,200.77,Venda
SKU_1495_FUC,30/07/2025,Varejo,1,329.9,157.2,172.7,Venda
SKU_1628_PEA,30/07/2025,E-commerce,1,549.9,222.37,327.53,Venda
SKU_1713_SNO,30/07/2025,Atacado,4,2019.6,852.92,291.67,Venda
SKU_1698_SNO,30/07/2025,E-commerce,1,419.9,145.66,274.24,Venda
SKU_1439_SHO,30/07/2025,Varejo,1,184.9,82.51,102.39,Venda
SKU_1794_LIG,30/07/2025,Atacado,6,1259.4,664.44,99.16,Venda
SKU_2073_HUN,30/07/2025,Atacado,6,1739.4,745.44,165.66,Venda
SKU_1712_MOS,30/07/2025,Varejo,1,179.9,88.68,91.22,Venda
SKU_1723_MOS,30/07/2025,Varejo,1,434.9,186.0,248.9,Venda
SKU_1772_SNO,30/07/2025,E-commerce,1,414.9,163.82,251.08,Venda
SKU_1691_ROS,30/07/2025,Varejo,1,309.9,139.56,170.34,Venda
SKU_1744_LIG,30/07/2025,Varejo,1,264.9,104.4,160.5,Venda
SKU_1624_ARM,30/07/2025,Atacado,5,1049.5,467.35,116.43,Venda
SKU_1680_SEA,30/07/2025,Varejo,1,334.9,140.98,193.92,Venda
SKU_1801_MOS,30/07/2025,Atacado,4,1499.6,792.16,176.86,Venda
SKU_1777_FRE,30/07/2025,Atacado,2,479.8,248.92,115.44,Venda
SKU_1542_DEE,30/07/2025,E-commerce,1,469.9,191.97,277.93,Venda
SKU_1782_HUN,30/07/2025,Atacado,3,749.7,358.23,130.49,Venda
SKU_1678_LIG,30/07/2025,Atacado,8,5719.2,3306.56,301.58,Venda
SKU_1696_SER,30/07/2025,Varejo,1,279.9,87.25,192.65,Venda
SKU_1706_JAD,30/07/2025,Atacado,5,924.5,482.2,88.46,Venda
SKU_1748_BAB,30/07/2025,Atacado,3,929.7,470.49,153.07,Venda
SKU_1770_DEE,30/07/2025,E-commerce,1,219.9,67.07,152.83,Venda
SKU_1791_ARM,30/07/2025,Varejo,1,264.9,130.12,134.78,Venda
SKU_1958_PAS,30/07/2025,Atacado,2,369.8,166.74,101.53,Venda
SKU_2084_GAR,30/07/2025,Atacado,10,2549.0,1077.6,147.14,Venda
SKU_1647_ARM,30/07/2025,Varejo,2,679.8,261.26,209.27,Venda
SKU_1618_SAL,30/07/2025,Atacado,3,539.7,285.21,84.83,Venda
SKU_1756_BUB,30/07/2025,Varejo,1,179.9,57.94,121.96,Venda
SKU_1720_PAL,30/07/2025,E-commerce,1,224.9,106.04,118.86,Venda
SKU_1736_PAS,30/07/2025,Varejo,1,324.9,136.52,188.38,Venda
SKU_1784_BLA,30/07/2025,Atacado,10,3099.0,1307.1,179.19,Venda
SKU_1722_AQU,30/07/2025,E-commerce,1,324.9,98.02,226.88,Venda
SKU_1474_DEN,30/07/2025,Atacado,8,8479.2,3907.76,571.43,Venda
SKU_1725_OFF,30/07/2025,Varejo,1,244.9,78.86,166.04,Venda
SKU_1836_MID,30/07/2025,Atacado,5,3574.5,1780.0,358.9,Venda
SKU_1419_WHI,30/07/2025,Atacado,6,1499.4,633.12,144.38,Venda
SKU_1417_SNO,30/07/2025,Atacado,10,2799.0,1255.3,154.37,Venda
SKU_1755_BIR,30/07/2025,Varejo,1,334.9,155.96,178.94,Venda
SKU_1779_MIN,30/07/2025,Varejo,2,429.8,166.6,131.6,Venda
SKU_1779_LIG,30/07/2025,Varejo,1,214.9,106.01,108.89,Venda
SKU_1958_PAS,30/07/2025,Atacado,2,369.8,231.56,69.12,Venda
SKU_1785_PAS,30/07/2025,E-commerce,1,244.9,116.2,128.7,Venda
SKU_1731_ARM,30/07/2025,Varejo,2,1819.8,781.38,519.21,Venda
SKU_1702_COR,30/07/2025,Atacado,4,2479.6,1297.12,295.62,Venda
SKU_1782_NAV,30/07/2025,Varejo,2,499.8,211.72,144.04,Venda
SKU_1916_HOT,30/07/2025,E-commerce,1,254.9,89.77,165.13,Venda
SKU_1729_FUC,30/07/2025,Varejo,1,174.9,74.65,100.25,Venda
SKU_1705_SER,30/07/2025,Varejo,1,409.9,192.44,217.46,Venda
SKU_1731_ARM,30/07/2025,Atacado,3,2729.7,1284.96,481.58,Venda
SKU_1708_FRE,30/07/2025,Varejo,1,169.9,65.95,103.95,Venda
SKU_1801_MOS,30/07/2025,Atacado,12,4498.8,2245.68,187.76,Venda
SKU_1744_EME,30/07/2025,Atacado,3,794.7,407.43,129.09,Venda
SKU_1704_BAB,30/07/2025,Atacado,6,2009.4,949.86,176.59,Venda
SKU_1789_EME,30/07/2025,Varejo,1,269.9,110.86,159.04,Venda
SKU_1754_SER,30/07/2025,Atacado,6,2039.4,978.6,176.8,Venda
SKU_1690_MYS,30/07/2025,Atacado,3,1619.7,739.32,293.46,Venda
SKU_1697_PIS,30/07/2025,Atacado,6,1319.4,562.32,126.18,Venda
SKU_1634_NAV,30/07/2025,Atacado,2,1959.8,861.82,548.99,Venda
SKU_1607_GAR,30/07/2025,Varejo,1,299.9,112.2,187.7,Venda
SKU_1683_PAL,30/07/2025,Atacado,5,1574.5,824.85,149.93,Venda
SKU_1775_PAS,30/07/2025,Varejo,1,279.9,130.34,149.56,Venda
SKU_1625_DUS,30/07/2025,Atacado,10,2049.0,975.3,107.37,Venda
SKU_1819_DEE,30/07/2025,E-commerce,1,344.9,157.06,187.84,Venda
SKU_1416_CLE,30/07/2025,Varejo,2,559.8,168.1,195.85,Venda
SKU_1692_OLI,30/07/2025,Varejo,1,219.9,87.44,132.46,Venda
SKU_1779_LIG,30/07/2025,E-commerce,3,644.7,206.91,145.93,Venda
SKU_1697_MIN,30/07/2025,E-commerce,1,219.9,88.9,131.0,Venda
SKU_1389_SHO,30/07/2025,Atacado,6,839.4,441.48,66.32,Venda
SKU_1799_DEN,30/07/2025,Atacado,5,1349.5,716.2,126.66,Venda
SKU_1693_MEX,30/07/2025,E-commerce,2,409.8,149.7,130.05,Venda
SKU_1402_VAN,30/07/2025,Varejo,1,234.9,109.14,125.76,Venda
SKU_1739_MOS,30/07/2025,Atacado,3,764.7,359.73,134.99,Venda
SKU_1772_BLU,30/07/2025,Varejo,1,414.9,146.16,268.74,Venda
SKU_1784_EGR,30/07/2025,Varejo,1,309.9,146.54,163.36,Venda
SKU_1737_SAG,30/07/2025,Varejo,1,769.9,350.02,419.88,Venda
SKU_1538_MAG,30/07/2025,Varejo,2,419.8,168.92,125.44,Venda
SKU_2081_PAL,30/07/2025,E-commerce,2,779.8,376.2,201.8,Venda
SKU_1512_MYS,30/07/2025,Atacado,4,899.6,477.08,105.63,Venda
SKU_1720_PAL,30/07/2025,Varejo,1,224.9,109.79,115.11,Venda
SKU_1875_BIR,30/07/2025,Varejo,1,174.9,59.75,115.15,Venda
SKU_1793_WHI,30/07/2025,Varejo,1,189.9,64.46,125.44,Venda
SKU_1585_COR,30/07/2025,E-commerce,1,319.9,126.15,193.75,Venda
SKU_1700_HUN,30/07/2025,E-commerce,1,699.9,288.59,411.31,Venda
SKU_1714_MID,30/07/2025,Atacado,6,1829.4,945.84,147.26,Venda
SKU_1741_PEA,30/07/2025,Atacado,3,719.7,362.28,119.14,Venda
SKU_1526_POW,30/07/2025,Varejo,1,169.9,84.56,85.34,Venda
SKU_1720_PAS,30/07/2025,Atacado,5,1124.5,517.45,121.41,Venda
SKU_1461_NAV,30/07/2025,Atacado,8,8559.2,3996.4,570.35,Venda
SKU_1409_PEA,30/07/2025,Atacado,4,839.6,387.0,113.15,Venda
SKU_1745_FOR,30/07/2025,E-commerce,1,409.9,144.32,265.58,Venda
SKU_1724_PIN,30/07/2025,Atacado,12,13378.8,6351.36,585.62,Venda
SKU_1952_TUR,30/07/2025,Varejo,1,204.9,91.78,113.12,Venda
SKU_1682_BIR,30/07/2025,Varejo,1,234.9,72.98,161.92,Venda
SKU_1740_FRE,30/07/2025,Varejo,1,214.9,79.36,135.54,Venda
SKU_1948_WHI,30/07/2025,Varejo,3,599.7,249.33,116.79,Venda
SKU_1743_DEE,30/07/2025,Varejo,2,879.8,270.12,304.84,Venda
SKU_1848_ARM,30/07/2025,Atacado,8,1759.2,836.64,115.32,Venda
SKU_1879_COR,30/07/2025,Varejo,1,304.9,130.3,174.6,Venda
SKU_1780_LIG,31/07/2025,Atacado,8,2679.2,1323.84,169.42,Venda
SKU_1664_PIN,31/07/2025,Varejo,2,659.8,268.58,195.61,Venda
SKU_1771_PIN,31/07/2025,Varejo,1,264.9,80.71,184.19,Venda
SKU_1690_MAG,31/07/2025,Atacado,8,4319.2,2341.92,247.16,Venda
SKU_1705_SER,31/07/2025,Varejo,1,409.9,184.66,225.24,Venda
SKU_1660_MAG,31/07/2025,Atacado,3,944.7,465.45,159.75,Venda
SKU_1665_RAS,31/07/2025,Varejo,2,499.8,244.64,127.58,Venda
SKU_1738_ROY,31/07/2025,Atacado,6,1169.4,523.02,107.73,Venda
SKU_1748_BAB,31/07/2025,Varejo,2,619.8,274.22,172.79,Venda
SKU_1779_LIG,31/07/2025,Atacado,6,1289.4,680.16,101.54,Venda
SKU_1682_BIR,31/07/2025,Atacado,4,939.6,484.48,113.78,Venda
SKU_1695_LIM,31/07/2025,E-commerce,1,209.9,65.94,143.96,Venda
SKU_1466_PRI,31/07/2025,Atacado,10,2699.0,1159.4,153.96,Venda
SKU_1757_TUR,31/07/2025,Varejo,1,264.9,85.8,179.1,Venda
SKU_1691_HUN,31/07/2025,Varejo,1,309.9,102.98,206.92,Venda
SKU_1932_COB,31/07/2025,Atacado,3,584.7,317.49,89.07,Venda
SKU_1628_POW,31/07/2025,Atacado,4,2199.6,1044.88,288.68,Venda
SKU_1732_WHI,31/07/2025,Atacado,4,4459.6,2266.6,548.25,Venda
SKU_1755_BIR,31/07/2025,E-commerce,1,334.9,128.09,206.81,Venda
SKU_1725_BAB,31/07/2025,Atacado,2,489.8,216.24,136.78,Venda
SKU_1695_LIM,31/07/2025,Varejo,1,209.9,96.72,113.18,Venda
SKU_1770_DEE,31/07/2025,Atacado,5,1099.5,591.15,101.67,Venda
SKU_1704_BAB,31/07/2025,Varejo,1,334.9,144.67,190.23,Venda
SKU_1777_FRE,31/07/2025,Varejo,1,239.9,85.64,154.26,Venda
SKU_1747_TEA,31/07/2025,Atacado,12,2098.8,1052.76,87.17,Venda
SKU_1562_BLU,31/07/2025,E-commerce,1,309.9,97.8,212.1,Venda
SKU_1440_BLU,31/07/2025,Varejo,2,2399.8,841.72,779.04,Venda
SKU_1532_BRI,31/07/2025,Varejo,1,979.9,351.97,627.93,Venda
SKU_1732_WHI,31/07/2025,Atacado,6,6689.4,3094.32,599.18,Venda
SKU_1900_HON,31/07/2025,Atacado,8,3399.2,1597.68,225.19,Venda
SKU_1745_PEA,31/07/2025,Atacado,3,1229.7,556.05,224.55,Venda
SKU_1735_MOS,31/07/2025,Atacado,4,1079.6,564.68,128.73,Venda
SKU_1700_PIS,31/07/2025,Atacado,5,3499.5,1587.95,382.31,Venda
SKU_1741_PIN,31/07/2025,Atacado,5,1199.5,626.55,114.59,Venda
SKU_1942_MYS,31/07/2025,Atacado,5,5924.5,3083.4,568.22,Venda
SKU_1752_SPA,31/07/2025,Varejo,1,429.9,175.42,254.48,Venda
SKU_1796_OLI,31/07/2025,Atacado,5,2524.5,1500.9,204.72,Venda
SKU_1718_DUS,31/07/2025,Atacado,8,2959.2,1259.28,212.49,Venda
SKU_1896_PAS,31/07/2025,Atacado,10,10099.0,4663.5,543.55,Venda
SKU_1514_SPA,31/07/2025,Atacado,5,4149.5,2406.6,348.58,Venda
SKU_1800_SKY,31/07/2025,Atacado,3,839.7,352.68,162.34,Venda
SKU_1742_EME,31/07/2025,Varejo,1,259.9,110.9,149.0,Venda
SKU_1415_BAB,31/07/2025,Atacado,5,1774.5,908.45,173.21,Venda
SKU_1408_PAS,31/07/2025,Atacado,10,9199.0,4400.0,479.9,Venda
SKU_1739_MOS,31/07/2025,Atacado,4,1019.6,437.04,145.64,Venda
SKU_1965_GAR,31/07/2025,Atacado,2,469.8,206.84,131.48,Venda
SKU_1734_BRI,31/07/2025,Varejo,2,699.8,316.14,191.83,Venda
SKU_1857_PAS,31/07/2025,Atacado,2,479.8,244.38,117.71,Venda
SKU_1713_SAL,31/07/2025,Varejo,1,504.9,223.56,281.34,Venda
SKU_1715_JAD,31/07/2025,Varejo,1,219.9,72.13,147.77,Venda
SKU_1791_ARM,31/07/2025,Atacado,6,1589.4,951.6,106.3,Venda
SKU_1642_SAL,31/07/2025,Atacado,3,674.7,304.5,123.4,Venda
SKU_1705_JAD,31/07/2025,E-commerce,3,1229.7,540.96,229.58,Venda
SKU_1589_CER,31/07/2025,Atacado,6,4079.4,2110.92,328.08,Venda
SKU_1391_LIG,31/07/2025,Varejo,1,284.9,94.03,190.87,Venda
SKU_1393_SKY,31/07/2025,Atacado,8,2479.2,1294.56,148.08,Venda
SKU_1760_PAS,31/07/2025,Atacado,5,1249.5,592.65,131.37,Venda
SKU_1753_PAL,31/07/2025,Atacado,3,2369.7,1172.01,399.23,Venda
SKU_1507_FLA,31/07/2025,Varejo,1,179.9,79.61,100.29,Venda
SKU_1758_CLO,31/07/2025,Atacado,3,539.7,323.46,72.08,Venda
SKU_1458_PEA,31/07/2025,Atacado,5,1749.5,925.0,164.9,Venda
SKU_1555_FUC,31/07/2025,Atacado,4,759.6,418.84,85.19,Venda
SKU_1779_LIG,31/07/2025,Atacado,5,1074.5,501.45,114.61,Venda
SKU_1758_CLO,31/07/2025,Atacado,4,719.6,308.76,102.71,Venda
SKU_1744_EME,31/07/2025,Atacado,8,2119.2,1164.16,119.38,Venda
SKU_1692_BLU,31/07/2025,Atacado,2,439.8,190.68,124.56,Venda
SKU_1708_FRE,31/07/2025,Varejo,1,169.9,54.49,115.41,Venda
SKU_1734_FRE,31/07/2025,Varejo,1,349.9,166.63,183.27,Venda
SKU_1787_BAB,31/07/2025,Atacado,5,1449.5,738.8,142.14,Venda
SKU_1796_OLI,31/07/2025,Atacado,3,1514.7,819.84,231.62,Venda
SKU_1828_FLA,31/07/2025,Atacado,4,979.6,573.52,101.52,Venda
SKU_1735_COR,31/07/2025,Varejo,1,269.9,92.21,177.69,Venda
SKU_1798_OFF,31/07/2025,Atacado,3,1259.7,569.55,230.05,Venda
SKU_1747_TEA,31/07/2025,E-commerce,1,174.9,68.91,105.99,Venda
SKU_1744_EME,31/07/2025,Varejo,1,264.9,109.73,155.17,Venda
SKU_1748_COB,31/07/2025,Varejo,2,619.8,271.14,174.33,Venda
SKU_1694_SER,31/07/2025,Varejo,1,279.9,124.14,155.76,Venda
SKU_1756_FLA,31/07/2025,Varejo,1,179.9,68.85,111.05,Venda
SKU_1705_SER,31/07/2025,E-commerce,1,409.9,153.16,256.74,Venda
SKU_1710_OLI,31/07/2025,Atacado,5,4049.5,1910.55,427.79,Venda
SKU_1759_COB,31/07/2025,E-commerce,1,269.9,132.33,137.57,Venda
SKU_1770_JAD,31/07/2025,Atacado,6,1319.4,579.36,123.34,Venda
SKU_1777_FRE,31/07/2025,E-commerce,1,239.9,89.82,150.08,Venda
SKU_1737_SAG,31/07/2025,Atacado,5,3849.5,2372.4,295.42,Venda
SKU_1757_TUR,31/07/2025,E-commerce,1,264.9,107.74,157.16,Venda
SKU_1765_MYS,31/07/2025,Atacado,6,1559.4,732.6,137.8,Venda
SKU_1582_WHI,31/07/2025,Atacado,8,1839.2,921.68,114.69,Venda
SKU_1545_TEA,31/07/2025,Atacado,10,2599.0,1230.5,136.85,Venda
SKU_2074_PAS,31/07/2025,Varejo,1,264.9,83.93,180.97,Venda
SKU_1597_SHO,31/07/2025,Varejo,3,1589.7,504.81,361.63,Venda
SKU_1896_ARM,31/07/2025,Varejo,1,1009.9,467.7,542.2,Venda
SKU_1769_EME,31/07/2025,Varejo,3,974.7,471.36,167.78,Venda
SKU_1795_HUN,31/07/2025,E-commerce,1,299.9,135.15,164.75,Venda
SKU_1423_SAG,31/07/2025,Atacado,5,5999.5,3378.0,524.3,Venda
SKU_1769_WHI,31/07/2025,Varejo,2,649.8,215.78,217.01,Venda
SKU_1736_PAS,31/07/2025,Varejo,1,324.9,127.31,197.59,Venda
SKU_1904_SNO,31/07/2025,Varejo,1,744.9,225.84,519.06,Venda
SKU_1573_MIN,31/07/2025,Atacado,4,4099.6,2030.32,517.32,Venda
SKU_1741_PIN,31/07/2025,E-commerce,1,239.9,87.41,152.49,Venda
SKU_1630_SNO,31/07/2025,Varejo,1,334.9,165.37,169.53,Venda
SKU_1815_WHI,31/07/2025,Atacado,2,879.8,397.96,240.92,Venda
SKU_1705_JAD,31/07/2025,Atacado,6,2459.4,1180.32,213.18,Venda
SKU_1622_VAN,31/07/2025,Varejo,1,269.9,96.63,173.27,Venda
SKU_1577_HUN,31/07/2025,Atacado,8,1279.2,595.52,85.46,Venda
SKU_1694_PIS,31/07/2025,Varejo,2,559.8,257.62,151.09,Venda
SKU_2047_FUC,31/07/2025,Atacado,4,4499.6,2315.08,546.13,Venda
SKU_1758_HON,31/07/2025,Varejo,1,179.9,58.04,121.86,Venda
SKU_1738_BLU,31/07/2025,Varejo,1,194.9,94.05,100.85,Venda
SKU_1738_BLU,31/07/2025,E-commerce,1,194.9,70.65,124.25,Venda
SKU_1772_BLU,31/07/2025,Atacado,5,2074.5,1085.75,197.75,Venda
SKU_1520_GAR,31/07/2025,Atacado,12,2698.8,1282.2,118.05,Venda
SKU_1688_LIG,31/07/2025,E-commerce,1,429.9,174.54,255.36,Venda
SKU_1733_SAG,31/07/2025,Atacado,8,2799.2,1363.76,179.43,Venda
SKU_1717_MIN,31/07/2025,Atacado,5,1299.5,707.35,118.43,Venda
SKU_1470_WHI,31/07/2025,Varejo,2,1839.8,578.96,630.42,Venda
SKU_1738_ROY,31/07/2025,Varejo,1,194.9,93.02,101.88,Venda
SKU_1789_SNO,31/07/2025,E-commerce,1,269.9,83.17,186.73,Venda
SKU_1744_LIG,31/07/2025,E-commerce,1,264.9,91.69,173.21,Venda
SKU_1771_EME,31/07/2025,Atacado,8,2119.2,967.2,144.0,Venda
SKU_1739_AQU,31/07/2025,Varejo,1,254.9,82.75,172.15,Venda
SKU_1506_BRI,31/07/2025,Varejo,1,229.9,80.09,149.81,Venda
SKU_1731_MIN,31/07/2025,Varejo,1,909.9,443.17,466.73,Venda
SKU_1697_PIS,31/07/2025,Atacado,8,1759.2,839.76,114.93,Venda
SKU_1700_HUN,31/07/2025,Atacado,2,1399.8,622.26,388.77,Venda
SKU_1691_HUN,31/07/2025,Atacado,6,1859.4,881.88,162.92,Venda
SKU_1979_DEN,31/07/2025,Varejo,1,194.9,90.93,103.97,Venda
SKU_1836_CRE,31/07/2025,Varejo,1,714.9,264.13,450.77,Venda
SKU_1737_DEE,31/07/2025,Atacado,6,4619.4,2494.02,354.23,Venda
SKU_1590_MYS,31/07/2025,Atacado,3,569.7,301.08,89.54,Venda
SKU_1697_PIS,31/07/2025,Varejo,1,219.9,105.03,114.87,Venda
SKU_1520_GAR,31/07/2025,Varejo,1,224.9,89.47,135.43,Venda
SKU_1689_MAG,31/07/2025,Atacado,3,2894.7,1523.34,457.12,Venda
SKU_1801_FLA,31/07/2025,Atacado,8,2999.2,1434.08,195.64,Venda
SKU_1398_SPA,31/07/2025,Atacado,2,1349.8,775.04,287.38,Venda
SKU_1766_CLE,31/07/2025,E-commerce,2,789.8,267.8,261.0,Venda
SKU_1721_FRE,31/07/2025,Varejo,1,419.9,142.77,277.13,Venda
SKU_1682_OLI,31/07/2025,Varejo,1,234.9,73.08,161.82,Venda
SKU_1566_POW,31/07/2025,Varejo,1,1034.9,445.45,589.45,Venda
SKU_1494_EGR,31/07/2025,Atacado,6,6509.4,3015.54,582.31,Venda
SKU_1765_MYS,31/07/2025,Varejo,1,259.9,85.44,174.46,Venda
SKU_1452_DEE,31/07/2025,Atacado,6,869.4,425.4,74.0,Venda
SKU_1801_MOS,31/07/2025,Varejo,1,374.9,112.97,261.93,Venda
SKU_1756_FLA,31/07/2025,Atacado,4,719.6,402.16,79.36,Venda
SKU_1420_EGR,31/07/2025,Atacado,2,1979.8,914.06,532.87,Venda
SKU_2007_SAG,31/07/2025,Varejo,1,209.9,85.66,124.24,Venda
SKU_1644_PEA,31/07/2025,Varejo,1,319.9,129.07,190.83,Venda
SKU_1693_FLA,31/07/2025,Varejo,2,409.8,152.56,128.62,Venda
SKU_1790_ROY,31/07/2025,Varejo,3,779.7,381.03,132.89,Venda
SKU_1791_IVO,31/07/2025,Atacado,3,794.7,445.14,116.52,Venda
SKU_1424_BAB,31/07/2025,Varejo,2,1989.8,677.82,655.99,Venda
SKU_1586_JAD,31/07/2025,Varejo,1,304.9,93.86,211.04,Venda
SKU_1730_OFF,31/07/2025,Atacado,6,1919.4,1112.16,134.54,Venda
SKU_1751_MIN,31/07/2025,E-commerce,1,329.9,111.95,217.95,Venda
SKU_2066_TEA,31/07/2025,Atacado,3,1424.7,617.55,269.05,Venda
SKU_1745_FOR,31/07/2025,Atacado,2,819.8,385.74,217.03,Venda
SKU_1710_OLI,31/07/2025,Varejo,1,809.9,278.18,531.72,Venda
SKU_1930_GAR,31/07/2025,Varejo,1,659.9,216.32,443.58,Venda
SKU_1720_PAS,31/07/2025,E-commerce,1,224.9,105.66,119.24,Venda
SKU_1413_SAG,31/07/2025,Varejo,4,739.6,312.8,106.7,Venda
SKU_1771_PIN,31/07/2025,Atacado,10,2649.0,1512.7,113.63,Venda
SKU_1517_FOR,31/07/2025,Varejo,1,1199.9,588.46,611.44,Venda
SKU_1700_HUN,31/07/2025,Atacado,3,2099.7,1189.26,303.48,Venda
SKU_1485_CER,31/07/2025,E-commerce,1,664.9,226.89,438.01,Venda
SKU_1664_PIN,31/07/2025,Atacado,4,1319.6,573.84,186.44,Venda
SKU_1719_OFF,31/07/2025,Atacado,5,1599.5,749.2,170.06,Venda
SKU_1709_CRE,31/07/2025,Atacado,8,1679.2,845.12,104.26,Venda
SKU_1499_RAS,31/07/2025,Atacado,2,519.8,288.04,115.88,Venda
SKU_1700_PIS,31/07/2025,Atacado,4,2799.6,1394.8,351.2,Venda
SKU_1710_MEX,31/07/2025,Varejo,1,809.9,331.84,478.06,Venda
SKU_1597_FLA,31/07/2025,Atacado,6,3179.4,1729.26,241.69,Venda
SKU_1683_PAL,31/07/2025,Varejo,1,314.9,132.22,182.68,Venda
SKU_1698_PRI,31/07/2025,Varejo,2,839.8,353.34,243.23,Venda
SKU_1660_NAV,31/07/2025,Atacado,4,1259.6,670.76,147.21,Venda
SKU_1729_CLE,31/07/2025,Atacado,5,874.5,447.5,85.4,Venda
SKU_1779_MIN,31/07/2025,Atacado,10,2149.0,1319.6,82.94,Venda
SKU_1732_WHI,31/07/2025,Varejo,3,3344.7,1448.79,631.97,Venda
SKU_1735_MOS,31/07/2025,Atacado,4,1079.6,548.28,132.83,Venda
SKU_1778_MIN,31/07/2025,Atacado,2,569.8,249.8,160.0,Venda
SKU_1957_CRE,31/07/2025,Atacado,3,569.7,267.87,100.61,Venda
SKU_1887_CLE,31/07/2025,Varejo,1,199.9,79.5,120.4,Venda
SKU_1768_MIN,31/07/2025,Atacado,12,7498.8,4705.56,232.77,Venda
SKU_1792_AQU,31/07/2025,Varejo,1,439.9,190.49,249.41,Venda
SKU_1783_EGR,31/07/2025,Atacado,2,2399.8,1477.8,461.0,Venda
SKU_1758_CLO,31/07/2025,Varejo,3,539.7,265.35,91.45,Venda
SKU_1761_SAP,31/07/2025,Atacado,5,5524.5,2698.8,565.14,Venda
SKU_1610_MEX,31/07/2025,Atacado,4,739.6,387.6,88.0,Venda
SKU_1560_CRE,31/07/2025,Varejo,1,224.9,82.62,142.28,Venda
SKU_1768_MIN,31/07/2025,Atacado,4,2499.6,1393.2,276.6,Venda
SKU_1483_POW,31/07/2025,Atacado,10,3249.0,1379.0,187.0,Venda
SKU_1773_OLI,31/07/2025,Atacado,4,1299.6,567.16,183.11,Venda
SKU_1724_PEA,31/07/2025,Varejo,2,2229.8,902.0,663.9,Venda
SKU_1969_SNO,31/07/2025,Varejo,1,409.9,176.26,233.64,Venda
SKU_1686_MOS,31/07/2025,Atacado,5,1074.5,487.35,117.43,Venda
SKU_1761_MOS,31/07/2025,Varejo,1,1104.9,506.4,598.5,Venda
SKU_1700_PIS,31/07/2025,Varejo,1,699.9,244.77,455.13,Venda
SKU_1700_HUN,31/07/2025,E-commerce,2,1399.8,535.96,431.92,Venda
SKU_1780_AQU,31/07/2025,Atacado,2,669.8,331.66,169.07,Venda
SKU_1754_IVO,31/07/2025,Varejo,1,339.9,169.77,170.13,Venda
SKU_1740_OLI,31/07/2025,Varejo,1,214.9,97.03,117.87,Venda
SKU_1729_FUC,31/07/2025,Varejo,2,349.8,158.56,95.62,Venda
SKU_1519_TEA,31/07/2025,Varejo,1,629.9,229.29,400.61,Venda
SKU_1788_EME,31/07/2025,Atacado,8,1999.2,960.8,129.8,Venda
SKU_1798_OFF,31/07/2025,Atacado,5,2099.5,999.6,219.98,Venda
SKU_1549_BAL,31/07/2025,Varejo,1,184.9,56.4,128.5,Venda
SKU_2002_VAN,31/07/2025,Varejo,1,204.9,64.96,139.94,Venda
SKU_1709_CRE,31/07/2025,E-commerce,1,209.9,101.74,108.16,Venda
SKU_1749_BIR,31/07/2025,Atacado,3,1049.7,466.32,194.46,Venda
SKU_1743_DEE,31/07/2025,Varejo,1,439.9,201.26,238.64,Venda
SKU_1791_ARM,31/07/2025,E-commerce,2,529.8,193.98,167.91,Venda
SKU_1773_OLI,31/07/2025,Atacado,6,1949.4,1118.58,138.47,Venda
SKU_1763_HOT,31/07/2025,Atacado,6,1799.4,927.6,145.3,Venda
SKU_1771_EME,31/07/2025,Atacado,6,1589.4,702.24,147.86,Venda
SKU_1443_BLU,31/07/2025,Varejo,1,269.9,82.72,187.18,Venda
SKU_1658_MYS,31/07/2025,Atacado,8,7039.2,2964.56,509.33,Venda
SKU_1778_MIN,31/07/2025,Varejo,1,284.9,118.35,166.55,Venda
SKU_1975_PAS,31/07/2025,Varejo,1,444.9,154.59,290.31,Venda
SKU_1389_SHO,31/07/2025,Varejo,1,139.9,69.79,70.11,Venda
SKU_1466_SAP,31/07/2025,Varejo,1,269.9,128.56,141.34,Venda
SKU_1567_PRI,31/07/2025,Varejo,1,689.9,321.97,367.93,Venda
SKU_1743_CLO,31/07/2025,Varejo,1,439.9,139.23,300.67,Venda
SKU_1787_BAB,31/07/2025,Atacado,4,1159.6,552.48,151.78,Venda
SKU_1806_EME,31/07/2025,Varejo,1,194.9,67.94,126.96,Venda
SKU_1669_TEA,31/07/2025,Varejo,3,599.7,298.53,100.39,Venda
SKU_1785_HUN,31/07/2025,Atacado,4,979.6,414.44,141.29,Venda
SKU_1766_MYS,31/07/2025,Varejo,2,789.8,323.26,233.27,Venda
SKU_1690_MYS,31/07/2025,E-commerce,2,1079.8,354.92,362.44,Venda
SKU_1831_MID,31/07/2025,Varejo,2,669.8,209.66,230.07,Venda
SKU_1713_SAL,31/07/2025,Atacado,8,4039.2,1812.08,278.39,Venda
SKU_1503_CER,31/07/2025,Varejo,4,919.6,323.12,149.12,Venda
SKU_1725_OFF,31/07/2025,Atacado,2,489.8,231.88,128.96,Venda
SKU_1747_FUC,31/07/2025,Atacado,5,874.5,423.0,90.3,Venda
SKU_1617_MIN,31/07/2025,Varejo,1,164.9,74.53,90.37,Venda
SKU_1529_MIN,31/07/2025,E-commerce,1,244.9,94.32,150.58,Venda
SKU_1731_ARM,31/07/2025,Varejo,1,909.9,298.15,611.75,Venda
SKU_1769_EME,31/07/2025,Atacado,6,1949.4,973.8,162.6,Venda
SKU_2084_GAR,31/07/2025,E-commerce,1,254.9,92.67,162.23,Venda
SKU_1733_NAV,31/07/2025,Varejo,1,349.9,116.67,233.23,Venda
SKU_1567_POW,31/07/2025,Atacado,3,2069.7,1075.44,331.42,Venda
SKU_1733_NAV,31/07/2025,Varejo,1,349.9,129.22,220.68,Venda
SKU_1760_OFF,31/07/2025,Atacado,8,1999.2,975.76,127.93,Venda
SKU_1768_MIN,31/07/2025,E-commerce,2,1249.8,570.52,339.64,Venda
SKU_1496_PEA,31/07/2025,Atacado,3,3404.7,1553.31,617.13,Venda
SKU_1700_PIS,31/07/2025,Varejo,1,699.9,331.46,368.44,Venda
SKU_1723_COB,31/07/2025,Atacado,4,1739.6,895.88,210.93,Venda
SKU_1713_SAL,31/07/2025,Varejo,1,504.9,169.05,335.85,Venda
SKU_1559_BLU,31/07/2025,Varejo,1,1199.9,424.66,775.24,Venda
SKU_1771_PIN,31/07/2025,E-commerce,1,264.9,113.3,151.6,Venda
SKU_1722_AQU,31/07/2025,Atacado,4,1299.6,545.92,188.42,Venda
SKU_1696_SER,31/07/2025,Varejo,1,279.9,87.85,192.05,Venda
SKU_1571_BIR,31/07/2025,Atacado,4,999.6,576.52,105.77,Venda
SKU_1758_HON,31/07/2025,Atacado,5,899.5,470.55,85.79,Venda
SKU_1736_PAS,31/07/2025,Varejo,1,324.9,123.39,201.51,Venda
SKU_1792_MIN,31/07/2025,Atacado,6,2639.4,1200.06,239.89,Venda
SKU_1721_COR,31/07/2025,Atacado,2,839.8,411.48,214.16,Venda
SKU_1708_FLA,31/07/2025,Atacado,5,849.5,442.25,81.45,Venda
SKU_1622_VAN,31/07/2025,Atacado,8,2159.2,972.8,148.3,Venda
SKU_1993_MEX,31/07/2025,E-commerce,1,204.9,92.57,112.33,Venda
SKU_1738_ROY,31/07/2025,E-commerce,1,194.9,83.19,111.71,Venda
SKU_1524_BLU,31/07/2025,Atacado,5,1849.5,972.0,175.5,Venda
SKU_1775_PAL,31/07/2025,Atacado,8,2239.2,1041.84,149.67,Venda
SKU_1759_COB,31/07/2025,Varejo,1,269.9,105.48,164.42,Venda
SKU_1769_WHI,31/07/2025,Atacado,6,1949.4,956.28,165.52,Venda
SKU_1785_PAS,31/07/2025,Atacado,5,1224.5,609.15,123.07,Venda
SKU_1647_ARM,31/07/2025,E-commerce,1,339.9,118.93,220.97,Venda
SKU_1768_PEA,31/07/2025,Atacado,4,2499.6,1233.24,316.59,Venda
SKU_1774_COB,31/07/2025,Varejo,2,409.8,128.94,140.43,Venda
SKU_1785_PAS,31/07/2025,Atacado,2,489.8,215.4,137.2,Venda
SKU_1786_TEA,31/07/2025,Varejo,1,179.9,63.15,116.75,Venda
SKU_1583_BLU,31/07/2025,Varejo,1,254.9,90.38,164.52,Venda
SKU_1682_BIR,31/07/2025,Varejo,1,234.9,77.49,157.41,Venda
SKU_1621_PAS,31/07/2025,E-commerce,1,234.9,87.44,147.46,Venda
SKU_1722_AQU,31/07/2025,Varejo,1,324.9,117.04,207.86,Venda
SKU_1782_NAV,31/07/2025,Atacado,10,2499.0,1277.9,122.11,Venda
SKU_1742_DEN,31/07/2025,Varejo,1,259.9,117.14,142.76,Venda
SKU_1729_CLE,31/07/2025,E-commerce,1,174.9,60.83,114.07,Venda
SKU_1518_CLE,31/07/2025,Varejo,1,234.9,91.71,143.19,Venda
SKU_1749_SNO,31/07/2025,Varejo,3,1049.7,326.4,241.1,Venda
SKU_1785_PAS,31/07/2025,Varejo,1,244.9,76.03,168.87,Venda
SKU_1784_EGR,31/07/2025,Varejo,1,309.9,121.82,188.08,Venda
SKU_1698_SNO,31/07/2025,Varejo,3,1259.7,582.72,225.66,Venda
SKU_1523_CRE,31/07/2025,E-commerce,1,374.9,177.24,197.66,Venda
SKU_1767_PRI,31/07/2025,Varejo,2,409.8,200.5,104.65,Venda
SKU_1726_PAS,31/07/2025,Atacado,5,2149.5,1056.45,218.61,Venda
SKU_1411_BLU,31/07/2025,Atacado,4,899.6,382.16,129.36,Venda
SKU_1739_AQU,31/07/2025,Atacado,3,764.7,341.73,140.99,Venda
SKU_1725_BAB,31/07/2025,Atacado,6,1469.4,729.72,123.28,Venda
SKU_1778_MIN,31/07/2025,E-commerce,1,284.9,115.73,169.17,Venda
SKU_1790_EGR,31/07/2025,Atacado,10,2599.0,1283.7,131.53,Venda
SKU_1939_ROS,31/07/2025,Atacado,8,1279.2,691.92,73.41,Venda
SKU_1599_WHI,31/07/2025,Varejo,2,939.8,391.54,274.13,Venda
SKU_1964_SAL,31/07/2025,Varejo,1,294.9,146.97,147.93,Venda
SKU_1688_WHI,31/07/2025,E-commerce,2,859.8,287.32,286.24,Venda
SKU_1397_SNO,31/07/2025,E-commerce,2,469.8,186.08,141.86,Venda
SKU_1719_OFF,31/07/2025,Atacado,10,3199.0,1668.8,153.02,Venda
SKU_1738_ROY,31/07/2025,Atacado,5,974.5,467.2,101.46,Venda
SKU_1681_PIS,31/07/2025,Varejo,1,234.9,89.01,145.89,Venda
SKU_1603_BUB,31/07/2025,Varejo,1,744.9,345.33,399.57,Venda
SKU_1744_EME,31/07/2025,Atacado,2,529.8,265.54,132.13,Venda
SKU_1594_WHI,31/07/2025,Atacado,12,5998.8,2591.52,283.94,Venda
SKU_1389_SHO,31/07/2025,Varejo,1,139.9,52.68,87.22,Venda
SKU_2051_MEX,31/07/2025,E-commerce,1,769.9,299.84,470.06,Venda
SKU_1585_BLA,31/07/2025,Varejo,2,639.8,317.62,161.09,Venda
SKU_2007_SAG,31/07/2025,E-commerce,1,209.9,79.85,130.05,Venda
SKU_1774_COB,31/07/2025,Varejo,1,204.9,81.44,123.46,Venda
SKU_1801_FLA,31/07/2025,Varejo,2,749.8,292.18,228.81,Venda
SKU_1678_LIG,31/07/2025,Atacado,2,1429.8,610.86,409.47,Venda
SKU_1800_MOS,31/07/2025,Varejo,3,839.7,418.26,140.48,Venda
SKU_1742_EME,31/07/2025,Atacado,4,1039.6,547.48,123.03,Venda
SKU_1743_DEE,31/07/2025,Atacado,3,1319.7,645.03,224.89,Venda
SKU_1660_MAG,31/07/2025,Atacado,6,1889.4,940.62,158.13,Venda
SKU_1709_CRE,31/07/2025,Varejo,1,209.9,84.99,124.91,Venda
SKU_1682_BIR,31/07/2025,Atacado,4,939.6,504.72,108.72,Venda
SKU_1598_NAV,31/07/2025,Varejo,1,489.9,169.44,320.46,Venda
SKU_1665_RAS,31/07/2025,Varejo,1,249.9,75.08,174.82,Venda
SKU_1794_FLA,31/07/2025,Atacado,10,2099.0,1038.0,106.1,Venda
SKU_1770_JAD,31/07/2025,Atacado,6,1319.4,681.48,106.32,Venda
SKU_1851_BLU,31/07/2025,Atacado,5,1074.5,504.1,114.08,Venda
SKU_1461_NAV,31/07/2025,Varejo,4,4279.6,1758.64,630.24,Venda
SKU_1933_GAR,31/07/2025,Varejo,2,449.8,168.94,140.43,Venda
SKU_2010_BIR,31/07/2025,Atacado,8,7359.2,3810.64,443.57,Venda
SKU_1710_MEX,31/07/2025,Varejo,1,809.9,248.8,561.1,Venda
SKU_1770_JAD,31/07/2025,Atacado,4,879.6,401.6,119.5,Venda
SKU_1672_FOR,31/07/2025,Varejo,2,589.8,241.16,174.32,Venda
SKU_1736_JAD,31/07/2025,Varejo,1,324.9,136.85,188.05,Venda
SKU_1730_MIN,31/07/2025,Varejo,1,319.9,145.27,174.63,Venda
SKU_1475_VAN,31/07/2025,E-commerce,1,249.9,108.42,141.48,Venda
SKU_1639_WHI,31/07/2025,E-commerce,1,189.9,78.16,111.74,Venda
SKU_1540_BAL,31/07/2025,Varejo,1,169.9,56.13,113.77,Venda
SKU_1725_OFF,31/07/2025,Atacado,2,489.8,218.36,135.72,Venda
SKU_1471_LIG,31/07/2025,E-commerce,3,614.7,281.7,111.0,Venda
SKU_1709_MAR,31/07/2025,Atacado,2,419.8,200.06,109.87,Venda
SKU_1718_DUS,31/07/2025,Varejo,4,1479.6,703.2,194.1,Venda
SKU_1687_WHI,31/07/2025,Varejo,2,1799.8,850.78,474.51,Venda
SKU_1553_DEN,31/07/2025,Varejo,1,254.9,112.24,142.66,Venda
SKU_1684_SHO,31/07/2025,E-commerce,1,184.9,79.95,104.95,Venda
SKU_1766_CLE,31/07/2025,Varejo,1,394.9,122.96,271.94,Venda
SKU_1707_SAP,31/07/2025,Atacado,3,839.7,400.08,146.54,Venda
SKU_1691_HUN,31/07/2025,E-commerce,1,309.9,96.52,213.38,Venda
SKU_1725_BAB,31/07/2025,Atacado,3,734.7,417.78,105.64,Venda
SKU_1474_DEN,31/07/2025,Atacado,3,3179.7,1672.83,502.29,Venda
SKU_1454_BRI,31/07/2025,Varejo,4,599.6,243.36,89.06,Venda
SKU_1796_SHO,31/07/2025,Varejo,1,504.9,244.18,260.72,Venda
SKU_1782_NAV,31/07/2025,Varejo,1,249.9,81.53,168.37,Venda
SKU_1725_OFF,31/07/2025,Atacado,10,2449.0,1241.2,120.78,Venda
SKU_1799_POW,31/07/2025,Varejo,1,269.9,95.56,174.34,Venda
SKU_1548_HOT,31/07/2025,E-commerce,1,474.9,156.73,318.17,Venda
SKU_1705_SER,31/07/2025,Atacado,4,1639.6,767.08,218.13,Venda
SKU_1756_FLA,31/07/2025,Varejo,1,179.9,68.39,111.51,Venda
SKU_1722_AQU,31/07/2025,Varejo,2,649.8,289.14,180.33,Venda
SKU_1769_WHI,31/07/2025,Atacado,8,2599.2,1225.76,171.68,Venda
SKU_1709_CRE,31/07/2025,Atacado,4,839.6,424.28,103.83,Venda
SKU_1724_PEA,31/07/2025,E-commerce,1,1114.9,371.33,743.57,Venda
SKU_1741_PIN,31/07/2025,Varejo,1,239.9,99.71,140.19,Venda
SKU_1415_BAB,31/07/2025,Varejo,2,709.8,297.24,206.28,Venda
SKU_1800_MOS,31/07/2025,E-commerce,1,279.9,93.97,185.93,Venda
SKU_1729_FUC,31/07/2025,E-commerce,1,174.9,86.63,88.27,Venda
SKU_1764_FUC,31/07/2025,Atacado,6,1409.4,626.64,130.46,Venda
SKU_1710_OLI,31/07/2025,E-commerce,1,809.9,323.45,486.45,Venda
SKU_1606_SEA,31/07/2025,Atacado,4,4339.6,2076.4,565.8,Venda
SKU_1555_FUC,31/07/2025,Atacado,8,1519.2,740.64,97.32,Venda
SKU_1714_MID,31/07/2025,E-commerce,2,609.8,249.46,180.17,Venda
SKU_1794_FLA,31/07/2025,Varejo,1,209.9,78.59,131.31,Venda
SKU_1689_IVO,31/07/2025,Varejo,1,964.9,424.49,540.41,Venda
SKU_1749_SNO,31/07/2025,Atacado,4,1399.6,745.0,163.65,Venda
SKU_1643_PAS,31/07/2025,E-commerce,1,224.9,107.27,117.63,Venda
SKU_1611_BRI,31/07/2025,Atacado,10,2199.0,1101.0,109.8,Venda
SKU_1743_DEE,31/07/2025,E-commerce,1,439.9,158.89,281.01,Venda
SKU_1969_SER,31/07/2025,E-commerce,1,409.9,202.02,207.88,Venda
SKU_1693_FLA,31/07/2025,Atacado,6,1229.4,603.3,104.35,Venda
SKU_1713_SNO,31/07/2025,Varejo,1,504.9,241.69,263.21,Venda
SKU_1795_RAS,31/07/2025,Varejo,4,1199.6,390.8,202.2,Venda
SKU_1780_LIG,31/07/2025,Atacado,6,2009.4,904.56,184.14,Venda
SKU_1749_BIR,31/07/2025,Atacado,8,2799.2,1587.76,151.43,Venda
SKU_1780_AQU,31/07/2025,Atacado,4,1339.6,651.56,172.01,Venda
SKU_1780_AQU,31/07/2025,Atacado,5,1674.5,738.8,187.14,Venda
SKU_1548_CLO,31/07/2025,Varejo,2,949.8,428.34,260.73,Venda
SKU_1751_MIN,31/07/2025,Varejo,1,329.9,134.02,195.88,Venda
SKU_1548_CLO,31/07/2025,Varejo,2,949.8,369.38,290.21,Venda
SKU_1689_IVO,31/07/2025,Atacado,5,4824.5,2203.1,524.28,Venda
SKU_1728_MID,31/07/2025,Atacado,3,989.7,472.32,172.46,Venda
SKU_1685_COB,31/07/2025,Atacado,6,3989.4,2058.96,321.74,Venda
SKU_1680_SEA,31/07/2025,Varejo,1,334.9,151.48,183.42,Venda
SKU_1798_OFF,31/07/2025,Atacado,4,1679.6,823.52,214.02,Venda
SKU_1737_DEE,31/07/2025,Atacado,5,3849.5,2022.3,365.44,Venda
SKU_1524_DEN,31/07/2025,Varejo,3,1109.7,449.1,220.2,Venda
SKU_1691_HUN,31/07/2025,Atacado,10,3099.0,1650.5,144.85,Venda
SKU_1565_BAB,31/07/2025,Varejo,1,359.9,118.35,241.55,Venda
SKU_1529_MIN,31/07/2025,Atacado,6,1469.4,721.86,124.59,Venda
SKU_1792_MIN,31/07/2025,Atacado,3,1319.7,635.7,228.0,Venda
SKU_1687_FOR,31/07/2025,Atacado,10,8999.0,4147.8,485.12,Venda
SKU_1471_ROS,31/07/2025,Atacado,6,1229.4,551.76,112.94,Venda
SKU_1699_CLO,31/07/2025,E-commerce,1,329.9,127.6,202.3,Venda
SKU_1694_SER,31/07/2025,E-commerce,1,279.9,106.39,173.51,Venda
SKU_1741_PIN,31/07/2025,Atacado,6,1439.4,725.82,118.93,Venda
SKU_1704_PEA,31/07/2025,E-commerce,1,334.9,158.46,176.44,Venda
SKU_1727_LIG,31/07/2025,Atacado,3,464.7,241.74,74.32,Venda
SKU_1784_EGR,31/07/2025,Varejo,1,309.9,152.27,157.63,Venda
SKU_1688_LIG,31/07/2025,E-commerce,3,1289.7,448.26,280.48,Venda
SKU_1758_HON,31/07/2025,Varejo,1,179.9,70.95,108.95,Venda
SKU_1530_HON,31/07/2025,Atacado,6,779.4,371.1,68.05,Venda
SKU_1611_BRI,31/07/2025,Varejo,1,219.9,106.51,113.39,Venda
SKU_1758_HON,31/07/2025,Atacado,4,719.6,318.16,100.36,Venda
SKU_1746_EME,31/07/2025,E-commerce,1,179.9,79.76,100.14,Venda
SKU_1601_EME,31/07/2025,Atacado,2,1469.8,795.3,337.25,Venda
SKU_1700_HUN,31/07/2025,Atacado,10,6999.0,3064.7,393.43,Venda
SKU_1413_JAD,31/07/2025,Atacado,6,1109.4,540.36,94.84,Venda
SKU_2098_EME,31/07/2025,Atacado,5,1474.5,702.0,154.5,Venda
SKU_1768_PEA,31/07/2025,Varejo,1,624.9,242.1,382.8,Venda
SKU_1788_EME,31/07/2025,E-commerce,1,249.9,111.42,138.48,Venda
SKU_2080_VAN,31/07/2025,Varejo,1,239.9,105.17,134.73,Venda
SKU_1782_HUN,31/07/2025,Varejo,1,249.9,118.05,131.85,Venda
SKU_1793_MIN,31/07/2025,E-commerce,1,189.9,74.14,115.76,Venda
SKU_1797_GAR,31/07/2025,Varejo,2,759.8,341.96,208.92,Venda
SKU_2043_WHI,31/07/2025,Atacado,8,2799.2,1226.32,196.61,Venda
SKU_1897_JAD,31/07/2025,Varejo,1,234.9,98.92,135.98,Venda
SKU_1716_SAL,31/07/2025,Varejo,2,329.8,149.7,90.05,Venda
SKU_1479_FUC,31/07/2025,Atacado,3,1664.7,858.15,268.85,Venda
SKU_1400_FOR,31/07/2025,E-commerce,1,209.9,99.59,110.31,Venda
SKU_1727_LIG,31/07/2025,Varejo,2,309.8,108.64,100.58,Venda
SKU_1778_MIN,31/07/2025,Atacado,8,2279.2,1318.8,120.05,Venda
SKU_1783_EGR,31/07/2025,Atacado,8,9599.2,4203.04,674.52,Venda
SKU_1557_SAG,31/07/2025,E-commerce,1,199.9,61.1,138.8,Venda
SKU_1696_SHO,31/07/2025,Atacado,3,839.7,482.16,119.18,Venda
SKU_1740_FRE,31/07/2025,Atacado,6,1289.4,613.8,112.6,Venda
SKU_1723_MOS,31/07/2025,Varejo,1,434.9,172.77,262.13,Venda
SKU_1685_COB,31/07/2025,Varejo,1,664.9,277.21,387.69,Venda
SKU_1582_WHI,31/07/2025,Varejo,2,459.8,196.76,131.52,Venda
SKU_1709_MAR,31/07/2025,Atacado,12,2518.8,1209.24,109.13,Venda
SKU_1785_HUN,31/07/2025,Atacado,4,979.6,509.24,117.59,Venda
SKU_1773_OLI,31/07/2025,Atacado,5,1624.5,730.5,178.8,Venda
SKU_1879_COR,31/07/2025,Atacado,4,1219.6,555.04,166.14,Venda
SKU_2079_TUR,31/07/2025,Atacado,6,6419.4,3031.56,564.64,Venda
SKU_1588_CRE,31/07/2025,Varejo,1,489.9,149.17,340.73,Venda
SKU_1721_COR,31/07/2025,Atacado,6,2519.4,1203.78,219.27,Venda
SKU_1743_CLO,31/07/2025,Varejo,2,879.8,270.36,304.72,Venda
SKU_1792_MIN,31/07/2025,E-commerce,1,439.9,193.35,246.55,Venda
SKU_1501_SAL,31/07/2025,Atacado,8,1359.2,642.56,89.58,Venda
SKU_1454_BUB,31/07/2025,Atacado,2,299.8,158.86,70.47,Venda
SKU_1568_FRE,31/07/2025,Atacado,4,939.6,442.92,124.17,Venda
SKU_1953_IVO,31/07/2025,E-commerce,2,469.8,160.6,154.6,Venda
SKU_1696_SHO,31/07/2025,E-commerce,2,559.8,230.14,164.83,Venda
SKU_1525_MYS,31/07/2025,Varejo,1,289.9,97.14,192.76,Venda
SKU_1534_MYS,31/07/2025,Atacado,2,399.8,180.36,109.72,Venda
SKU_1744_LIG,31/07/2025,Atacado,8,2119.2,1211.84,113.42,Venda
SKU_1404_ARM,31/07/2025,Atacado,2,2039.8,871.56,584.12,Venda
SKU_1563_MEX,31/07/2025,Varejo,1,149.9,51.61,98.29,Venda
SKU_1923_TUR,31/07/2025,Atacado,6,1139.4,614.04,87.56,Venda
SKU_1456_DEN,31/07/2025,Atacado,4,1259.6,724.72,133.72,Venda
SKU_1623_SER,31/07/2025,Varejo,2,1829.8,699.2,565.3,Venda
SKU_1723_MOS,31/07/2025,Atacado,5,2174.5,998.3,235.24,Venda
SKU_1798_OFF,31/07/2025,Atacado,3,1259.7,650.7,203.0,Venda
SKU_1786_POW,31/07/2025,Varejo,1,179.9,60.15,119.75,Venda
SKU_1421_LIG,31/07/2025,Atacado,5,1149.5,493.65,131.17,Venda
SKU_1716_AQU,31/07/2025,Varejo,2,329.8,102.22,113.79,Venda
SKU_1591_MYS,31/07/2025,Atacado,2,1779.8,871.54,454.13,Venda
SKU_1712_NAV,31/07/2025,E-commerce,1,179.9,60.15,119.75,Venda
SKU_1772_BLU,31/07/2025,Atacado,3,1244.7,700.47,181.41,Venda
SKU_1480_SNO,31/07/2025,Varejo,1,369.9,155.3,214.6,Venda
SKU_1582_WHI,31/07/2025,Atacado,10,2299.0,1288.2,101.08,Venda
SKU_1740_FRE,31/07/2025,Varejo,1,214.9,72.51,142.39,Venda
SKU_1751_BLU,31/07/2025,E-commerce,1,329.9,112.58,217.32,Venda
SKU_1698_SNO,31/07/2025,Varejo,1,419.9,127.16,292.74,Venda
SKU_1711_ARM,31/07/2025,Atacado,3,2984.7,1464.0,506.9,Venda
SKU_1786_POW,31/07/2025,Atacado,2,359.8,166.66,96.57,Venda
SKU_1557_SAG,31/07/2025,E-commerce,1,199.9,96.07,103.83,Venda
SKU_1594_BAL,31/07/2025,Varejo,3,1499.7,705.48,264.74,Venda
SKU_1799_POW,31/07/2025,Varejo,1,269.9,85.98,183.92,Venda
SKU_2063_SHO,31/07/2025,Varejo,1,219.9,85.7,134.2,Venda
SKU_1686_SKY,31/07/2025,E-commerce,1,214.9,78.23,136.67,Venda
SKU_1636_LIG,31/07/2025,Atacado,10,4399.0,1970.7,242.83,Venda
SKU_1612_PAL,31/07/2025,Atacado,4,1319.6,555.92,190.92,Venda
SKU_1958_BLU,31/07/2025,E-commerce,1,184.9,60.01,124.89,Venda
SKU_1697_MIN,31/07/2025,Varejo,1,219.9,107.14,112.76,Venda
SKU_1790_EGR,31/07/2025,Varejo,1,259.9,101.74,158.16,Venda
SKU_1929_COB,31/07/2025,Atacado,4,1179.6,680.36,124.81,Venda
SKU_1717_CRE,31/07/2025,E-commerce,1,259.9,129.27,130.63,Venda
SKU_1500_MOS,31/07/2025,Atacado,3,779.7,353.04,142.22,Venda
SKU_1790_EGR,31/07/2025,Varejo,1,259.9,118.44,141.46,Venda
SKU_1524_DEN,31/07/2025,Atacado,4,1479.6,688.04,197.89,Venda
SKU_1734_BRI,31/07/2025,Atacado,8,2799.2,1482.56,164.58,Venda
SKU_1658_BAB,31/07/2025,E-commerce,1,879.9,278.49,601.41,Venda
SKU_2085_OLI,31/07/2025,Atacado,6,2729.4,1288.14,240.21,Venda
SKU_1739_AQU,31/07/2025,Atacado,5,1274.5,639.9,126.92,Venda
SKU_1801_MOS,31/07/2025,Atacado,5,1874.5,1079.45,159.01,Venda
SKU_1684_SHO,31/07/2025,Varejo,1,184.9,87.06,97.84,Venda
SKU_1484_EGR,31/07/2025,Atacado,4,1839.6,906.0,233.4,Venda
SKU_1587_LIG,31/07/2025,Atacado,3,689.7,397.5,97.4,Venda
SKU_1703_BLU,31/07/2025,Atacado,6,1619.4,729.18,148.37,Venda
SKU_1711_VAN,31/07/2025,Atacado,6,5969.4,2566.5,567.15,Venda
SKU_1504_NAV,31/07/2025,Varejo,1,339.9,162.09,177.81,Venda
SKU_1757_PIN,31/07/2025,Varejo,1,264.9,106.34,158.56,Venda
SKU_1725_BAB,31/07/2025,Varejo,3,734.7,316.23,139.49,Venda
SKU_1783_EGR,31/07/2025,Atacado,4,4799.6,2496.56,575.76,Venda
SKU_1413_SAG,31/07/2025,Varejo,1,184.9,76.21,108.69,Venda
SKU_1755_AQU,31/07/2025,Atacado,8,2679.2,1284.72,174.31,Venda
SKU_1753_PAL,31/07/2025,E-commerce,2,1579.8,713.4,433.2,Venda
SKU_1700_HUN,31/07/2025,Atacado,8,5599.2,2957.52,330.21,Venda
SKU_1766_MYS,31/07/2025,Atacado,4,1579.6,666.64,228.24,Venda
SKU_1606_COB,31/07/2025,Varejo,1,1084.9,404.66,680.24,Venda
SKU_1717_CRE,31/07/2025,Atacado,4,1039.6,595.24,111.09,Venda
SKU_1766_MYS,31/07/2025,Varejo,3,1184.7,401.76,260.98,Venda
SKU_1709_CRE,31/07/2025,Atacado,5,1049.5,529.9,103.92,Venda
SKU_1782_NAV,31/07/2025,Varejo,1,249.9,106.03,143.87,Venda
SKU_1689_MAG,31/07/2025,Varejo,3,2894.7,932.37,654.11,Venda
SKU_1475_MIN,31/07/2025,Atacado,3,749.7,356.52,131.06,Venda
SKU_1719_OFF,31/07/2025,Atacado,3,959.7,460.17,166.51,Venda
SKU_1785_PAS,31/07/2025,Varejo,4,979.6,304.88,168.68,Venda
SKU_1732_WHI,31/07/2025,Atacado,8,8919.2,4649.68,533.69,Venda
SKU_1681_PIS,31/07/2025,Atacado,2,469.8,226.3,121.75,Venda
SKU_2080_FLA,31/07/2025,Atacado,4,959.6,454.56,126.26,Venda
SKU_1714_DEE,31/07/2025,Atacado,5,1524.5,784.7,147.96,Venda
SKU_1524_DEN,31/07/2025,Varejo,2,739.8,341.7,199.05,Venda
SKU_1785_HUN,31/07/2025,Varejo,3,734.7,337.44,132.42,Venda
SKU_1721_COR,31/07/2025,Atacado,2,839.8,433.66,203.07,Venda
SKU_1686_SKY,31/07/2025,Varejo,3,644.7,255.33,129.79,Venda
SKU_1744_EME,31/07/2025,Atacado,3,794.7,355.77,146.31,Venda
SKU_1790_EGR,31/07/2025,Atacado,8,2079.2,1187.6,111.45,Venda
SKU_1746_NAV,31/07/2025,Varejo,1,179.9,64.97,114.93,Venda
SKU_1428_SKY,31/07/2025,Atacado,4,1959.6,834.4,281.3,Venda
SKU_1686_MOS,31/07/2025,Atacado,5,1074.5,555.05,103.89,Venda
SKU_1698_SNO,31/07/2025,Atacado,8,3359.2,1492.88,233.29,Venda
SKU_1556_HUN,31/07/2025,Atacado,12,2458.8,1130.04,110.73,Venda
SKU_1755_BIR,31/07/2025,Atacado,4,1339.6,619.56,180.01,Venda
SKU_1635_SAG,31/07/2025,E-commerce,1,604.9,268.44,336.46,Venda
SKU_1667_LIG,31/07/2025,Varejo,1,209.9,74.05,135.85,Venda
SKU_1735_COR,31/07/2025,Atacado,5,1349.5,636.65,142.57,Venda
SKU_1692_OLI,31/07/2025,Varejo,1,219.9,92.11,127.79,Venda
SKU_1683_PAL,31/07/2025,Varejo,3,944.7,345.69,199.67,Venda
SKU_1545_TEA,31/07/2025,Atacado,6,1559.4,772.08,131.22,Venda
SKU_1714_DEE,31/07/2025,E-commerce,3,914.7,315.51,199.73,Venda
SKU_1797_BLU,31/07/2025,Atacado,3,1139.7,530.67,203.01,Venda
SKU_1710_OLI,31/07/2025,Atacado,3,2429.7,1245.69,394.67,Venda
SKU_1734_BRI,31/07/2025,Atacado,3,1049.7,460.44,196.42,Venda
SKU_1695_LIM,31/07/2025,Atacado,10,2099.0,908.9,119.01,Venda
SKU_1768_MIN,31/07/2025,E-commerce,1,624.9,222.54,402.36,Venda
SKU_1777_TUR,31/07/2025,Varejo,1,239.9,89.93,149.97,Venda
SKU_1754_IVO,31/07/2025,Varejo,2,679.8,322.8,178.5,Venda
SKU_1572_BAL,31/07/2025,E-commerce,1,139.9,61.05,78.85,Venda
SKU_1741_PEA,31/07/2025,Atacado,5,1199.5,665.25,106.85,Venda
SKU_1781_CLE,31/07/2025,Atacado,6,779.4,341.1,73.05,Venda
SKU_1757_PIN,31/07/2025,Atacado,8,2119.2,1059.04,132.52,Venda
SKU_1712_NAV,31/07/2025,Atacado,4,719.6,344.0,93.9,Venda
SKU_1763_MAR,31/07/2025,Varejo,2,599.8,190.2,204.8,Venda
SKU_1746_NAV,31/07/2025,Atacado,6,1079.4,534.36,90.84,Venda
SKU_1771_EME,31/07/2025,Atacado,12,3178.8,1633.92,128.74,Venda
SKU_1693_FLA,31/07/2025,Atacado,5,1024.5,557.15,93.47,Venda
SKU_1685_BIR,31/07/2025,Varejo,1,664.9,250.22,414.68,Venda
SKU_1710_MEX,31/07/2025,Varejo,1,809.9,312.05,497.85,Venda
SKU_1567_POW,31/07/2025,Varejo,1,689.9,300.54,389.36,Venda
SKU_1412_SHO,31/07/2025,Atacado,10,8949.0,5132.4,381.66,Venda
SKU_1687_WHI,31/07/2025,Atacado,10,8999.0,3837.4,516.16,Venda
SKU_1701_SPA,31/07/2025,Atacado,3,1019.7,515.52,168.06,Venda
SKU_1718_SEA,31/07/2025,Varejo,1,369.9,140.28,229.62,Venda
SKU_1692_BLU,31/07/2025,Varejo,1,219.9,68.41,151.49,Venda
SKU_1781_CLE,31/07/2025,Atacado,5,649.5,279.25,74.05,Venda
SKU_1759_COB,31/07/2025,Varejo,1,269.9,114.55,155.35,Venda
SKU_1523_CRE,31/07/2025,Varejo,1,374.9,148.13,226.77,Venda
SKU_1716_SAL,31/07/2025,Atacado,2,329.8,157.52,86.14,Venda
SKU_1795_RAS,31/07/2025,Varejo,4,1199.6,440.32,189.82,Venda
SKU_1508_DEE,31/07/2025,Varejo,1,209.9,64.42,145.48,Venda
SKU_1548_CLO,31/07/2025,Atacado,3,1424.7,652.92,257.26,Venda
SKU_1741_PIN,31/07/2025,Atacado,4,959.6,503.68,113.98,Venda
SKU_1715_JAD,31/07/2025,Varejo,2,439.8,191.64,124.08,Venda
SKU_1659_SNO,31/07/2025,Varejo,1,1024.9,452.93,571.97,Venda
SKU_1488_PEA,31/07/2025,Varejo,1,339.9,104.37,235.53,Venda
SKU_1775_PAS,31/07/2025,Varejo,3,839.7,384.39,151.77,Venda
SKU_1394_FOR,31/07/2025,Atacado,6,2819.4,1369.68,241.62,Venda
SKU_1684_SHO,31/07/2025,Varejo,2,369.8,160.92,104.44,Venda
SKU_1467_OLI,31/07/2025,E-commerce,1,204.9,101.64,103.26,Venda
SKU_2100_BLU,31/07/2025,Atacado,8,8119.2,4229.76,486.18,Venda
SKU_1764_MAR,31/07/2025,Varejo,2,469.8,225.46,122.17,Venda
SKU_1701_BLU,31/07/2025,Atacado,6,2039.4,872.22,194.53,Venda
SKU_1872_FRE,31/07/2025,Atacado,6,5129.4,2561.58,427.97,Venda
SKU_1755_AQU,31/07/2025,Atacado,8,2679.2,1448.56,153.83,Venda
SKU_1676_PIN,31/07/2025,Varejo,2,339.8,104.94,117.43,Venda
SKU_1644_PEA,31/07/2025,Atacado,6,1919.4,912.78,167.77,Venda
SKU_1768_PEA,31/07/2025,Varejo,4,2499.6,1199.24,325.09,Venda
SKU_1928_COR,31/07/2025,Varejo,1,314.9,131.13,183.77,Venda
SKU_1733_SAG,31/07/2025,Atacado,5,1749.5,982.55,153.39,Venda
SKU_1642_OFF,31/07/2025,Varejo,2,449.8,193.94,127.93,Venda
SKU_1700_PIS,31/07/2025,Atacado,3,2099.7,996.69,367.67,Venda
SKU_1999_COB,31/07/2025,Varejo,2,469.8,200.06,134.87,Venda
SKU_1720_PAL,31/07/2025,Varejo,1,224.9,77.4,147.5,Venda
SKU_1606_SEA,31/07/2025,Varejo,2,2169.8,939.14,615.33,Venda
SKU_1438_MOS,31/07/2025,Atacado,4,819.6,386.48,108.28,Venda
SKU_1590_HOT,31/07/2025,Varejo,1,189.9,70.84,119.06,Venda
SKU_1569_PAS,31/07/2025,Varejo,2,439.8,205.92,116.94,Venda
SKU_1771_EME,31/07/2025,Atacado,8,2119.2,955.92,145.41,Venda
SKU_1753_PAL,31/07/2025,Varejo,3,2369.7,723.06,548.88,Venda
SKU_1417_SNO,31/07/2025,Atacado,2,559.8,239.34,160.23,Venda
SKU_1774_MOS,31/07/2025,Varejo,1,204.9,65.19,139.71,Venda
SKU_1789_SNO,31/07/2025,Varejo,2,539.8,204.36,167.72,Venda
SKU_1705_JAD,31/07/2025,E-commerce,1,409.9,192.79,217.11,Venda
SKU_1663_FLA,31/07/2025,Varejo,1,794.9,275.34,519.56,Venda
SKU_1711_VAN,31/07/2025,Varejo,1,994.9,341.97,652.93,Venda
SKU_1465_CLE,31/07/2025,Varejo,1,314.9,133.01,181.89,Venda
SKU_1734_FRE,31/07/2025,Varejo,1,349.9,157.52,192.38,Venda
SKU_1760_PAS,31/07/2025,Atacado,6,1499.4,635.64,143.96,Venda
SKU_1756_FLA,31/07/2025,Varejo,2,359.8,146.2,106.8,Venda
SKU_1624_ARM,31/07/2025,Atacado,6,1259.4,704.22,92.53,Venda
SKU_1906_NAV,31/07/2025,Varejo,1,294.9,130.93,163.97,Venda
SKU_1699_CLO,31/07/2025,Varejo,1,329.9,127.73,202.17,Venda
SKU_2050_MOS,31/07/2025,E-commerce,2,909.8,387.94,260.93,Venda
SKU_1917_IVO,31/07/2025,E-commerce,1,374.9,185.31,189.59,Venda
SKU_1776_PAS,31/07/2025,Varejo,3,989.7,431.16,186.18,Venda
SKU_1722_AQU,31/07/2025,Atacado,12,3898.8,2254.56,137.02,Venda
SKU_1703_PAS,31/07/2025,Varejo,1,269.9,95.33,174.57,Venda
SKU_1603_PEA,31/07/2025,Varejo,1,744.9,365.31,379.59,Venda
SKU_1722_AQU,31/07/2025,Varejo,1,324.9,98.79,226.11,Venda
SKU_1800_MOS,31/07/2025,Atacado,6,1679.4,828.96,141.74,Venda
SKU_1898_EME,31/07/2025,Atacado,3,1454.7,719.34,245.12,Venda
SKU_1426_SEA,31/07/2025,Atacado,6,779.4,447.0,55.4,Venda
SKU_1722_AQU,31/07/2025,Atacado,10,3249.0,1579.0,167.0,Venda
SKU_1785_PAS,31/07/2025,E-commerce,1,244.9,94.63,150.27,Venda
SKU_1706_JAD,31/07/2025,Atacado,5,924.5,456.9,93.52,Venda
SKU_1754_IVO,31/07/2025,E-commerce,1,339.9,145.16,194.74,Venda
SKU_1796_SHO,31/07/2025,Varejo,2,1009.8,443.04,283.38,Venda
SKU_1797_GAR,31/07/2025,Atacado,6,2279.4,1214.1,177.55,Venda
SKU_1754_SER,31/07/2025,E-commerce,1,339.9,110.37,229.53,Venda
SKU_1457_MAG,31/07/2025,Varejo,2,319.8,155.34,82.23,Venda
SKU_1721_COR,31/07/2025,Atacado,8,3359.2,1523.84,229.42,Venda
SKU_1776_BIR,31/07/2025,E-commerce,1,329.9,157.04,172.86,Venda
SKU_1599_CER,31/07/2025,Varejo,1,469.9,226.54,243.36,Venda
SKU_1776_PAS,31/07/2025,Atacado,4,1319.6,619.96,174.91,Venda
SKU_2067_MIN,31/07/2025,Atacado,8,2799.2,1472.0,165.9,Venda
SKU_1469_ARM,31/07/2025,Varejo,2,589.8,293.76,148.02,Venda
SKU_1779_LIG,31/07/2025,Atacado,6,1289.4,635.34,109.01,Venda
SKU_1699_CLO,31/07/2025,Atacado,5,1649.5,814.75,166.95,Venda
SKU_1686_SKY,31/07/2025,Atacado,5,1074.5,588.95,97.11,Venda
SKU_1747_TEA,31/07/2025,Atacado,10,1749.0,900.7,84.83,Venda
SKU_1766_CLE,31/07/2025,Atacado,8,3159.2,1529.28,203.74,Venda
SKU_1761_MOS,31/07/2025,Atacado,5,5524.5,3120.4,480.82,Venda
SKU_1614_VAN,31/07/2025,Varejo,2,889.8,345.22,272.29,Venda
SKU_1530_HON,31/07/2025,E-commerce,1,129.9,49.1,80.8,Venda
SKU_1569_PAS,31/07/2025,E-commerce,1,219.9,103.71,116.19,Venda
SKU_1774_COB,31/07/2025,Varejo,1,204.9,63.24,141.66,Venda
SKU_1712_MOS,31/07/2025,Atacado,4,719.6,376.96,85.66,Venda
SKU_1801_FLA,31/07/2025,Varejo,1,374.9,130.52,244.38,Venda
SKU_1535_MOS,31/07/2025,Varejo,2,609.8,237.22,186.29,Venda
SKU_1451_BIR,31/07/2025,Atacado,3,734.7,351.84,127.62,Venda
SKU_1682_OLI,31/07/2025,Varejo,1,234.9,83.35,151.55,Venda
SKU_1837_SAP,31/07/2025,Varejo,1,249.9,78.36,171.54,Venda
SKU_1579_SAG,31/07/2025,Varejo,1,229.9,85.45,144.45,Venda
SKU_1412_SHO,31/07/2025,Atacado,10,8949.0,4258.0,469.1,Venda
SKU_1771_EME,31/07/2025,Atacado,4,1059.6,501.64,139.49,Venda
SKU_1786_TEA,31/07/2025,Varejo,1,179.9,89.94,89.96,Venda
SKU_1753_PAL,31/07/2025,Atacado,6,4739.4,2241.78,416.27,Venda
SKU_1789_EME,31/07/2025,Varejo,1,269.9,115.28,154.62,Venda
SKU_2015_OLI,31/07/2025,Atacado,4,1259.6,542.08,179.38,Venda
SKU_1787_BAB,31/07/2025,Varejo,3,869.7,274.44,198.42,Venda
SKU_1735_COR,31/07/2025,Atacado,6,1619.4,772.14,141.21,Venda
SKU_1728_EGR,31/07/2025,Varejo,1,329.9,135.93,193.97,Venda
SKU_2086_SHO,31/07/2025,E-commerce,3,974.7,430.08,181.54,Venda
SKU_1715_JAD,31/07/2025,Varejo,1,219.9,89.11,130.79,Venda
SKU_1710_MEX,31/07/2025,Varejo,1,809.9,297.93,511.97,Venda
SKU_1772_SNO,31/07/2025,Atacado,4,1659.6,877.72,195.47,Venda
SKU_1689_IVO,31/07/2025,Varejo,2,1929.8,695.2,617.3,Venda
SKU_1684_HON,31/07/2025,Varejo,1,184.9,59.04,125.86,Venda
SKU_1752_SNO,31/07/2025,Varejo,1,429.9,129.88,300.02,Venda
SKU_1684_SHO,31/07/2025,Atacado,10,1849.0,933.5,91.55,Venda
SKU_1690_MYS,31/07/2025,Atacado,4,2159.6,1173.52,246.52,Venda
SKU_1406_PRI,31/07/2025,Varejo,1,349.9,170.09,179.81,Venda
SKU_1427_BLA,31/07/2025,Atacado,6,1199.4,594.66,100.79,Venda
SKU_2015_HUN,31/07/2025,Atacado,8,2519.2,1204.0,164.4,Venda
SKU_1693_FLA,31/07/2025,Atacado,4,819.6,389.88,107.43,Venda
SKU_1797_GAR,31/07/2025,E-commerce,1,379.9,146.09,233.81,Venda
SKU_1773_FRE,31/07/2025,Atacado,8,2599.2,1308.4,161.35,Venda
SKU_1700_PIS,31/07/2025,E-commerce,1,699.9,231.98,467.92,Venda
SKU_1690_MYS,31/07/2025,Atacado,10,5399.0,2333.1,306.59,Venda
SKU_2070_SPA,31/07/2025,Varejo,1,214.9,76.34,138.56,Venda
SKU_1533_DUS,31/07/2025,Atacado,4,659.6,348.48,77.78,Venda
SKU_1717_CRE,31/07/2025,E-commerce,1,259.9,89.49,170.41,Venda
SKU_1617_DEN,31/07/2025,Varejo,1,164.9,63.74,101.16,Venda
SKU_1701_SPA,31/07/2025,E-commerce,1,339.9,112.89,227.01,Venda
SKU_1427_AQU,31/07/2025,Atacado,6,1199.4,612.0,97.9,Venda
SKU_1781_CLE,31/07/2025,Atacado,10,1299.0,606.9,69.21,Venda
SKU_1584_FLA,31/07/2025,Atacado,2,369.8,163.96,102.92,Venda
SKU_1578_TEA,31/07/2025,Atacado,2,249.8,121.9,63.95,Venda
SKU_1706_BLA,31/07/2025,Varejo,1,184.9,91.38,93.52,Venda
SKU_1727_WHI,31/07/2025,E-commerce,1,154.9,50.49,104.41,Venda
SKU_1697_PIS,31/07/2025,E-commerce,1,219.9,109.23,110.67,Venda
SKU_1473_BLU,31/07/2025,Atacado,5,899.5,439.1,92.08,Venda
SKU_1630_LIM,31/07/2025,Varejo,1,334.9,118.57,216.33,Venda
SKU_1742_DEN,31/07/2025,Varejo,1,259.9,129.19,130.71,Venda
SKU_1713_SNO,31/07/2025,Varejo,1,504.9,233.49,271.41,Venda
SKU_2098_EME,31/07/2025,Atacado,5,1474.5,706.7,153.56,Venda
SKU_1730_OFF,31/07/2025,Varejo,1,319.9,139.97,179.93,Venda
SKU_1823_MIN,31/07/2025,Varejo,1,194.9,60.95,133.95,Venda
SKU_1783_EGR,31/07/2025,Varejo,2,2399.8,900.52,749.64,Venda
SKU_1779_LIG,31/07/2025,Atacado,8,1719.2,917.6,100.2,Venda
SKU_1740_FRE,31/07/2025,E-commerce,1,214.9,84.58,130.32,Venda
SKU_1744_LIG,31/07/2025,E-commerce,1,264.9,102.42,162.48,Venda
SKU_1755_BIR,31/07/2025,Varejo,1,334.9,103.18,231.72,Venda
SKU_1790_ROY,31/07/2025,Atacado,4,1039.6,508.24,132.84,Venda
SKU_1456_DEN,31/07/2025,Atacado,4,1259.6,663.36,149.06,Venda
SKU_1785_HUN,31/07/2025,Varejo,1,244.9,118.49,126.41,Venda
SKU_1794_FLA,31/07/2025,Varejo,1,209.9,87.78,122.12,Venda
SKU_1769_WHI,31/07/2025,Varejo,1,324.9,120.19,204.71,Venda
SKU_1740_OLI,31/07/2025,Varejo,3,644.7,278.04,122.22,Venda
SKU_1696_SER,31/07/2025,Atacado,8,2239.2,1044.0,149.4,Venda
SKU_1660_NAV,31/07/2025,Atacado,10,3149.0,1327.2,182.18,Venda
SKU_1683_SHO,31/07/2025,E-commerce,1,314.9,96.43,218.47,Venda
SKU_1690_MAG,31/07/2025,Varejo,2,1079.8,475.46,302.17,Venda
SKU_1758_HON,31/07/2025,Atacado,4,719.6,344.36,93.81,Venda
SKU_1568_PIN,31/07/2025,Atacado,3,704.7,402.18,100.84,Venda
SKU_1800_MOS,31/07/2025,Varejo,4,1119.6,455.44,166.04,Venda
SKU_1683_PAL,31/07/2025,Varejo,1,314.9,107.74,207.16,Venda
SKU_1540_MAG,31/07/2025,Atacado,5,849.5,386.05,92.69,Venda
SKU_1707_ARM,31/07/2025,Atacado,6,1679.4,839.46,139.99,Venda
SKU_1727_WHI,31/07/2025,Atacado,8,1239.2,585.12,81.76,Venda
SKU_1753_WHI,31/07/2025,Varejo,1,789.9,286.67,503.23,Venda
SKU_1510_SNO,31/07/2025,Varejo,2,1669.8,764.8,452.5,Venda
SKU_1799_POW,31/07/2025,Varejo,1,269.9,125.28,144.62,Venda
SKU_1522_MOS,31/07/2025,Atacado,8,1199.2,593.36,75.73,Venda
SKU_1677_POW,31/07/2025,E-commerce,1,569.9,269.8,300.1,Venda
SKU_1747_TEA,31/07/2025,Varejo,1,174.9,69.06,105.84,Venda
SKU_2087_CER,31/07/2025,Atacado,2,499.8,237.76,131.02,Venda
SKU_1757_PIN,31/07/2025,Atacado,5,1324.5,699.0,125.1,Venda
SKU_1745_PEA,31/07/2025,Atacado,3,1229.7,636.18,197.84,Venda
SKU_1736_JAD,31/07/2025,Varejo,1,324.9,134.05,190.85,Venda
SKU_1800_SKY,31/07/2025,Varejo,2,559.8,173.26,193.27,Venda
SKU_1581_COB,31/07/2025,Varejo,2,1709.8,649.98,529.91,Venda
SKU_1684_SHO,31/07/2025,Atacado,3,554.7,248.52,102.06,Venda
SKU_1697_PIS,31/07/2025,E-commerce,1,219.9,94.76,125.14,Venda
SKU_1667_MID,31/07/2025,Varejo,2,419.8,207.98,105.91,Venda
SKU_1707_SAP,31/07/2025,Varejo,1,279.9,88.59,191.31,Venda
SKU_1685_BIR,31/07/2025,Atacado,5,3324.5,1680.45,328.81,Venda
SKU_2017_FRE,31/07/2025,E-commerce,1,284.9,109.79,175.11,Venda
SKU_1502_PEA,31/07/2025,Atacado,8,1679.2,968.96,88.78,Venda
SKU_1555_RAS,31/07/2025,Varejo,3,569.7,263.64,102.02,Venda
SKU_1672_FOR,31/07/2025,Varejo,1,294.9,137.18,157.72,Venda
SKU_1912_PAS,31/07/2025,Atacado,2,769.8,344.0,212.9,Venda
SKU_1645_MYS,31/07/2025,Atacado,3,1199.7,520.44,226.42,Venda
SKU_1722_PAS,31/07/2025,Atacado,5,1624.5,777.6,169.38,Venda
SKU_1952_TUR,31/07/2025,Atacado,3,614.7,261.72,117.66,Venda
SKU_1718_DUS,31/07/2025,E-commerce,1,369.9,148.71,221.19,Venda
SKU_1681_OFF,31/07/2025,Atacado,8,1879.2,893.6,123.2,Venda
SKU_1403_DUS,31/07/2025,Atacado,3,1154.7,559.32,198.46,Venda
SKU_1774_MOS,31/07/2025,Atacado,4,819.6,403.6,104.0,Venda
SKU_1710_MEX,31/07/2025,E-commerce,3,2429.7,903.6,508.7,Venda
SKU_2097_SPA,31/07/2025,E-commerce,1,199.9,98.12,101.78,Venda
SKU_1576_BLU,31/07/2025,Varejo,1,244.9,111.65,133.25,Venda
SKU_1694_SER,31/07/2025,Atacado,2,559.8,290.56,134.62,Venda
SKU_1767_FUC,31/07/2025,Varejo,2,409.8,126.0,141.9,Venda
SKU_1485_CER,31/07/2025,E-commerce,1,664.9,286.06,378.84,Venda
SKU_1729_FUC,31/07/2025,Atacado,8,1399.2,646.56,94.08,Venda
SKU_1801_FLA,31/07/2025,Atacado,3,1124.7,609.51,171.73,Venda
SKU_1753_WHI,31/07/2025,E-commerce,1,789.9,375.77,414.13,Venda
SKU_1755_BIR,31/07/2025,Atacado,10,3349.0,1519.1,182.99,Venda
SKU_1721_COR,31/07/2025,Varejo,3,1259.7,391.23,289.49,Venda
SKU_1677_VAN,31/07/2025,Varejo,1,569.9,176.22,393.68,Venda
SKU_1691_ROS,31/07/2025,Atacado,2,619.8,297.88,160.96,Venda
SKU_1450_MAG,31/07/2025,Atacado,12,4918.8,2558.28,196.71,Venda
SKU_1706_BLA,31/07/2025,Atacado,3,554.7,266.46,96.08,Venda
SKU_1797_BLU,31/07/2025,E-commerce,3,1139.7,394.62,248.36,Venda
SKU_1699_COB,31/07/2025,Varejo,3,989.7,347.76,213.98,Venda
SKU_1773_OLI,31/07/2025,Atacado,6,1949.4,1009.56,156.64,Venda
SKU_1571_WHI,31/07/2025,Atacado,4,999.6,420.84,144.69,Venda
SKU_1738_BLU,31/07/2025,Atacado,10,1949.0,938.6,101.04,Venda
SKU_2045_MID,31/07/2025,Varejo,1,194.9,85.57,109.33,Venda
SKU_1681_OFF,31/07/2025,Varejo,2,469.8,228.8,120.5,Venda
SKU_1723_COB,31/07/2025,Varejo,3,1304.7,445.29,286.47,Venda
SKU_1734_BRI,31/07/2025,E-commerce,1,349.9,165.41,184.49,Venda
SKU_1782_NAV,31/07/2025,Atacado,5,1249.5,620.05,125.89,Venda
SKU_1537_BLA,31/07/2025,Atacado,10,2549.0,1207.7,134.13,Venda
SKU_1732_WHI,31/07/2025,E-commerce,2,2229.8,1075.2,577.3,Venda
SKU_1756_BUB,31/07/2025,Varejo,1,179.9,69.69,110.21,Venda
SKU_1598_NAV,31/07/2025,Atacado,6,2939.4,1523.1,236.05,Venda
SKU_1721_FRE,31/07/2025,Varejo,1,419.9,142.32,277.58,Venda
SKU_1798_OFF,31/07/2025,Atacado,4,1679.6,905.0,193.65,Venda
SKU_1500_PAS,31/07/2025,E-commerce,1,259.9,86.17,173.73,Venda
SKU_1717_MIN,31/07/2025,Varejo,1,259.9,104.02,155.88,Venda
SKU_1755_AQU,31/07/2025,Atacado,6,2009.4,1095.18,152.37,Venda
SKU_1724_PEA,31/07/2025,E-commerce,1,1114.9,470.57,644.33,Venda
SKU_1726_BUB,31/07/2025,Varejo,3,1289.7,577.26,237.48,Venda
SKU_1685_BIR,31/07/2025,Atacado,4,2659.6,1262.52,349.27,Venda
SKU_1990_IVO,31/07/2025,Atacado,6,1079.4,537.66,90.29,Venda
SKU_1609_SAP,31/07/2025,E-commerce,1,269.9,109.98,159.92,Venda
SKU_1436_PAS,31/07/2025,Atacado,4,1119.6,533.08,146.63,Venda
SKU_1799_DEN,31/07/2025,Atacado,4,1079.6,510.12,142.37,Venda
SKU_1694_PIS,31/07/2025,Atacado,8,2239.2,963.28,159.49,Venda
SKU_1653_ROS,31/07/2025,Varejo,2,719.8,251.96,233.92,Venda
SKU_1541_AQU,31/07/2025,Atacado,4,2699.6,1201.16,374.61,Venda
SKU_1793_MIN,31/07/2025,E-commerce,1,189.9,72.86,117.04,Venda
SKU_1482_SHO,31/07/2025,Atacado,3,1334.7,606.72,242.66,Venda
SKU_1512_MYS,31/07/2025,E-commerce,2,449.8,174.38,137.71,Venda
SKU_1938_CRE,31/07/2025,Atacado,6,5399.4,2439.96,493.24,Venda
SKU_1795_RAS,31/07/2025,Atacado,6,1799.4,761.46,172.99,Venda
SKU_1743_DEE,31/07/2025,Varejo,1,439.9,194.48,245.42,Venda
SKU_1593_LIG,31/07/2025,Varejo,3,434.7,179.55,85.05,Venda
SKU_1711_ARM,31/07/2025,Varejo,1,994.9,370.43,624.47,Venda
SKU_1684_HON,31/07/2025,E-commerce,1,184.9,77.13,107.77,Venda
SKU_1694_SER,31/07/2025,E-commerce,1,279.9,117.27,162.63,Venda
SKU_1768_MIN,31/07/2025,Varejo,1,624.9,298.46,326.44,Venda
SKU_2068_IVO,31/07/2025,Atacado,3,1214.7,600.03,204.89,Venda
SKU_1797_BLU,31/07/2025,Atacado,6,2279.4,1021.08,209.72,Venda
SKU_1743_CLO,31/07/2025,Varejo,1,439.9,137.86,302.04,Venda
SKU_1777_TUR,31/07/2025,Atacado,8,1919.2,1010.8,113.55,Venda
SKU_1709_MAR,31/07/2025,Atacado,4,839.6,380.8,114.7,Venda
SKU_1800_SKY,31/07/2025,Varejo,1,279.9,134.4,145.5,Venda
SKU_1799_DEN,31/07/2025,Varejo,2,539.8,202.96,168.42,Venda
SKU_1545_TEA,31/07/2025,Atacado,4,1039.6,497.44,135.54,Venda
SKU_1390_PAS,31/07/2025,Atacado,10,2299.0,1097.3,120.17,Venda
SKU_1735_MOS,31/07/2025,Varejo,2,539.8,219.86,159.97,Venda
SKU_1975_MYS,31/07/2025,Atacado,6,2669.4,1395.54,212.31,Venda
SKU_1683_SHO,31/07/2025,Varejo,1,314.9,114.39,200.51,Venda
SKU_1795_RAS,31/07/2025,Varejo,1,299.9,123.4,176.5,Venda
SKU_1687_FOR,31/07/2025,Varejo,1,899.9,434.75,465.15,Venda
SKU_1787_BAB,31/07/2025,Atacado,6,1739.4,892.32,141.18,Venda
SKU_1790_ROY,31/07/2025,Varejo,2,519.8,166.82,176.49,Venda
SKU_1608_WHI,31/07/2025,Varejo,1,304.9,117.13,187.77,Venda
SKU_1800_MOS,31/07/2025,E-commerce,2,559.8,253.0,153.4,Venda
SKU_1695_CRE,31/07/2025,Varejo,2,419.8,208.7,105.55,Venda
SKU_1726_PAS,31/07/2025,Varejo,1,429.9,158.08,271.82,Venda
SKU_1747_FUC,31/07/2025,Varejo,3,524.7,192.0,110.9,Venda
SKU_1700_HUN,31/07/2025,Varejo,1,699.9,327.89,372.01,Venda
SKU_1682_OLI,31/07/2025,Varejo,1,234.9,77.14,157.76,Venda
SKU_1726_PAS,31/07/2025,Varejo,3,1289.7,471.45,272.75,Venda
SKU_1694_PIS,31/07/2025,Varejo,2,559.8,262.7,148.55,Venda
SKU_1686_SKY,31/07/2025,Varejo,1,214.9,68.61,146.29,Venda
SKU_1438_DEE,31/07/2025,Atacado,4,819.6,347.72,117.97,Venda
SKU_1719_WHI,31/07/2025,Atacado,3,959.7,487.41,157.43,Venda
SKU_1971_PIN,31/07/2025,Atacado,8,6639.2,2898.0,467.65,Venda
SKU_1791_IVO,31/07/2025,Atacado,3,794.7,376.68,139.34,Venda
SKU_1709_CRE,31/07/2025,Atacado,12,2518.8,1199.28,109.96,Venda
SKU_1732_OFF,31/07/2025,Atacado,3,3344.7,1499.55,615.05,Venda
SKU_1678_LIG,31/07/2025,Atacado,2,1429.8,771.6,329.1,Venda
SKU_1705_JAD,31/07/2025,E-commerce,1,409.9,153.93,255.97,Venda
SKU_1763_MAR,31/07/2025,Atacado,6,1799.4,993.78,134.27,Venda
SKU_1878_SEA,31/07/2025,Varejo,1,439.9,197.26,242.64,Venda
SKU_1743_CLO,31/07/2025,Varejo,1,439.9,193.38,246.52,Venda
SKU_1427_BLA,31/07/2025,Varejo,1,199.9,90.4,109.5,Venda
SKU_1745_FOR,31/07/2025,Varejo,2,819.8,272.18,273.81,Venda
SKU_1769_EME,31/07/2025,Varejo,1,324.9,156.97,167.93,Venda
SKU_1720_PAL,31/07/2025,Atacado,5,1124.5,586.8,107.54,Venda
SKU_1762_BRI,31/07/2025,Varejo,1,254.9,81.65,173.25,Venda
SKU_1532_BRI,31/07/2025,Varejo,1,979.9,328.96,650.94,Venda
SKU_1742_DEN,31/07/2025,E-commerce,1,259.9,116.97,142.93,Venda
SKU_1531_SNO,31/07/2025,Atacado,6,3299.4,1624.14,279.21,Venda
SKU_1748_COB,31/07/2025,Varejo,2,619.8,207.7,206.05,Venda
SKU_1878_SEA,31/07/2025,Varejo,1,439.9,165.35,274.55,Venda
SKU_1735_COR,31/07/2025,Atacado,4,1079.6,589.32,122.57,Venda
SKU_1789_SNO,31/07/2025,Atacado,5,1349.5,695.9,130.72,Venda
SKU_1403_AQU,31/07/2025,Atacado,4,1539.6,815.48,181.03,Venda
SKU_1558_MEX,31/07/2025,Varejo,1,329.9,149.25,180.65,Venda
SKU_1721_COR,31/07/2025,E-commerce,1,419.9,184.28,235.62,Venda
SKU_1747_FUC,31/07/2025,Atacado,8,1399.2,719.36,84.98,Venda
SKU_1710_OLI,31/07/2025,Varejo,1,809.9,318.37,491.53,Venda
SKU_1786_POW,31/07/2025,Atacado,2,359.8,199.68,80.06,Venda
SKU_1506_BRI,31/07/2025,Varejo,1,229.9,85.41,144.49,Venda
SKU_1772_SNO,31/07/2025,Atacado,8,3319.2,1406.64,239.07,Venda
SKU_1625_GAR,31/07/2025,E-commerce,2,409.8,203.18,103.31,Venda
SKU_1789_SNO,31/07/2025,Atacado,5,1349.5,611.0,147.7,Venda
SKU_1736_JAD,31/07/2025,Atacado,5,1624.5,717.5,181.4,Venda
SKU_1552_CLE,31/07/2025,Atacado,6,3959.4,1929.9,338.25,Venda
SKU_1690_MAG,31/07/2025,Varejo,1,539.9,242.32,297.58,Venda
SKU_1461_PRI,31/07/2025,Varejo,1,1069.9,470.56,599.34,Venda
SKU_1662_LIG,31/07/2025,Varejo,1,199.9,94.46,105.44,Venda
SKU_1694_SER,31/07/2025,E-commerce,1,279.9,114.73,165.17,Venda
SKU_1472_EME,31/07/2025,Atacado,6,2819.4,1194.0,270.9,Venda
SKU_1799_DEN,31/07/2025,Varejo,1,269.9,88.52,181.38,Venda
SKU_1700_PIS,31/07/2025,Atacado,5,3499.5,1630.85,373.73,Venda
SKU_1794_FLA,31/07/2025,Varejo,1,209.9,97.17,112.73,Venda
SKU_1702_LIG,31/07/2025,Atacado,8,4959.2,2158.72,350.06,Venda
SKU_1533_CER,31/07/2025,Atacado,10,1649.0,918.1,73.09,Venda
SKU_1691_HUN,31/07/2025,E-commerce,1,309.9,122.67,187.23,Venda
SKU_1708_FLA,31/07/2025,Varejo,3,509.7,216.99,97.57,Venda
SKU_1751_BLU,31/07/2025,Varejo,3,989.7,388.2,200.5,Venda
SKU_1790_EGR,31/07/2025,E-commerce,1,259.9,91.07,168.83,Venda
SKU_1564_BLA,31/07/2025,Varejo,1,589.9,234.71,355.19,Venda
SKU_1703_PAS,31/07/2025,Atacado,5,1349.5,703.55,129.19,Venda
SKU_1798_MOS,31/07/2025,Atacado,4,1679.6,786.44,223.29,Venda
SKU_1711_ARM,31/07/2025,E-commerce,2,1989.8,945.56,522.12,Venda
SKU_1734_BRI,31/07/2025,Atacado,2,699.8,368.42,165.69,Venda
SKU_1758_HON,31/07/2025,Atacado,4,719.6,324.6,98.75,Venda
SKU_1699_COB,31/07/2025,Atacado,5,1649.5,924.5,145.0,Venda
SKU_1687_WHI,31/07/2025,Varejo,1,899.9,424.74,475.16,Venda
SKU_1771_EME,31/07/2025,E-commerce,1,264.9,107.92,156.98,Venda
SKU_1863_MOS,31/07/2025,Varejo,1,254.9,104.14,150.76,Venda
SKU_1750_SNO,31/07/2025,Atacado,2,739.8,335.84,201.98,Venda
SKU_1760_OFF,31/07/2025,Atacado,4,999.6,462.84,134.19,Venda
SKU_1425_LIG,31/07/2025,E-commerce,1,209.9,97.4,112.5,Venda
SKU_1727_WHI,31/07/2025,Varejo,1,154.9,68.29,86.61,Venda
SKU_1754_SER,31/07/2025,Varejo,1,339.9,145.02,194.88,Venda
SKU_1711_ARM,31/07/2025,Varejo,4,3979.6,1635.04,586.14,Venda
SKU_1782_HUN,31/07/2025,Atacado,3,749.7,356.94,130.92,Venda
SKU_1758_CLO,31/07/2025,Varejo,1,179.9,88.63,91.27,Venda
SKU_1737_DEE,31/07/2025,E-commerce,1,769.9,345.44,424.46,Venda
SKU_1692_BLU,31/07/2025,Varejo,1,219.9,95.67,124.23,Venda
SKU_1783_EGR,31/07/2025,Atacado,6,7199.4,3435.24,627.36,Venda
SKU_1776_BIR,31/07/2025,E-commerce,1,329.9,102.97,226.93,Venda
SKU_1450_MAG,31/07/2025,Atacado,8,3279.2,1890.24,173.62,Venda
SKU_1711_VAN,31/07/2025,Atacado,6,5969.4,2856.42,518.83,Venda
SKU_1788_EME,31/07/2025,E-commerce,1,249.9,81.76,168.14,Venda
SKU_1747_TEA,31/07/2025,Varejo,1,174.9,84.93,89.97,Venda
SKU_1578_PAS,31/07/2025,Atacado,2,249.8,138.46,55.67,Venda
SKU_1788_EME,31/07/2025,E-commerce,1,249.9,102.0,147.9,Venda
SKU_1688_LIG,31/07/2025,Varejo,1,429.9,129.63,300.27,Venda
SKU_1488_IVO,31/07/2025,Atacado,6,2039.4,941.22,183.03,Venda
SKU_1742_EME,31/07/2025,E-commerce,1,259.9,123.11,136.79,Venda
SKU_1763_HOT,31/07/2025,Atacado,6,1799.4,999.48,133.32,Venda
SKU_1863_POW,31/07/2025,Atacado,12,3058.8,1617.36,120.12,Venda
SKU_1715_HON,31/07/2025,Varejo,1,219.9,85.06,134.84,Venda
SKU_1642_SAL,31/07/2025,Varejo,2,449.8,206.46,121.67,Venda
SKU_1742_DEN,31/07/2025,Atacado,8,2079.2,1075.68,125.44,Venda
SKU_1454_BRI,31/07/2025,Varejo,2,299.8,130.14,84.83,Venda
SKU_1407_EME,31/07/2025,Varejo,1,214.9,67.41,147.49,Venda
SKU_1629_CLO,31/07/2025,Atacado,4,1019.6,587.52,108.02,Venda
SKU_1696_SER,31/07/2025,Atacado,3,839.7,437.49,134.07,Venda
SKU_1738_ROY,31/07/2025,Atacado,3,584.7,317.19,89.17,Venda
SKU_1703_BLU,31/07/2025,Varejo,4,1079.6,511.0,142.15,Venda
SKU_2024_LIG,31/07/2025,Varejo,1,384.9,122.13,262.77,Venda
SKU_1703_BLU,31/07/2025,Atacado,10,2699.0,1217.9,148.11,Venda
SKU_1775_PAS,31/07/2025,Varejo,2,559.8,201.44,179.18,Venda
SKU_1901_MIN,31/07/2025,Atacado,3,704.7,341.91,120.93,Venda
SKU_1696_SHO,31/07/2025,Varejo,1,279.9,107.49,172.41,Venda
SKU_2032_LIM,31/07/2025,E-commerce,1,254.9,83.84,171.06,Venda
SKU_1750_SNO,31/07/2025,E-commerce,1,369.9,172.79,197.11,Venda
SKU_1743_CLO,31/07/2025,Varejo,1,439.9,132.31,307.59,Venda
SKU_1787_BAB,31/07/2025,Varejo,1,289.9,89.09,200.81,Venda
SKU_1444_OLI,31/07/2025,Varejo,1,239.9,89.15,150.75,Venda
SKU_1722_AQU,31/07/2025,Atacado,10,3249.0,1694.2,155.48,Venda
SKU_1728_EGR,31/07/2025,Varejo,1,329.9,150.52,179.38,Venda
SKU_1717_CRE,31/07/2025,Varejo,1,259.9,90.92,168.98,Venda
SKU_1750_SNO,31/07/2025,Varejo,1,369.9,175.92,193.98,Venda
SKU_1664_MIN,31/07/2025,Varejo,3,989.7,478.59,170.37,Venda
SKU_1697_PIS,31/07/2025,Varejo,1,219.9,100.92,118.98,Venda
SKU_1394_EME,31/07/2025,Atacado,5,2349.5,1074.2,255.06,Venda
SKU_1686_SKY,31/07/2025,Varejo,1,214.9,82.05,132.85,Venda
SKU_1795_HUN,31/07/2025,Atacado,5,1499.5,733.75,153.15,Venda
SKU_1741_PIN,31/07/2025,Varejo,2,479.8,148.52,165.64,Venda
SKU_1601_EME,31/07/2025,Atacado,8,5879.2,2664.48,401.84,Venda
SKU_1703_BLU,31/07/2025,E-commerce,1,269.9,90.52,179.38,Venda
SKU_1542_PEA,31/07/2025,Atacado,8,3759.2,2045.36,214.23,Venda
SKU_1631_BAL,31/07/2025,Varejo,4,719.6,348.52,92.77,Venda
SKU_1760_OFF,31/07/2025,Atacado,5,1249.5,640.05,121.89,Venda
SKU_1744_LIG,31/07/2025,Varejo,1,264.9,110.31,154.59,Venda
SKU_1770_DEE,31/07/2025,Atacado,10,2199.0,986.3,121.27,Venda
SKU_1785_HUN,31/07/2025,Atacado,4,979.6,461.76,129.46,Venda
SKU_1955_FRE,31/07/2025,Varejo,1,999.9,494.78,505.12,Venda
SKU_1708_FLA,31/07/2025,Varejo,1,169.9,69.81,100.09,Venda
SKU_1714_MID,31/07/2025,Varejo,1,304.9,131.42,173.48,Venda
SKU_1754_IVO,31/07/2025,Atacado,5,1699.5,809.35,178.03,Venda
SKU_1656_FUC,31/07/2025,Varejo,1,234.9,87.92,146.98,Venda
SKU_1771_PIN,31/07/2025,Atacado,4,1059.6,507.08,138.13,Venda
SKU_1680_NAV,31/07/2025,Atacado,4,1339.6,670.68,167.23,Venda
SKU_1629_CLO,31/07/2025,Varejo,1,254.9,79.75,175.15,Venda
SKU_1685_BIR,31/07/2025,Varejo,1,664.9,234.94,429.96,Venda
SKU_1389_BAB,31/07/2025,E-commerce,1,139.9,60.4,79.5,Venda
SKU_1593_LIG,31/07/2025,Atacado,10,1449.0,675.6,77.34,Venda
SKU_1637_BLU,31/07/2025,Varejo,1,919.9,364.44,555.46,Venda
SKU_1428_COB,31/07/2025,Atacado,5,2449.5,1034.55,282.99,Venda
SKU_1683_SHO,31/07/2025,Varejo,2,629.8,307.82,160.99,Venda
SKU_1742_EME,31/07/2025,Varejo,1,259.9,116.57,143.33,Venda
SKU_1437_ROY,31/07/2025,Varejo,1,164.9,60.46,104.44,Venda
SKU_1718_DUS,31/07/2025,Varejo,1,369.9,177.85,192.05,Venda
SKU_1598_NAV,31/07/2025,Varejo,1,489.9,204.91,284.99,Venda
SKU_1741_PIN,31/07/2025,Atacado,2,479.8,228.16,125.82,Venda
SKU_1725_OFF,31/07/2025,Atacado,6,1469.4,731.46,122.99,Venda
SKU_1428_COB,31/07/2025,Atacado,4,1959.6,1107.8,212.95,Venda
SKU_1506_BRI,31/07/2025,Varejo,2,459.8,211.14,124.33,Venda
SKU_1563_WHI,01/08/2025,Varejo,1,149.9,26.98,122.92,Venda
SKU_1900_FRE,01/08/2025,Varejo,1,424.9,29.74,395.16,Venda
SKU_1962_LIG,01/08/2025,Atacado,6,1289.4,386.82,150.43,Venda
SKU_1619_PAS,01/08/2025,Varejo,1,199.9,54.36,145.54,Venda
SKU_1769_WHI,01/08/2025,Varejo,2,649.8,166.84,241.48,Venda
SKU_1750_MIN,01/08/2025,Varejo,1,369.9,80.37,289.53,Venda
SKU_1755_AQU,01/08/2025,E-commerce,1,334.9,54.91,279.99,Venda
SKU_1779_LIG,01/08/2025,Varejo,2,429.8,117.28,156.26,Venda
SKU_1758_CLO,01/08/2025,Varejo,1,179.9,35.17,144.73,Venda
SKU_1728_MID,01/08/2025,Atacado,5,1649.5,494.85,230.93,Venda
SKU_1736_JAD,01/08/2025,Atacado,8,2599.2,779.76,227.43,Venda
SKU_1731_ARM,01/08/2025,Varejo,1,909.9,227.26,682.64,Venda
SKU_1756_BUB,01/08/2025,Varejo,2,359.8,73.02,143.39,Venda
SKU_1883_BLU,01/08/2025,Atacado,3,674.7,202.41,157.43,Venda
SKU_1718_SEA,01/08/2025,Atacado,6,2219.4,776.76,240.44,Venda
SKU_1737_SAG,01/08/2025,E-commerce,1,769.9,225.7,544.2,Venda
SKU_1706_BLA,01/08/2025,Varejo,3,554.7,157.38,132.44,Venda
SKU_1804_SPA,01/08/2025,Atacado,4,1819.6,636.84,295.69,Venda
SKU_1727_LIG,01/08/2025,Varejo,1,154.9,33.56,121.34,Venda
SKU_1412_BAB,01/08/2025,Varejo,1,894.9,134.63,760.27,Venda
SKU_1740_FRE,01/08/2025,Varejo,2,429.8,125.98,151.91,Venda
SKU_1670_SAP,01/08/2025,Atacado,2,289.8,115.92,86.94,Venda
SKU_1723_MOS,01/08/2025,E-commerce,1,434.9,111.6,323.3,Venda
SKU_1627_MOS,01/08/2025,Atacado,3,989.7,395.88,197.94,Venda
SKU_1780_LIG,01/08/2025,Atacado,8,2679.2,1071.68,200.94,Venda
SKU_1693_MEX,01/08/2025,E-commerce,1,204.9,36.48,168.42,Venda
SKU_1780_AQU,01/08/2025,E-commerce,1,334.9,77.5,257.4,Venda
SKU_1624_ARM,01/08/2025,Atacado,10,2099.0,839.6,125.94,Venda
SKU_1633_SER,01/08/2025,Atacado,5,1174.5,411.1,152.68,Venda
SKU_1799_POW,01/08/2025,Atacado,5,1349.5,539.8,161.94,Venda
SKU_1698_PRI,01/08/2025,Atacado,4,1679.6,587.84,272.94,Venda
SKU_1766_MYS,01/08/2025,Varejo,1,394.9,79.98,314.92,Venda
SKU_1771_EME,01/08/2025,Atacado,5,1324.5,397.35,185.43,Venda
SKU_1403_DUS,01/08/2025,Atacado,5,1924.5,577.35,269.43,Venda
SKU_1725_BAB,01/08/2025,Atacado,3,734.7,293.88,146.94,Venda
SKU_1731_MIN,01/08/2025,Atacado,8,7279.2,2547.68,591.44,Venda
SKU_1791_IVO,01/08/2025,Varejo,1,264.9,54.97,209.93,Venda
SKU_1454_BRI,01/08/2025,Varejo,3,449.7,126.39,107.77,Venda
SKU_1918_SKY,01/08/2025,Varejo,1,199.9,0.0,199.9,Venda
SKU_1536_FRE,01/08/2025,E-commerce,1,344.9,62.13,282.77,Venda
SKU_1758_CLO,01/08/2025,Varejo,2,359.8,55.98,151.91,Venda
SKU_1469_SAL,01/08/2025,Varejo,1,294.9,71.35,223.55,Venda
SKU_1728_MID,01/08/2025,Atacado,2,659.8,230.92,214.44,Venda
SKU_1748_BAB,01/08/2025,Varejo,2,619.8,183.62,218.09,Venda
SKU_1599_CER,01/08/2025,Varejo,2,939.8,182.84,378.48,Venda
SKU_1892_ROS,01/08/2025,Atacado,4,1159.6,405.84,188.44,Venda
SKU_1789_EME,01/08/2025,Varejo,1,269.9,51.66,218.24,Venda
SKU_1740_FRE,01/08/2025,Varejo,1,214.9,59.2,155.7,Venda
SKU_1569_WHI,01/08/2025,Varejo,1,219.9,33.33,186.57,Venda
SKU_1581_BIR,01/08/2025,E-commerce,1,854.9,239.3,615.6,Venda
SKU_1762_DEN,01/08/2025,Atacado,2,509.8,203.92,152.94,Venda
SKU_1928_COR,01/08/2025,Varejo,1,314.9,0.0,314.9,Venda
SKU_1984_PAS,01/08/2025,Varejo,1,299.9,0.0,299.9,Venda
SKU_1711_ARM,01/08/2025,Atacado,3,2984.7,1193.88,596.94,Venda
SKU_1903_PAS,01/08/2025,Varejo,1,329.9,0.0,329.9,Venda
SKU_1756_FLA,01/08/2025,Atacado,10,1799.0,539.7,125.93,Venda
SKU_1767_FUC,01/08/2025,Varejo,4,819.6,190.52,157.27,Venda
SKU_1740_FRE,01/08/2025,Varejo,3,644.7,162.75,160.65,Venda
SKU_1702_COR,01/08/2025,Varejo,2,1239.8,332.24,453.78,Venda
SKU_1736_JAD,01/08/2025,Varejo,2,649.8,138.66,255.57,Venda
SKU_1763_HOT,01/08/2025,Varejo,1,299.9,60.64,239.26,Venda
SKU_1771_EME,01/08/2025,E-commerce,1,264.9,39.86,225.04,Venda
SKU_1461_NAV,01/08/2025,Varejo,2,2139.8,418.98,860.41,Venda
SKU_1697_MIN,01/08/2025,Atacado,2,439.8,131.94,153.93,Venda
SKU_1745_PEA,01/08/2025,E-commerce,1,409.9,117.24,292.66,Venda
SKU_1553_DEN,01/08/2025,E-commerce,1,254.9,68.34,186.56,Venda
SKU_1750_SNO,01/08/2025,Atacado,3,1109.7,388.38,240.44,Venda
SKU_1746_EME,01/08/2025,Varejo,1,179.9,27.12,152.78,Venda
SKU_1454_BRI,01/08/2025,Atacado,3,449.7,157.38,97.44,Venda
SKU_1774_COB,01/08/2025,Atacado,3,614.7,215.16,133.18,Venda
SKU_1651_SAL,01/08/2025,Varejo,1,264.9,72.57,192.33,Venda
SKU_1922_TEA,01/08/2025,Atacado,8,5559.2,1667.76,486.43,Venda
SKU_1799_POW,01/08/2025,Varejo,1,269.9,50.78,219.12,Venda
SKU_1684_SHO,01/08/2025,Varejo,3,554.7,132.99,140.57,Venda
SKU_1998_COR,01/08/2025,Varejo,1,354.9,0.0,354.9,Venda
SKU_2028_PAL,01/08/2025,Atacado,6,1469.4,440.82,171.43,Venda
SKU_1771_EME,01/08/2025,Atacado,12,3178.8,1112.52,172.19,Venda
SKU_1595_FLA,01/08/2025,Atacado,5,1499.5,449.85,209.93,Venda
SKU_1776_PAS,01/08/2025,Varejo,2,659.8,112.4,273.7,Venda
SKU_1686_SKY,01/08/2025,Varejo,1,214.9,61.53,153.37,Venda
SKU_1478_TEA,01/08/2025,Varejo,1,194.9,32.91,161.99,Venda
SKU_1722_AQU,01/08/2025,Varejo,2,649.8,146.8,251.5,Venda
SKU_1771_PIN,01/08/2025,Atacado,10,2649.0,794.7,185.43,Venda
SKU_1458_PEA,01/08/2025,Atacado,4,1399.6,559.84,209.94,Venda
SKU_1714_DEE,01/08/2025,Atacado,5,1524.5,533.55,198.19,Venda
SKU_2085_ARM,01/08/2025,Atacado,8,3639.2,1273.68,295.69,Venda
SKU_1730_OFF,01/08/2025,E-commerce,3,959.7,187.74,257.32,Venda
SKU_1488_IVO,01/08/2025,Atacado,6,2039.4,815.76,203.94,Venda
SKU_1508_LIM,01/08/2025,Atacado,4,839.6,251.88,146.93,Venda
SKU_1783_EGR,01/08/2025,Atacado,4,4799.6,1439.88,839.93,Venda
SKU_1746_EME,01/08/2025,Varejo,3,539.7,114.03,141.89,Venda
SKU_1754_SER,01/08/2025,Atacado,8,2719.2,1087.68,203.94,Venda
SKU_1824_COR,01/08/2025,Varejo,1,359.9,0.0,359.9,Venda
SKU_1778_MIN,01/08/2025,Varejo,1,284.9,44.18,240.72,Venda
SKU_1908_MID,01/08/2025,E-commerce,1,314.9,0.0,314.9,Venda
SKU_1592_SAG,01/08/2025,Atacado,6,1259.4,377.82,146.93,Venda
SKU_1700_HUN,01/08/2025,Varejo,1,699.9,161.82,538.08,Venda
SKU_1781_CLE,01/08/2025,Varejo,1,129.9,21.61,108.29,Venda
SKU_1753_PAL,01/08/2025,Varejo,3,2369.7,544.05,608.55,Venda
SKU_1715_JAD,01/08/2025,Varejo,1,219.9,57.96,161.94,Venda
SKU_1450_MAG,01/08/2025,Atacado,4,1639.6,491.88,286.93,Venda
SKU_1634_NAV,01/08/2025,Varejo,1,979.9,212.05,767.85,Venda
SKU_1479_FUC,01/08/2025,Varejo,2,1109.8,207.26,451.27,Venda
SKU_2002_VAN,01/08/2025,Atacado,6,1229.4,368.82,143.43,Venda
SKU_1678_MAG,01/08/2025,E-commerce,1,714.9,159.92,554.98,Venda
SKU_1585_COR,01/08/2025,Atacado,6,1919.4,671.76,207.94,Venda
SKU_1707_SAP,01/08/2025,Varejo,1,279.9,83.92,195.98,Venda
SKU_1745_PEA,01/08/2025,Varejo,1,409.9,118.05,291.85,Venda
SKU_1717_MIN,01/08/2025,Atacado,6,1559.4,623.76,155.94,Venda
SKU_1761_MOS,01/08/2025,Varejo,1,1104.9,287.94,816.96,Venda
SKU_1882_TUR,01/08/2025,E-commerce,1,239.9,0.0,239.9,Venda
SKU_1505_BLU,01/08/2025,Atacado,4,939.6,328.88,152.68,Venda
SKU_1778_TEA,01/08/2025,Varejo,1,284.9,46.88,238.02,Venda
SKU_1770_DEE,01/08/2025,Atacado,5,1099.5,384.8,142.94,Venda
SKU_1455_TEA,01/08/2025,Varejo,3,1004.7,249.24,251.82,Venda
SKU_2075_COR,01/08/2025,Atacado,6,1439.4,431.82,167.93,Venda
SKU_1684_SHO,01/08/2025,Varejo,1,184.9,27.97,156.93,Venda
SKU_1736_JAD,01/08/2025,Varejo,1,324.9,52.41,272.49,Venda
SKU_1695_LIM,01/08/2025,Atacado,8,1679.2,671.68,125.94,Venda
SKU_1423_JAD,01/08/2025,Atacado,5,5999.5,1799.85,839.93,Venda
SKU_1769_EME,01/08/2025,Atacado,3,974.7,341.13,211.19,Venda
SKU_1726_PAS,01/08/2025,Varejo,3,1289.7,318.18,323.84,Venda
SKU_1838_BAL,01/08/2025,Atacado,6,1919.4,575.82,223.93,Venda
SKU_1773_OLI,01/08/2025,Atacado,6,1949.4,682.26,211.19,Venda
SKU_1799_DEN,01/08/2025,Atacado,6,1619.4,485.82,188.93,Venda
SKU_1670_SAP,01/08/2025,Atacado,2,289.8,101.44,94.18,Venda
SKU_1550_IVO,01/08/2025,Atacado,4,659.6,230.88,107.18,Venda
SKU_1840_FOR,01/08/2025,E-commerce,1,214.9,0.0,214.9,Venda
SKU_2041_POW,01/08/2025,Atacado,3,659.7,197.91,153.93,Venda
SKU_1728_MID,01/08/2025,Atacado,3,989.7,296.91,230.93,Venda
SKU_1683_SHO,01/08/2025,E-commerce,1,314.9,78.56,236.34,Venda
SKU_1557_SAG,01/08/2025,Varejo,1,199.9,47.85,152.05,Venda
SKU_1767_PRI,01/08/2025,Varejo,1,204.9,54.01,150.89,Venda
SKU_1768_MIN,01/08/2025,Atacado,4,2499.6,874.84,406.19,Venda
SKU_1706_JAD,01/08/2025,Varejo,2,369.8,79.66,145.07,Venda
SKU_1404_ARM,01/08/2025,Varejo,1,1019.9,268.82,751.08,Venda
SKU_1856_PAS,01/08/2025,Atacado,8,2599.2,779.76,227.43,Venda
SKU_1705_SER,01/08/2025,Varejo,1,409.9,100.56,309.34,Venda
SKU_1702_LIG,01/08/2025,Atacado,5,3099.5,1084.8,402.94,Venda
SKU_1776_BIR,01/08/2025,Varejo,1,329.9,64.78,265.12,Venda
SKU_1684_SHO,01/08/2025,Atacado,4,739.6,221.88,129.43,Venda
SKU_1717_CRE,01/08/2025,Varejo,1,259.9,58.36,201.54,Venda
SKU_1784_BLA,01/08/2025,Varejo,2,619.8,94.4,262.7,Venda
SKU_1638_PEA,01/08/2025,Varejo,1,1139.9,246.39,893.51,Venda
SKU_1737_DEE,01/08/2025,Varejo,1,769.9,172.6,597.3,Venda
SKU_1956_CLO,01/08/2025,Atacado,6,1259.4,503.76,125.94,Venda
SKU_1734_FRE,01/08/2025,Atacado,6,2099.4,734.76,227.44,Venda
SKU_1764_FUC,01/08/2025,E-commerce,1,234.9,65.41,169.49,Venda
SKU_1464_MOS,01/08/2025,Varejo,1,229.9,38.33,191.57,Venda
SKU_1740_FRE,01/08/2025,Atacado,4,859.6,257.88,150.43,Venda
SKU_1584_FLA,01/08/2025,Varejo,2,369.8,104.24,132.78,Venda
SKU_1480_SNO,01/08/2025,Atacado,10,3699.0,1109.7,258.93,Venda
SKU_1733_SAG,01/08/2025,Atacado,6,2099.4,734.76,227.44,Venda
SKU_1800_SKY,01/08/2025,Varejo,2,559.8,105.48,227.16,Venda
SKU_1556_SAL,01/08/2025,Atacado,5,1024.5,461.0,112.7,Venda
SKU_1709_MAR,01/08/2025,Varejo,3,629.7,108.93,173.59,Venda
SKU_1698_SNO,01/08/2025,E-commerce,1,419.9,83.54,336.36,Venda
SKU_1682_OLI,01/08/2025,E-commerce,1,234.9,52.79,182.11,Venda
SKU_1779_LIG,01/08/2025,Atacado,2,429.8,128.94,150.43,Venda
SKU_1704_BAB,01/08/2025,Varejo,3,1004.7,260.07,248.21,Venda
SKU_1742_DEN,01/08/2025,Atacado,6,1559.4,545.76,168.94,Venda
SKU_1567_POW,01/08/2025,E-commerce,1,689.9,130.28,559.62,Venda
SKU_1688_LIG,01/08/2025,Atacado,4,1719.6,687.84,257.94,Venda
SKU_1708_FLA,01/08/2025,Varejo,1,169.9,33.38,136.52,Venda
SKU_1718_DUS,01/08/2025,Varejo,2,739.8,114.92,312.44,Venda
SKU_1696_SHO,01/08/2025,E-commerce,2,559.8,147.42,206.19,Venda
SKU_1679_GAR,01/08/2025,Varejo,1,919.9,274.26,645.64,Venda
SKU_1675_DEN,01/08/2025,Varejo,1,764.9,222.68,542.22,Venda
SKU_1772_BLU,01/08/2025,Varejo,3,1244.7,187.8,352.3,Venda
SKU_1733_NAV,01/08/2025,E-commerce,3,1049.7,220.86,276.28,Venda
SKU_1707_SAP,01/08/2025,E-commerce,1,279.9,54.41,225.49,Venda
SKU_1715_JAD,01/08/2025,Varejo,1,219.9,62.77,157.13,Venda
SKU_1554_PIS,01/08/2025,Varejo,1,1034.9,195.55,839.35,Venda
SKU_1792_AQU,01/08/2025,Varejo,1,439.9,74.07,365.83,Venda
SKU_1565_BAB,01/08/2025,Varejo,1,359.9,85.97,273.93,Venda
SKU_1513_RAS,01/08/2025,Varejo,2,429.8,77.62,176.09,Venda
SKU_1929_PEA,01/08/2025,Atacado,4,1179.6,412.84,191.69,Venda
SKU_1492_BIR,01/08/2025,Varejo,1,374.9,111.43,263.47,Venda
SKU_1774_COB,01/08/2025,Varejo,2,409.8,73.68,168.06,Venda
SKU_1798_MOS,01/08/2025,Varejo,1,419.9,88.01,331.89,Venda
SKU_1749_BIR,01/08/2025,E-commerce,3,1049.7,296.67,251.01,Venda
SKU_1713_SNO,01/08/2025,Varejo,2,1009.8,220.3,394.75,Venda
SKU_1798_MOS,01/08/2025,Varejo,1,419.9,67.41,352.49,Venda
SKU_1486_PAL,01/08/2025,Varejo,2,579.8,112.04,233.88,Venda
SKU_1797_BLU,01/08/2025,E-commerce,1,379.9,102.66,277.24,Venda
SKU_1439_SHO,01/08/2025,E-commerce,1,184.9,52.9,132.0,Venda
SKU_1603_BUB,01/08/2025,Atacado,2,1489.8,595.92,446.94,Venda
SKU_1757_TUR,01/08/2025,Atacado,5,1324.5,397.35,185.43,Venda
SKU_1959_WHI,01/08/2025,E-commerce,2,1479.8,103.58,688.11,Venda
SKU_1565_LIG,01/08/2025,E-commerce,1,359.9,92.84,267.06,Venda
SKU_1617_DEN,01/08/2025,Atacado,4,659.6,263.84,98.94,Venda
SKU_1655_TEA,01/08/2025,Varejo,1,644.9,157.71,487.19,Venda
SKU_1562_CLO,01/08/2025,Atacado,8,2479.2,743.76,216.93,Venda
SKU_1706_BLA,01/08/2025,Varejo,2,369.8,74.96,147.42,Venda
SKU_1431_TEA,01/08/2025,Atacado,5,1849.5,647.3,240.44,Venda
SKU_2000_SAG,01/08/2025,E-commerce,1,214.9,0.0,214.9,Venda
SKU_1686_MOS,01/08/2025,E-commerce,1,214.9,47.68,167.22,Venda
SKU_1563_MEX,01/08/2025,Atacado,5,749.5,299.8,89.94,Venda
SKU_1641_MEX,01/08/2025,E-commerce,1,324.9,50.98,273.92,Venda
SKU_1420_EGR,01/08/2025,Atacado,3,2969.7,890.91,692.93,Venda
SKU_1759_CLE,01/08/2025,Varejo,1,269.9,76.97,192.93,Venda
SKU_1699_COB,01/08/2025,Atacado,6,1979.4,593.82,230.93,Venda
SKU_1772_BLU,01/08/2025,Varejo,1,414.9,93.37,321.53,Venda
SKU_1727_LIG,01/08/2025,Atacado,6,929.4,325.32,100.68,Venda
SKU_1490_EME,01/08/2025,E-commerce,1,314.9,62.74,252.16,Venda
SKU_1589_TUR,01/08/2025,Atacado,8,5439.2,2175.68,407.94,Venda
SKU_1741_PEA,01/08/2025,Varejo,2,479.8,76.9,201.45,Venda
SKU_1763_MAR,01/08/2025,Varejo,1,299.9,79.81,220.09,Venda
SKU_1717_CRE,01/08/2025,Atacado,5,1299.5,389.85,181.93,Venda
SKU_1549_BAL,01/08/2025,Varejo,4,739.6,187.76,137.96,Venda
SKU_1794_FLA,01/08/2025,E-commerce,1,209.9,50.17,159.73,Venda
SKU_1768_PEA,01/08/2025,Atacado,3,1874.7,749.88,374.94,Venda
SKU_1742_DEN,01/08/2025,Atacado,10,2599.0,909.6,168.94,Venda
SKU_1758_HON,01/08/2025,Atacado,2,359.8,161.92,98.94,Venda
SKU_1558_MEX,01/08/2025,Atacado,6,1979.4,593.82,230.93,Venda
SKU_1482_SHO,01/08/2025,Varejo,1,444.9,74.83,370.07,Venda
SKU_1738_BLU,01/08/2025,Atacado,4,779.6,272.88,126.68,Venda
SKU_1795_RAS,01/08/2025,Varejo,2,599.8,168.82,215.49,Venda
SKU_1718_SEA,01/08/2025,Varejo,1,369.9,90.69,279.21,Venda
SKU_1602_AQU,01/08/2025,Atacado,2,459.8,160.92,149.44,Venda
SKU_1753_PAL,01/08/2025,Varejo,1,789.9,182.04,607.86,Venda
SKU_1740_FRE,01/08/2025,Atacado,6,1289.4,515.76,128.94,Venda
SKU_1684_SHO,01/08/2025,Varejo,1,184.9,38.57,146.33,Venda
SKU_1721_COR,01/08/2025,Varejo,2,839.8,224.74,307.53,Venda
SKU_1719_WHI,01/08/2025,Atacado,8,2559.2,895.68,207.94,Venda
SKU_1707_SAP,01/08/2025,Atacado,4,1119.6,391.84,181.94,Venda
SKU_1486_OLI,01/08/2025,Atacado,2,579.8,260.9,159.45,Venda
SKU_1781_AQU,01/08/2025,Atacado,5,649.5,194.85,90.93,Venda
SKU_2103_FUC,01/08/2025,Atacado,10,4699.0,1644.6,305.44,Venda
SKU_1728_EGR,01/08/2025,Varejo,3,989.7,260.22,243.16,Venda
SKU_1924_BIR,01/08/2025,Atacado,10,6449.0,1934.7,451.43,Venda
SKU_1772_BLU,01/08/2025,E-commerce,1,414.9,97.82,317.08,Venda
SKU_1827_PRI,01/08/2025,Atacado,6,1169.4,350.82,136.43,Venda
SKU_2051_MEX,01/08/2025,Atacado,4,3079.6,1077.84,500.44,Venda
SKU_1744_LIG,01/08/2025,Atacado,10,2649.0,927.1,172.19,Venda
SKU_1801_MOS,01/08/2025,Atacado,4,1499.6,524.84,243.69,Venda
SKU_1689_IVO,01/08/2025,Atacado,2,1929.8,578.94,675.43,Venda
SKU_1754_SER,01/08/2025,Atacado,5,1699.5,594.8,220.94,Venda
SKU_2060_MEX,01/08/2025,Atacado,4,3739.6,1121.88,654.43,Venda
SKU_1773_FRE,01/08/2025,Varejo,2,649.8,165.68,242.06,Venda
SKU_1729_CLE,01/08/2025,E-commerce,1,174.9,44.74,130.16,Venda
SKU_1781_AQU,01/08/2025,Atacado,4,519.6,181.84,84.44,Venda
SKU_1717_CRE,01/08/2025,Atacado,4,1039.6,311.88,181.93,Venda
SKU_1813_BLU,01/08/2025,Atacado,5,1274.5,382.35,178.43,Venda
SKU_1781_CLE,01/08/2025,Atacado,6,779.4,233.82,90.93,Venda
SKU_1533_CER,01/08/2025,Atacado,5,824.5,247.35,115.43,Venda
SKU_1690_MYS,01/08/2025,Varejo,2,1079.8,203.0,438.4,Venda
SKU_1690_MYS,01/08/2025,Varejo,1,539.9,146.15,393.75,Venda
SKU_1790_EGR,01/08/2025,Atacado,8,2079.2,623.76,181.93,Venda
SKU_1545_HOT,01/08/2025,Atacado,4,1039.6,415.84,155.94,Venda
SKU_1694_SER,01/08/2025,Atacado,3,839.7,251.91,195.93,Venda
SKU_1508_LIM,01/08/2025,Atacado,12,2518.8,881.52,136.44,Venda
SKU_1396_FUC,01/08/2025,Varejo,1,134.9,29.71,105.19,Venda
SKU_1747_TEA,01/08/2025,Atacado,3,524.7,157.41,122.43,Venda
SKU_1785_PAS,01/08/2025,Atacado,3,734.7,257.16,159.18,Venda
SKU_1772_SNO,01/08/2025,Atacado,5,2074.5,622.35,290.43,Venda
SKU_1680_NAV,01/08/2025,Varejo,1,334.9,74.88,260.02,Venda
SKU_2059_SNO,01/08/2025,Varejo,1,639.9,0.0,639.9,Venda
SKU_1412_BAB,01/08/2025,Atacado,6,5369.4,2147.76,536.94,Venda
SKU_1686_SKY,01/08/2025,Atacado,10,2149.0,644.7,150.43,Venda
SKU_1512_MYS,01/08/2025,E-commerce,1,224.9,59.92,164.98,Venda
SKU_1622_CLO,01/08/2025,Atacado,5,1349.5,472.3,175.44,Venda
SKU_1725_OFF,01/08/2025,Atacado,4,979.6,391.84,146.94,Venda
SKU_1767_FUC,01/08/2025,Atacado,5,1024.5,307.35,143.43,Venda
SKU_1768_MIN,01/08/2025,Atacado,4,2499.6,749.88,437.43,Venda
SKU_1764_FUC,01/08/2025,E-commerce,1,234.9,50.23,184.67,Venda
SKU_1789_EME,01/08/2025,E-commerce,1,269.9,78.78,191.12,Venda
SKU_1486_PAL,01/08/2025,Atacado,2,579.8,231.92,173.94,Venda
SKU_1539_PEA,01/08/2025,Varejo,1,349.9,61.68,288.22,Venda
SKU_1688_LIG,01/08/2025,Atacado,3,1289.7,386.91,300.93,Venda
SKU_1799_DEN,01/08/2025,E-commerce,1,269.9,57.12,212.78,Venda
SKU_1523_HOT,01/08/2025,Varejo,1,374.9,62.39,312.51,Venda
SKU_1844_BAL,01/08/2025,Atacado,2,499.8,149.94,174.93,Venda
SKU_1711_VAN,01/08/2025,Varejo,1,994.9,159.81,835.09,Venda
SKU_1756_FLA,01/08/2025,Atacado,8,1439.2,431.76,125.93,Venda
SKU_1718_SEA,01/08/2025,Atacado,4,1479.6,517.84,240.44,Venda
SKU_1688_WHI,01/08/2025,Varejo,1,429.9,104.46,325.44,Venda
SKU_1775_PAS,01/08/2025,Varejo,1,279.9,60.41,219.49,Venda
SKU_1775_PAL,01/08/2025,Atacado,8,2239.2,671.76,195.93,Venda
SKU_1711_VAN,01/08/2025,Atacado,4,3979.6,1392.88,646.68,Venda
SKU_1717_MIN,01/08/2025,E-commerce,1,259.9,59.9,200.0,Venda
SKU_1755_AQU,01/08/2025,E-commerce,1,334.9,94.75,240.15,Venda
SKU_1741_PIN,01/08/2025,E-commerce,1,239.9,64.88,175.02,Venda
SKU_1791_ARM,01/08/2025,Varejo,1,264.9,65.48,199.42,Venda
SKU_1747_FUC,01/08/2025,Varejo,1,174.9,50.59,124.31,Venda
SKU_1416_AQU,01/08/2025,Atacado,4,1119.6,335.88,195.93,Venda
SKU_1757_PIN,01/08/2025,Varejo,1,264.9,41.16,223.74,Venda
SKU_1694_SER,01/08/2025,Varejo,2,559.8,101.8,229.0,Venda
SKU_1625_GAR,01/08/2025,Atacado,8,1639.2,655.68,122.94,Venda
SKU_1717_CRE,01/08/2025,Atacado,4,1039.6,363.84,168.94,Venda
SKU_1795_RAS,01/08/2025,E-commerce,1,299.9,70.01,229.89,Venda
SKU_1605_COR,01/08/2025,Varejo,2,439.8,96.8,171.5,Venda
SKU_1408_FUC,01/08/2025,Atacado,8,7359.2,2943.68,551.94,Venda
SKU_1712_NAV,01/08/2025,E-commerce,1,179.9,38.38,141.52,Venda
SKU_1778_MIN,01/08/2025,E-commerce,1,284.9,44.3,240.6,Venda
SKU_1519_BLU,01/08/2025,Varejo,1,629.9,149.79,480.11,Venda
SKU_1709_MAR,01/08/2025,Varejo,1,209.9,51.28,158.62,Venda
SKU_1687_FOR,01/08/2025,Atacado,4,3599.6,1259.84,584.94,Venda
SKU_1757_TUR,01/08/2025,E-commerce,2,529.8,148.46,190.67,Venda
SKU_1571_WHI,01/08/2025,E-commerce,1,249.9,59.65,190.25,Venda
SKU_1746_EME,01/08/2025,Atacado,2,359.8,143.92,107.94,Venda
SKU_1540_BAL,01/08/2025,E-commerce,1,169.9,34.57,135.33,Venda
SKU_1732_OFF,01/08/2025,Atacado,4,4459.6,1337.88,780.43,Venda
SKU_1801_FLA,01/08/2025,Varejo,1,374.9,82.92,291.98,Venda
SKU_1769_EME,01/08/2025,Varejo,1,324.9,77.12,247.78,Venda
SKU_1541_AQU,01/08/2025,Varejo,1,674.9,176.25,498.65,Venda
SKU_1747_FUC,01/08/2025,E-commerce,2,349.8,79.34,135.23,Venda
SKU_1539_PEA,01/08/2025,Varejo,1,349.9,86.24,263.66,Venda
SKU_1686_MOS,01/08/2025,Atacado,4,859.6,257.88,150.43,Venda
SKU_1577_FLA,01/08/2025,E-commerce,1,159.9,38.38,121.52,Venda
SKU_1823_MIN,01/08/2025,Atacado,8,1559.2,545.76,126.68,Venda
SKU_1715_JAD,01/08/2025,Atacado,6,1319.4,527.76,131.94,Venda
SKU_1799_DEN,01/08/2025,Atacado,6,1619.4,566.76,175.44,Venda
SKU_1754_SER,01/08/2025,Atacado,5,1699.5,594.8,220.94,Venda
SKU_1685_COB,01/08/2025,Varejo,1,664.9,189.32,475.58,Venda
SKU_1715_JAD,01/08/2025,Atacado,4,879.6,351.84,131.94,Venda
SKU_1754_IVO,01/08/2025,Atacado,8,2719.2,1087.68,203.94,Venda
SKU_1712_NAV,01/08/2025,Atacado,6,1079.4,377.76,116.94,Venda
SKU_1711_VAN,01/08/2025,Atacado,3,2984.7,895.41,696.43,Venda
SKU_1432_WHI,01/08/2025,Atacado,4,2879.6,1007.84,467.94,Venda
SKU_1782_HUN,01/08/2025,Varejo,2,499.8,130.7,184.55,Venda
SKU_1633_SER,01/08/2025,Atacado,5,1174.5,469.8,140.94,Venda
SKU_1574_COB,01/08/2025,Atacado,3,1814.7,544.41,423.43,Venda
SKU_1789_EME,01/08/2025,Atacado,6,1619.4,647.76,161.94,Venda
SKU_1698_PRI,01/08/2025,Atacado,4,1679.6,503.88,293.93,Venda
SKU_1625_GAR,01/08/2025,E-commerce,1,204.9,52.42,152.48,Venda
SKU_1719_WHI,01/08/2025,E-commerce,2,639.8,136.96,251.42,Venda
SKU_1767_PRI,01/08/2025,Varejo,1,204.9,33.03,171.87,Venda
SKU_1688_LIG,01/08/2025,E-commerce,1,429.9,87.09,342.81,Venda
SKU_1790_ROY,01/08/2025,Atacado,3,779.7,311.88,155.94,Venda
SKU_1820_PEA,01/08/2025,Atacado,2,579.8,173.94,202.93,Venda
SKU_1754_IVO,01/08/2025,Varejo,2,679.8,151.36,264.22,Venda
SKU_1448_SKY,01/08/2025,Atacado,6,1079.4,431.76,107.94,Venda
SKU_1682_OLI,01/08/2025,Varejo,2,469.8,71.82,198.99,Venda
SKU_1817_PRI,01/08/2025,Varejo,1,219.9,0.0,219.9,Venda
SKU_1729_CLE,01/08/2025,Varejo,2,349.8,82.86,133.47,Venda
SKU_1510_SNO,01/08/2025,Atacado,10,8349.0,2504.7,584.43,Venda
SKU_1599_WHI,01/08/2025,Varejo,3,1409.7,371.73,345.99,Venda
SKU_1780_AQU,01/08/2025,Atacado,8,2679.2,803.76,234.43,Venda
SKU_1714_MID,01/08/2025,Varejo,1,304.9,74.95,229.95,Venda
SKU_1694_PIS,01/08/2025,Atacado,5,1399.5,559.8,167.94,Venda
SKU_1759_CLE,01/08/2025,Atacado,6,1619.4,485.82,188.93,Venda
SKU_1691_HUN,01/08/2025,E-commerce,1,309.9,72.4,237.5,Venda
SKU_1743_CLO,01/08/2025,Atacado,3,1319.7,461.88,285.94,Venda
SKU_1533_DUS,01/08/2025,Atacado,4,659.6,197.88,115.43,Venda
SKU_1744_LIG,01/08/2025,Atacado,10,2649.0,927.1,172.19,Venda
SKU_1762_BRI,01/08/2025,Atacado,5,1274.5,446.1,165.68,Venda
SKU_1668_DEN,01/08/2025,Atacado,6,1619.4,566.76,175.44,Venda
SKU_1411_BLU,01/08/2025,E-commerce,1,224.9,51.72,173.18,Venda
SKU_1680_NAV,01/08/2025,Atacado,3,1004.7,301.41,234.43,Venda
SKU_1799_POW,01/08/2025,Atacado,5,1349.5,404.85,188.93,Venda
SKU_1703_BLU,01/08/2025,Varejo,1,269.9,61.8,208.1,Venda
SKU_1791_IVO,01/08/2025,Atacado,6,1589.4,635.76,158.94,Venda
SKU_1698_PRI,01/08/2025,E-commerce,1,419.9,90.78,329.12,Venda
SKU_1732_WHI,01/08/2025,E-commerce,1,1114.9,252.66,862.24,Venda
SKU_1796_SHO,01/08/2025,Varejo,1,504.9,142.06,362.84,Venda
SKU_1794_FLA,01/08/2025,Atacado,5,1049.5,419.8,125.94,Venda
SKU_1948_PAL,01/08/2025,Varejo,1,199.9,13.99,185.91,Venda
SKU_1735_COR,01/08/2025,Atacado,8,2159.2,755.68,175.44,Venda
SKU_1703_PAS,01/08/2025,Varejo,1,269.9,49.04,220.86,Venda
SKU_1799_POW,01/08/2025,Varejo,1,269.9,65.06,204.84,Venda
SKU_1599_WHI,01/08/2025,Atacado,2,939.8,375.92,281.94,Venda
SKU_1742_DEN,01/08/2025,Atacado,3,779.7,272.88,168.94,Venda
SKU_1538_MAG,01/08/2025,Atacado,6,1259.4,440.76,136.44,Venda
SKU_1892_AQU,01/08/2025,Varejo,2,579.8,0.0,289.9,Venda
SKU_1758_CLO,01/08/2025,E-commerce,1,179.9,49.38,130.52,Venda
SKU_1779_LIG,01/08/2025,Varejo,2,429.8,120.88,154.46,Venda
SKU_1701_SPA,01/08/2025,Varejo,3,1019.7,154.56,288.38,Venda
SKU_1787_BAB,01/08/2025,Varejo,1,289.9,67.93,221.97,Venda
SKU_1734_BRI,01/08/2025,Varejo,1,349.9,102.64,247.26,Venda
SKU_1778_MIN,01/08/2025,Atacado,6,1709.4,512.82,199.43,Venda
SKU_1761_MOS,01/08/2025,E-commerce,1,1104.9,223.6,881.3,Venda
SKU_1691_HUN,01/08/2025,Varejo,1,309.9,59.54,250.36,Venda
SKU_1707_ARM,01/08/2025,Varejo,1,279.9,76.03,203.87,Venda
SKU_1769_EME,01/08/2025,E-commerce,2,649.8,149.28,250.26,Venda
SKU_1401_GAR,01/08/2025,Atacado,6,1439.4,431.82,167.93,Venda
SKU_1754_IVO,01/08/2025,Atacado,6,2039.4,713.76,220.94,Venda
SKU_1485_CER,01/08/2025,Varejo,1,664.9,136.14,528.76,Venda
SKU_1685_COB,01/08/2025,Varejo,1,664.9,114.21,550.69,Venda
SKU_1752_SPA,01/08/2025,Atacado,2,859.8,257.94,300.93,Venda
SKU_1779_MIN,01/08/2025,E-commerce,3,644.7,101.19,181.17,Venda
SKU_1740_FRE,01/08/2025,Varejo,1,214.9,57.96,156.94,Venda
SKU_1546_IVO,01/08/2025,Varejo,2,349.8,56.52,146.64,Venda
SKU_1800_SKY,01/08/2025,Atacado,2,559.8,167.94,195.93,Venda
SKU_1978_ROS,01/08/2025,Atacado,3,749.7,299.88,149.94,Venda
SKU_1779_LIG,01/08/2025,Atacado,5,1074.5,376.1,139.68,Venda
SKU_1584_FLA,01/08/2025,Varejo,1,184.9,53.51,131.39,Venda
SKU_1788_EME,01/08/2025,E-commerce,1,249.9,58.61,191.29,Venda
SKU_1547_IVO,01/08/2025,Varejo,1,329.9,57.0,272.9,Venda
SKU_1759_CLE,01/08/2025,Varejo,3,809.7,191.88,205.94,Venda
SKU_1735_COR,01/08/2025,E-commerce,1,269.9,54.3,215.6,Venda
SKU_1769_WHI,01/08/2025,Atacado,5,1624.5,487.35,227.43,Venda
SKU_1788_EME,01/08/2025,Varejo,2,499.8,113.5,193.15,Venda
SKU_1681_OFF,01/08/2025,Varejo,1,234.9,41.89,193.01,Venda
SKU_1843_BIR,01/08/2025,Atacado,4,1219.6,426.84,198.19,Venda
SKU_1512_TEA,01/08/2025,Atacado,3,674.7,269.88,134.94,Venda
SKU_1702_COR,01/08/2025,Atacado,8,4959.2,1487.76,433.93,Venda
SKU_1392_BLU,01/08/2025,Varejo,3,884.7,264.75,206.65,Venda
SKU_1638_PEA,01/08/2025,Atacado,12,13678.8,4787.52,740.94,Venda
SKU_1773_OLI,01/08/2025,Atacado,6,1949.4,584.82,227.43,Venda
SKU_2113_NAV,01/08/2025,Atacado,2,329.8,98.94,115.43,Venda
SKU_1694_SER,01/08/2025,Varejo,1,279.9,74.93,204.97,Venda
SKU_1471_ROS,01/08/2025,Atacado,5,1024.5,307.35,143.43,Venda
SKU_1749_SNO,01/08/2025,Varejo,1,349.9,90.57,259.33,Venda
SKU_1732_WHI,01/08/2025,E-commerce,1,1114.9,215.09,899.81,Venda
SKU_1684_SHO,01/08/2025,Atacado,3,554.7,194.16,120.18,Venda
SKU_1712_NAV,01/08/2025,Atacado,12,2158.8,647.64,125.93,Venda
SKU_1502_VAN,01/08/2025,Atacado,6,1259.4,503.76,125.94,Venda
SKU_1775_PAS,01/08/2025,Varejo,3,839.7,219.0,206.9,Venda
SKU_1546_PAS,01/08/2025,E-commerce,1,174.9,49.03,125.87,Venda
SKU_1715_JAD,01/08/2025,Atacado,12,2638.8,923.52,142.94,Venda
SKU_1787_BAB,01/08/2025,E-commerce,1,289.9,73.6,216.3,Venda
SKU_1765_MYS,01/08/2025,Atacado,12,3118.8,935.64,181.93,Venda
SKU_1696_SHO,01/08/2025,Atacado,8,2239.2,671.76,195.93,Venda
SKU_1698_PRI,01/08/2025,Atacado,5,2099.5,629.85,293.93,Venda
SKU_1425_WHI,01/08/2025,Atacado,4,839.6,251.88,146.93,Venda
SKU_1787_BAB,01/08/2025,E-commerce,1,289.9,80.12,209.78,Venda
SKU_1784_BLA,01/08/2025,Varejo,1,309.9,58.36,251.54,Venda
SKU_1522_MOS,01/08/2025,Atacado,6,899.4,359.76,89.94,Venda
SKU_1421_SER,01/08/2025,E-commerce,1,229.9,43.14,186.76,Venda
SKU_1524_BLU,01/08/2025,Atacado,2,739.8,221.94,258.93,Venda
SKU_1795_RAS,01/08/2025,Varejo,4,1199.6,251.04,237.14,Venda
SKU_1578_PAS,01/08/2025,Atacado,6,749.4,299.76,74.94,Venda
SKU_1788_MYS,01/08/2025,Varejo,1,249.9,41.79,208.11,Venda
SKU_1519_BLU,01/08/2025,Varejo,1,629.9,118.3,511.6,Venda
SKU_1828_CER,01/08/2025,Varejo,1,244.9,0.0,244.9,Venda
SKU_1741_PIN,01/08/2025,Atacado,10,2399.0,839.6,155.94,Venda
SKU_1715_HON,01/08/2025,E-commerce,1,219.9,56.63,163.27,Venda
SKU_1415_MID,01/08/2025,Atacado,3,1064.7,319.41,248.43,Venda
SKU_1449_NAV,01/08/2025,Atacado,8,2599.2,779.76,227.43,Venda
SKU_1457_MAG,01/08/2025,E-commerce,1,159.9,30.62,129.28,Venda
SKU_1791_IVO,01/08/2025,Varejo,1,264.9,47.79,217.11,Venda
SKU_1486_PAL,01/08/2025,Atacado,4,1159.6,347.88,202.93,Venda
SKU_1772_BLU,01/08/2025,Atacado,4,1659.6,497.88,290.43,Venda
SKU_1695_CRE,01/08/2025,Atacado,5,1049.5,419.8,125.94,Venda
SKU_1566_POW,01/08/2025,Atacado,3,3104.7,1086.66,672.68,Venda
SKU_1672_TEA,01/08/2025,Varejo,1,294.9,64.01,230.89,Venda
SKU_1750_SNO,01/08/2025,Varejo,1,369.9,91.2,278.7,Venda
SKU_1713_SNO,01/08/2025,Atacado,8,4039.2,1413.68,328.19,Venda
SKU_1420_LIM,01/08/2025,Varejo,1,989.9,275.24,714.66,Venda
SKU_1741_PIN,01/08/2025,Varejo,1,239.9,51.12,188.78,Venda
SKU_1745_FOR,01/08/2025,E-commerce,1,409.9,92.36,317.54,Venda
SKU_1757_PIN,01/08/2025,Atacado,10,2649.0,1059.6,158.94,Venda
SKU_1766_MYS,01/08/2025,Atacado,3,1184.7,355.41,276.43,Venda
SKU_2033_RAS,01/08/2025,Varejo,3,929.7,0.0,309.9,Venda
SKU_1782_NAV,01/08/2025,Atacado,6,1499.4,524.76,162.44,Venda
SKU_1477_EME,01/08/2025,Varejo,1,224.9,35.69,189.21,Venda
SKU_2111_SNO,01/08/2025,E-commerce,1,234.9,0.0,234.9,Venda
SKU_2032_WHI,01/08/2025,Atacado,4,1019.6,407.84,152.94,Venda
SKU_1486_OLI,01/08/2025,Varejo,1,289.9,47.44,242.46,Venda
SKU_1621_PAS,01/08/2025,Varejo,1,234.9,49.31,185.59,Venda
SKU_1749_SNO,01/08/2025,Varejo,2,699.8,147.9,275.95,Venda
SKU_1644_BAB,01/08/2025,Varejo,1,319.9,90.2,229.7,Venda
SKU_1688_WHI,01/08/2025,Varejo,1,429.9,85.43,344.47,Venda
SKU_1668_DEN,01/08/2025,Varejo,1,269.9,76.3,193.6,Venda
SKU_1783_EGR,01/08/2025,Varejo,1,1199.9,192.34,1007.56,Venda
SKU_1698_SNO,01/08/2025,Varejo,1,419.9,113.87,306.03,Venda
SKU_1787_BAB,01/08/2025,Varejo,1,289.9,46.47,243.43,Venda
SKU_1688_LIG,01/08/2025,Varejo,2,859.8,162.0,348.9,Venda
SKU_1749_SNO,01/08/2025,Atacado,6,2099.4,629.82,244.93,Venda
SKU_1681_OFF,01/08/2025,Atacado,5,1174.5,352.35,164.43,Venda
SKU_1536_FRE,01/08/2025,Varejo,1,344.9,81.71,263.19,Venda
SKU_1790_EGR,01/08/2025,Atacado,5,1299.5,389.85,181.93,Venda
SKU_1710_MEX,01/08/2025,Varejo,1,809.9,242.52,567.38,Venda
SKU_1749_BIR,01/08/2025,Varejo,2,699.8,156.88,271.46,Venda
SKU_1528_PAS,01/08/2025,Varejo,1,214.9,36.18,178.72,Venda
SKU_1686_SKY,01/08/2025,Atacado,3,644.7,193.41,150.43,Venda
SKU_1897_JAD,01/08/2025,Atacado,5,1174.5,528.5,129.2,Venda
SKU_1706_BLA,01/08/2025,Atacado,12,2218.8,776.64,120.18,Venda
SKU_1920_GAR,01/08/2025,E-commerce,2,509.8,0.0,254.9,Venda
SKU_1706_JAD,01/08/2025,Varejo,2,369.8,78.12,145.84,Venda
SKU_2003_FOR,01/08/2025,Varejo,2,479.8,0.0,239.9,Venda
SKU_1704_PEA,01/08/2025,Atacado,2,669.8,234.42,217.69,Venda
SKU_1594_BAL,01/08/2025,Varejo,2,999.8,180.0,409.9,Venda
SKU_1682_BIR,01/08/2025,Atacado,2,469.8,140.94,164.43,Venda
SKU_1792_AQU,01/08/2025,Atacado,6,2639.4,791.82,307.93,Venda
SKU_2116_SNO,01/08/2025,Atacado,10,3799.0,1139.7,265.93,Venda
SKU_1402_VAN,01/08/2025,Atacado,10,2349.0,822.2,152.68,Venda
SKU_1772_BLU,01/08/2025,E-commerce,1,414.9,87.72,327.18,Venda
SKU_1892_ROS,01/08/2025,Varejo,2,579.8,40.58,269.61,Venda
SKU_1648_FLA,01/08/2025,E-commerce,2,1399.8,373.56,513.12,Venda
SKU_1432_BRI,01/08/2025,Atacado,3,2159.7,863.88,431.94,Venda
SKU_1699_COB,01/08/2025,Varejo,2,659.8,113.02,273.39,Venda
SKU_1774_MOS,01/08/2025,E-commerce,1,204.9,38.96,165.94,Venda
SKU_1606_COB,01/08/2025,Varejo,1,1084.9,290.39,794.51,Venda
SKU_1782_HUN,01/08/2025,Atacado,5,1249.5,374.85,174.93,Venda
SKU_1692_BLU,01/08/2025,Atacado,5,1099.5,384.8,142.94,Venda
SKU_1769_WHI,01/08/2025,Varejo,2,649.8,171.96,238.92,Venda
SKU_1793_WHI,01/08/2025,Atacado,6,1139.4,398.76,123.44,Venda
SKU_1781_CLE,01/08/2025,Varejo,1,129.9,22.5,107.4,Venda
SKU_1709_CRE,01/08/2025,Atacado,2,419.8,125.94,146.93,Venda
SKU_2087_DEN,01/08/2025,Atacado,5,1249.5,437.3,162.44,Venda
SKU_1426_SEA,01/08/2025,Varejo,1,129.9,26.58,103.32,Venda
SKU_1704_BAB,01/08/2025,Varejo,1,334.9,66.97,267.93,Venda
SKU_1722_AQU,01/08/2025,E-commerce,2,649.8,136.58,256.61,Venda
SKU_1703_BLU,01/08/2025,Atacado,6,1619.4,728.76,148.44,Venda
SKU_1684_HON,01/08/2025,E-commerce,1,184.9,43.27,141.63,Venda
SKU_1778_MIN,01/08/2025,E-commerce,2,569.8,145.18,212.31,Venda
SKU_1713_SAL,01/08/2025,Varejo,1,504.9,115.68,389.22,Venda
SKU_1712_NAV,01/08/2025,Atacado,10,1799.0,629.6,116.94,Venda
SKU_1680_SEA,01/08/2025,Atacado,2,669.8,234.42,217.69,Venda
SKU_1653_ROS,01/08/2025,Atacado,3,1079.7,377.88,233.94,Venda
SKU_1787_BAB,01/08/2025,Atacado,4,1159.6,347.88,202.93,Venda
SKU_1720_PAL,01/08/2025,E-commerce,1,224.9,58.3,166.6,Venda
SKU_1794_LIG,01/08/2025,Varejo,1,209.9,48.52,161.38,Venda
SKU_1755_BIR,01/08/2025,Varejo,1,334.9,54.55,280.35,Venda
SKU_1730_OFF,01/08/2025,Atacado,3,959.7,335.88,207.94,Venda
SKU_1760_PAS,01/08/2025,Atacado,6,1499.4,524.76,162.44,Venda
SKU_1726_BUB,01/08/2025,Varejo,2,859.8,221.5,319.15,Venda
SKU_1730_MIN,01/08/2025,E-commerce,2,639.8,184.02,227.89,Venda
SKU_1732_WHI,01/08/2025,Atacado,3,3344.7,1003.41,780.43,Venda
SKU_1417_BIR,01/08/2025,Varejo,1,279.9,67.65,212.25,Venda
SKU_1680_SEA,01/08/2025,Varejo,1,334.9,80.66,254.24,Venda
SKU_1619_IVO,01/08/2025,Atacado,3,599.7,269.88,109.94,Venda
SKU_1395_TUR,01/08/2025,Atacado,5,1449.5,434.85,202.93,Venda
SKU_1721_COR,01/08/2025,Varejo,2,839.8,148.54,345.63,Venda
SKU_1799_POW,01/08/2025,Atacado,3,809.7,283.38,175.44,Venda
SKU_1782_NAV,01/08/2025,Varejo,1,249.9,64.27,185.63,Venda
SKU_1681_PIS,01/08/2025,Atacado,3,704.7,246.66,152.68,Venda
SKU_1772_BLU,01/08/2025,Atacado,2,829.8,248.94,290.43,Venda
SKU_1704_BAB,01/08/2025,Varejo,1,334.9,97.92,236.98,Venda
SKU_1426_NAV,01/08/2025,Varejo,1,129.9,28.4,101.5,Venda
SKU_1766_CLE,01/08/2025,Atacado,12,4738.8,1421.64,276.43,Venda
SKU_1788_MYS,01/08/2025,Atacado,5,1249.5,499.8,149.94,Venda
SKU_1640_IVO,01/08/2025,Varejo,1,219.9,33.58,186.32,Venda
SKU_1631_BAL,01/08/2025,E-commerce,2,359.8,107.26,126.27,Venda
SKU_1723_COB,01/08/2025,Varejo,1,434.9,102.72,332.18,Venda
SKU_1566_POW,01/08/2025,Atacado,6,6209.4,2173.32,672.68,Venda
SKU_1786_POW,01/08/2025,Varejo,1,179.9,36.43,143.47,Venda
SKU_2043_WHI,01/08/2025,E-commerce,1,349.9,0.0,349.9,Venda
SKU_1757_TUR,01/08/2025,Atacado,2,529.8,185.42,172.19,Venda
SKU_1745_PEA,01/08/2025,Varejo,2,819.8,208.66,305.57,Venda
SKU_1700_HUN,01/08/2025,Atacado,2,1399.8,489.92,454.94,Venda
SKU_1510_SNO,01/08/2025,Varejo,1,834.9,157.52,677.38,Venda
SKU_1768_PEA,01/08/2025,Varejo,2,1249.8,297.32,476.24,Venda
SKU_1766_MYS,01/08/2025,Atacado,5,1974.5,789.8,236.94,Venda
SKU_1522_MOS,01/08/2025,Varejo,1,149.9,22.9,127.0,Venda
SKU_1706_JAD,01/08/2025,Varejo,2,369.8,57.26,156.27,Venda
SKU_2058_BUB,01/08/2025,Varejo,1,209.9,0.0,209.9,Venda
SKU_1713_SNO,01/08/2025,Varejo,2,1009.8,174.78,417.51,Venda
SKU_1717_CRE,01/08/2025,Atacado,5,1299.5,389.85,181.93,Venda
SKU_1788_EME,01/08/2025,Varejo,1,249.9,46.07,203.83,Venda
SKU_1859_PEA,01/08/2025,E-commerce,1,429.9,0.0,429.9,Venda
SKU_1689_IVO,01/08/2025,Atacado,8,7719.2,2701.76,627.18,Venda
SKU_1740_OLI,01/08/2025,E-commerce,1,214.9,44.61,170.29,Venda
SKU_1742_DEN,01/08/2025,Varejo,2,519.8,109.68,205.06,Venda
SKU_1527_FUC,01/08/2025,Varejo,1,909.9,193.6,716.3,Venda
SKU_1757_TUR,01/08/2025,Atacado,2,529.8,185.42,172.19,Venda
SKU_1689_IVO,01/08/2025,Atacado,8,7719.2,2315.76,675.43,Venda
SKU_1723_COB,01/08/2025,E-commerce,2,869.8,164.58,352.61,Venda
SKU_1790_ROY,01/08/2025,Atacado,5,1299.5,389.85,181.93,Venda
SKU_1685_COB,01/08/2025,Atacado,6,3989.4,1196.82,465.43,Venda
SKU_1769_EME,01/08/2025,Varejo,1,324.9,65.32,259.58,Venda
SKU_1640_IVO,01/08/2025,Varejo,1,219.9,34.65,185.25,Venda
SKU_1590_HOT,01/08/2025,Atacado,3,569.7,170.91,132.93,Venda
SKU_1530_HON,01/08/2025,E-commerce,1,129.9,33.9,96.0,Venda
SKU_1649_FLA,01/08/2025,Varejo,1,234.9,62.64,172.26,Venda
SKU_1767_PRI,01/08/2025,Atacado,10,2049.0,819.6,122.94,Venda
SKU_1838_DEN,01/08/2025,Atacado,10,3199.0,1279.6,191.94,Venda
SKU_1727_WHI,01/08/2025,E-commerce,1,154.9,38.03,116.87,Venda
SKU_1767_FUC,01/08/2025,E-commerce,1,204.9,52.38,152.52,Venda
SKU_1743_CLO,01/08/2025,Varejo,1,439.9,85.54,354.36,Venda
SKU_1695_LIM,01/08/2025,Atacado,6,1259.4,440.76,136.44,Venda
SKU_1650_EGR,01/08/2025,Atacado,4,4019.6,1406.88,653.18,Venda
SKU_1784_EGR,01/08/2025,Atacado,6,1859.4,650.76,201.44,Venda
SKU_1757_PIN,01/08/2025,Varejo,1,264.9,72.0,192.9,Venda
SKU_1732_OFF,01/08/2025,Atacado,4,4459.6,1337.88,780.43,Venda
SKU_1693_MEX,01/08/2025,E-commerce,1,204.9,35.48,169.42,Venda
SKU_1542_DEE,01/08/2025,Varejo,1,469.9,107.2,362.7,Venda
SKU_1693_MEX,01/08/2025,Varejo,1,204.9,52.52,152.38,Venda
SKU_1764_MAR,01/08/2025,E-commerce,1,234.9,43.38,191.52,Venda
SKU_1458_PEA,01/08/2025,Varejo,1,349.9,65.61,284.29,Venda
SKU_1872_FRE,01/08/2025,Atacado,4,3419.6,1367.84,512.94,Venda
SKU_1810_COB,01/08/2025,Atacado,2,319.8,95.94,111.93,Venda
SKU_2044_COB,01/08/2025,Atacado,8,1999.2,699.68,162.44,Venda
SKU_1682_BIR,01/08/2025,Varejo,1,234.9,40.86,194.04,Venda
SKU_1773_FRE,01/08/2025,Atacado,6,1949.4,584.82,227.43,Venda
SKU_1726_PAS,01/08/2025,Varejo,1,429.9,105.2,324.7,Venda
SKU_1786_TEA,01/08/2025,Varejo,1,179.9,43.74,136.16,Venda
SKU_1734_FRE,01/08/2025,Atacado,6,2099.4,734.76,227.44,Venda
SKU_1759_COB,01/08/2025,Varejo,1,269.9,43.28,226.62,Venda
SKU_1723_MOS,01/08/2025,E-commerce,1,434.9,87.93,346.97,Venda
SKU_1722_AQU,01/08/2025,Atacado,5,1624.5,487.35,227.43,Venda
SKU_1692_BLU,01/08/2025,Atacado,6,1319.4,395.82,153.93,Venda
SKU_1480_SNO,01/08/2025,Atacado,8,2959.2,887.76,258.93,Venda
SKU_1572_MAR,01/08/2025,Varejo,4,559.6,99.28,115.08,Venda
SKU_1775_PAS,01/08/2025,Varejo,3,839.7,134.43,235.09,Venda
SKU_1573_SAG,01/08/2025,Varejo,1,1024.9,159.47,865.43,Venda
SKU_1710_MEX,01/08/2025,Atacado,2,1619.8,566.92,526.44,Venda
SKU_1451_BIR,01/08/2025,Atacado,3,734.7,220.41,171.43,Venda
SKU_1775_PAL,01/08/2025,Atacado,5,1399.5,489.8,181.94,Venda
SKU_1765_PAS,01/08/2025,Varejo,1,259.9,39.04,220.86,Venda
SKU_1716_AQU,01/08/2025,Atacado,3,494.7,222.6,90.7,Venda
SKU_1598_DUS,01/08/2025,Atacado,10,4899.0,1714.6,318.44,Venda
SKU_1773_FRE,01/08/2025,E-commerce,1,324.9,74.73,250.17,Venda
SKU_1563_MEX,01/08/2025,Varejo,1,149.9,43.42,106.48,Venda
SKU_1745_PEA,01/08/2025,Atacado,5,2049.5,614.85,286.93,Venda
SKU_1523_HOT,01/08/2025,Atacado,6,2249.4,787.26,243.69,Venda
SKU_1721_COR,01/08/2025,Atacado,5,2099.5,629.85,293.93,Venda
SKU_1517_FOR,01/08/2025,Varejo,1,1199.9,332.51,867.39,Venda
SKU_1766_CLE,01/08/2025,Atacado,2,789.8,276.42,256.69,Venda
SKU_1898_WHI,01/08/2025,E-commerce,2,969.8,0.0,484.9,Venda
SKU_1777_TUR,01/08/2025,Varejo,2,479.8,91.44,194.18,Venda
SKU_1711_ARM,01/08/2025,Atacado,6,5969.4,2089.32,646.68,Venda
SKU_1773_OLI,01/08/2025,Atacado,8,2599.2,909.68,211.19,Venda
SKU_1703_PAS,01/08/2025,Varejo,1,269.9,80.03,189.87,Venda
SKU_1736_PAS,01/08/2025,E-commerce,1,324.9,54.7,270.2,Venda
SKU_1730_MIN,01/08/2025,Atacado,2,639.8,223.92,207.94,Venda
SKU_1664_PIN,01/08/2025,E-commerce,1,329.9,85.13,244.77,Venda
SKU_1424_BAB,01/08/2025,Atacado,8,7959.2,2387.76,696.43,Venda
SKU_1757_TUR,01/08/2025,Varejo,2,529.8,116.68,206.56,Venda
SKU_1389_BAB,01/08/2025,E-commerce,1,139.9,28.51,111.39,Venda
SKU_1497_VAN,01/08/2025,Varejo,1,134.9,27.02,107.88,Venda
SKU_1398_SPA,01/08/2025,E-commerce,1,674.9,144.76,530.14,Venda
SKU_1707_ARM,01/08/2025,Atacado,5,1399.5,419.85,195.93,Venda
SKU_1702_COR,01/08/2025,Varejo,4,2479.6,448.4,507.8,Venda
SKU_1783_EGR,01/08/2025,Varejo,3,3599.7,653.28,982.14,Venda
SKU_2056_SKY,01/08/2025,Atacado,2,2069.8,620.94,724.43,Venda
SKU_1506_BRI,01/08/2025,Atacado,3,689.7,241.38,149.44,Venda
SKU_1701_BLU,01/08/2025,Atacado,5,1699.5,509.85,237.93,Venda
SKU_1693_MEX,01/08/2025,Varejo,3,614.7,181.95,144.25,Venda
SKU_1512_TEA,01/08/2025,Varejo,2,449.8,83.08,183.36,Venda
SKU_1714_DEE,01/08/2025,Atacado,6,1829.4,823.2,167.7,Venda
SKU_1761_MOS,01/08/2025,Varejo,1,1104.9,307.03,797.87,Venda
SKU_2068_IVO,01/08/2025,Varejo,2,809.8,0.0,404.9,Venda
SKU_1418_CLE,01/08/2025,Atacado,4,3379.6,1013.88,591.43,Venda
SKU_1732_OFF,01/08/2025,Atacado,5,5574.5,2229.8,668.94,Venda
SKU_1389_SHO,01/08/2025,Atacado,6,839.4,251.82,97.93,Venda
SKU_1741_PEA,01/08/2025,Atacado,8,1919.2,671.68,155.94,Venda
SKU_1684_HON,01/08/2025,Atacado,5,924.5,277.35,129.43,Venda
SKU_2049_TEA,01/08/2025,Atacado,3,644.7,225.66,139.68,Venda
SKU_1681_OFF,01/08/2025,Atacado,6,1409.4,422.82,164.43,Venda
SKU_1753_WHI,01/08/2025,E-commerce,1,789.9,144.94,644.96,Venda
SKU_1774_COB,01/08/2025,Atacado,3,614.7,215.16,133.18,Venda
SKU_1437_ROY,01/08/2025,Atacado,6,989.4,346.32,107.18,Venda
SKU_1689_MAG,01/08/2025,Atacado,5,4824.5,1688.6,627.18,Venda
SKU_1684_SHO,01/08/2025,Varejo,1,184.9,42.52,142.38,Venda
SKU_1700_PIS,01/08/2025,Atacado,5,3499.5,1224.8,454.94,Venda
SKU_1539_PEA,01/08/2025,Atacado,6,2099.4,629.82,244.93,Venda
SKU_1751_BLU,01/08/2025,Varejo,1,329.9,73.17,256.73,Venda
SKU_1732_OFF,01/08/2025,Atacado,6,6689.4,2006.82,780.43,Venda
SKU_1530_PEA,01/08/2025,Atacado,8,1039.2,311.76,90.93,Venda
SKU_1702_COR,01/08/2025,Atacado,10,6199.0,1859.7,433.93,Venda
SKU_1769_WHI,01/08/2025,Varejo,1,324.9,84.87,240.03,Venda
SKU_1718_SEA,01/08/2025,E-commerce,2,739.8,193.4,273.2,Venda
SKU_1746_EME,01/08/2025,Atacado,8,1439.2,431.76,125.93,Venda
SKU_1749_BIR,01/08/2025,Varejo,1,349.9,70.96,278.94,Venda
SKU_1797_GAR,01/08/2025,Atacado,4,1519.6,455.88,265.93,Venda
SKU_1780_AQU,01/08/2025,Varejo,1,334.9,95.09,239.81,Venda
SKU_2025_SAP,01/08/2025,Varejo,2,459.8,0.0,229.9,Venda
SKU_1771_PIN,01/08/2025,Varejo,1,264.9,60.31,204.59,Venda
SKU_1596_CER,01/08/2025,Atacado,5,1374.5,481.05,178.69,Venda
SKU_1770_JAD,01/08/2025,Atacado,3,659.7,230.88,142.94,Venda
SKU_1541_AQU,01/08/2025,Atacado,2,1349.8,472.42,438.69,Venda
SKU_1766_CLE,01/08/2025,Atacado,8,3159.2,1105.68,256.69,Venda
SKU_1526_POW,01/08/2025,E-commerce,1,169.9,45.58,124.32,Venda
SKU_1713_SNO,01/08/2025,E-commerce,1,504.9,133.4,371.5,Venda
SKU_1687_WHI,01/08/2025,Varejo,1,899.9,139.53,760.37,Venda
SKU_1440_BLU,01/08/2025,Varejo,1,1199.9,186.53,1013.37,Venda
SKU_1798_OFF,01/08/2025,Atacado,4,1679.6,503.88,293.93,Venda
SKU_1799_DEN,01/08/2025,Atacado,6,1619.4,485.82,188.93,Venda
SKU_1472_EME,01/08/2025,Atacado,4,1879.6,751.84,281.94,Venda
SKU_1491_GAR,01/08/2025,Varejo,1,134.9,35.45,99.45,Venda
SKU_1682_BIR,01/08/2025,Atacado,2,469.8,140.94,164.43,Venda
SKU_1739_MOS,01/08/2025,Varejo,2,509.8,87.2,211.3,Venda
SKU_1764_MAR,01/08/2025,E-commerce,2,469.8,76.24,196.78,Venda
SKU_1731_MIN,01/08/2025,Atacado,4,3639.6,1455.84,545.94,Venda
SKU_1704_PEA,01/08/2025,Varejo,1,334.9,68.21,266.69,Venda
SKU_1786_TEA,01/08/2025,E-commerce,1,179.9,47.77,132.13,Venda
SKU_1783_BAB,01/08/2025,Varejo,4,4799.6,1375.16,856.11,Venda
SKU_1801_MOS,01/08/2025,E-commerce,1,374.9,93.66,281.24,Venda
SKU_1783_BAB,01/08/2025,Atacado,4,4799.6,1679.84,779.94,Venda
SKU_1657_EME,01/08/2025,Atacado,8,1719.2,601.76,139.68,Venda
SKU_1618_SAP,01/08/2025,Varejo,1,179.9,38.54,141.36,Venda
SKU_1766_MYS,01/08/2025,Atacado,6,2369.4,829.26,256.69,Venda
SKU_1452_SKY,01/08/2025,Varejo,1,144.9,22.61,122.29,Venda
SKU_1773_OLI,01/08/2025,Atacado,6,1949.4,779.76,194.94,Venda
SKU_1694_SER,01/08/2025,E-commerce,1,279.9,52.54,227.36,Venda
SKU_1728_EGR,01/08/2025,Atacado,6,1979.4,692.76,214.44,Venda
SKU_1702_COR,01/08/2025,Varejo,1,619.9,120.02,499.88,Venda
SKU_1689_MAG,01/08/2025,Varejo,1,964.9,193.52,771.38,Venda
SKU_1698_PRI,01/08/2025,Varejo,1,419.9,69.7,350.2,Venda
SKU_1605_VAN,01/08/2025,E-commerce,1,219.9,52.48,167.42,Venda
SKU_1709_CRE,01/08/2025,Atacado,6,1259.4,377.82,146.93,Venda
SKU_1418_CLE,01/08/2025,Atacado,10,8449.0,2534.7,591.43,Venda
SKU_1759_CLE,01/08/2025,Atacado,6,1619.4,485.82,188.93,Venda
SKU_1775_PAL,01/08/2025,Atacado,8,2239.2,671.76,195.93,Venda
SKU_1710_MEX,01/08/2025,Atacado,4,3239.6,1133.84,526.44,Venda
SKU_1495_BLA,01/08/2025,Varejo,1,329.9,62.72,267.18,Venda
SKU_1758_HON,01/08/2025,Varejo,1,179.9,51.25,128.65,Venda
SKU_1724_PEA,01/08/2025,Varejo,2,2229.8,364.28,932.76,Venda
SKU_1820_PEA,01/08/2025,Varejo,1,289.9,0.0,289.9,Venda
SKU_1688_LIG,01/08/2025,E-commerce,1,429.9,71.83,358.07,Venda
SKU_1800_SKY,01/08/2025,Varejo,1,279.9,79.39,200.51,Venda
SKU_1479_FUC,01/08/2025,Atacado,5,2774.5,971.05,360.69,Venda
SKU_1754_SER,01/08/2025,Varejo,1,339.9,91.42,248.48,Venda
SKU_1706_JAD,01/08/2025,Varejo,1,184.9,35.37,149.53,Venda
SKU_1698_PRI,01/08/2025,Varejo,1,419.9,113.36,306.54,Venda
SKU_1766_MYS,01/08/2025,Varejo,1,394.9,79.91,314.99,Venda
SKU_1763_HOT,01/08/2025,Atacado,3,899.7,269.91,209.93,Venda
SKU_1761_SAP,01/08/2025,Atacado,2,2209.8,773.44,718.18,Venda
SKU_1733_NAV,01/08/2025,Varejo,1,349.9,99.53,250.37,Venda
SKU_1774_MOS,01/08/2025,Atacado,4,819.6,245.88,143.43,Venda
SKU_1748_COB,01/08/2025,Varejo,1,309.9,71.57,238.33,Venda
SKU_1906_NAV,01/08/2025,Atacado,6,1769.4,707.76,176.94,Venda
SKU_1593_FUC,01/08/2025,Varejo,1,144.9,29.44,115.46,Venda
SKU_1712_MOS,01/08/2025,E-commerce,1,179.9,37.44,142.46,Venda
SKU_1638_SAP,01/08/2025,Varejo,1,1139.9,182.07,957.83,Venda
SKU_1663_FLA,01/08/2025,Varejo,2,1589.8,466.08,561.86,Venda
SKU_1656_SNO,01/08/2025,Atacado,8,1879.2,657.76,152.68,Venda
SKU_1668_DEN,01/08/2025,Varejo,3,809.7,164.22,215.16,Venda
SKU_1792_AQU,01/08/2025,Varejo,1,439.9,83.51,356.39,Venda
SKU_1800_SKY,01/08/2025,Atacado,4,1119.6,391.84,181.94,Venda
SKU_1982_VAN,01/08/2025,Atacado,2,449.8,134.94,157.43,Venda
SKU_1750_SNO,01/08/2025,E-commerce,2,739.8,211.4,264.2,Venda
SKU_1548_HOT,01/08/2025,Atacado,4,1899.6,759.84,284.94,Venda
SKU_1608_WHI,01/08/2025,Varejo,1,304.9,83.1,221.8,Venda
SKU_1703_BLU,01/08/2025,Varejo,1,269.9,46.76,223.14,Venda
SKU_1702_LIG,01/08/2025,Atacado,3,1859.7,557.91,433.93,Venda
SKU_1729_FUC,01/08/2025,Atacado,6,1049.4,314.82,122.43,Venda
SKU_1724_PIN,01/08/2025,Varejo,1,1114.9,169.12,945.78,Venda
SKU_1754_SER,01/08/2025,Atacado,10,3399.0,1189.6,220.94,Venda
SKU_1622_CLO,01/08/2025,Varejo,4,1079.6,307.96,192.91,Venda
SKU_1690_MAG,01/08/2025,Varejo,2,1079.8,273.88,402.96,Venda
SKU_1799_DEN,01/08/2025,Atacado,5,1349.5,404.85,188.93,Venda
SKU_1633_DEN,01/08/2025,Atacado,12,2818.8,845.64,164.43,Venda
SKU_1862_PAS,01/08/2025,E-commerce,1,224.9,0.0,224.9,Venda
SKU_1777_TUR,01/08/2025,Varejo,2,479.8,115.06,182.37,Venda
SKU_1917_IVO,01/08/2025,Atacado,5,1874.5,656.05,243.69,Venda
SKU_1601_EME,01/08/2025,Varejo,1,734.9,182.6,552.3,Venda
SKU_1577_FLA,01/08/2025,E-commerce,1,159.9,39.57,120.33,Venda
SKU_1654_CRE,01/08/2025,Varejo,1,309.9,65.79,244.11,Venda
SKU_1742_DEN,01/08/2025,Varejo,1,259.9,55.87,204.03,Venda
SKU_1675_CRE,01/08/2025,Varejo,1,764.9,162.82,602.08,Venda
SKU_1582_PAS,01/08/2025,Atacado,5,1149.5,344.85,160.93,Venda
SKU_1778_TEA,01/08/2025,Varejo,1,284.9,50.91,233.99,Venda
SKU_1768_PEA,01/08/2025,Atacado,6,3749.4,1312.26,406.19,Venda
SKU_1415_BAB,01/08/2025,Atacado,4,1419.6,496.84,230.69,Venda
SKU_1419_FLA,01/08/2025,Atacado,6,1499.4,524.76,162.44,Venda
SKU_1493_PEA,01/08/2025,Varejo,2,659.8,177.2,241.3,Venda
SKU_1704_PEA,01/08/2025,E-commerce,1,334.9,56.09,278.81,Venda
SKU_1504_NAV,01/08/2025,E-commerce,1,339.9,98.26,241.64,Venda
SKU_1708_FLA,01/08/2025,Atacado,4,679.6,203.88,118.93,Venda
SKU_2038_COB,01/08/2025,Atacado,4,4539.6,1361.88,794.43,Venda
SKU_1664_PIN,01/08/2025,Varejo,1,329.9,51.55,278.35,Venda
SKU_1770_JAD,01/08/2025,Varejo,1,219.9,42.83,177.07,Venda
SKU_1600_SHO,01/08/2025,E-commerce,1,394.9,96.19,298.71,Venda
SKU_1684_HON,01/08/2025,E-commerce,2,369.8,109.36,130.22,Venda
SKU_1725_OFF,01/08/2025,Atacado,10,2449.0,979.6,146.94,Venda
SKU_1948_WHI,01/08/2025,Varejo,1,199.9,0.0,199.9,Venda
SKU_1959_TUR,01/08/2025,Varejo,1,739.9,0.0,739.9,Venda
SKU_1675_CRE,01/08/2025,Atacado,12,9178.8,3212.52,497.19,Venda
SKU_1452_SKY,01/08/2025,Varejo,1,144.9,41.5,103.4,Venda
SKU_1697_PIS,01/08/2025,E-commerce,1,219.9,50.51,169.39,Venda
SKU_1699_COB,01/08/2025,Varejo,1,329.9,79.57,250.33,Venda
SKU_1688_WHI,01/08/2025,Atacado,2,859.8,257.94,300.93,Venda
SKU_1691_HUN,01/08/2025,E-commerce,1,309.9,58.81,251.09,Venda
SKU_1748_BAB,01/08/2025,Atacado,5,1549.5,619.8,185.94,Venda
SKU_1530_PEA,01/08/2025,Varejo,1,129.9,28.45,101.45,Venda
SKU_1788_EME,01/08/2025,Atacado,4,999.6,349.84,162.44,Venda
SKU_1562_BLU,01/08/2025,Atacado,6,1859.4,557.82,216.93,Venda
SKU_1465_CLE,01/08/2025,E-commerce,1,314.9,58.78,256.12,Venda
SKU_1570_MEX,01/08/2025,E-commerce,1,714.9,123.61,591.29,Venda
SKU_1742_EME,01/08/2025,Atacado,5,1299.5,389.85,181.93,Venda
SKU_1779_MIN,01/08/2025,Atacado,4,859.6,257.88,150.43,Venda
SKU_1748_BAB,01/08/2025,Atacado,5,1549.5,619.8,185.94,Venda
SKU_1765_MYS,01/08/2025,Varejo,3,779.7,159.33,206.79,Venda
SKU_1622_CLO,01/08/2025,Atacado,6,1619.4,485.82,188.93,Venda
SKU_1446_SHO,01/08/2025,Atacado,5,1349.5,404.85,188.93,Venda
SKU_1732_OFF,01/08/2025,Atacado,5,5574.5,1951.1,724.68,Venda
SKU_1665_RAS,01/08/2025,Varejo,1,249.9,47.79,202.11,Venda
SKU_1666_PAS,01/08/2025,Atacado,4,3199.6,959.88,559.93,Venda
SKU_1761_SAP,01/08/2025,Atacado,10,11049.0,3314.7,773.43,Venda
SKU_1745_PEA,01/08/2025,Varejo,1,409.9,62.22,347.68,Venda
SKU_1770_DEE,01/08/2025,Atacado,8,1759.2,615.68,142.94,Venda
SKU_1775_PAL,01/08/2025,Atacado,6,1679.4,755.76,153.94,Venda
SKU_1827_PRI,01/08/2025,Atacado,8,1559.2,467.76,136.43,Venda
SKU_1489_TEA,01/08/2025,Varejo,4,1479.6,266.96,303.16,Venda
SKU_1697_PIS,01/08/2025,E-commerce,1,219.9,36.37,183.53,Venda
SKU_1744_EME,01/08/2025,Varejo,2,529.8,134.34,197.73,Venda
SKU_1777_FRE,01/08/2025,Varejo,1,239.9,40.0,199.9,Venda
SKU_1742_EME,01/08/2025,E-commerce,1,259.9,54.88,205.02,Venda
SKU_1602_AQU,01/08/2025,Atacado,10,2299.0,804.6,149.44,Venda
SKU_1845_TUR,01/08/2025,Varejo,2,1639.8,0.0,819.9,Venda
SKU_1709_CRE,01/08/2025,Atacado,4,839.6,251.88,146.93,Venda
SKU_1781_CLE,01/08/2025,E-commerce,1,129.9,38.89,91.01,Venda
SKU_1719_WHI,01/08/2025,E-commerce,1,319.9,79.79,240.11,Venda
SKU_1461_NAV,01/08/2025,E-commerce,1,1069.9,189.94,879.96,Venda
SKU_1476_CLO,01/08/2025,Atacado,6,1649.4,659.76,164.94,Venda
SKU_1800_MOS,01/08/2025,Atacado,2,559.8,223.92,167.94,Venda
SKU_1722_AQU,01/08/2025,Atacado,4,1299.6,454.84,211.19,Venda
SKU_1741_PIN,01/08/2025,Atacado,5,1199.5,479.8,143.94,Venda
SKU_1776_BIR,01/08/2025,Varejo,1,329.9,66.45,263.45,Venda
SKU_1712_MOS,01/08/2025,Atacado,6,1079.4,323.82,125.93,Venda
SKU_1711_VAN,01/08/2025,Atacado,6,5969.4,2387.76,596.94,Venda
SKU_1754_IVO,01/08/2025,Varejo,3,1019.7,230.58,263.04,Venda
SKU_1479_MIN,01/08/2025,Atacado,3,1664.7,499.41,388.43,Venda
SKU_1498_OLI,01/08/2025,Varejo,1,339.9,54.06,285.84,Venda
SKU_1788_MYS,01/08/2025,Varejo,2,499.8,144.64,177.58,Venda
SKU_1452_DEE,01/08/2025,Atacado,5,724.5,253.6,94.18,Venda
SKU_1747_FUC,01/08/2025,E-commerce,1,174.9,49.18,125.72,Venda
SKU_1694_PIS,01/08/2025,E-commerce,1,279.9,63.86,216.04,Venda
SKU_1736_JAD,01/08/2025,Atacado,5,1624.5,568.55,211.19,Venda
SKU_1525_OLI,01/08/2025,Varejo,1,289.9,59.94,229.96,Venda
SKU_1730_OFF,01/08/2025,Atacado,6,1919.4,671.76,207.94,Venda
SKU_1716_SAL,01/08/2025,Varejo,1,164.9,41.51,123.39,Venda
SKU_1432_BRI,01/08/2025,Varejo,1,719.9,206.6,513.3,Venda
SKU_1645_MYS,01/08/2025,E-commerce,1,399.9,98.63,301.27,Venda
SKU_2050_BLU,01/08/2025,E-commerce,1,454.9,0.0,454.9,Venda
SKU_1737_SAG,01/08/2025,Varejo,1,769.9,125.24,644.66,Venda
SKU_1731_MIN,01/08/2025,Varejo,1,909.9,226.77,683.13,Venda
SKU_1776_PAS,01/08/2025,E-commerce,1,329.9,82.43,247.47,Venda
SKU_1670_SAP,01/08/2025,Atacado,4,579.6,202.88,94.18,Venda
SKU_1702_COR,01/08/2025,Varejo,1,619.9,109.38,510.52,Venda
SKU_1584_AQU,01/08/2025,Varejo,1,184.9,29.59,155.31,Venda
SKU_1535_NAV,01/08/2025,E-commerce,1,304.9,89.19,215.71,Venda
SKU_1519_TEA,01/08/2025,Varejo,1,629.9,150.85,479.05,Venda
SKU_1764_MAR,01/08/2025,Atacado,6,1409.4,422.82,164.43,Venda
SKU_1521_MOS,01/08/2025,E-commerce,3,569.7,143.43,142.09,Venda
SKU_1784_BLA,01/08/2025,Varejo,1,309.9,85.28,224.62,Venda
SKU_1772_BLU,01/08/2025,Varejo,1,414.9,109.19,305.71,Venda
SKU_1644_PEA,01/08/2025,Atacado,12,3838.8,1343.52,207.94,Venda
SKU_2110_TEA,01/08/2025,Atacado,3,659.7,197.91,153.93,Venda
SKU_1729_CLE,01/08/2025,Atacado,6,1049.4,367.32,113.68,Venda
SKU_1583_BLU,01/08/2025,Varejo,1,254.9,50.98,203.92,Venda
SKU_1952_TUR,01/08/2025,Varejo,3,614.7,0.0,204.9,Venda
SKU_1518_CLE,01/08/2025,Atacado,4,939.6,281.88,164.43,Venda
SKU_1702_COR,01/08/2025,Varejo,2,1239.8,355.66,442.07,Venda
SKU_1675_CRE,01/08/2025,E-commerce,2,1529.8,250.86,639.47,Venda
SKU_1771_EME,01/08/2025,Atacado,4,1059.6,370.84,172.19,Venda
SKU_1725_BAB,01/08/2025,E-commerce,1,244.9,47.01,197.89,Venda
SKU_1700_PIS,01/08/2025,Varejo,1,699.9,122.87,577.03,Venda
SKU_1691_HUN,01/08/2025,Atacado,12,3718.8,1301.52,201.44,Venda
SKU_1864_BRI,01/08/2025,Atacado,10,1699.0,679.6,101.94,Venda
SKU_1699_CLO,01/08/2025,Atacado,6,1979.4,692.76,214.44,Venda
SKU_1454_BRI,01/08/2025,Atacado,6,899.4,269.82,104.93,Venda
SKU_1738_ROY,01/08/2025,Varejo,1,194.9,50.37,144.53,Venda
SKU_1784_EGR,01/08/2025,E-commerce,2,619.8,95.12,262.34,Venda
SKU_1698_SNO,01/08/2025,E-commerce,1,419.9,96.42,323.48,Venda
SKU_1773_FRE,01/08/2025,Atacado,5,1624.5,487.35,227.43,Venda
SKU_1726_PAS,01/08/2025,Varejo,3,1289.7,304.77,328.31,Venda
SKU_1723_MOS,01/08/2025,Atacado,6,2609.4,782.82,304.43,Venda
SKU_1788_MYS,01/08/2025,Atacado,5,1249.5,374.85,174.93,Venda
SKU_1733_SAG,01/08/2025,Varejo,2,699.8,145.2,277.3,Venda
SKU_1799_DEN,01/08/2025,Atacado,5,1349.5,539.8,161.94,Venda
SKU_1758_CLO,01/08/2025,Atacado,12,2158.8,647.64,125.93,Venda
SKU_1405_FLA,01/08/2025,Atacado,4,859.6,300.88,139.68,Venda
SKU_1714_DEE,01/08/2025,Atacado,6,1829.4,731.76,182.94,Venda
SKU_1718_DUS,01/08/2025,Varejo,1,369.9,61.36,308.54,Venda
SKU_1722_AQU,01/08/2025,Atacado,3,974.7,292.41,227.43,Venda
SKU_1555_FUC,01/08/2025,Varejo,2,379.8,89.96,144.92,Venda
SKU_1756_FLA,01/08/2025,Atacado,5,899.5,404.8,98.94,Venda
SKU_1795_HUN,01/08/2025,Atacado,5,1499.5,449.85,209.93,Venda
SKU_1530_PEA,01/08/2025,Varejo,1,129.9,26.64,103.26,Venda
SKU_1780_LIG,01/08/2025,Varejo,1,334.9,72.71,262.19,Venda
SKU_1699_COB,01/08/2025,Atacado,4,1319.6,395.88,230.93,Venda
SKU_1684_HON,01/08/2025,Atacado,4,739.6,258.88,120.18,Venda
SKU_1598_NAV,01/08/2025,Varejo,4,1959.6,411.12,387.12,Venda
SKU_1634_SAP,01/08/2025,Varejo,1,979.9,241.37,738.53,Venda
SKU_1716_SAL,01/08/2025,Varejo,1,164.9,47.48,117.42,Venda
SKU_1618_SAL,01/08/2025,E-commerce,1,179.9,49.95,129.95,Venda
SKU_1680_NAV,01/08/2025,Atacado,3,1004.7,301.41,234.43,Venda
SKU_1648_RAS,01/08/2025,Varejo,1,699.9,121.86,578.04,Venda
SKU_1747_FUC,01/08/2025,Varejo,2,349.8,98.84,125.48,Venda
SKU_1632_SPA,01/08/2025,Varejo,1,184.9,53.3,131.6,Venda
SKU_1740_FRE,01/08/2025,Varejo,1,214.9,50.9,164.0,Venda
SKU_1772_BLU,01/08/2025,Atacado,8,3319.2,995.76,290.43,Venda
SKU_2054_SAL,01/08/2025,E-commerce,1,409.9,0.0,409.9,Venda
SKU_1543_BAB,01/08/2025,Atacado,10,7349.0,2939.6,440.94,Venda
SKU_1938_CRE,01/08/2025,Atacado,6,5399.4,2159.76,539.94,Venda
SKU_1789_SNO,01/08/2025,Atacado,6,1619.4,647.76,161.94,Venda
SKU_1748_BAB,01/08/2025,E-commerce,1,309.9,50.71,259.19,Venda
SKU_1792_MIN,01/08/2025,E-commerce,2,879.8,195.76,342.02,Venda
SKU_1922_TEA,01/08/2025,E-commerce,1,694.9,0.0,694.9,Venda
SKU_1784_BLA,01/08/2025,Atacado,4,1239.6,495.84,185.94,Venda
SKU_1885_BLA,01/08/2025,Varejo,1,549.9,38.49,511.41,Venda
SKU_1747_FUC,01/08/2025,Varejo,1,174.9,47.35,127.55,Venda
SKU_1789_SNO,01/08/2025,Atacado,4,1079.6,323.88,188.93,Venda
SKU_1776_BIR,01/08/2025,E-commerce,1,329.9,56.49,273.41,Venda
SKU_1709_MAR,01/08/2025,Varejo,2,419.8,85.4,167.2,Venda
SKU_1501_OLI,01/08/2025,E-commerce,1,169.9,49.65,120.25,Venda
SKU_1685_BIR,01/08/2025,Varejo,1,664.9,108.39,556.51,Venda
SKU_1740_FRE,01/08/2025,Varejo,1,214.9,60.44,154.46,Venda
SKU_1503_VAN,01/08/2025,Varejo,1,229.9,65.01,164.89,Venda
SKU_1463_DUS,01/08/2025,Atacado,6,1559.4,467.82,181.93,Venda
SKU_1471_LIG,01/08/2025,E-commerce,2,409.8,97.78,156.01,Venda
SKU_1442_OFF,01/08/2025,Varejo,2,579.8,91.12,244.34,Venda
SKU_1737_SAG,01/08/2025,E-commerce,2,1539.8,302.64,618.58,Venda
SKU_1455_ROY,01/08/2025,Atacado,3,1004.7,301.41,234.43,Venda
SKU_1800_MOS,01/08/2025,E-commerce,1,279.9,79.75,200.15,Venda
SKU_1749_SNO,01/08/2025,Atacado,2,699.8,244.92,227.44,Venda
SKU_1732_WHI,01/08/2025,Atacado,3,3344.7,1170.66,724.68,Venda
SKU_1593_FUC,01/08/2025,Atacado,5,724.5,289.8,86.94,Venda
SKU_1726_BUB,01/08/2025,Varejo,1,429.9,70.01,359.89,Venda
SKU_1763_HOT,01/08/2025,E-commerce,1,299.9,52.88,247.02,Venda
SKU_1792_MIN,01/08/2025,E-commerce,1,439.9,66.93,372.97,Venda
SKU_1470_MAR,01/08/2025,Varejo,1,919.9,225.23,694.67,Venda
SKU_1672_TEA,01/08/2025,E-commerce,1,294.9,58.79,236.11,Venda
SKU_1792_AQU,01/08/2025,Atacado,8,3519.2,1407.68,263.94,Venda
SKU_1756_FLA,01/08/2025,Atacado,5,899.5,314.8,116.94,Venda
SKU_1420_EGR,01/08/2025,Varejo,1,989.9,191.35,798.55,Venda
SKU_1728_EGR,01/08/2025,Atacado,12,3958.8,1385.52,214.44,Venda
SKU_1569_WHI,01/08/2025,Varejo,1,219.9,44.12,175.78,Venda
SKU_1581_BIR,01/08/2025,Atacado,8,6839.2,2393.68,555.69,Venda
SKU_1401_GAR,01/08/2025,Varejo,1,239.9,68.46,171.44,Venda
SKU_1680_SEA,01/08/2025,Varejo,1,334.9,90.59,244.31,Venda
SKU_1743_DEE,01/08/2025,Atacado,12,5278.8,1847.52,285.94,Venda
SKU_1666_FUC,01/08/2025,Atacado,5,3999.5,1399.8,519.94,Venda
SKU_1491_CER,01/08/2025,Atacado,8,1079.2,323.76,94.43,Venda
SKU_1741_PIN,01/08/2025,Atacado,6,1439.4,575.76,143.94,Venda
SKU_1727_WHI,01/08/2025,E-commerce,1,154.9,35.71,119.19,Venda
SKU_1881_SNO,01/08/2025,Varejo,1,244.9,0.0,244.9,Venda
SKU_1838_DEN,01/08/2025,Atacado,12,3838.8,1343.52,207.94,Venda
SKU_1429_SPA,01/08/2025,Atacado,4,759.6,227.88,132.93,Venda
SKU_1769_WHI,01/08/2025,Atacado,5,1624.5,568.55,211.19,Venda
SKU_1413_JAD,01/08/2025,E-commerce,1,184.9,31.61,153.29,Venda
SKU_1688_LIG,01/08/2025,Varejo,1,429.9,126.53,303.37,Venda
SKU_1694_SER,01/08/2025,Atacado,10,2799.0,839.7,195.93,Venda
SKU_1547_IVO,01/08/2025,Atacado,3,989.7,296.91,230.93,Venda
SKU_1653_BAB,01/08/2025,Varejo,3,1079.7,174.42,301.76,Venda
SKU_2069_BUB,01/08/2025,Varejo,1,219.9,0.0,219.9,Venda
SKU_1883_ARM,01/08/2025,Atacado,4,899.6,314.88,146.18,Venda
SKU_1744_EME,01/08/2025,Atacado,6,1589.4,635.76,158.94,Venda
SKU_1794_FLA,01/08/2025,Atacado,3,629.7,220.38,136.44,Venda
SKU_1584_AQU,01/08/2025,Varejo,1,184.9,39.59,145.31,Venda
SKU_1715_HON,01/08/2025,Varejo,3,659.7,116.19,181.17,Venda
SKU_1742_DEN,01/08/2025,Atacado,3,779.7,233.91,181.93,Venda
SKU_1766_CLE,01/08/2025,Varejo,1,394.9,117.81,277.09,Venda
SKU_1480_MEX,01/08/2025,Varejo,1,369.9,103.22,266.68,Venda
SKU_1739_AQU,01/08/2025,Atacado,4,1019.6,356.88,165.68,Venda
SKU_1963_IVO,01/08/2025,Atacado,3,2084.7,625.41,486.43,Venda
SKU_1655_SNO,01/08/2025,Atacado,4,2579.6,1031.84,386.94,Venda
SKU_1896_ARM,01/08/2025,E-commerce,2,2019.8,0.0,1009.9,Venda
SKU_1739_MOS,01/08/2025,Varejo,1,254.9,57.46,197.44,Venda
SKU_1779_LIG,01/08/2025,Varejo,1,214.9,38.84,176.06,Venda
SKU_1691_ROS,01/08/2025,Varejo,1,309.9,59.87,250.03,Venda
SKU_1493_CLO,01/08/2025,Varejo,1,329.9,95.03,234.87,Venda
SKU_1734_BRI,01/08/2025,Atacado,10,3499.0,1224.6,227.44,Venda
SKU_1733_SAG,01/08/2025,Varejo,3,1049.7,194.04,285.22,Venda
SKU_1714_MID,01/08/2025,Atacado,10,3049.0,1067.1,198.19,Venda
SKU_1965_DEN,01/08/2025,Varejo,1,234.9,0.0,234.9,Venda
SKU_1775_PAL,01/08/2025,Atacado,2,559.8,223.92,167.94,Venda
SKU_1776_BIR,01/08/2025,Varejo,2,659.8,137.7,261.05,Venda
SKU_1409_PEA,01/08/2025,Varejo,2,419.8,124.86,147.47,Venda
SKU_1793_WHI,01/08/2025,Atacado,8,1519.2,607.68,113.94,Venda
SKU_1426_SEA,01/08/2025,Atacado,8,1039.2,363.68,84.44,Venda
SKU_1400_PAL,01/08/2025,Varejo,1,209.9,33.83,176.07,Venda
SKU_1714_MID,01/08/2025,Varejo,1,304.9,69.81,235.09,Venda
SKU_1429_SPA,01/08/2025,Varejo,1,189.9,50.42,139.48,Venda
SKU_1769_EME,01/08/2025,Atacado,3,974.7,292.41,227.43,Venda
SKU_1962_LIG,01/08/2025,Varejo,2,429.8,0.0,214.9,Venda
SKU_1785_HUN,01/08/2025,Varejo,1,244.9,48.32,196.58,Venda
SKU_1736_JAD,01/08/2025,Varejo,1,324.9,84.95,239.95,Venda
SKU_1800_SKY,01/08/2025,Atacado,6,1679.4,503.82,195.93,Venda
SKU_1494_EGR,01/08/2025,Varejo,1,1084.9,240.72,844.18,Venda
SKU_1478_TEA,01/08/2025,E-commerce,1,194.9,46.19,148.71,Venda
SKU_1798_OFF,01/08/2025,Atacado,5,2099.5,734.8,272.94,Venda
SKU_1739_MOS,01/08/2025,Varejo,1,254.9,61.85,193.05,Venda
SKU_1701_SPA,01/08/2025,E-commerce,1,339.9,89.44,250.46,Venda
SKU_1507_FLA,01/08/2025,E-commerce,1,179.9,39.64,140.26,Venda
SKU_1738_BLU,01/08/2025,Varejo,2,389.8,66.4,161.7,Venda
SKU_1594_WHI,01/08/2025,Atacado,6,2999.4,899.82,349.93,Venda
SKU_1750_SNO,01/08/2025,Varejo,1,369.9,92.59,277.31,Venda
SKU_1391_LIG,01/08/2025,Atacado,4,1139.6,341.88,199.43,Venda
SKU_1779_LIG,01/08/2025,Atacado,4,859.6,257.88,150.43,Venda
SKU_1642_SAL,01/08/2025,Varejo,1,224.9,48.28,176.62,Venda
SKU_1725_BAB,01/08/2025,Atacado,4,979.6,391.84,146.94,Venda
SKU_1473_BAB,01/08/2025,E-commerce,1,179.9,45.23,134.67,Venda
SKU_1696_SHO,01/08/2025,Atacado,8,2239.2,783.68,181.94,Venda
SKU_1665_RAS,01/08/2025,Atacado,3,749.7,262.38,162.44,Venda
SKU_1627_MOS,01/08/2025,Atacado,4,1319.6,461.84,214.44,Venda
SKU_1686_MOS,01/08/2025,E-commerce,1,214.9,54.3,160.6,Venda
SKU_1774_COB,01/08/2025,E-commerce,1,204.9,44.71,160.19,Venda
SKU_1768_PEA,01/08/2025,Atacado,3,1874.7,749.88,374.94,Venda
SKU_1742_EME,01/08/2025,Atacado,5,1299.5,389.85,181.93,Venda
SKU_1631_BAL,01/08/2025,Varejo,1,179.9,45.21,134.69,Venda
SKU_1734_FRE,01/08/2025,Varejo,1,349.9,54.17,295.73,Venda
SKU_1422_MIN,01/08/2025,Atacado,10,3149.0,944.7,220.43,Venda
SKU_1873_BLA,01/08/2025,Atacado,12,5398.8,1619.64,314.93,Venda
SKU_1526_POW,01/08/2025,Atacado,4,679.6,203.88,118.93,Venda
SKU_1479_FUC,01/08/2025,Atacado,3,1664.7,665.88,332.94,Venda
SKU_1698_PRI,01/08/2025,Atacado,4,1679.6,503.88,293.93,Venda
SKU_1629_ARM,01/08/2025,E-commerce,1,254.9,52.08,202.82,Venda
SKU_1456_DEN,01/08/2025,Varejo,1,314.9,51.95,262.95,Venda
SKU_1411_RAS,01/08/2025,Varejo,1,224.9,44.6,180.3,Venda
SKU_1389_SHO,01/08/2025,Varejo,1,139.9,39.95,99.95,Venda
SKU_1691_HUN,01/08/2025,E-commerce,1,309.9,90.84,219.06,Venda
SKU_1781_AQU,01/08/2025,Atacado,4,519.6,181.84,84.44,Venda
SKU_1713_SAL,01/08/2025,Varejo,1,504.9,95.76,409.14,Venda
SKU_1843_BIR,01/08/2025,Atacado,5,1524.5,457.35,213.43,Venda
SKU_1690_MAG,01/08/2025,Atacado,2,1079.8,377.92,350.94,Venda
SKU_1729_CLE,01/08/2025,Atacado,10,1749.0,524.7,122.43,Venda
SKU_1682_OLI,01/08/2025,Atacado,3,704.7,246.66,152.68,Venda
SKU_2042_WHI,01/08/2025,E-commerce,1,764.9,0.0,764.9,Venda
SKU_1593_FUC,01/08/2025,Varejo,1,144.9,37.44,107.46,Venda
SKU_1647_BLA,01/08/2025,E-commerce,1,339.9,88.34,251.56,Venda
SKU_1770_DEE,01/08/2025,Atacado,12,2638.8,1055.52,131.94,Venda
SKU_1573_MIN,01/08/2025,Atacado,6,6149.4,1844.82,717.43,Venda
SKU_1705_JAD,01/08/2025,Varejo,1,409.9,109.8,300.1,Venda
SKU_1713_SNO,01/08/2025,Atacado,6,3029.4,1060.26,328.19,Venda
SKU_1662_LIG,01/08/2025,Atacado,4,799.6,239.88,139.93,Venda
SKU_1729_FUC,01/08/2025,E-commerce,1,174.9,41.02,133.88,Venda
SKU_1770_JAD,01/08/2025,Varejo,2,439.8,78.82,180.49,Venda
SKU_1464_MOS,01/08/2025,E-commerce,1,229.9,36.36,193.54,Venda
SKU_1755_AQU,01/08/2025,Varejo,1,334.9,50.28,284.62,Venda
SKU_1784_EGR,01/08/2025,Varejo,2,619.8,145.86,236.97,Venda
SKU_1425_LIG,01/08/2025,Varejo,1,209.9,37.79,172.11,Venda
SKU_1513_PAS,01/08/2025,Atacado,4,859.6,257.88,150.43,Venda
SKU_1620_BLU,01/08/2025,E-commerce,2,529.8,119.02,205.39,Venda
SKU_1742_DEN,01/08/2025,Varejo,1,259.9,75.41,184.49,Venda
SKU_1782_NAV,01/08/2025,Varejo,3,749.7,123.24,208.82,Venda
SKU_1535_NAV,01/08/2025,Varejo,1,304.9,81.44,223.46,Venda
SKU_1759_COB,01/08/2025,Atacado,4,1079.6,323.88,188.93,Venda
SKU_1742_DEN,01/08/2025,Atacado,5,1299.5,389.85,181.93,Venda
SKU_1428_SKY,01/08/2025,E-commerce,1,489.9,143.56,346.34,Venda
SKU_1800_MOS,01/08/2025,Varejo,1,279.9,64.64,215.26,Venda
SKU_1625_DUS,01/08/2025,Atacado,2,409.8,143.44,133.18,Venda
SKU_1590_HOT,01/08/2025,Varejo,1,189.9,50.54,139.36,Venda
SKU_1683_PAL,01/08/2025,Atacado,4,1259.6,377.88,220.43,Venda
SKU_1767_FUC,01/08/2025,Atacado,5,1024.5,358.6,133.18,Venda
SKU_1731_MIN,01/08/2025,Varejo,3,2729.7,647.1,694.2,Venda
SKU_1844_MOS,01/08/2025,E-commerce,1,249.9,0.0,249.9,Venda
SKU_1562_BLU,01/08/2025,Varejo,1,309.9,79.07,230.83,Venda
SKU_1690_MYS,01/08/2025,E-commerce,1,539.9,111.2,428.7,Venda
SKU_1701_SPA,01/08/2025,Atacado,3,1019.7,305.91,237.93,Venda
SKU_1732_WHI,01/08/2025,Varejo,3,3344.7,752.13,864.19,Venda
SKU_1820_SPA,01/08/2025,E-commerce,1,289.9,0.0,289.9,Venda
SKU_1751_MIN,01/08/2025,Varejo,1,329.9,52.05,277.85,Venda
SKU_1600_LIG,01/08/2025,Atacado,6,2369.4,829.26,256.69,Venda
SKU_1414_DUS,01/08/2025,Varejo,1,339.9,57.37,282.53,Venda
SKU_1422_MIN,01/08/2025,E-commerce,1,314.9,71.03,243.87,Venda
SKU_1847_PAS,01/08/2025,Varejo,1,269.9,0.0,269.9,Venda
SKU_1779_LIG,01/08/2025,Atacado,2,429.8,128.94,150.43,Venda
SKU_1740_FRE,01/08/2025,Atacado,6,1289.4,515.76,128.94,Venda
SKU_1668_DEN,01/08/2025,Varejo,2,539.8,127.5,206.15,Venda
SKU_1470_WHI,01/08/2025,E-commerce,1,919.9,220.73,699.17,Venda
SKU_1588_CRE,01/08/2025,Varejo,1,489.9,88.41,401.49,Venda
SKU_1786_POW,01/08/2025,Atacado,6,1079.4,323.82,125.93,Venda
SKU_1710_MEX,01/08/2025,Atacado,5,4049.5,1417.3,526.44,Venda
SKU_1688_LIG,01/08/2025,E-commerce,2,859.8,230.98,314.41,Venda
SKU_1747_FUC,01/08/2025,E-commerce,1,174.9,28.07,146.83,Venda
SKU_1724_PIN,01/08/2025,Atacado,6,6689.4,2341.32,724.68,Venda
SKU_1491_CER,01/08/2025,Varejo,2,269.8,80.44,94.68,Venda
SKU_1740_OLI,01/08/2025,Atacado,6,1289.4,451.32,139.68,Venda
SKU_1749_SNO,01/08/2025,E-commerce,1,349.9,55.51,294.39,Venda
SKU_1784_BLA,01/08/2025,Varejo,1,309.9,85.77,224.13,Venda
SKU_1705_SER,01/08/2025,Atacado,4,1639.6,573.84,266.44,Venda
SKU_1784_BLA,01/08/2025,Atacado,5,1549.5,697.25,170.45,Venda
SKU_1738_ROY,01/08/2025,Varejo,2,389.8,113.32,138.24,Venda
SKU_1694_PIS,01/08/2025,Atacado,8,2239.2,783.68,181.94,Venda
SKU_1405_FLA,01/08/2025,Varejo,1,214.9,46.83,168.07,Venda
SKU_1553_HOT,01/08/2025,Varejo,4,1019.6,204.12,203.87,Venda
SKU_1689_MAG,01/08/2025,Atacado,4,3859.6,1157.88,675.43,Venda
SKU_2098_SPA,01/08/2025,Varejo,3,884.7,0.0,294.9,Venda
SKU_1694_SER,01/08/2025,Atacado,5,1399.5,419.85,195.93,Venda
SKU_1776_BIR,01/08/2025,Atacado,6,1979.4,692.76,214.44,Venda
SKU_1499_HOT,01/08/2025,Atacado,5,1299.5,454.8,168.94,Venda
SKU_1684_HON,01/08/2025,Varejo,1,184.9,30.07,154.83,Venda
SKU_1987_CLO,01/08/2025,Atacado,3,3359.7,1007.91,783.93,Venda
SKU_1585_COR,01/08/2025,Atacado,12,3838.8,1535.52,191.94,Venda
SKU_1428_COB,01/08/2025,Atacado,10,4899.0,1959.6,293.94,Venda
SKU_1730_MIN,01/08/2025,Atacado,4,1279.6,511.84,191.94,Venda
SKU_1567_POW,01/08/2025,Atacado,4,2759.6,965.84,448.44,Venda
SKU_1788_MYS,01/08/2025,Varejo,2,499.8,84.2,207.8,Venda
SKU_1683_PAL,01/08/2025,Atacado,5,1574.5,551.05,204.69,Venda
SKU_1710_MEX,01/08/2025,Varejo,1,809.9,240.25,569.65,Venda
SKU_1686_SKY,01/08/2025,E-commerce,1,214.9,33.32,181.58,Venda
SKU_1632_SPA,01/08/2025,Atacado,4,739.6,258.88,120.18,Venda
SKU_1742_DEN,01/08/2025,Atacado,2,519.8,155.94,181.93,Venda
SKU_1698_PRI,01/08/2025,Varejo,1,419.9,112.06,307.84,Venda
SKU_1519_BLU,01/08/2025,Atacado,6,3779.4,1133.82,440.93,Venda
SKU_1769_WHI,01/08/2025,Atacado,6,1949.4,682.26,211.19,Venda
SKU_1580_MOS,01/08/2025,Atacado,2,379.8,132.92,123.44,Venda
SKU_1755_AQU,01/08/2025,Atacado,3,1004.7,301.41,234.43,Venda
SKU_1997_SPA,01/08/2025,Atacado,4,759.6,341.84,104.44,Venda
SKU_1487_CLE,01/08/2025,Atacado,4,1339.6,535.84,200.94,Venda
SKU_1745_PEA,01/08/2025,Varejo,2,819.8,221.4,299.2,Venda
SKU_1490_VAN,01/08/2025,E-commerce,1,314.9,72.82,242.08,Venda
SKU_1793_MIN,01/08/2025,Atacado,3,569.7,199.38,123.44,Venda
SKU_1646_CLE,01/08/2025,Atacado,5,1024.5,358.6,133.18,Venda
SKU_1697_MIN,01/08/2025,Varejo,4,879.6,146.0,183.4,Venda
SKU_1683_SHO,01/08/2025,Varejo,1,314.9,84.08,230.82,Venda
SKU_1766_MYS,01/08/2025,Atacado,4,1579.6,473.88,276.43,Venda
SKU_1522_MOS,01/08/2025,Varejo,3,449.7,99.81,116.63,Venda
SKU_1721_COR,01/08/2025,E-commerce,1,419.9,80.77,339.13,Venda
SKU_1723_COB,01/08/2025,Atacado,8,3479.2,1217.68,282.69,Venda
SKU_1517_ROS,01/08/2025,Varejo,3,3599.7,788.1,937.2,Venda
SKU_1561_LIM,01/08/2025,Atacado,4,1399.6,559.84,209.94,Venda
SKU_1714_DEE,01/08/2025,Varejo,1,304.9,52.46,252.44,Venda
SKU_1746_EME,01/08/2025,Atacado,3,539.7,161.91,125.93,Venda
SKU_1769_EME,01/08/2025,Varejo,1,324.9,82.4,242.5,Venda
SKU_1799_POW,01/08/2025,Atacado,2,539.8,188.92,175.44,Venda
SKU_1629_ARM,01/08/2025,Atacado,4,1019.6,356.88,165.68,Venda
SKU_1746_NAV,01/08/2025,E-commerce,1,179.9,46.07,133.83,Venda
SKU_1757_TUR,01/08/2025,Atacado,8,2119.2,847.68,158.94,Venda
SKU_1783_BAB,01/08/2025,Varejo,1,1199.9,289.52,910.38,Venda
SKU_1693_FLA,01/08/2025,Varejo,2,409.8,92.2,158.8,Venda
SKU_1737_SAG,01/08/2025,Atacado,6,4619.4,1616.76,500.44,Venda
SKU_1604_SNO,01/08/2025,Atacado,10,6049.0,1814.7,423.43,Venda
SKU_1769_WHI,01/08/2025,Varejo,1,324.9,64.22,260.68,Venda
SKU_1756_BUB,01/08/2025,Varejo,2,359.8,60.42,149.69,Venda
SKU_1738_ROY,01/08/2025,Varejo,1,194.9,33.32,161.58,Venda
SKU_1712_MOS,01/08/2025,Varejo,1,179.9,32.56,147.34,Venda
SKU_1958_PAS,01/08/2025,Atacado,6,1109.4,443.76,110.94,Venda
SKU_1403_AQU,01/08/2025,Varejo,1,384.9,113.0,271.9,Venda
SKU_1701_SPA,01/08/2025,Atacado,4,1359.6,543.84,203.94,Venda
SKU_1750_MIN,01/08/2025,E-commerce,1,369.9,98.54,271.36,Venda
SKU_1407_OFF,01/08/2025,Atacado,6,1289.4,386.82,150.43,Venda
SKU_1771_PIN,01/08/2025,Atacado,4,1059.6,317.88,185.43,Venda
SKU_1788_EME,01/08/2025,E-commerce,1,249.9,58.8,191.1,Venda
SKU_1733_SAG,01/08/2025,Atacado,8,2799.2,979.68,227.44,Venda
SKU_1720_PAS,01/08/2025,Atacado,8,1799.2,629.76,146.18,Venda
SKU_1731_ARM,01/08/2025,Varejo,2,1819.8,433.5,693.15,Venda
SKU_1615_MOS,01/08/2025,E-commerce,2,929.8,177.24,376.28,Venda
SKU_1620_BLU,01/08/2025,Atacado,5,1324.5,529.8,158.94,Venda
SKU_2065_OFF,01/08/2025,Atacado,6,1199.4,359.82,139.93,Venda
SKU_1668_VAN,01/08/2025,Atacado,6,1619.4,485.82,188.93,Venda
SKU_1749_SNO,01/08/2025,Varejo,1,349.9,67.59,282.31,Venda
SKU_1752_SPA,01/08/2025,Atacado,2,859.8,300.92,279.44,Venda
SKU_1736_JAD,01/08/2025,Atacado,8,2599.2,909.68,211.19,Venda
SKU_1822_SEA,01/08/2025,Atacado,6,1859.4,557.82,216.93,Venda
SKU_1749_SNO,01/08/2025,Atacado,4,1399.6,489.84,227.44,Venda
SKU_1633_SER,01/08/2025,Varejo,1,234.9,61.78,173.12,Venda
SKU_1750_SNO,01/08/2025,Atacado,5,1849.5,554.85,258.93,Venda
SKU_1412_SHO,01/08/2025,E-commerce,1,894.9,194.83,700.07,Venda
SKU_1768_PEA,01/08/2025,E-commerce,1,624.9,174.7,450.2,Venda
SKU_1469_ARM,01/08/2025,E-commerce,1,294.9,53.15,241.75,Venda
SKU_1686_MOS,01/08/2025,Varejo,1,214.9,55.18,159.72,Venda
SKU_1775_PAS,01/08/2025,Atacado,2,559.8,223.92,167.94,Venda
SKU_1741_PEA,01/08/2025,Atacado,6,1439.4,575.76,143.94,Venda
SKU_1703_PAS,01/08/2025,Atacado,8,2159.2,755.68,175.44,Venda
SKU_1737_DEE,01/08/2025,Varejo,1,769.9,164.65,605.25,Venda
SKU_1579_SAG,01/08/2025,Varejo,2,459.8,76.7,191.55,Venda
SKU_2103_RAS,01/08/2025,Atacado,3,1409.7,422.91,328.93,Venda
SKU_1792_AQU,01/08/2025,Atacado,8,3519.2,1231.68,285.94,Venda
SKU_1769_WHI,01/08/2025,Varejo,1,324.9,94.5,230.4,Venda
SKU_1655_SNO,01/08/2025,E-commerce,1,644.9,107.26,537.64,Venda
SKU_1752_SNO,01/08/2025,Varejo,1,429.9,99.54,330.36,Venda
SKU_1763_MAR,01/08/2025,Atacado,4,1199.6,419.84,194.94,Venda
SKU_1786_TEA,01/08/2025,Varejo,1,179.9,43.21,136.69,Venda
SKU_1683_SHO,01/08/2025,Atacado,10,3149.0,1102.1,204.69,Venda
SKU_1748_COB,01/08/2025,Atacado,12,3718.8,1301.52,201.44,Venda
SKU_1689_IVO,01/08/2025,E-commerce,1,964.9,254.73,710.17,Venda
SKU_1797_BLU,01/08/2025,E-commerce,1,379.9,102.54,277.36,Venda
SKU_1751_MIN,01/08/2025,Atacado,8,2639.2,923.68,214.44,Venda
SKU_1740_OLI,01/08/2025,Varejo,1,214.9,36.2,178.7,Venda
SKU_1762_BRI,01/08/2025,Atacado,8,2039.2,713.76,165.68,Venda
SKU_2105_RAS,01/08/2025,Varejo,1,339.9,0.0,339.9,Venda
SKU_1737_SAG,01/08/2025,E-commerce,1,769.9,166.87,603.03,Venda
SKU_1683_SHO,01/08/2025,Varejo,2,629.8,167.5,231.15,Venda
SKU_1714_MID,01/08/2025,Varejo,3,914.7,223.32,230.46,Venda
SKU_1692_OLI,01/08/2025,Varejo,1,219.9,56.12,163.78,Venda
SKU_1444_HUN,01/08/2025,Atacado,2,479.8,167.92,155.94,Venda
SKU_1756_BUB,01/08/2025,Atacado,3,539.7,161.91,125.93,Venda
SKU_1706_JAD,01/08/2025,Atacado,12,2218.8,665.64,129.43,Venda
SKU_1757_PIN,01/08/2025,Varejo,1,264.9,49.0,215.9,Venda
SKU_1760_PAS,01/08/2025,Varejo,1,249.9,54.56,195.34,Venda
SKU_1663_SNO,01/08/2025,Atacado,4,3179.6,953.88,556.43,Venda
SKU_1774_MOS,01/08/2025,Varejo,2,409.8,108.52,150.64,Venda
SKU_1545_TEA,01/08/2025,Atacado,3,779.7,233.91,181.93,Venda
SKU_1870_AQU,01/08/2025,Atacado,3,689.7,310.38,126.44,Venda
SKU_1662_LIG,01/08/2025,Atacado,5,999.5,349.8,129.94,Venda
SKU_1997_SPA,01/08/2025,Varejo,1,189.9,0.0,189.9,Venda
SKU_1475_VAN,01/08/2025,Varejo,1,249.9,71.36,178.54,Venda
SKU_1825_MIN,01/08/2025,Varejo,2,349.8,0.0,174.9,Venda
SKU_1417_SNO,01/08/2025,E-commerce,1,279.9,55.51,224.39,Venda
SKU_1742_EME,01/08/2025,E-commerce,3,779.7,180.03,199.89,Venda
SKU_1714_DEE,01/08/2025,Atacado,6,1829.4,548.82,213.43,Venda
SKU_1739_MOS,01/08/2025,Varejo,3,764.7,165.6,199.7,Venda
SKU_1446_SHO,01/08/2025,Atacado,3,809.7,323.88,161.94,Venda
SKU_1391_SEA,01/08/2025,Atacado,2,569.8,227.92,170.94,Venda
SKU_1695_LIM,01/08/2025,Varejo,1,209.9,45.9,164.0,Venda
SKU_1436_PAS,01/08/2025,Varejo,1,279.9,80.89,199.01,Venda
SKU_1535_NAV,01/08/2025,Atacado,4,1219.6,426.84,198.19,Venda
SKU_1713_SNO,01/08/2025,Atacado,10,5049.0,1767.1,328.19,Venda
SKU_1691_HUN,01/08/2025,Atacado,10,3099.0,1084.6,201.44,Venda
SKU_1785_HUN,01/08/2025,Atacado,4,979.6,342.88,159.18,Venda
SKU_1470_WHI,01/08/2025,E-commerce,2,1839.8,523.0,658.4,Venda
SKU_1749_SNO,01/08/2025,Varejo,1,349.9,69.4,280.5,Venda
SKU_1781_CLE,01/08/2025,Atacado,6,779.4,233.82,90.93,Venda
SKU_1462_OFF,01/08/2025,Varejo,1,364.9,105.0,259.9,Venda
SKU_1706_BLA,01/08/2025,Varejo,1,184.9,40.94,143.96,Venda
SKU_1407_OFF,01/08/2025,Varejo,2,429.8,77.2,176.3,Venda
SKU_1778_TEA,01/08/2025,Atacado,4,1139.6,398.84,185.19,Venda
SKU_1699_CLO,01/08/2025,Varejo,1,329.9,54.93,274.97,Venda
SKU_1767_PRI,01/08/2025,Atacado,3,614.7,245.88,122.94,Venda
SKU_1706_JAD,01/08/2025,Atacado,10,1849.0,647.2,120.18,Venda
SKU_1697_MIN,01/08/2025,E-commerce,1,219.9,49.58,170.32,Venda
SKU_1396_PAS,01/08/2025,Atacado,10,1349.0,404.7,94.43,Venda
SKU_1725_BAB,01/08/2025,Varejo,2,489.8,78.68,205.56,Venda
SKU_1716_SAL,01/08/2025,Varejo,3,494.7,116.97,125.91,Venda
SKU_1533_CER,01/08/2025,Varejo,1,164.9,36.8,128.1,Venda
SKU_1756_FLA,01/08/2025,Atacado,4,719.6,251.84,116.94,Venda
SKU_1996_BLA,01/08/2025,Atacado,5,1224.5,428.6,159.18,Venda
SKU_1463_LIG,01/08/2025,Varejo,2,519.8,129.82,194.99,Venda
SKU_1754_IVO,01/08/2025,Varejo,1,339.9,54.18,285.72,Venda
SKU_1685_COB,01/08/2025,Atacado,8,5319.2,1861.68,432.19,Venda
SKU_1595_MYS,01/08/2025,E-commerce,1,299.9,86.3,213.6,Venda
SKU_1391_LIG,01/08/2025,Varejo,1,284.9,61.03,223.87,Venda
SKU_1798_OFF,01/08/2025,Varejo,1,419.9,71.9,348.0,Venda
SKU_1726_BUB,01/08/2025,E-commerce,3,1289.7,344.37,315.11,Venda
SKU_1397_SNO,01/08/2025,Atacado,8,1879.2,751.68,140.94,Venda
SKU_1728_MID,01/08/2025,E-commerce,1,329.9,78.89,251.01,Venda
SKU_1728_EGR,01/08/2025,Atacado,4,1319.6,461.84,214.44,Venda
SKU_1791_IVO,01/08/2025,E-commerce,1,264.9,45.79,219.11,Venda
SKU_1795_RAS,01/08/2025,Atacado,3,899.7,314.88,194.94,Venda
SKU_2066_TEA,01/08/2025,Atacado,4,1899.6,664.84,308.69,Venda
SKU_1906_SHO,01/08/2025,Atacado,3,884.7,309.63,191.69,Venda
SKU_1464_MOS,01/08/2025,Varejo,1,229.9,55.3,174.6,Venda
SKU_1564_BLA,01/08/2025,Varejo,1,589.9,124.13,465.77,Venda
SKU_1532_EME,01/08/2025,Varejo,2,1959.8,523.18,718.31,Venda
SKU_1721_COR,01/08/2025,Atacado,6,2519.4,755.82,293.93,Venda
SKU_1986_TEA,01/08/2025,Varejo,1,209.9,0.0,209.9,Venda
SKU_1738_ROY,01/08/2025,Atacado,3,584.7,204.66,126.68,Venda
SKU_1768_MIN,01/08/2025,Atacado,10,6249.0,2187.1,406.19,Venda
SKU_1724_PIN,01/08/2025,Atacado,6,6689.4,2675.76,668.94,Venda
SKU_2003_FOR,01/08/2025,Atacado,2,479.8,143.94,167.93,Venda
SKU_2065_OFF,01/08/2025,Atacado,3,599.7,209.88,129.94,Venda
SKU_1732_WHI,01/08/2025,Varejo,1,1114.9,230.14,884.76,Venda
SKU_1698_SNO,01/08/2025,Atacado,4,1679.6,503.88,293.93,Venda
SKU_1662_PIS,01/08/2025,Varejo,1,199.9,47.12,152.78,Venda
SKU_1776_PAS,01/08/2025,Varejo,1,329.9,84.29,245.61,Venda
SKU_1736_PAS,01/08/2025,Varejo,2,649.8,140.76,254.52,Venda
SKU_1705_JAD,01/08/2025,Atacado,6,2459.4,1106.76,225.44,Venda
SKU_1945_BRI,01/08/2025,Atacado,3,644.7,225.66,139.68,Venda
SKU_1705_JAD,01/08/2025,Varejo,1,409.9,76.31,333.59,Venda
SKU_1741_PIN,01/08/2025,Varejo,1,239.9,37.12,202.78,Venda
SKU_1777_FRE,01/08/2025,E-commerce,1,239.9,45.22,194.68,Venda
SKU_1731_ARM,01/08/2025,Atacado,3,2729.7,955.38,591.44,Venda
SKU_1726_BUB,01/08/2025,Varejo,1,429.9,98.0,331.9,Venda
SKU_1794_LIG,01/08/2025,Atacado,6,1259.4,503.76,125.94,Venda
SKU_1801_MOS,01/08/2025,Atacado,3,1124.7,393.63,243.69,Venda
SKU_2031_SNO,01/08/2025,Varejo,1,349.9,0.0,349.9,Venda
SKU_1768_PEA,01/08/2025,Varejo,1,624.9,135.45,489.45,Venda
SKU_1746_EME,01/08/2025,Varejo,1,179.9,45.45,134.45,Venda
SKU_1823_MIN,01/08/2025,Varejo,1,194.9,0.0,194.9,Venda
SKU_1704_BAB,01/08/2025,Varejo,2,669.8,119.42,275.19,Venda
SKU_1754_SER,01/08/2025,Atacado,2,679.8,237.92,220.94,Venda
SKU_1736_JAD,01/08/2025,Varejo,1,324.9,59.3,265.6,Venda
SKU_1793_MIN,01/08/2025,Atacado,12,2278.8,683.64,132.93,Venda
SKU_1637_BLU,01/08/2025,Varejo,1,919.9,229.13,690.77,Venda
SKU_1742_EME,01/08/2025,Atacado,4,1039.6,311.88,181.93,Venda
SKU_1707_SAP,01/08/2025,Atacado,6,1679.4,671.76,167.94,Venda
SKU_1947_SKY,01/08/2025,E-commerce,1,439.9,0.0,439.9,Venda
SKU_1730_OFF,01/08/2025,Atacado,5,1599.5,479.85,223.93,Venda
SKU_1431_TEA,01/08/2025,Atacado,6,2219.4,776.76,240.44,Venda
SKU_1786_TEA,01/08/2025,Atacado,12,2158.8,755.52,116.94,Venda
SKU_1787_BAB,01/08/2025,Varejo,1,289.9,76.93,212.97,Venda
SKU_1590_MYS,01/08/2025,Varejo,2,379.8,86.08,146.86,Venda
SKU_2022_ROY,01/08/2025,E-commerce,1,279.9,0.0,279.9,Venda
SKU_1913_MYS,01/08/2025,Atacado,3,584.7,204.66,126.68,Venda
SKU_1400_FOR,01/08/2025,Varejo,1,209.9,56.71,153.19,Venda
SKU_1739_AQU,01/08/2025,Varejo,1,254.9,69.7,185.2,Venda
SKU_1791_ARM,01/08/2025,Varejo,1,264.9,63.22,201.68,Venda
SKU_1686_MOS,01/08/2025,Atacado,12,2578.8,773.64,150.43,Venda
SKU_1455_TEA,01/08/2025,E-commerce,2,669.8,172.3,248.75,Venda
SKU_1740_FRE,01/08/2025,E-commerce,1,214.9,46.73,168.17,Venda
SKU_1670_PEA,01/08/2025,Atacado,2,289.8,86.94,101.43,Venda
SKU_1751_BLU,01/08/2025,E-commerce,3,989.7,171.66,272.68,Venda
SKU_1520_GAR,01/08/2025,Atacado,5,1124.5,337.35,157.43,Venda
SKU_1735_COR,01/08/2025,E-commerce,1,269.9,52.98,216.92,Venda
SKU_1786_POW,01/08/2025,Atacado,12,2158.8,863.52,107.94,Venda
SKU_1674_PAS,01/08/2025,Varejo,1,229.9,56.32,173.58,Venda
SKU_1758_CLO,01/08/2025,Varejo,1,179.9,51.87,128.03,Venda
SKU_1686_MOS,01/08/2025,Atacado,5,1074.5,376.1,139.68,Venda
SKU_1743_DEE,01/08/2025,Atacado,2,879.8,307.92,285.94,Venda
SKU_1785_PAS,01/08/2025,Varejo,1,244.9,55.55,189.35,Venda
SKU_1747_FUC,01/08/2025,Atacado,5,874.5,262.35,122.43,Venda
SKU_1698_SNO,01/08/2025,Varejo,1,419.9,89.24,330.66,Venda
SKU_1397_SNO,01/08/2025,Atacado,8,1879.2,563.76,164.43,Venda
SKU_1506_BRI,01/08/2025,Varejo,1,229.9,53.37,176.53,Venda
SKU_1590_MYS,01/08/2025,Atacado,3,569.7,199.38,123.44,Venda
SKU_1736_JAD,01/08/2025,Atacado,6,1949.4,682.26,211.19,Venda
SKU_1439_CER,01/08/2025,Atacado,3,554.7,194.16,120.18,Venda
SKU_1759_CLE,01/08/2025,Atacado,8,2159.2,647.76,188.93,Venda
SKU_1698_PRI,01/08/2025,Atacado,6,2519.4,755.82,293.93,Venda
SKU_1425_WHI,01/08/2025,Atacado,2,419.8,146.92,136.44,Venda
SKU_2073_PAL,01/08/2025,Atacado,8,2319.2,811.68,188.44,Venda
SKU_1832_MIN,01/08/2025,Atacado,6,1769.4,619.26,191.69,Venda
SKU_1757_PIN,01/08/2025,Atacado,4,1059.6,317.88,185.43,Venda
SKU_1462_MID,01/08/2025,Atacado,5,1824.5,547.35,255.43,Venda
SKU_1730_MIN,01/08/2025,Varejo,1,319.9,93.22,226.68,Venda
SKU_1771_EME,01/08/2025,Atacado,12,3178.8,1112.52,172.19,Venda
SKU_1912_MEX,01/08/2025,Atacado,3,1154.7,346.41,269.43,Venda
SKU_1749_SNO,01/08/2025,Varejo,2,699.8,183.2,258.3,Venda
SKU_1698_SNO,01/08/2025,Atacado,4,1679.6,503.88,293.93,Venda
SKU_1493_PEA,01/08/2025,Atacado,10,3299.0,1154.6,214.44,Venda
SKU_1736_PAS,01/08/2025,E-commerce,1,324.9,50.98,273.92,Venda
SKU_1680_NAV,01/08/2025,Varejo,1,334.9,60.35,274.55,Venda
SKU_1743_CLO,01/08/2025,Atacado,3,1319.7,395.91,307.93,Venda
SKU_1703_PAS,01/08/2025,Atacado,4,1079.6,323.88,188.93,Venda
SKU_1688_WHI,01/08/2025,Atacado,4,1719.6,687.84,257.94,Venda
SKU_1763_MAR,01/08/2025,Varejo,4,1199.6,258.2,235.35,Venda
SKU_1822_ARM,01/08/2025,E-commerce,1,309.9,0.0,309.9,Venda
SKU_1929_COB,01/08/2025,Atacado,6,1769.4,796.2,162.2,Venda
SKU_1605_COR,01/08/2025,Atacado,3,659.7,263.88,131.94,Venda
SKU_1760_OFF,01/08/2025,Atacado,4,999.6,299.88,174.93,Venda
SKU_1681_OFF,01/08/2025,Varejo,1,234.9,43.5,191.4,Venda
SKU_1731_MIN,01/08/2025,Atacado,2,1819.8,545.94,636.93,Venda
SKU_1771_PIN,01/08/2025,Atacado,3,794.7,238.41,185.43,Venda
SKU_1722_AQU,01/08/2025,Varejo,2,649.8,149.6,250.1,Venda
SKU_1934_COB,01/08/2025,Atacado,3,779.7,272.88,168.94,Venda
SKU_1686_MOS,01/08/2025,Atacado,2,429.8,150.44,139.68,Venda
SKU_1950_BLU,01/08/2025,Varejo,2,829.8,0.0,414.9,Venda
SKU_1727_LIG,01/08/2025,Varejo,1,154.9,23.34,131.56,Venda
SKU_1756_FLA,01/08/2025,Varejo,1,179.9,51.57,128.33,Venda
SKU_1712_MOS,01/08/2025,Atacado,5,899.5,269.85,125.93,Venda
SKU_1491_GAR,01/08/2025,Atacado,6,809.4,242.82,94.43,Venda
SKU_1684_HON,01/08/2025,Atacado,5,924.5,323.6,120.18,Venda
SKU_1767_FUC,01/08/2025,Atacado,3,614.7,245.88,122.94,Venda
SKU_1750_MIN,01/08/2025,Varejo,1,369.9,102.11,267.79,Venda
SKU_1694_SER,01/08/2025,Varejo,1,279.9,82.23,197.67,Venda
SKU_1951_GAR,01/08/2025,Atacado,8,2039.2,611.76,178.43,Venda
SKU_1712_MOS,01/08/2025,Atacado,2,359.8,143.92,107.94,Venda
SKU_1745_PEA,01/08/2025,Atacado,3,1229.7,368.91,286.93,Venda
SKU_1708_FRE,01/08/2025,Atacado,3,509.7,229.38,93.44,Venda
SKU_1704_BAB,01/08/2025,Atacado,5,1674.5,586.05,217.69,Venda
SKU_2103_FUC,01/08/2025,E-commerce,1,469.9,0.0,469.9,Venda
SKU_1689_IVO,01/08/2025,Atacado,3,2894.7,868.41,675.43,Venda
SKU_1796_OLI,01/08/2025,Varejo,2,1009.8,197.62,406.09,Venda
SKU_1770_JAD,01/08/2025,Varejo,1,219.9,44.69,175.21,Venda
SKU_1689_IVO,01/08/2025,E-commerce,1,964.9,188.28,776.62,Venda
SKU_1718_SEA,01/08/2025,Varejo,2,739.8,126.64,306.58,Venda
SKU_1782_NAV,01/08/2025,Atacado,2,499.8,149.94,174.93,Venda
SKU_1734_BRI,01/08/2025,Varejo,1,349.9,69.03,280.87,Venda
SKU_1708_FLA,01/08/2025,Atacado,4,679.6,271.84,101.94,Venda
SKU_1777_FRE,01/08/2025,E-commerce,1,239.9,65.94,173.96,Venda
SKU_1511_CLE,01/08/2025,Varejo,1,934.9,208.84,726.06,Venda
SKU_1763_MAR,01/08/2025,Atacado,10,2999.0,1199.6,179.94,Venda
SKU_1407_EME,01/08/2025,Atacado,5,1074.5,322.35,150.43,Venda
SKU_1748_COB,01/08/2025,Varejo,3,929.7,148.14,260.52,Venda
SKU_1476_WHI,01/08/2025,Atacado,2,549.8,192.42,178.69,Venda
SKU_1762_BRI,01/08/2025,Atacado,4,1019.6,305.88,178.43,Venda
SKU_1708_FRE,01/08/2025,Atacado,3,509.7,178.38,110.44,Venda
SKU_1798_OFF,01/08/2025,Atacado,3,1259.7,377.91,293.93,Venda
SKU_1797_GAR,01/08/2025,Atacado,5,1899.5,664.8,246.94,Venda
SKU_1878_SEA,01/08/2025,Varejo,2,879.8,0.0,439.9,Venda
SKU_1612_PAL,01/08/2025,Atacado,6,1979.4,593.82,230.93,Venda
SKU_1726_PAS,01/08/2025,Varejo,1,429.9,83.04,346.86,Venda
SKU_1682_OLI,01/08/2025,Varejo,1,234.9,44.94,189.96,Venda
SKU_1592_SAG,01/08/2025,Varejo,1,209.9,59.79,150.11,Venda
SKU_1718_SEA,01/08/2025,E-commerce,1,369.9,61.09,308.81,Venda
SKU_1751_BLU,01/08/2025,Varejo,1,329.9,89.88,240.02,Venda
SKU_1755_BIR,01/08/2025,Atacado,6,2009.4,703.26,217.69,Venda
SKU_2053_DEN,01/08/2025,Atacado,10,3499.0,1224.6,227.44,Venda
SKU_1783_BAB,01/08/2025,Atacado,4,4799.6,1679.84,779.94,Venda
SKU_1615_SHO,01/08/2025,Varejo,1,464.9,81.17,383.73,Venda
SKU_1616_SER,01/08/2025,Atacado,5,5124.5,1793.6,666.18,Venda
SKU_1739_MOS,01/08/2025,Varejo,2,509.8,116.26,196.77,Venda
SKU_1693_MEX,01/08/2025,Atacado,4,819.6,368.8,112.7,Venda
SKU_1796_SHO,01/08/2025,Atacado,2,1009.8,353.42,328.19,Venda
SKU_1649_FLA,01/08/2025,Varejo,1,234.9,35.82,199.08,Venda
SKU_1780_LIG,01/08/2025,Varejo,1,334.9,52.03,282.87,Venda
SKU_1648_RAS,01/08/2025,Varejo,3,2099.7,408.66,563.68,Venda
SKU_1762_BRI,01/08/2025,Varejo,4,1019.6,285.96,183.41,Venda
SKU_1529_MIN,01/08/2025,Atacado,3,734.7,220.41,171.43,Venda
SKU_1773_OLI,01/08/2025,Varejo,1,324.9,65.79,259.11,Venda
SKU_1710_OLI,01/08/2025,Varejo,1,809.9,218.9,591.0,Venda
SKU_1543_FLA,01/08/2025,Atacado,8,5879.2,2057.68,477.69,Venda
SKU_1738_BLU,01/08/2025,E-commerce,1,194.9,38.39,156.51,Venda
SKU_1544_PEA,01/08/2025,Varejo,1,199.9,47.79,152.11,Venda
SKU_1733_NAV,01/08/2025,E-commerce,1,349.9,68.2,281.7,Venda
SKU_1570_HON,01/08/2025,Varejo,1,714.9,197.32,517.58,Venda
SKU_1757_PIN,01/08/2025,Varejo,1,264.9,65.59,199.31,Venda
SKU_1798_MOS,01/08/2025,Varejo,1,419.9,117.53,302.37,Venda
SKU_1723_COB,01/08/2025,E-commerce,1,434.9,116.15,318.75,Venda
SKU_1713_SNO,01/08/2025,E-commerce,1,504.9,142.97,361.93,Venda
SKU_1700_PIS,01/08/2025,Varejo,1,699.9,174.29,525.61,Venda
SKU_1714_DEE,01/08/2025,Varejo,1,304.9,82.93,221.97,Venda
SKU_1518_LIM,01/08/2025,Varejo,1,234.9,48.31,186.59,Venda
SKU_1746_NAV,01/08/2025,E-commerce,1,179.9,31.18,148.72,Venda
SKU_1772_BLU,01/08/2025,E-commerce,1,414.9,96.32,318.58,Venda
SKU_1693_FLA,01/08/2025,Atacado,4,819.6,286.88,133.18,Venda
SKU_1690_MYS,01/08/2025,Varejo,2,1079.8,253.5,413.15,Venda
SKU_1926_IVO,01/08/2025,Varejo,1,269.9,0.0,269.9,Venda
SKU_1390_PAS,01/08/2025,E-commerce,1,229.9,55.38,174.52,Venda
SKU_1693_MEX,01/08/2025,Atacado,3,614.7,184.41,143.43,Venda
SKU_1769_EME,01/08/2025,Atacado,4,1299.6,519.84,194.94,Venda
SKU_1792_AQU,01/08/2025,Atacado,8,3519.2,1231.68,285.94,Venda
SKU_1797_GAR,01/08/2025,Atacado,3,1139.7,398.88,246.94,Venda
SKU_1583_BLU,01/08/2025,Varejo,1,254.9,65.48,189.42,Venda
SKU_1799_POW,01/08/2025,E-commerce,1,269.9,78.0,191.9,Venda
SKU_1796_OLI,01/08/2025,E-commerce,1,504.9,114.85,390.05,Venda
SKU_1799_POW,01/08/2025,Varejo,1,269.9,67.72,202.18,Venda
SKU_1734_FRE,01/08/2025,Varejo,2,699.8,143.88,277.96,Venda
SKU_1391_SEA,01/08/2025,Atacado,2,569.8,170.94,199.43,Venda
SKU_1733_NAV,01/08/2025,Atacado,8,2799.2,839.76,244.93,Venda
SKU_1736_JAD,01/08/2025,Atacado,2,649.8,194.94,227.43,Venda
SKU_1708_FLA,01/08/2025,Atacado,8,1359.2,543.68,101.94,Venda
SKU_1700_PIS,01/08/2025,Atacado,8,5599.2,2239.68,419.94,Venda
SKU_1730_MIN,01/08/2025,Varejo,1,319.9,79.27,240.63,Venda
SKU_1761_MOS,01/08/2025,Atacado,3,3314.7,994.41,773.43,Venda
SKU_1741_PEA,01/08/2025,Atacado,4,959.6,335.84,155.94,Venda
SKU_1771_EME,01/08/2025,Atacado,2,529.8,158.94,185.43,Venda
SKU_1742_DEN,01/08/2025,Atacado,10,2599.0,779.7,181.93,Venda
SKU_1488_IVO,01/08/2025,E-commerce,1,339.9,88.51,251.39,Venda
SKU_1995_WHI,01/08/2025,Varejo,1,234.9,0.0,234.9,Venda
SKU_1571_WHI,02/08/2025,Varejo,1,249.9,68.12,181.78,Venda
SKU_1812_HOT,02/08/2025,E-commerce,1,659.9,0.0,659.9,Venda
SKU_1798_OFF,02/08/2025,Varejo,1,419.9,70.76,349.14,Venda
SKU_1531_TEA,02/08/2025,Varejo,1,549.9,138.12,411.78,Venda
SKU_1746_EME,02/08/2025,Atacado,2,359.8,107.94,125.93,Venda
SKU_1503_VAN,02/08/2025,Varejo,1,229.9,52.16,177.74,Venda
SKU_2088_DUS,02/08/2025,Varejo,1,1094.9,76.64,1018.26,Venda
SKU_1934_HON,02/08/2025,Atacado,2,519.8,181.92,168.94,Venda
SKU_1778_MIN,02/08/2025,Varejo,1,284.9,71.57,213.33,Venda
SKU_1688_LIG,02/08/2025,Varejo,1,429.9,75.87,354.03,Venda
SKU_1718_DUS,02/08/2025,Varejo,1,369.9,75.45,294.45,Venda
SKU_1682_OLI,02/08/2025,Atacado,6,1409.4,493.32,152.68,Venda
SKU_1678_MAG,02/08/2025,Atacado,5,3574.5,1072.35,500.43,Venda
SKU_1732_WHI,02/08/2025,Varejo,1,1114.9,233.24,881.66,Venda
SKU_1691_HUN,02/08/2025,E-commerce,1,309.9,60.96,248.94,Venda
SKU_1673_FUC,02/08/2025,Varejo,2,819.8,164.32,327.74,Venda
SKU_1724_PIN,02/08/2025,Varejo,1,1114.9,295.45,819.45,Venda
SKU_1830_IVO,02/08/2025,Varejo,1,259.9,0.0,259.9,Venda
SKU_1795_HUN,02/08/2025,Varejo,1,299.9,84.85,215.05,Venda
SKU_2037_SEA,02/08/2025,E-commerce,2,1449.8,101.48,674.16,Venda
SKU_1982_VAN,02/08/2025,Atacado,5,1124.5,393.6,146.18,Venda
SKU_1495_BLA,02/08/2025,Varejo,1,329.9,91.58,238.32,Venda
SKU_1908_MID,02/08/2025,Varejo,1,314.9,22.04,292.86,Venda
SKU_1794_LIG,02/08/2025,Atacado,6,1259.4,440.76,136.44,Venda
SKU_1761_MOS,02/08/2025,Varejo,1,1104.9,190.94,913.96,Venda
SKU_2065_DUS,02/08/2025,Varejo,1,199.9,0.0,199.9,Venda
SKU_1780_LIG,02/08/2025,Varejo,1,334.9,80.78,254.12,Venda
SKU_1749_BIR,02/08/2025,E-commerce,2,699.8,146.38,276.71,Venda
SKU_1967_PAL,02/08/2025,Atacado,4,779.6,272.88,126.68,Venda
SKU_1777_TUR,02/08/2025,E-commerce,1,239.9,50.19,189.71,Venda
SKU_1777_FRE,02/08/2025,Atacado,3,719.7,251.88,155.94,Venda
SKU_1954_ROY,02/08/2025,E-commerce,1,209.9,0.0,209.9,Venda
SKU_1788_MYS,02/08/2025,Varejo,1,249.9,69.54,180.36,Venda
SKU_1754_IVO,02/08/2025,Varejo,1,339.9,62.75,277.15,Venda
SKU_1703_PAS,02/08/2025,Varejo,1,269.9,74.62,195.28,Venda
SKU_1704_PEA,02/08/2025,Atacado,4,1339.6,468.84,217.69,Venda
SKU_1748_BAB,02/08/2025,E-commerce,1,309.9,48.93,260.97,Venda
SKU_1732_WHI,02/08/2025,Varejo,2,2229.8,661.52,784.14,Venda
SKU_1772_BLU,02/08/2025,E-commerce,1,414.9,119.53,295.37,Venda
SKU_1677_POW,02/08/2025,Atacado,2,1139.8,341.94,398.93,Venda
SKU_1918_SKY,02/08/2025,Atacado,6,1199.4,359.82,139.93,Venda
SKU_1720_PAL,02/08/2025,Atacado,4,899.6,269.88,157.43,Venda
SKU_1596_BIR,02/08/2025,Varejo,2,549.8,155.78,197.01,Venda
SKU_1443_BLU,02/08/2025,Varejo,1,269.9,64.96,204.94,Venda
SKU_1754_SER,02/08/2025,Varejo,1,339.9,92.44,247.46,Venda
SKU_1846_PAS,02/08/2025,Atacado,5,1749.5,524.85,244.93,Venda
SKU_1702_COR,02/08/2025,Atacado,10,6199.0,2169.6,402.94,Venda
SKU_1714_DEE,02/08/2025,Atacado,6,1829.4,731.76,182.94,Venda
SKU_1724_PIN,02/08/2025,Atacado,4,4459.6,1560.88,724.68,Venda
SKU_1780_AQU,02/08/2025,E-commerce,2,669.8,161.9,253.95,Venda
SKU_1769_EME,02/08/2025,E-commerce,1,324.9,83.64,241.26,Venda
SKU_1769_EME,02/08/2025,Atacado,5,1624.5,487.35,227.43,Venda
SKU_1739_AQU,02/08/2025,Varejo,2,509.8,128.98,190.41,Venda
SKU_1782_HUN,02/08/2025,Varejo,1,249.9,69.85,180.05,Venda
SKU_1464_BIR,02/08/2025,E-commerce,1,229.9,64.63,165.27,Venda
SKU_1657_SPA,02/08/2025,E-commerce,1,214.9,33.22,181.68,Venda
SKU_1758_CLO,02/08/2025,Varejo,3,539.7,84.36,151.78,Venda
SKU_2087_DEN,02/08/2025,Varejo,1,249.9,0.0,249.9,Venda
SKU_1685_BIR,02/08/2025,Atacado,5,3324.5,997.35,465.43,Venda
SKU_1779_LIG,02/08/2025,Atacado,2,429.8,171.92,128.94,Venda
SKU_1796_OLI,02/08/2025,Varejo,4,2019.6,561.88,364.43,Venda
SKU_1634_NAV,02/08/2025,Atacado,3,2939.7,1175.88,587.94,Venda
SKU_1744_LIG,02/08/2025,Atacado,4,1059.6,317.88,185.43,Venda
SKU_1777_TUR,02/08/2025,Varejo,1,239.9,59.2,180.7,Venda
SKU_1522_BIR,02/08/2025,Atacado,4,599.6,209.84,97.44,Venda
SKU_1717_MIN,02/08/2025,E-commerce,1,259.9,76.39,183.51,Venda
SKU_1710_MEX,02/08/2025,Varejo,2,1619.8,400.38,609.71,Venda
SKU_1984_PIN,02/08/2025,Atacado,3,899.7,269.91,209.93,Venda
SKU_2050_MOS,02/08/2025,Varejo,1,454.9,0.0,454.9,Venda
SKU_1740_OLI,02/08/2025,Varejo,2,429.8,112.72,158.54,Venda
SKU_1419_FLA,02/08/2025,Atacado,5,1249.5,437.3,162.44,Venda
SKU_1409_PEA,02/08/2025,Varejo,1,209.9,61.21,148.69,Venda
SKU_1723_MOS,02/08/2025,Atacado,5,2174.5,761.05,282.69,Venda
SKU_1988_WHI,02/08/2025,Varejo,2,849.8,0.0,424.9,Venda
SKU_1414_CLO,02/08/2025,Atacado,4,1359.6,475.84,220.94,Venda
SKU_1721_FRE,02/08/2025,Atacado,8,3359.2,1175.68,272.94,Venda
SKU_1684_SHO,02/08/2025,E-commerce,1,184.9,39.37,145.53,Venda
SKU_1738_BLU,02/08/2025,Atacado,5,974.5,292.35,136.43,Venda
SKU_1795_HUN,02/08/2025,Atacado,3,899.7,314.88,194.94,Venda
SKU_1781_AQU,02/08/2025,Atacado,3,389.7,155.88,77.94,Venda
SKU_1736_JAD,02/08/2025,E-commerce,1,324.9,49.87,275.03,Venda
SKU_1436_BLU,02/08/2025,Atacado,12,3358.8,1175.52,181.94,Venda
SKU_1743_DEE,02/08/2025,Varejo,1,439.9,121.33,318.57,Venda
SKU_1682_BIR,02/08/2025,Atacado,5,1174.5,352.35,164.43,Venda
SKU_1760_PAS,02/08/2025,Varejo,3,749.7,205.26,181.48,Venda
SKU_2010_SPA,02/08/2025,Varejo,1,919.9,0.0,919.9,Venda
SKU_2057_VAN,02/08/2025,Atacado,6,5669.4,1700.82,661.43,Venda
SKU_1724_PIN,02/08/2025,E-commerce,2,2229.8,442.58,893.61,Venda
SKU_1715_JAD,02/08/2025,Atacado,3,659.7,230.88,142.94,Venda
SKU_2022_ROY,02/08/2025,Atacado,2,559.8,195.92,181.94,Venda
SKU_1799_POW,02/08/2025,Atacado,4,1079.6,377.84,175.44,Venda
SKU_1782_HUN,02/08/2025,Atacado,8,1999.2,699.68,162.44,Venda
SKU_1751_BLU,02/08/2025,Varejo,1,329.9,73.18,256.72,Venda
SKU_1766_CLE,02/08/2025,E-commerce,1,394.9,104.94,289.96,Venda
SKU_1619_PAS,02/08/2025,Atacado,6,1199.4,479.76,119.94,Venda
SKU_1400_PAL,02/08/2025,Atacado,10,2099.0,734.6,136.44,Venda
SKU_1661_CER,02/08/2025,Atacado,5,4949.5,1979.8,593.94,Venda
SKU_2036_SPA,02/08/2025,Atacado,6,1439.4,503.76,155.94,Venda
SKU_1996_BLA,02/08/2025,Atacado,5,1224.5,428.6,159.18,Venda
SKU_1694_SER,02/08/2025,Varejo,1,279.9,67.32,212.58,Venda
SKU_1684_SHO,02/08/2025,Atacado,4,739.6,221.88,129.43,Venda
SKU_1784_EGR,02/08/2025,Atacado,6,1859.4,557.82,216.93,Venda
SKU_1553_HOT,02/08/2025,E-commerce,1,254.9,57.39,197.51,Venda
SKU_1770_DEE,02/08/2025,Atacado,12,2638.8,791.64,153.93,Venda
SKU_1703_PAS,02/08/2025,Atacado,2,539.8,161.94,188.93,Venda
SKU_1789_EME,02/08/2025,Atacado,5,1349.5,539.8,161.94,Venda
SKU_1753_WHI,02/08/2025,Atacado,8,6319.2,1895.76,552.93,Venda
SKU_1714_DEE,02/08/2025,Atacado,8,2439.2,731.76,213.43,Venda
SKU_1726_PAS,02/08/2025,Atacado,3,1289.7,451.38,279.44,Venda
SKU_1799_DEN,02/08/2025,Atacado,2,539.8,188.92,175.44,Venda
SKU_1711_VAN,02/08/2025,Atacado,5,4974.5,1492.35,696.43,Venda
SKU_1743_CLO,02/08/2025,Varejo,1,439.9,72.8,367.1,Venda
SKU_1683_PAL,02/08/2025,Atacado,5,1574.5,472.35,220.43,Venda
SKU_1663_SNO,02/08/2025,E-commerce,1,794.9,147.42,647.48,Venda
SKU_1698_PRI,02/08/2025,Atacado,6,2519.4,881.76,272.94,Venda
SKU_1758_HON,02/08/2025,E-commerce,1,179.9,52.85,127.05,Venda
SKU_1398_AQU,02/08/2025,Varejo,1,674.9,111.67,563.23,Venda
SKU_1598_DUS,02/08/2025,Atacado,5,2449.5,734.85,342.93,Venda
SKU_1936_WHI,02/08/2025,Atacado,8,1039.2,415.68,77.94,Venda
SKU_1679_GAR,02/08/2025,Atacado,6,5519.4,2207.76,551.94,Venda
SKU_1779_MIN,02/08/2025,E-commerce,1,214.9,47.18,167.72,Venda
SKU_1650_EGR,02/08/2025,Varejo,1,1004.9,253.17,751.73,Venda
SKU_1738_BLU,02/08/2025,Atacado,4,779.6,311.84,116.94,Venda
SKU_1715_JAD,02/08/2025,Atacado,5,1099.5,329.85,153.93,Venda
SKU_1690_MAG,02/08/2025,E-commerce,2,1079.8,166.62,456.59,Venda
SKU_1741_PEA,02/08/2025,Varejo,1,239.9,38.05,201.85,Venda
SKU_1697_MIN,02/08/2025,Atacado,3,659.7,197.91,153.93,Venda
SKU_1698_SNO,02/08/2025,Atacado,3,1259.7,440.88,272.94,Venda
SKU_1752_SPA,02/08/2025,E-commerce,1,429.9,86.51,343.39,Venda
SKU_1738_BLU,02/08/2025,E-commerce,1,194.9,35.34,159.56,Venda
SKU_1736_JAD,02/08/2025,Atacado,4,1299.6,519.84,194.94,Venda
SKU_1738_ROY,02/08/2025,Atacado,6,1169.4,409.32,126.68,Venda
SKU_1481_BLA,02/08/2025,Atacado,12,9718.8,3887.52,485.94,Venda
SKU_1759_CLE,02/08/2025,Atacado,5,1349.5,472.3,175.44,Venda
SKU_1707_SAP,02/08/2025,Atacado,10,2799.0,1119.6,167.94,Venda
SKU_2114_BIR,02/08/2025,Atacado,10,3899.0,1169.7,272.93,Venda
SKU_1548_HOT,02/08/2025,Varejo,1,474.9,110.93,363.97,Venda
SKU_1701_SPA,02/08/2025,Atacado,3,1019.7,407.88,203.94,Venda
SKU_1687_WHI,02/08/2025,E-commerce,3,2699.7,486.69,737.67,Venda
SKU_1704_BAB,02/08/2025,Atacado,2,669.8,200.94,234.43,Venda
SKU_1980_DEN,02/08/2025,Varejo,1,154.9,0.0,154.9,Venda
SKU_1719_OFF,02/08/2025,Atacado,6,1919.4,767.76,191.94,Venda
SKU_1734_BRI,02/08/2025,Atacado,6,2099.4,629.82,244.93,Venda
SKU_1424_BAB,02/08/2025,Atacado,5,4974.5,1741.1,646.68,Venda
SKU_1793_WHI,02/08/2025,Varejo,1,189.9,32.46,157.44,Venda
SKU_1706_JAD,02/08/2025,Atacado,12,2218.8,776.64,120.18,Venda
SKU_1774_COB,02/08/2025,Atacado,3,614.7,184.41,143.43,Venda
SKU_1709_CRE,02/08/2025,Atacado,6,1259.4,377.82,146.93,Venda
SKU_1684_HON,02/08/2025,E-commerce,1,184.9,29.03,155.87,Venda
SKU_1737_DEE,02/08/2025,Atacado,3,2309.7,923.88,461.94,Venda
SKU_1743_CLO,02/08/2025,Atacado,8,3519.2,1055.76,307.93,Venda
SKU_1784_EGR,02/08/2025,E-commerce,1,309.9,75.93,233.97,Venda
SKU_1733_SAG,02/08/2025,Atacado,8,2799.2,1119.68,209.94,Venda
SKU_1570_HON,02/08/2025,Atacado,4,2859.6,1000.84,464.69,Venda
SKU_1958_BLU,02/08/2025,Varejo,2,369.8,0.0,184.9,Venda
SKU_1415_MID,02/08/2025,E-commerce,1,354.9,88.75,266.15,Venda
SKU_1689_MAG,02/08/2025,Atacado,5,4824.5,1447.35,675.43,Venda
SKU_1599_CER,02/08/2025,Atacado,4,1879.6,657.84,305.44,Venda
SKU_2059_SNO,02/08/2025,Atacado,4,2559.6,895.84,415.94,Venda
SKU_1790_ROY,02/08/2025,Varejo,2,519.8,125.66,197.07,Venda
SKU_1424_VAN,02/08/2025,Atacado,4,3979.6,1193.88,696.43,Venda
SKU_1861_DEE,02/08/2025,Atacado,3,584.7,175.41,136.43,Venda
SKU_1795_HUN,02/08/2025,Atacado,2,599.8,179.94,209.93,Venda
SKU_1511_CLE,02/08/2025,Atacado,8,7479.2,3365.6,514.2,Venda
SKU_1983_GAR,02/08/2025,Varejo,1,224.9,0.0,224.9,Venda
SKU_1518_LIM,02/08/2025,Varejo,2,469.8,90.42,189.69,Venda
SKU_2005_TEA,02/08/2025,Varejo,1,179.9,0.0,179.9,Venda
SKU_1728_MID,02/08/2025,Varejo,1,329.9,93.78,236.12,Venda
SKU_1763_HOT,02/08/2025,Varejo,2,599.8,114.26,242.77,Venda
SKU_1503_CER,02/08/2025,Varejo,3,689.7,127.62,187.36,Venda
SKU_1696_SER,02/08/2025,Varejo,1,279.9,61.06,218.84,Venda
SKU_1620_BLU,02/08/2025,Atacado,6,1589.4,556.26,172.19,Venda
SKU_1728_EGR,02/08/2025,Atacado,3,989.7,395.88,197.94,Venda
SKU_1714_DEE,02/08/2025,Atacado,3,914.7,320.13,198.19,Venda
SKU_1763_MAR,02/08/2025,Atacado,8,2399.2,839.68,194.94,Venda
SKU_1701_BLU,02/08/2025,Varejo,2,679.8,114.68,282.56,Venda
SKU_1711_VAN,02/08/2025,E-commerce,1,994.9,239.13,755.77,Venda
SKU_1727_WHI,02/08/2025,E-commerce,1,154.9,35.65,119.25,Venda
SKU_1939_ROS,02/08/2025,E-commerce,1,159.9,11.19,148.71,Venda
SKU_1716_AQU,02/08/2025,Varejo,1,164.9,30.74,134.16,Venda
SKU_1597_FLA,02/08/2025,Atacado,8,4239.2,1271.76,370.93,Venda
SKU_1708_FLA,02/08/2025,Atacado,5,849.5,254.85,118.93,Venda
SKU_1758_CLO,02/08/2025,Varejo,2,359.8,57.16,151.32,Venda
SKU_1689_IVO,02/08/2025,Atacado,4,3859.6,1736.8,530.7,Venda
SKU_1780_AQU,02/08/2025,Varejo,2,669.8,128.84,270.48,Venda
SKU_1685_COB,02/08/2025,Varejo,1,664.9,157.28,507.62,Venda
SKU_1729_CLE,02/08/2025,E-commerce,1,174.9,47.77,127.13,Venda
SKU_1684_SHO,02/08/2025,E-commerce,1,184.9,36.14,148.76,Venda
SKU_1478_COB,02/08/2025,Atacado,10,1949.0,584.7,136.43,Venda
SKU_1438_DEE,02/08/2025,Atacado,4,819.6,327.84,122.94,Venda
SKU_1716_SAL,02/08/2025,Varejo,2,329.8,71.8,129.0,Venda
SKU_1752_SPA,02/08/2025,E-commerce,1,429.9,68.78,361.12,Venda
SKU_1767_PRI,02/08/2025,Varejo,1,204.9,57.24,147.66,Venda
SKU_1987_MYS,02/08/2025,Atacado,4,4479.6,1791.84,671.94,Venda
SKU_1699_COB,02/08/2025,Atacado,4,1319.6,395.88,230.93,Venda
SKU_1772_SNO,02/08/2025,Atacado,10,4149.0,1452.1,269.69,Venda
SKU_1755_BIR,02/08/2025,Atacado,4,1339.6,401.88,234.43,Venda
SKU_1743_DEE,02/08/2025,Varejo,1,439.9,129.14,310.76,Venda
SKU_1719_OFF,02/08/2025,Atacado,5,1599.5,479.85,223.93,Venda
SKU_1794_FLA,02/08/2025,E-commerce,1,209.9,47.02,162.88,Venda
SKU_1707_SAP,02/08/2025,Varejo,1,279.9,70.08,209.82,Venda
SKU_1734_FRE,02/08/2025,Varejo,3,1049.7,167.46,294.08,Venda
SKU_1473_BLU,02/08/2025,Atacado,6,1079.4,377.76,116.94,Venda
SKU_1595_FLA,02/08/2025,Atacado,3,899.7,269.91,209.93,Venda
SKU_1793_WHI,02/08/2025,Atacado,8,1519.2,531.68,123.44,Venda
SKU_1622_CLO,02/08/2025,Atacado,2,539.8,215.92,161.94,Venda
SKU_1970_TUR,02/08/2025,Varejo,1,769.9,0.0,769.9,Venda
SKU_1716_AQU,02/08/2025,E-commerce,1,164.9,27.68,137.22,Venda
SKU_1766_CLE,02/08/2025,Atacado,5,1974.5,691.05,256.69,Venda
SKU_1642_OFF,02/08/2025,Atacado,10,2249.0,674.7,157.43,Venda
SKU_1702_COR,02/08/2025,Varejo,1,619.9,135.15,484.75,Venda
SKU_1690_MYS,02/08/2025,E-commerce,1,539.9,157.71,382.19,Venda
SKU_1585_COR,02/08/2025,Atacado,5,1599.5,559.8,207.94,Venda
SKU_1495_BLA,02/08/2025,Varejo,2,659.8,113.96,272.92,Venda
SKU_1469_SAL,02/08/2025,Varejo,1,294.9,55.1,239.8,Venda
SKU_1617_MIN,02/08/2025,Atacado,5,824.5,247.35,115.43,Venda
SKU_1703_PAS,02/08/2025,E-commerce,1,269.9,46.44,223.46,Venda
SKU_1797_GAR,02/08/2025,Varejo,1,379.9,81.98,297.92,Venda
SKU_1850_DEE,02/08/2025,Atacado,4,819.6,286.88,133.18,Venda
SKU_1529_MIN,02/08/2025,Atacado,10,2449.0,857.2,159.18,Venda
SKU_1664_MIN,02/08/2025,Varejo,1,329.9,97.66,232.24,Venda
SKU_1993_SAP,02/08/2025,Atacado,6,1229.4,368.82,143.43,Venda
SKU_2025_SAP,02/08/2025,Varejo,3,689.7,48.27,213.81,Venda
SKU_1734_FRE,02/08/2025,Atacado,5,1749.5,524.85,244.93,Venda
SKU_1959_WHI,02/08/2025,Varejo,1,739.9,0.0,739.9,Venda
SKU_1711_VAN,02/08/2025,Atacado,5,4974.5,1741.1,646.68,Venda
SKU_1748_BAB,02/08/2025,Varejo,1,309.9,50.52,259.38,Venda
SKU_1532_BRI,02/08/2025,Varejo,1,979.9,150.86,829.04,Venda
SKU_2114_BIR,02/08/2025,Varejo,1,389.9,0.0,389.9,Venda
SKU_1686_SKY,02/08/2025,Varejo,1,214.9,35.0,179.9,Venda
SKU_1778_MIN,02/08/2025,Varejo,1,284.9,76.97,207.93,Venda
SKU_1757_PIN,02/08/2025,E-commerce,1,264.9,71.62,193.28,Venda
SKU_1789_SNO,02/08/2025,Varejo,1,269.9,42.9,227.0,Venda
SKU_1702_COR,02/08/2025,Varejo,1,619.9,163.92,455.98,Venda
SKU_1769_WHI,02/08/2025,Atacado,8,2599.2,909.68,211.19,Venda
SKU_1992_DEE,02/08/2025,Varejo,1,924.9,0.0,924.9,Venda
SKU_1712_MOS,02/08/2025,Varejo,1,179.9,48.34,131.56,Venda
SKU_1787_BAB,02/08/2025,E-commerce,1,289.9,81.43,208.47,Venda
SKU_1774_MOS,02/08/2025,E-commerce,1,204.9,33.39,171.51,Venda
SKU_1746_NAV,02/08/2025,Varejo,1,179.9,43.64,136.26,Venda
SKU_1418_MOS,02/08/2025,Atacado,8,6759.2,2365.68,549.19,Venda
SKU_1724_PIN,02/08/2025,Atacado,12,13378.8,4013.64,780.43,Venda
SKU_1797_BLU,02/08/2025,Varejo,1,379.9,106.2,273.7,Venda
SKU_1756_BUB,02/08/2025,Atacado,10,1799.0,719.6,107.94,Venda
SKU_1759_CLE,02/08/2025,E-commerce,1,269.9,56.61,213.29,Venda
SKU_1736_JAD,02/08/2025,Atacado,12,3898.8,1364.52,211.19,Venda
SKU_1702_COR,02/08/2025,Varejo,2,1239.8,243.44,498.18,Venda
SKU_1542_PEA,02/08/2025,Varejo,1,469.9,111.22,358.68,Venda
SKU_1757_PIN,02/08/2025,Varejo,4,1059.6,243.64,203.99,Venda
SKU_1499_HOT,02/08/2025,Atacado,6,1559.4,545.76,168.94,Venda
SKU_1746_EME,02/08/2025,Atacado,4,719.6,251.84,116.94,Venda
SKU_1689_IVO,02/08/2025,E-commerce,1,964.9,165.15,799.75,Venda
SKU_1718_SEA,02/08/2025,Atacado,5,1849.5,647.3,240.44,Venda
SKU_1703_BLU,02/08/2025,Atacado,2,539.8,242.92,148.44,Venda
SKU_1783_BAB,02/08/2025,Varejo,1,1199.9,323.74,876.16,Venda
SKU_1726_BUB,02/08/2025,Atacado,10,4299.0,1289.7,300.93,Venda
SKU_1500_PAS,02/08/2025,Atacado,3,779.7,272.88,168.94,Venda
SKU_1773_OLI,02/08/2025,Atacado,3,974.7,341.13,211.19,Venda
SKU_1711_VAN,02/08/2025,Atacado,5,4974.5,1492.35,696.43,Venda
SKU_1702_LIG,02/08/2025,Varejo,1,619.9,104.14,515.76,Venda
SKU_1799_POW,02/08/2025,E-commerce,1,269.9,54.48,215.42,Venda
SKU_1563_MEX,02/08/2025,Varejo,2,299.8,88.68,105.56,Venda
SKU_1676_PIN,02/08/2025,Atacado,3,509.7,152.91,118.93,Venda
SKU_1721_FRE,02/08/2025,E-commerce,1,419.9,68.71,351.19,Venda
SKU_1625_GAR,02/08/2025,E-commerce,1,204.9,56.25,148.65,Venda
SKU_1471_ROS,02/08/2025,Atacado,8,1639.2,573.76,133.18,Venda
SKU_1689_MAG,02/08/2025,E-commerce,1,964.9,227.16,737.74,Venda
SKU_1758_CLO,02/08/2025,Atacado,4,719.6,251.84,116.94,Venda
SKU_1716_AQU,02/08/2025,Varejo,4,659.6,120.04,134.89,Venda
SKU_1800_SKY,02/08/2025,Varejo,1,279.9,78.63,201.27,Venda
SKU_2090_LIG,02/08/2025,Atacado,2,529.8,158.94,185.43,Venda
SKU_1798_OFF,02/08/2025,Varejo,1,419.9,94.61,325.29,Venda
SKU_1901_MIN,02/08/2025,Atacado,6,1409.4,493.32,152.68,Venda
SKU_1715_JAD,02/08/2025,E-commerce,1,219.9,49.72,170.18,Venda
SKU_1773_FRE,02/08/2025,Atacado,10,3249.0,1299.6,194.94,Venda
SKU_1712_NAV,02/08/2025,E-commerce,1,179.9,36.48,143.42,Venda
SKU_1767_FUC,02/08/2025,Varejo,1,204.9,58.42,146.48,Venda
SKU_1431_TEA,02/08/2025,E-commerce,1,369.9,85.85,284.05,Venda
SKU_1782_HUN,02/08/2025,Atacado,10,2499.0,999.6,149.94,Venda
SKU_1771_EME,02/08/2025,Varejo,1,264.9,62.23,202.67,Venda
SKU_1653_BAB,02/08/2025,Varejo,2,719.8,151.0,284.4,Venda
SKU_1762_DEN,02/08/2025,Atacado,5,1274.5,446.1,165.68,Venda
SKU_1845_BAL,02/08/2025,Atacado,4,3279.6,983.88,573.93,Venda
SKU_1764_FUC,02/08/2025,Varejo,1,234.9,49.33,185.57,Venda
SKU_1487_CLE,02/08/2025,Atacado,5,1674.5,502.35,234.43,Venda
SKU_1947_CLE,02/08/2025,Atacado,5,2199.5,879.8,263.94,Venda
SKU_1801_MOS,02/08/2025,Atacado,2,749.8,262.42,243.69,Venda
SKU_1709_MAR,02/08/2025,Varejo,1,209.9,40.1,169.8,Venda
SKU_1650_OLI,02/08/2025,Varejo,1,1004.9,234.15,770.75,Venda
SKU_1718_SEA,02/08/2025,Atacado,4,1479.6,443.88,258.93,Venda
SKU_1758_HON,02/08/2025,E-commerce,1,179.9,34.48,145.42,Venda
SKU_1698_PRI,02/08/2025,Varejo,1,419.9,72.84,347.06,Venda
SKU_1764_FUC,02/08/2025,E-commerce,1,234.9,35.49,199.41,Venda
SKU_1776_BIR,02/08/2025,Varejo,1,329.9,86.72,243.18,Venda
SKU_1575_AQU,02/08/2025,Atacado,8,6919.2,2421.68,562.19,Venda
SKU_1769_WHI,02/08/2025,Atacado,6,1949.4,779.76,194.94,Venda
SKU_1754_SER,02/08/2025,Atacado,5,1699.5,594.8,220.94,Venda
SKU_1727_WHI,02/08/2025,Atacado,10,1549.0,542.2,100.68,Venda
SKU_1789_EME,02/08/2025,Atacado,6,1619.4,485.82,188.93,Venda
SKU_1735_MOS,02/08/2025,Atacado,8,2159.2,755.68,175.44,Venda
SKU_1703_PAS,02/08/2025,Varejo,1,269.9,40.84,229.06,Venda
SKU_1487_BRI,02/08/2025,Varejo,1,334.9,75.02,259.88,Venda
SKU_1744_EME,02/08/2025,Atacado,5,1324.5,463.55,172.19,Venda
SKU_1725_OFF,02/08/2025,Varejo,1,244.9,57.74,187.16,Venda
SKU_1397_BUB,02/08/2025,Varejo,1,234.9,68.99,165.91,Venda
SKU_1699_CLO,02/08/2025,Varejo,1,329.9,87.25,242.65,Venda
SKU_1703_PAS,02/08/2025,Atacado,5,1349.5,472.3,175.44,Venda
SKU_1683_PAL,02/08/2025,Atacado,6,1889.4,661.26,204.69,Venda
SKU_1731_MIN,02/08/2025,E-commerce,1,909.9,152.37,757.53,Venda
SKU_1753_WHI,02/08/2025,Varejo,1,789.9,121.14,668.76,Venda
SKU_1774_MOS,02/08/2025,Atacado,2,409.8,122.94,143.43,Venda
SKU_1763_HOT,02/08/2025,Atacado,5,1499.5,449.85,209.93,Venda
SKU_1685_COB,02/08/2025,Atacado,5,3324.5,1163.55,432.19,Venda
SKU_1517_ROS,02/08/2025,E-commerce,1,1199.9,266.61,933.29,Venda
SKU_1564_BLA,02/08/2025,Atacado,10,5899.0,2064.6,383.44,Venda
SKU_1725_OFF,02/08/2025,Varejo,2,489.8,128.7,180.55,Venda
SKU_1654_CRE,02/08/2025,Atacado,4,1239.6,433.84,201.44,Venda
SKU_1883_ARM,02/08/2025,Varejo,1,224.9,0.0,224.9,Venda
SKU_1696_SHO,02/08/2025,Atacado,3,839.7,293.88,181.94,Venda
SKU_1774_COB,02/08/2025,Varejo,2,409.8,121.14,144.33,Venda
SKU_1991_GAR,02/08/2025,Varejo,1,299.9,0.0,299.9,Venda
SKU_1542_PEA,02/08/2025,Atacado,5,2349.5,822.3,305.44,Venda
SKU_1747_FUC,02/08/2025,Varejo,1,174.9,49.72,125.18,Venda
SKU_1753_WHI,02/08/2025,Varejo,2,1579.8,376.14,601.83,Venda
SKU_1708_FLA,02/08/2025,Varejo,1,169.9,43.96,125.94,Venda
SKU_2084_MAR,02/08/2025,Atacado,2,509.8,178.44,165.68,Venda
SKU_1741_PIN,02/08/2025,Varejo,1,239.9,62.52,177.38,Venda
SKU_1691_ROS,02/08/2025,E-commerce,1,309.9,60.05,249.85,Venda
SKU_1695_LIM,02/08/2025,E-commerce,1,209.9,31.7,178.2,Venda
SKU_1665_RAS,02/08/2025,Atacado,3,749.7,337.38,137.44,Venda
SKU_1686_SKY,02/08/2025,Atacado,4,859.6,257.88,150.43,Venda
SKU_1753_PAL,02/08/2025,Atacado,6,4739.4,1421.82,552.93,Venda
SKU_1788_MYS,02/08/2025,E-commerce,2,499.8,142.5,178.65,Venda
SKU_1794_FLA,02/08/2025,Atacado,5,1049.5,419.8,125.94,Venda
SKU_1719_WHI,02/08/2025,Atacado,6,1919.4,575.82,223.93,Venda
SKU_1790_ROY,02/08/2025,Varejo,2,519.8,79.02,220.39,Venda
SKU_1775_PAS,02/08/2025,Varejo,2,559.8,128.16,215.82,Venda
SKU_1728_EGR,02/08/2025,Varejo,1,329.9,89.03,240.87,Venda
SKU_1483_WHI,02/08/2025,Atacado,8,2599.2,909.68,211.19,Venda
SKU_1700_PIS,02/08/2025,Atacado,10,6999.0,2449.6,454.94,Venda
SKU_1767_FUC,02/08/2025,Varejo,1,204.9,47.89,157.01,Venda
SKU_1791_IVO,02/08/2025,Atacado,2,529.8,185.42,172.19,Venda
SKU_1696_SER,02/08/2025,Varejo,1,279.9,67.75,212.15,Venda
SKU_1714_MID,02/08/2025,Atacado,10,3049.0,914.7,213.43,Venda
SKU_1700_PIS,02/08/2025,Varejo,1,699.9,147.57,552.33,Venda
SKU_1791_IVO,02/08/2025,Varejo,1,264.9,60.98,203.92,Venda
SKU_2007_SAG,02/08/2025,Varejo,1,209.9,0.0,209.9,Venda
SKU_1672_TEA,02/08/2025,E-commerce,1,294.9,72.95,221.95,Venda
SKU_1701_BLU,02/08/2025,Varejo,2,679.8,135.84,271.98,Venda
SKU_1793_WHI,02/08/2025,Varejo,1,189.9,37.57,152.33,Venda
SKU_1686_SKY,02/08/2025,Varejo,1,214.9,62.51,152.39,Venda
SKU_1704_PEA,02/08/2025,Atacado,4,1339.6,401.88,234.43,Venda
SKU_1529_HUN,02/08/2025,Varejo,3,734.7,128.31,202.13,Venda
SKU_1732_OFF,02/08/2025,Varejo,3,3344.7,571.05,924.55,Venda
SKU_1579_SAG,02/08/2025,Atacado,8,1839.2,551.76,160.93,Venda
SKU_1865_CRE,02/08/2025,Atacado,6,1499.4,524.76,162.44,Venda
SKU_1791_IVO,02/08/2025,Atacado,5,1324.5,463.55,172.19,Venda
SKU_1727_LIG,02/08/2025,Varejo,1,154.9,45.12,109.78,Venda
SKU_1715_JAD,02/08/2025,Atacado,4,879.6,307.84,142.94,Venda
SKU_1785_PAS,02/08/2025,Atacado,8,1959.2,587.76,171.43,Venda
SKU_1641_SER,02/08/2025,Atacado,5,1624.5,649.8,194.94,Venda
SKU_1644_PEA,02/08/2025,Varejo,1,319.9,64.13,255.77,Venda
SKU_1777_FRE,02/08/2025,Atacado,5,1199.5,359.85,167.93,Venda
SKU_1873_BLA,02/08/2025,Atacado,4,1799.6,539.88,314.93,Venda
SKU_1753_PAL,02/08/2025,Varejo,1,789.9,197.68,592.22,Venda
SKU_1723_COB,02/08/2025,Atacado,5,2174.5,761.05,282.69,Venda
SKU_1861_SAP,02/08/2025,Atacado,4,779.6,233.88,136.43,Venda
SKU_1703_BLU,02/08/2025,Atacado,6,1619.4,566.76,175.44,Venda
SKU_1580_WHI,02/08/2025,Varejo,1,189.9,40.05,149.85,Venda
SKU_1704_BAB,02/08/2025,Varejo,1,334.9,54.04,280.86,Venda
SKU_1788_MYS,02/08/2025,Varejo,1,249.9,42.84,207.06,Venda
SKU_1393_SKY,02/08/2025,Varejo,3,929.7,162.36,255.78,Venda
SKU_1789_SNO,02/08/2025,Atacado,10,2699.0,1079.6,161.94,Venda
SKU_1716_AQU,02/08/2025,Atacado,2,329.8,115.44,107.18,Venda
SKU_1725_OFF,02/08/2025,Atacado,3,734.7,220.41,171.43,Venda
SKU_1748_COB,02/08/2025,Atacado,10,3099.0,1084.6,201.44,Venda
SKU_1472_MYS,02/08/2025,Atacado,3,1409.7,563.88,281.94,Venda
SKU_1747_FUC,02/08/2025,Varejo,1,174.9,39.88,135.02,Venda
SKU_1580_WHI,02/08/2025,Atacado,8,1519.2,531.68,123.44,Venda
SKU_1710_OLI,02/08/2025,Varejo,3,2429.7,537.93,630.59,Venda
SKU_1708_FRE,02/08/2025,Atacado,5,849.5,254.85,118.93,Venda
SKU_1686_MOS,02/08/2025,Varejo,1,214.9,54.54,160.36,Venda
SKU_1756_BUB,02/08/2025,Varejo,1,179.9,47.07,132.83,Venda
SKU_1728_EGR,02/08/2025,E-commerce,2,659.8,167.92,245.94,Venda
SKU_1495_BLA,02/08/2025,E-commerce,1,329.9,52.39,277.51,Venda
SKU_1761_SAP,02/08/2025,Atacado,5,5524.5,1657.35,773.43,Venda
SKU_1783_EGR,02/08/2025,Atacado,4,4799.6,1919.84,719.94,Venda
SKU_1682_BIR,02/08/2025,Varejo,1,234.9,47.44,187.46,Venda
SKU_1819_DEE,02/08/2025,Varejo,2,689.8,0.0,344.9,Venda
SKU_1481_BLA,02/08/2025,E-commerce,1,809.9,144.79,665.11,Venda
SKU_1519_TEA,02/08/2025,Atacado,5,3149.5,1102.3,409.44,Venda
SKU_1690_MAG,02/08/2025,E-commerce,1,539.9,108.75,431.15,Venda
SKU_1793_WHI,02/08/2025,Atacado,5,949.5,332.3,123.44,Venda
SKU_1524_DEN,02/08/2025,Varejo,1,369.9,86.79,283.11,Venda
SKU_1752_SPA,02/08/2025,Atacado,3,1289.7,386.91,300.93,Venda
SKU_1670_PEA,02/08/2025,Atacado,4,579.6,173.88,101.43,Venda
SKU_1769_EME,02/08/2025,Varejo,3,974.7,287.19,229.17,Venda
SKU_1639_WHI,02/08/2025,Varejo,1,189.9,42.4,147.5,Venda
SKU_1648_RAS,02/08/2025,Varejo,1,699.9,131.72,568.18,Venda
SKU_1727_LIG,02/08/2025,Atacado,5,774.5,271.1,100.68,Venda
SKU_1743_CLO,02/08/2025,Varejo,1,439.9,88.52,351.38,Venda
SKU_1641_MEX,02/08/2025,Varejo,1,324.9,64.71,260.19,Venda
SKU_1699_COB,02/08/2025,Varejo,1,329.9,84.54,245.36,Venda
SKU_1985_PAS,02/08/2025,Atacado,10,4099.0,1844.6,225.44,Venda
SKU_1722_AQU,02/08/2025,Atacado,4,1299.6,389.88,227.43,Venda
SKU_1681_PIS,02/08/2025,Atacado,8,1879.2,657.76,152.68,Venda
SKU_1824_COR,02/08/2025,Varejo,1,359.9,0.0,359.9,Venda
SKU_1762_BRI,02/08/2025,Atacado,6,1529.4,535.32,165.68,Venda
SKU_1802_OLI,02/08/2025,Atacado,4,2979.6,893.88,521.43,Venda
SKU_1722_AQU,02/08/2025,Varejo,3,974.7,155.88,272.94,Venda
SKU_1775_PAL,02/08/2025,Atacado,8,2239.2,671.76,195.93,Venda
SKU_1716_SAL,02/08/2025,Varejo,1,164.9,34.45,130.45,Venda
SKU_1778_MIN,02/08/2025,E-commerce,1,284.9,65.27,219.63,Venda
SKU_1937_BUB,02/08/2025,Varejo,1,209.9,0.0,209.9,Venda
SKU_1685_BIR,02/08/2025,Atacado,5,3324.5,1329.8,398.94,Venda
SKU_1732_OFF,02/08/2025,Atacado,8,8919.2,2675.76,780.43,Venda
SKU_1472_EME,02/08/2025,Atacado,10,4699.0,1879.6,281.94,Venda
SKU_1783_EGR,02/08/2025,Atacado,5,5999.5,1799.85,839.93,Venda
SKU_1777_TUR,02/08/2025,Atacado,12,2878.8,863.64,167.93,Venda
SKU_1569_WHI,02/08/2025,Atacado,4,879.6,351.84,131.94,Venda
SKU_1705_JAD,02/08/2025,Atacado,3,1229.7,430.38,266.44,Venda
SKU_1703_BLU,02/08/2025,Atacado,5,1349.5,472.3,175.44,Venda
SKU_1690_MAG,02/08/2025,Atacado,4,2159.6,755.84,350.94,Venda
SKU_1487_CLE,02/08/2025,Varejo,1,334.9,68.3,266.6,Venda
SKU_1755_AQU,02/08/2025,Atacado,12,4018.8,1607.52,200.94,Venda
SKU_1690_MYS,02/08/2025,Atacado,8,4319.2,1295.76,377.93,Venda
SKU_1542_PEA,02/08/2025,Varejo,2,939.8,274.86,332.47,Venda
SKU_1703_PAS,02/08/2025,Atacado,3,809.7,323.88,161.94,Venda
SKU_1686_MOS,02/08/2025,E-commerce,1,214.9,50.53,164.37,Venda
SKU_1716_AQU,02/08/2025,Varejo,4,659.6,184.52,118.77,Venda
SKU_1772_SNO,02/08/2025,Atacado,4,1659.6,497.88,290.43,Venda
SKU_1677_VAN,02/08/2025,Varejo,2,1139.8,260.28,439.76,Venda
SKU_1463_DUS,02/08/2025,Varejo,1,259.9,48.75,211.15,Venda
SKU_1725_BAB,02/08/2025,Atacado,10,2449.0,857.2,159.18,Venda
SKU_1453_PRI,02/08/2025,Varejo,1,234.9,63.15,171.75,Venda
SKU_1745_FOR,02/08/2025,Atacado,4,1639.6,491.88,286.93,Venda
SKU_1999_COB,02/08/2025,Atacado,3,704.7,246.66,152.68,Venda
SKU_1394_FOR,02/08/2025,Atacado,5,2349.5,822.3,305.44,Venda
SKU_1694_SER,02/08/2025,Varejo,1,279.9,69.72,210.18,Venda
SKU_1704_BAB,02/08/2025,Atacado,8,2679.2,803.76,234.43,Venda
SKU_1466_PRI,02/08/2025,E-commerce,1,269.9,70.8,199.1,Venda
SKU_1659_MOS,02/08/2025,Varejo,1,1024.9,299.3,725.6,Venda
SKU_1690_MYS,02/08/2025,Atacado,5,2699.5,809.85,377.93,Venda
SKU_1779_LIG,02/08/2025,Atacado,6,1289.4,451.32,139.68,Venda
SKU_1585_BLA,02/08/2025,Varejo,1,319.9,50.28,269.62,Venda
SKU_1773_FRE,02/08/2025,Varejo,1,324.9,62.04,262.86,Venda
SKU_1480_SNO,02/08/2025,E-commerce,1,369.9,62.3,307.6,Venda
SKU_1783_BAB,02/08/2025,Atacado,5,5999.5,2399.8,719.94,Venda
SKU_1717_MIN,02/08/2025,Atacado,6,1559.4,623.76,155.94,Venda
SKU_1708_FLA,02/08/2025,Varejo,1,169.9,47.91,121.99,Venda
SKU_1751_BLU,02/08/2025,Varejo,2,659.8,169.68,245.06,Venda
SKU_1770_DEE,02/08/2025,Varejo,1,219.9,39.72,180.18,Venda
SKU_1682_OLI,02/08/2025,Varejo,1,234.9,69.6,165.3,Venda
SKU_1691_ROS,02/08/2025,E-commerce,1,309.9,73.18,236.72,Venda
SKU_1685_COB,02/08/2025,Atacado,3,1994.7,698.13,432.19,Venda
SKU_1719_OFF,02/08/2025,Varejo,1,319.9,52.38,267.52,Venda
SKU_1772_SNO,02/08/2025,Atacado,5,2074.5,933.5,228.2,Venda
SKU_1438_DEE,02/08/2025,Atacado,6,1229.4,368.82,143.43,Venda
SKU_1716_SAL,02/08/2025,Varejo,1,164.9,48.16,116.74,Venda
SKU_1614_VAN,02/08/2025,Atacado,3,1334.7,467.13,289.19,Venda
SKU_1448_SEA,02/08/2025,Atacado,2,359.8,107.94,125.93,Venda
SKU_1781_CLE,02/08/2025,Atacado,4,519.6,181.84,84.44,Venda
SKU_1748_COB,02/08/2025,Varejo,1,309.9,65.87,244.03,Venda
SKU_1759_CLE,02/08/2025,E-commerce,1,269.9,59.78,210.12,Venda
SKU_1910_MYS,02/08/2025,Atacado,8,5999.2,2399.68,449.94,Venda
SKU_1680_NAV,02/08/2025,Atacado,2,669.8,234.42,217.69,Venda
SKU_1434_MIN,02/08/2025,Varejo,1,209.9,51.95,157.95,Venda
SKU_1717_CRE,02/08/2025,Atacado,4,1039.6,311.88,181.93,Venda
SKU_1770_DEE,02/08/2025,Varejo,2,439.8,72.32,183.74,Venda
SKU_1741_PEA,02/08/2025,Varejo,1,239.9,50.26,189.64,Venda
SKU_1798_MOS,02/08/2025,Atacado,5,2099.5,629.85,293.93,Venda
SKU_1544_PEA,02/08/2025,Atacado,4,799.6,239.88,139.93,Venda
SKU_1502_VAN,02/08/2025,E-commerce,1,209.9,38.49,171.41,Venda
SKU_1689_MAG,02/08/2025,Varejo,4,3859.6,860.88,749.68,Venda
SKU_1781_AQU,02/08/2025,Varejo,2,259.8,71.76,94.02,Venda
SKU_1801_FLA,02/08/2025,Varejo,1,374.9,96.72,278.18,Venda
SKU_1683_PAL,02/08/2025,Atacado,2,629.8,188.94,220.43,Venda
SKU_1819_DEE,02/08/2025,E-commerce,1,344.9,0.0,344.9,Venda
SKU_2003_FOR,02/08/2025,Atacado,4,959.6,335.84,155.94,Venda
SKU_1736_JAD,02/08/2025,Atacado,4,1299.6,454.84,211.19,Venda
SKU_1764_MAR,02/08/2025,Atacado,10,2349.0,822.2,152.68,Venda
SKU_1733_SAG,02/08/2025,Atacado,4,1399.6,489.84,227.44,Venda
SKU_1730_MIN,02/08/2025,Atacado,6,1919.4,671.76,207.94,Venda
SKU_1795_RAS,02/08/2025,Atacado,3,899.7,269.91,209.93,Venda
SKU_1684_SHO,02/08/2025,Atacado,10,1849.0,647.2,120.18,Venda
SKU_1941_MIN,02/08/2025,Atacado,8,8399.2,3779.68,577.44,Venda
SKU_1721_COR,02/08/2025,Varejo,1,419.9,111.17,308.73,Venda
SKU_1771_PIN,02/08/2025,Atacado,6,1589.4,556.26,172.19,Venda
SKU_1495_FUC,02/08/2025,Varejo,1,329.9,90.52,239.38,Venda
SKU_1732_OFF,02/08/2025,Atacado,3,3344.7,1003.41,780.43,Venda
SKU_1793_WHI,02/08/2025,Varejo,1,189.9,51.9,138.0,Venda
SKU_1769_WHI,02/08/2025,Varejo,1,324.9,75.83,249.07,Venda
SKU_1773_OLI,02/08/2025,E-commerce,1,324.9,66.84,258.06,Venda
SKU_1610_PRI,02/08/2025,Varejo,1,184.9,43.64,141.26,Venda
SKU_1731_MIN,02/08/2025,E-commerce,1,909.9,213.12,696.78,Venda
SKU_1464_BIR,02/08/2025,Atacado,3,689.7,241.38,149.44,Venda
SKU_1663_FLA,02/08/2025,Atacado,12,9538.8,2861.64,556.43,Venda
SKU_1467_OLI,02/08/2025,E-commerce,2,409.8,77.44,166.18,Venda
SKU_1722_AQU,02/08/2025,Varejo,1,324.9,86.65,238.25,Venda
SKU_1714_DEE,02/08/2025,Atacado,8,2439.2,975.68,182.94,Venda
SKU_1681_OFF,02/08/2025,E-commerce,1,234.9,64.82,170.08,Venda
SKU_1740_OLI,02/08/2025,Varejo,1,214.9,38.61,176.29,Venda
SKU_1677_POW,02/08/2025,E-commerce,1,569.9,169.39,400.51,Venda
SKU_1750_SNO,02/08/2025,Atacado,6,2219.4,665.82,258.93,Venda
SKU_1785_HUN,02/08/2025,Atacado,10,2449.0,734.7,171.43,Venda
SKU_1850_DEE,02/08/2025,Atacado,8,1639.2,491.76,143.43,Venda
SKU_1398_AQU,02/08/2025,Varejo,1,674.9,147.95,526.95,Venda
SKU_1737_SAG,02/08/2025,Varejo,2,1539.8,421.56,559.12,Venda
SKU_1435_OLI,02/08/2025,Atacado,3,3029.7,908.91,706.93,Venda
SKU_1795_HUN,02/08/2025,Varejo,1,299.9,76.86,223.04,Venda
SKU_1706_BLA,02/08/2025,Varejo,2,369.8,95.7,137.05,Venda
SKU_1767_FUC,02/08/2025,Varejo,1,204.9,51.06,153.84,Venda
SKU_1755_AQU,02/08/2025,Varejo,2,669.8,139.7,265.05,Venda
SKU_1395_BLA,02/08/2025,Varejo,2,579.8,115.26,232.27,Venda
SKU_1478_TEA,02/08/2025,Varejo,2,389.8,111.62,139.09,Venda
SKU_1774_MOS,02/08/2025,Atacado,12,2458.8,860.64,133.18,Venda
SKU_1784_EGR,02/08/2025,Varejo,2,619.8,157.76,231.02,Venda
SKU_1692_BLU,02/08/2025,Varejo,1,219.9,35.14,184.76,Venda
SKU_1689_MAG,02/08/2025,E-commerce,1,964.9,287.43,677.47,Venda
SKU_1726_PAS,02/08/2025,Atacado,5,2149.5,859.8,257.94,Venda
SKU_1447_OLI,02/08/2025,Atacado,6,1439.4,503.76,155.94,Venda
SKU_1655_SNO,02/08/2025,E-commerce,1,644.9,169.3,475.6,Venda
SKU_1681_PIS,02/08/2025,Atacado,5,1174.5,411.1,152.68,Venda
SKU_2021_SAL,02/08/2025,Atacado,4,759.6,265.84,123.44,Venda
SKU_2098_EME,02/08/2025,E-commerce,1,294.9,0.0,294.9,Venda
SKU_1752_SPA,02/08/2025,Varejo,1,429.9,84.23,345.67,Venda
SKU_1771_PIN,02/08/2025,Varejo,1,264.9,47.26,217.64,Venda
SKU_1718_SEA,02/08/2025,Varejo,1,369.9,65.23,304.67,Venda
SKU_2097_SPA,02/08/2025,Varejo,1,199.9,0.0,199.9,Venda
SKU_1676_NAV,02/08/2025,Atacado,4,679.6,237.84,110.44,Venda
SKU_1728_EGR,02/08/2025,Atacado,6,1979.4,593.82,230.93,Venda
SKU_1791_IVO,02/08/2025,Atacado,4,1059.6,370.84,172.19,Venda
SKU_1679_SHO,02/08/2025,Atacado,6,5519.4,2207.76,551.94,Venda
SKU_1749_SNO,02/08/2025,Atacado,8,2799.2,839.76,244.93,Venda
SKU_1679_SHO,02/08/2025,Varejo,1,919.9,196.05,723.85,Venda
SKU_1692_BLU,02/08/2025,Atacado,3,659.7,230.88,142.94,Venda
SKU_1761_SAP,02/08/2025,Varejo,1,1104.9,231.15,873.75,Venda
SKU_1774_COB,02/08/2025,Varejo,2,409.8,95.52,157.14,Venda
SKU_2015_OLI,02/08/2025,E-commerce,1,314.9,0.0,314.9,Venda
SKU_1689_IVO,02/08/2025,E-commerce,1,964.9,149.48,815.42,Venda
SKU_1735_MOS,02/08/2025,Atacado,4,1079.6,323.88,188.93,Venda
SKU_1739_MOS,02/08/2025,E-commerce,2,509.8,109.98,199.91,Venda
SKU_1726_PAS,02/08/2025,Atacado,8,3439.2,1031.76,300.93,Venda
SKU_1794_FLA,02/08/2025,Atacado,4,839.6,293.84,136.44,Venda
SKU_2069_TEA,02/08/2025,E-commerce,2,439.8,0.0,219.9,Venda
SKU_1798_OFF,02/08/2025,Atacado,2,839.8,293.92,272.94,Venda
SKU_2106_HON,02/08/2025,Atacado,8,1879.2,657.76,152.68,Venda
SKU_1747_TEA,02/08/2025,Varejo,2,349.8,85.3,132.25,Venda
SKU_1685_BIR,02/08/2025,Atacado,5,3324.5,1163.55,432.19,Venda
SKU_1792_AQU,02/08/2025,Atacado,12,5278.8,1847.52,285.94,Venda
SKU_1693_MEX,02/08/2025,Varejo,1,204.9,56.67,148.23,Venda
SKU_1743_DEE,02/08/2025,E-commerce,2,879.8,140.2,369.8,Venda
SKU_1684_SHO,02/08/2025,Atacado,3,554.7,194.16,120.18,Venda
SKU_1466_SAP,02/08/2025,Varejo,1,269.9,41.92,227.98,Venda
SKU_1652_MOS,02/08/2025,Atacado,2,439.8,153.92,142.94,Venda
SKU_1800_SKY,02/08/2025,Atacado,12,3358.8,1511.52,153.94,Venda
SKU_1563_WHI,02/08/2025,Varejo,1,149.9,40.68,109.22,Venda
SKU_1687_WHI,02/08/2025,E-commerce,1,899.9,212.39,687.51,Venda
SKU_1694_SER,02/08/2025,Atacado,10,2799.0,839.7,195.93,Venda
SKU_1868_ARM,02/08/2025,E-commerce,1,789.9,0.0,789.9,Venda
SKU_2040_MIN,02/08/2025,Varejo,1,294.9,20.64,274.26,Venda
SKU_1518_LIM,02/08/2025,Atacado,6,1409.4,563.76,140.94,Venda
SKU_1743_CLO,02/08/2025,Atacado,2,879.8,307.92,285.94,Venda
SKU_1790_ROY,02/08/2025,Varejo,1,259.9,71.29,188.61,Venda
SKU_1766_MYS,02/08/2025,E-commerce,1,394.9,103.44,291.46,Venda
SKU_1503_VAN,02/08/2025,Atacado,10,2299.0,689.7,160.93,Venda
SKU_1702_COR,02/08/2025,Atacado,4,2479.6,867.84,402.94,Venda
SKU_1531_SNO,02/08/2025,Varejo,2,1099.8,198.42,450.69,Venda
SKU_1746_EME,02/08/2025,Atacado,5,899.5,314.8,116.94,Venda
SKU_1774_MOS,02/08/2025,E-commerce,1,204.9,45.22,159.68,Venda
SKU_1595_FLA,02/08/2025,Atacado,4,1199.6,419.84,194.94,Venda
SKU_1724_PIN,02/08/2025,E-commerce,1,1114.9,195.38,919.52,Venda
SKU_1393_COB,02/08/2025,Atacado,5,1549.5,542.3,201.44,Venda
SKU_1723_COB,02/08/2025,Atacado,4,1739.6,521.88,304.43,Venda
SKU_1692_OLI,02/08/2025,Atacado,4,879.6,307.84,142.94,Venda
SKU_1734_FRE,02/08/2025,Atacado,6,2099.4,734.76,227.44,Venda
SKU_1699_CLO,02/08/2025,Atacado,4,1319.6,395.88,230.93,Venda
SKU_1737_DEE,02/08/2025,Varejo,3,2309.7,491.13,606.19,Venda
SKU_1793_WHI,02/08/2025,E-commerce,1,189.9,37.66,152.24,Venda
SKU_2104_LIG,02/08/2025,Atacado,8,1799.2,719.68,134.94,Venda
SKU_1547_IVO,02/08/2025,Varejo,1,329.9,89.59,240.31,Venda
SKU_1719_OFF,02/08/2025,Atacado,5,1599.5,559.8,207.94,Venda
SKU_1693_FLA,02/08/2025,Atacado,4,819.6,286.88,133.18,Venda
SKU_1990_LIM,02/08/2025,Varejo,2,359.8,0.0,179.9,Venda
SKU_1401_GAR,02/08/2025,E-commerce,1,239.9,40.08,199.82,Venda
SKU_1490_VAN,02/08/2025,Varejo,1,314.9,51.38,263.52,Venda
SKU_1434_MIN,02/08/2025,Atacado,4,839.6,293.84,136.44,Venda
SKU_1728_MID,02/08/2025,Atacado,5,1649.5,577.3,214.44,Venda
SKU_1976_SKY,02/08/2025,Atacado,3,1619.7,647.88,323.94,Venda
SKU_1513_RAS,02/08/2025,Atacado,3,644.7,225.66,139.68,Venda
SKU_1784_EGR,02/08/2025,Atacado,3,929.7,325.38,201.44,Venda
SKU_1739_MOS,02/08/2025,Atacado,5,1274.5,382.35,178.43,Venda
SKU_1776_PAS,02/08/2025,Varejo,3,989.7,153.42,278.76,Venda
SKU_1497_VAN,02/08/2025,E-commerce,1,134.9,25.27,109.63,Venda
SKU_1497_VAN,02/08/2025,Varejo,1,134.9,23.41,111.49,Venda
SKU_1692_OLI,02/08/2025,Atacado,4,879.6,263.88,153.93,Venda
SKU_1742_DEN,02/08/2025,Varejo,1,259.9,57.72,202.18,Venda
SKU_1797_GAR,02/08/2025,Atacado,5,1899.5,664.8,246.94,Venda
SKU_1508_DEE,02/08/2025,Varejo,2,419.8,69.0,175.4,Venda
SKU_1711_ARM,02/08/2025,Atacado,5,4974.5,1989.8,596.94,Venda
SKU_1798_MOS,02/08/2025,Atacado,2,839.8,251.94,293.93,Venda
SKU_1397_SNO,02/08/2025,E-commerce,1,234.9,54.19,180.71,Venda
SKU_1691_ROS,02/08/2025,E-commerce,1,309.9,46.57,263.33,Venda
SKU_1732_WHI,02/08/2025,E-commerce,1,1114.9,213.91,900.99,Venda
SKU_1760_OFF,02/08/2025,Varejo,2,499.8,120.78,189.51,Venda
SKU_1768_PEA,02/08/2025,Varejo,1,624.9,170.87,454.03,Venda
SKU_1741_PIN,02/08/2025,Varejo,1,239.9,48.26,191.64,Venda
SKU_1438_DEE,02/08/2025,Varejo,1,204.9,32.2,172.7,Venda
SKU_1938_PAS,02/08/2025,Varejo,1,899.9,0.0,899.9,Venda
SKU_1739_AQU,02/08/2025,Atacado,3,764.7,229.41,178.43,Venda
SKU_1424_VAN,02/08/2025,Atacado,3,2984.7,1193.88,596.94,Venda
SKU_1743_CLO,02/08/2025,Varejo,1,439.9,115.94,323.96,Venda
SKU_1756_BUB,02/08/2025,Atacado,6,1079.4,377.76,116.94,Venda
SKU_1690_MAG,02/08/2025,Atacado,4,2159.6,863.84,323.94,Venda
SKU_1757_PIN,02/08/2025,Atacado,10,2649.0,927.1,172.19,Venda
SKU_1732_WHI,02/08/2025,Varejo,1,1114.9,310.79,804.11,Venda
SKU_1695_LIM,02/08/2025,Varejo,1,209.9,45.68,164.22,Venda
SKU_1711_ARM,02/08/2025,Atacado,3,2984.7,895.41,696.43,Venda
SKU_1435_OLI,02/08/2025,Atacado,4,4039.6,1615.84,605.94,Venda
SKU_2013_MYS,02/08/2025,Varejo,2,369.8,0.0,184.9,Venda
SKU_1716_SAL,02/08/2025,Atacado,8,1319.2,461.76,107.18,Venda
SKU_1680_SEA,02/08/2025,E-commerce,2,669.8,114.48,277.66,Venda
SKU_1765_MYS,02/08/2025,Varejo,1,259.9,53.18,206.72,Venda
SKU_1536_FRE,02/08/2025,E-commerce,1,344.9,97.31,247.59,Venda
SKU_1740_FRE,02/08/2025,Varejo,1,214.9,62.43,152.47,Venda
SKU_1993_SAP,02/08/2025,Varejo,1,204.9,0.0,204.9,Venda
SKU_1697_MIN,02/08/2025,Atacado,2,439.8,131.94,153.93,Venda
SKU_1704_PEA,02/08/2025,Atacado,8,2679.2,803.76,234.43,Venda
SKU_1687_FOR,02/08/2025,Atacado,3,2699.7,809.91,629.93,Venda
SKU_2031_SNO,02/08/2025,Atacado,3,1049.7,314.91,244.93,Venda
SKU_1895_BRI,02/08/2025,E-commerce,1,194.9,0.0,194.9,Venda
SKU_1756_FLA,02/08/2025,Atacado,3,539.7,215.88,107.94,Venda
SKU_1409_PEA,02/08/2025,Varejo,1,209.9,56.06,153.84,Venda
SKU_2022_SHO,02/08/2025,Varejo,1,279.9,0.0,279.9,Venda
SKU_1792_MIN,02/08/2025,Atacado,5,2199.5,659.85,307.93,Venda
SKU_1722_AQU,02/08/2025,Varejo,1,324.9,65.25,259.65,Venda
SKU_1779_LIG,02/08/2025,Varejo,1,214.9,59.63,155.27,Venda
SKU_1801_MOS,02/08/2025,Atacado,4,1499.6,449.88,262.43,Venda
SKU_1506_BRI,02/08/2025,Atacado,3,689.7,241.38,149.44,Venda
SKU_1762_BRI,02/08/2025,Atacado,4,1019.6,305.88,178.43,Venda
SKU_1743_CLO,02/08/2025,Varejo,3,1319.7,293.61,342.03,Venda
SKU_1741_PIN,02/08/2025,Varejo,1,239.9,49.68,190.22,Venda
SKU_1618_SAP,02/08/2025,Atacado,6,1079.4,431.76,107.94,Venda
SKU_1695_LIM,02/08/2025,Varejo,1,209.9,32.74,177.16,Venda
SKU_1688_LIG,02/08/2025,Atacado,10,4299.0,1289.7,300.93,Venda
SKU_1754_SER,02/08/2025,E-commerce,1,339.9,53.13,286.77,Venda
SKU_1528_PAS,02/08/2025,Atacado,6,1289.4,515.76,128.94,Venda
SKU_1871_WHI,02/08/2025,Varejo,1,199.9,0.0,199.9,Venda
SKU_1593_LIG,02/08/2025,Atacado,6,869.4,260.82,101.43,Venda
SKU_1709_CRE,02/08/2025,Varejo,1,209.9,47.42,162.48,Venda
SKU_1761_MOS,02/08/2025,Atacado,4,4419.6,1546.88,718.18,Venda
SKU_1829_HUN,02/08/2025,Atacado,4,1039.6,363.84,168.94,Venda
SKU_1568_FRE,02/08/2025,Atacado,4,939.6,281.88,164.43,Venda
SKU_1747_TEA,02/08/2025,Atacado,4,699.6,244.88,113.68,Venda
SKU_1803_SER,02/08/2025,E-commerce,2,399.8,0.0,199.9,Venda
SKU_1662_LIG,02/08/2025,Varejo,4,799.6,217.48,145.53,Venda
SKU_1763_MAR,02/08/2025,E-commerce,1,299.9,83.75,216.15,Venda
SKU_1743_CLO,02/08/2025,Varejo,1,439.9,88.76,351.14,Venda
SKU_1772_BLU,02/08/2025,Varejo,2,829.8,207.54,311.13,Venda
SKU_1779_LIG,02/08/2025,Atacado,8,1719.2,687.68,128.94,Venda
SKU_1772_BLU,02/08/2025,Atacado,3,1244.7,497.88,248.94,Venda
SKU_1699_COB,02/08/2025,Atacado,10,3299.0,1154.6,214.44,Venda
SKU_1471_ROS,02/08/2025,Varejo,1,204.9,33.43,171.47,Venda
SKU_1789_EME,02/08/2025,Atacado,8,2159.2,755.68,175.44,Venda
SKU_1656_SNO,02/08/2025,Atacado,5,1174.5,411.1,152.68,Venda
SKU_1456_EME,02/08/2025,Atacado,5,1574.5,551.05,204.69,Venda
SKU_1430_JAD,02/08/2025,Atacado,5,899.5,359.8,107.94,Venda
SKU_1686_MOS,02/08/2025,Atacado,6,1289.4,386.82,150.43,Venda
SKU_1936_WHI,02/08/2025,Atacado,4,519.6,155.88,90.93,Venda
SKU_1390_PAS,02/08/2025,Atacado,4,919.6,275.88,160.93,Venda
SKU_1735_COR,02/08/2025,Varejo,1,269.9,67.14,202.76,Venda
SKU_1734_FRE,02/08/2025,Atacado,6,2099.4,629.82,244.93,Venda
SKU_1505_SNO,02/08/2025,Varejo,1,234.9,41.11,193.79,Venda
SKU_1783_BAB,02/08/2025,Atacado,5,5999.5,2099.8,779.94,Venda
SKU_1714_DEE,02/08/2025,Atacado,6,1829.4,731.76,182.94,Venda
SKU_1759_CLE,02/08/2025,Atacado,10,2699.0,1079.6,161.94,Venda
SKU_1701_SPA,02/08/2025,Atacado,8,2719.2,951.68,220.94,Venda
SKU_1684_SHO,02/08/2025,Atacado,3,554.7,194.16,120.18,Venda
SKU_1412_SHO,02/08/2025,Atacado,5,4474.5,1566.05,581.69,Venda
SKU_1760_PAS,02/08/2025,Atacado,12,2998.8,899.64,174.93,Venda
SKU_1771_EME,02/08/2025,Varejo,1,264.9,43.16,221.74,Venda
SKU_1734_FRE,02/08/2025,E-commerce,2,699.8,159.92,269.94,Venda
SKU_1739_MOS,02/08/2025,Varejo,1,254.9,63.09,191.81,Venda
SKU_1687_FOR,02/08/2025,Atacado,8,7199.2,2519.68,584.94,Venda
SKU_1757_PIN,02/08/2025,E-commerce,1,264.9,78.6,186.3,Venda
SKU_1782_NAV,02/08/2025,Varejo,1,249.9,70.49,179.41,Venda
SKU_1726_BUB,02/08/2025,Varejo,1,429.9,112.64,317.26,Venda
SKU_1724_PIN,02/08/2025,Atacado,5,5574.5,1951.1,724.68,Venda
SKU_1728_MID,02/08/2025,Varejo,1,329.9,85.27,244.63,Venda
SKU_1534_MYS,02/08/2025,Atacado,6,1199.4,479.76,119.94,Venda
SKU_2072_BAB,02/08/2025,Varejo,1,269.9,0.0,269.9,Venda
SKU_1781_AQU,02/08/2025,Varejo,1,129.9,27.04,102.86,Venda
SKU_1696_SHO,02/08/2025,E-commerce,1,279.9,43.17,236.73,Venda
SKU_1723_COB,02/08/2025,Varejo,1,434.9,124.93,309.97,Venda
SKU_1696_SHO,02/08/2025,Atacado,12,3358.8,1175.52,181.94,Venda
SKU_1773_OLI,02/08/2025,Varejo,1,324.9,83.59,241.31,Venda
SKU_1718_SEA,02/08/2025,E-commerce,1,369.9,110.66,259.24,Venda
SKU_1424_VAN,02/08/2025,Varejo,1,994.9,152.39,842.51,Venda
SKU_1536_MOS,02/08/2025,E-commerce,1,344.9,81.0,263.9,Venda
SKU_1591_MYS,02/08/2025,Varejo,1,889.9,249.66,640.24,Venda
SKU_1706_JAD,02/08/2025,Varejo,2,369.8,95.86,136.97,Venda
SKU_1741_PIN,02/08/2025,Atacado,4,959.6,287.88,167.93,Venda
SKU_1732_OFF,02/08/2025,Atacado,10,11149.0,4459.6,668.94,Venda
SKU_1726_BUB,02/08/2025,Atacado,2,859.8,257.94,300.93,Venda
SKU_1717_MIN,02/08/2025,Atacado,10,2599.0,1039.6,155.94,Venda
SKU_1412_SHO,02/08/2025,Atacado,8,7159.2,2863.68,536.94,Venda
SKU_1743_CLO,02/08/2025,Varejo,1,439.9,73.12,366.78,Venda
SKU_1785_HUN,02/08/2025,Atacado,6,1469.4,440.82,171.43,Venda
SKU_1750_MIN,02/08/2025,Atacado,3,1109.7,388.38,240.44,Venda
SKU_1701_SPA,02/08/2025,Varejo,2,679.8,153.48,263.16,Venda
SKU_1726_PAS,02/08/2025,Varejo,1,429.9,67.54,362.36,Venda
SKU_1731_ARM,02/08/2025,Atacado,4,3639.6,1091.88,636.93,Venda
SKU_1688_WHI,02/08/2025,E-commerce,1,429.9,122.42,307.48,Venda
SKU_1495_BLA,02/08/2025,Varejo,1,329.9,95.09,234.81,Venda
SKU_1747_TEA,02/08/2025,E-commerce,1,174.9,45.14,129.76,Venda
SKU_1798_OFF,02/08/2025,Atacado,5,2099.5,734.8,272.94,Venda
SKU_1779_MIN,02/08/2025,Varejo,1,214.9,34.95,179.95,Venda
SKU_1799_POW,02/08/2025,Varejo,1,269.9,55.87,214.03,Venda
SKU_1666_FUC,02/08/2025,Atacado,10,7999.0,2799.6,519.94,Venda
SKU_1720_PAL,02/08/2025,Varejo,1,224.9,44.42,180.48,Venda
SKU_1488_IVO,02/08/2025,Atacado,4,1359.6,407.88,237.93,Venda
SKU_1709_MAR,02/08/2025,E-commerce,1,209.9,41.44,168.46,Venda
SKU_1691_HUN,02/08/2025,Varejo,1,309.9,54.82,255.08,Venda
SKU_1767_FUC,02/08/2025,Atacado,3,614.7,215.16,133.18,Venda
SKU_1511_SKY,02/08/2025,Varejo,1,934.9,233.42,701.48,Venda
SKU_1696_SER,02/08/2025,E-commerce,1,279.9,43.3,236.6,Venda
SKU_1749_SNO,02/08/2025,Atacado,6,2099.4,629.82,244.93,Venda
SKU_1699_CLO,02/08/2025,Varejo,1,329.9,50.19,279.71,Venda
SKU_1702_LIG,02/08/2025,Varejo,1,619.9,110.84,509.06,Venda
SKU_1754_IVO,02/08/2025,Atacado,5,1699.5,509.85,237.93,Venda
SKU_1786_POW,02/08/2025,Atacado,3,539.7,188.88,116.94,Venda
SKU_1547_FUC,02/08/2025,Atacado,8,2639.2,1055.68,197.94,Venda
SKU_1627_MOS,02/08/2025,Atacado,5,1649.5,577.3,214.44,Venda
SKU_1787_BAB,02/08/2025,E-commerce,3,869.7,145.65,241.35,Venda
SKU_1578_PAS,02/08/2025,E-commerce,2,249.8,40.26,104.77,Venda
SKU_1766_MYS,02/08/2025,Varejo,2,789.8,216.88,286.46,Venda
SKU_1395_TUR,02/08/2025,E-commerce,1,289.9,45.95,243.95,Venda
SKU_1785_PAS,02/08/2025,E-commerce,1,244.9,67.54,177.36,Venda
SKU_1765_PAS,02/08/2025,Varejo,1,259.9,72.0,187.9,Venda
SKU_2093_MYS,02/08/2025,Atacado,8,1799.2,539.76,157.43,Venda
SKU_1422_MIN,02/08/2025,Atacado,5,1574.5,551.05,204.69,Venda
SKU_1526_POW,02/08/2025,E-commerce,1,169.9,26.63,143.27,Venda
SKU_1451_BIR,02/08/2025,Atacado,4,979.6,293.88,171.43,Venda
SKU_1720_PAS,02/08/2025,Varejo,1,224.9,58.64,166.26,Venda
SKU_1785_HUN,02/08/2025,Atacado,4,979.6,342.88,159.18,Venda
SKU_1710_MEX,02/08/2025,Atacado,3,2429.7,728.91,566.93,Venda
SKU_1799_POW,02/08/2025,Varejo,1,269.9,78.72,191.18,Venda
SKU_1573_SAG,02/08/2025,Varejo,2,2049.8,393.72,828.04,Venda
SKU_1746_NAV,02/08/2025,Varejo,2,359.8,101.74,129.03,Venda
SKU_1704_BAB,02/08/2025,Varejo,1,334.9,90.16,244.74,Venda
SKU_1713_SAL,02/08/2025,Atacado,6,3029.4,1060.26,328.19,Venda
SKU_1792_MIN,02/08/2025,Varejo,1,439.9,118.09,321.81,Venda
SKU_1761_MOS,02/08/2025,Atacado,10,11049.0,3867.2,718.18,Venda
SKU_1744_LIG,02/08/2025,Atacado,5,1324.5,529.8,158.94,Venda
SKU_1795_RAS,02/08/2025,Atacado,4,1199.6,359.88,209.93,Venda
SKU_1714_DEE,02/08/2025,E-commerce,2,609.8,147.58,231.11,Venda
SKU_1446_GAR,02/08/2025,Atacado,4,1079.6,377.84,175.44,Venda
SKU_2059_WHI,02/08/2025,E-commerce,1,639.9,0.0,639.9,Venda
SKU_1726_BUB,02/08/2025,Varejo,2,859.8,151.74,354.03,Venda
SKU_1445_PRI,02/08/2025,E-commerce,1,409.9,118.03,291.87,Venda
SKU_1762_DEN,02/08/2025,E-commerce,1,254.9,61.72,193.18,Venda
SKU_2044_PAS,02/08/2025,Atacado,4,999.6,349.84,162.44,Venda
SKU_1727_LIG,02/08/2025,Atacado,6,929.4,325.32,100.68,Venda
SKU_1739_AQU,02/08/2025,E-commerce,1,254.9,50.4,204.5,Venda
SKU_1753_PAL,02/08/2025,Atacado,5,3949.5,1382.3,513.44,Venda
SKU_1754_SER,02/08/2025,E-commerce,1,339.9,79.75,260.15,Venda
SKU_1490_VAN,02/08/2025,Atacado,4,1259.6,440.84,204.69,Venda
SKU_1741_PIN,02/08/2025,Varejo,4,959.6,260.52,174.77,Venda
SKU_1681_PIS,02/08/2025,Varejo,1,234.9,70.41,164.49,Venda
SKU_1776_BIR,02/08/2025,Varejo,1,329.9,64.92,264.98,Venda
SKU_1551_DUS,02/08/2025,Atacado,6,1319.4,527.76,131.94,Venda
SKU_1699_COB,02/08/2025,Varejo,1,329.9,86.83,243.07,Venda
SKU_1800_MOS,02/08/2025,Atacado,6,1679.4,671.76,167.94,Venda
SKU_1748_COB,02/08/2025,Atacado,6,1859.4,743.76,185.94,Venda
SKU_1904_SNO,02/08/2025,E-commerce,1,744.9,0.0,744.9,Venda
SKU_2010_SPA,02/08/2025,Atacado,2,1839.8,551.94,643.93,Venda
SKU_1610_PRI,02/08/2025,Varejo,1,184.9,34.3,150.6,Venda
SKU_1414_DUS,02/08/2025,E-commerce,1,339.9,64.28,275.62,Venda
SKU_1879_WHI,02/08/2025,E-commerce,1,304.9,0.0,304.9,Venda
SKU_1528_DEN,02/08/2025,Varejo,1,214.9,34.73,180.17,Venda
SKU_1779_MIN,02/08/2025,Atacado,6,1289.4,386.82,150.43,Venda
SKU_1503_CER,02/08/2025,Atacado,4,919.6,367.84,137.94,Venda
SKU_1582_WHI,02/08/2025,Atacado,4,919.6,321.84,149.44,Venda
SKU_1748_BAB,02/08/2025,E-commerce,1,309.9,66.62,243.28,Venda
SKU_1638_PEA,02/08/2025,Atacado,10,11399.0,5129.6,626.94,Venda
SKU_1420_LIM,02/08/2025,Varejo,1,989.9,230.45,759.45,Venda
SKU_1699_CLO,02/08/2025,Atacado,5,1649.5,494.85,230.93,Venda
SKU_1768_MIN,02/08/2025,Atacado,2,1249.8,562.4,343.7,Venda
SKU_1497_FUC,02/08/2025,Varejo,1,134.9,38.12,96.78,Venda
SKU_1682_OLI,02/08/2025,Varejo,1,234.9,46.06,188.84,Venda
SKU_1717_CRE,02/08/2025,Atacado,10,2599.0,1039.6,155.94,Venda
SKU_1684_SHO,02/08/2025,Varejo,2,369.8,96.5,136.65,Venda
SKU_1701_SPA,02/08/2025,Atacado,6,2039.4,713.76,220.94,Venda
SKU_1687_FOR,02/08/2025,Atacado,5,4499.5,1574.8,584.94,Venda
SKU_1766_CLE,02/08/2025,Varejo,3,1184.7,222.66,320.68,Venda
SKU_1696_SHO,02/08/2025,Atacado,5,1399.5,489.8,181.94,Venda
SKU_1719_WHI,02/08/2025,Atacado,3,959.7,287.91,223.93,Venda
SKU_1726_BUB,02/08/2025,Varejo,1,429.9,110.26,319.64,Venda
SKU_1792_MIN,02/08/2025,Atacado,10,4399.0,1319.7,307.93,Venda
SKU_1585_COR,02/08/2025,Atacado,6,1919.4,671.76,207.94,Venda
SKU_1684_HON,02/08/2025,Varejo,1,184.9,42.59,142.31,Venda
SKU_1859_LIG,02/08/2025,Atacado,3,1289.7,386.91,300.93,Venda
SKU_2039_OLI,02/08/2025,Atacado,2,2049.8,614.94,717.43,Venda
SKU_1709_CRE,02/08/2025,Varejo,1,209.9,43.7,166.2,Venda
SKU_2084_MAR,02/08/2025,Varejo,2,509.8,0.0,254.9,Venda
SKU_1718_SEA,02/08/2025,Varejo,1,369.9,85.96,283.94,Venda
SKU_1394_FOR,02/08/2025,Atacado,10,4699.0,1409.7,328.93,Venda
SKU_1696_SER,02/08/2025,Varejo,1,279.9,65.65,214.25,Venda
SKU_1654_CRE,02/08/2025,Varejo,1,309.9,88.96,220.94,Venda
SKU_1502_PEA,02/08/2025,Atacado,3,629.7,220.38,136.44,Venda
SKU_1687_FOR,02/08/2025,Atacado,5,4499.5,1349.85,629.93,Venda
SKU_1639_FRE,02/08/2025,Varejo,1,189.9,50.03,139.87,Venda
SKU_1694_PIS,02/08/2025,Atacado,8,2239.2,783.68,181.94,Venda
SKU_1474_DEN,02/08/2025,Atacado,5,5299.5,2119.8,635.94,Venda
SKU_1733_NAV,02/08/2025,Varejo,2,699.8,114.14,292.83,Venda
SKU_1652_TEA,02/08/2025,Atacado,5,1099.5,384.8,142.94,Venda
SKU_1698_PRI,02/08/2025,Atacado,4,1679.6,587.84,272.94,Venda
SKU_1471_LIG,02/08/2025,Varejo,1,204.9,36.55,168.35,Venda
SKU_1685_BIR,02/08/2025,Atacado,8,5319.2,2127.68,398.94,Venda
SKU_1433_SAP,02/08/2025,Atacado,6,1889.4,661.26,204.69,Venda
SKU_1744_LIG,02/08/2025,Atacado,4,1059.6,370.84,172.19,Venda
SKU_1563_MEX,02/08/2025,Atacado,8,1199.2,479.68,89.94,Venda
SKU_1715_JAD,02/08/2025,Atacado,3,659.7,197.91,153.93,Venda
SKU_1788_MYS,02/08/2025,E-commerce,2,499.8,144.26,177.77,Venda
SKU_1790_ROY,02/08/2025,E-commerce,1,259.9,60.14,199.76,Venda
SKU_1799_POW,02/08/2025,Varejo,4,1079.6,255.8,205.95,Venda
SKU_1743_DEE,02/08/2025,Varejo,1,439.9,74.39,365.51,Venda
SKU_1639_FRE,02/08/2025,Varejo,1,189.9,37.96,151.94,Venda
SKU_1689_IVO,02/08/2025,Varejo,1,964.9,163.06,801.84,Venda
SKU_1459_CRE,02/08/2025,Varejo,1,209.9,37.5,172.4,Venda
SKU_1796_SHO,02/08/2025,Varejo,1,504.9,76.76,428.14,Venda
SKU_1738_BLU,02/08/2025,Varejo,2,389.8,78.04,155.88,Venda
SKU_1725_OFF,02/08/2025,Atacado,10,2449.0,857.2,159.18,Venda
SKU_1949_SKY,02/08/2025,Varejo,1,164.9,11.54,153.36,Venda
SKU_1390_SAP,02/08/2025,Atacado,2,459.8,137.94,160.93,Venda
SKU_1956_PEA,02/08/2025,Varejo,1,209.9,14.69,195.21,Venda
SKU_1702_COR,02/08/2025,Atacado,8,4959.2,1487.76,433.93,Venda
SKU_1431_CRE,02/08/2025,Atacado,8,2959.2,887.76,258.93,Venda
SKU_1698_SNO,02/08/2025,Varejo,1,419.9,119.96,299.94,Venda
SKU_1738_ROY,02/08/2025,Atacado,10,1949.0,779.6,116.94,Venda
SKU_1521_MOS,02/08/2025,Atacado,3,569.7,170.91,132.93,Venda
SKU_1743_DEE,02/08/2025,Varejo,1,439.9,74.14,365.76,Venda
SKU_1799_DEN,02/08/2025,E-commerce,1,269.9,63.25,206.65,Venda
SKU_1689_MAG,02/08/2025,Atacado,3,2894.7,1157.88,578.94,Venda
SKU_1748_COB,02/08/2025,Varejo,2,619.8,120.38,249.71,Venda
SKU_1632_SAP,02/08/2025,Varejo,1,184.9,42.12,142.78,Venda
SKU_1735_MOS,02/08/2025,Varejo,1,269.9,58.8,211.1,Venda
SKU_1771_PIN,02/08/2025,Atacado,8,2119.2,635.76,185.43,Venda
SKU_1495_FUC,02/08/2025,Varejo,1,329.9,65.4,264.5,Venda
SKU_1787_BAB,02/08/2025,Varejo,1,289.9,48.08,241.82,Venda
SKU_2102_CLO,02/08/2025,Varejo,1,744.9,0.0,744.9,Venda
SKU_1400_PAL,02/08/2025,Atacado,6,1259.4,440.76,136.44,Venda
SKU_1731_ARM,02/08/2025,Varejo,1,909.9,152.61,757.29,Venda
SKU_1722_PAS,02/08/2025,Varejo,4,1299.6,297.24,250.59,Venda
SKU_1732_WHI,02/08/2025,E-commerce,1,1114.9,223.38,891.52,Venda
SKU_1827_BUB,02/08/2025,Atacado,10,1949.0,584.7,136.43,Venda
SKU_1663_FLA,02/08/2025,Varejo,2,1589.8,432.82,578.49,Venda
SKU_1722_AQU,02/08/2025,Atacado,2,649.8,194.94,227.43,Venda
SKU_1453_PRI,02/08/2025,Atacado,6,1409.4,563.76,140.94,Venda
SKU_1444_OLI,02/08/2025,Atacado,3,719.7,251.88,155.94,Venda
SKU_1544_OLI,02/08/2025,Varejo,2,399.8,115.6,142.1,Venda
SKU_1904_SNO,02/08/2025,Atacado,5,3724.5,1117.35,521.43,Venda
SKU_1710_MEX,02/08/2025,Varejo,2,1619.8,379.86,619.97,Venda
SKU_1813_BLU,02/08/2025,Varejo,1,254.9,0.0,254.9,Venda
SKU_1769_EME,02/08/2025,Atacado,4,1299.6,454.84,211.19,Venda
SKU_1779_MIN,02/08/2025,Atacado,6,1289.4,451.32,139.68,Venda
SKU_1691_ROS,02/08/2025,Varejo,1,309.9,50.81,259.09,Venda
SKU_1780_AQU,02/08/2025,Atacado,8,2679.2,1071.68,200.94,Venda
SKU_1668_DEN,02/08/2025,Varejo,2,539.8,96.84,221.48,Venda
SKU_1723_COB,02/08/2025,Varejo,1,434.9,128.12,306.78,Venda
SKU_1724_PEA,02/08/2025,E-commerce,2,2229.8,654.8,787.5,Venda
SKU_1740_OLI,02/08/2025,Atacado,3,644.7,225.66,139.68,Venda
SKU_1545_TEA,02/08/2025,Atacado,10,2599.0,779.7,181.93,Venda
SKU_1710_OLI,02/08/2025,Atacado,5,4049.5,1214.85,566.93,Venda
SKU_1573_MIN,02/08/2025,Varejo,1,1024.9,259.73,765.17,Venda
SKU_1767_FUC,02/08/2025,Varejo,1,204.9,43.24,161.66,Venda
SKU_1878_ROS,02/08/2025,Atacado,3,1319.7,461.88,285.94,Venda
SKU_1711_VAN,02/08/2025,Varejo,1,994.9,296.27,698.63,Venda
SKU_1694_PIS,02/08/2025,Atacado,4,1119.6,335.88,195.93,Venda
SKU_1711_ARM,02/08/2025,E-commerce,1,994.9,270.38,724.52,Venda
SKU_1742_EME,02/08/2025,Atacado,4,1039.6,415.84,155.94,Venda
SKU_1714_DEE,02/08/2025,E-commerce,1,304.9,88.64,216.26,Venda
SKU_1790_EGR,02/08/2025,Varejo,1,259.9,72.15,187.75,Venda
SKU_1761_MOS,02/08/2025,Atacado,6,6629.4,2320.32,718.18,Venda
SKU_1746_NAV,02/08/2025,E-commerce,1,179.9,34.64,145.26,Venda
SKU_1979_MAR,02/08/2025,Atacado,10,1949.0,584.7,136.43,Venda
SKU_1780_LIG,02/08/2025,Atacado,4,1339.6,468.84,217.69,Venda
SKU_2038_OFF,02/08/2025,Atacado,6,6809.4,2042.82,794.43,Venda
SKU_1788_EME,02/08/2025,Varejo,2,499.8,82.88,208.46,Venda
SKU_1800_MOS,02/08/2025,Atacado,6,1679.4,671.76,167.94,Venda
SKU_1908_BLA,02/08/2025,Varejo,1,314.9,22.04,292.86,Venda
SKU_1731_ARM,02/08/2025,Atacado,8,7279.2,2547.68,591.44,Venda
SKU_1765_MYS,02/08/2025,Atacado,12,3118.8,935.64,181.93,Venda
SKU_1975_PAS,02/08/2025,Varejo,1,444.9,0.0,444.9,Venda
SKU_1719_WHI,02/08/2025,E-commerce,1,319.9,67.54,252.36,Venda
SKU_1719_WHI,02/08/2025,E-commerce,1,319.9,77.28,242.62,Venda
SKU_1691_ROS,02/08/2025,Varejo,1,309.9,69.55,240.35,Venda
SKU_1602_AQU,02/08/2025,Varejo,1,229.9,60.77,169.13,Venda
SKU_1745_FOR,02/08/2025,E-commerce,1,409.9,92.85,317.05,Venda
SKU_1530_PEA,02/08/2025,Atacado,8,1039.2,363.68,84.44,Venda
SKU_1796_SHO,02/08/2025,E-commerce,1,504.9,86.36,418.54,Venda
SKU_1901_LIM,02/08/2025,Atacado,4,939.6,281.88,164.43,Venda
SKU_1707_SAP,02/08/2025,Atacado,10,2799.0,1259.6,153.94,Venda
SKU_1737_DEE,02/08/2025,Atacado,6,4619.4,1385.82,538.93,Venda
SKU_1781_AQU,02/08/2025,E-commerce,3,389.7,70.08,106.54,Venda
SKU_1981_FOR,02/08/2025,Atacado,3,1544.7,617.88,308.94,Venda
SKU_1782_NAV,02/08/2025,Atacado,2,499.8,149.94,174.93,Venda
SKU_1519_BLU,02/08/2025,E-commerce,1,629.9,178.94,450.96,Venda
SKU_1757_PIN,02/08/2025,Varejo,1,264.9,68.7,196.2,Venda
SKU_1634_SAP,02/08/2025,Varejo,1,979.9,245.43,734.47,Venda
SKU_1684_SHO,02/08/2025,Atacado,5,924.5,277.35,129.43,Venda
SKU_1708_FRE,02/08/2025,Atacado,4,679.6,305.84,93.44,Venda
SKU_1794_FLA,02/08/2025,Atacado,5,1049.5,314.85,146.93,Venda
SKU_1770_DEE,02/08/2025,Atacado,4,879.6,263.88,153.93,Venda
SKU_1717_CRE,02/08/2025,Varejo,1,259.9,77.02,182.88,Venda
SKU_1456_EME,02/08/2025,Varejo,1,314.9,62.7,252.2,Venda
SKU_1781_AQU,02/08/2025,Varejo,2,259.8,51.68,104.06,Venda
SKU_1790_EGR,02/08/2025,Atacado,4,1039.6,311.88,181.93,Venda
SKU_1785_PAS,02/08/2025,Atacado,6,1469.4,514.32,159.18,Venda
SKU_1548_HOT,02/08/2025,Varejo,2,949.8,280.94,334.43,Venda
SKU_1561_VAN,02/08/2025,Varejo,1,349.9,59.38,290.52,Venda
SKU_1751_MIN,02/08/2025,Varejo,2,659.8,111.6,274.1,Venda
SKU_1913_MYS,02/08/2025,Atacado,4,779.6,233.88,136.43,Venda
SKU_1669_COR,02/08/2025,Atacado,3,599.7,239.88,119.94,Venda
SKU_1737_DEE,02/08/2025,Varejo,1,769.9,126.58,643.32,Venda
SKU_1731_ARM,02/08/2025,Varejo,1,909.9,205.73,704.17,Venda
SKU_1784_EGR,02/08/2025,Atacado,3,929.7,278.91,216.93,Venda
SKU_1776_PAS,02/08/2025,Atacado,5,1649.5,577.3,214.44,Venda
SKU_1588_CRE,02/08/2025,Varejo,1,489.9,96.48,393.42,Venda
SKU_1708_FRE,02/08/2025,Varejo,1,169.9,50.08,119.82,Venda
SKU_1703_PAS,02/08/2025,Varejo,1,269.9,43.93,225.97,Venda
SKU_1769_WHI,02/08/2025,E-commerce,1,324.9,89.0,235.9,Venda
SKU_1854_NAV,02/08/2025,Atacado,10,1849.0,647.2,120.18,Venda
SKU_1718_SEA,02/08/2025,Varejo,1,369.9,61.6,308.3,Venda
SKU_1611_BRI,02/08/2025,Varejo,1,219.9,59.86,160.04,Venda
SKU_1776_PAS,02/08/2025,Atacado,4,1319.6,395.88,230.93,Venda
SKU_1413_JAD,02/08/2025,Varejo,1,184.9,45.48,139.42,Venda
SKU_1792_AQU,02/08/2025,Atacado,8,3519.2,1231.68,285.94,Venda
SKU_1743_DEE,02/08/2025,Varejo,1,439.9,90.95,348.95,Venda
SKU_1751_BLU,02/08/2025,Atacado,5,1649.5,494.85,230.93,Venda
SKU_1464_BIR,02/08/2025,Varejo,2,459.8,113.22,173.29,Venda
SKU_1575_JAD,02/08/2025,Varejo,2,1729.8,458.58,635.61,Venda
SKU_1476_WHI,02/08/2025,Atacado,5,1374.5,549.8,164.94,Venda
SKU_1457_MAG,02/08/2025,Varejo,1,159.9,33.58,126.32,Venda
SKU_1793_MIN,02/08/2025,Varejo,1,189.9,42.59,147.31,Venda
SKU_1708_FLA,02/08/2025,E-commerce,2,339.8,97.7,121.05,Venda
SKU_1511_SKY,02/08/2025,E-commerce,1,934.9,164.45,770.45,Venda
SKU_1735_COR,02/08/2025,Varejo,2,539.8,130.46,204.67,Venda
SKU_1779_MIN,02/08/2025,E-commerce,1,214.9,37.98,176.92,Venda
SKU_1683_SHO,02/08/2025,E-commerce,1,314.9,51.25,263.65,Venda
SKU_1703_BLU,02/08/2025,E-commerce,1,269.9,46.1,223.8,Venda
SKU_1714_MID,02/08/2025,Varejo,1,304.9,51.48,253.42,Venda
SKU_1571_BIR,02/08/2025,Varejo,2,499.8,140.58,179.61,Venda
SKU_1753_PAL,02/08/2025,Atacado,5,3949.5,1184.85,552.93,Venda
SKU_1723_MOS,02/08/2025,Atacado,10,4349.0,1304.7,304.43,Venda
SKU_1777_FRE,02/08/2025,Varejo,3,719.7,113.88,201.94,Venda
SKU_1693_FLA,02/08/2025,Varejo,2,409.8,87.18,161.31,Venda
SKU_1795_HUN,02/08/2025,Atacado,3,899.7,404.85,164.95,Venda
SKU_1744_EME,02/08/2025,Varejo,1,264.9,60.18,204.72,Venda
SKU_1838_BAL,02/08/2025,E-commerce,1,319.9,0.0,319.9,Venda
SKU_1771_PIN,02/08/2025,Varejo,1,264.9,52.09,212.81,Venda
SKU_1762_BRI,02/08/2025,E-commerce,1,254.9,39.12,215.78,Venda
SKU_1746_NAV,02/08/2025,Atacado,5,899.5,269.85,125.93,Venda
SKU_1702_LIG,02/08/2025,E-commerce,1,619.9,184.68,435.22,Venda
SKU_1781_CLE,02/08/2025,Varejo,1,129.9,21.58,108.32,Venda
SKU_2023_SPA,02/08/2025,Varejo,4,639.6,0.0,159.9,Venda
SKU_1606_SEA,02/08/2025,Varejo,4,4339.6,862.6,869.25,Venda
SKU_1787_BAB,02/08/2025,E-commerce,1,289.9,63.56,226.34,Venda
SKU_1513_RAS,02/08/2025,Atacado,4,859.6,300.88,139.68,Venda
SKU_1738_ROY,02/08/2025,Atacado,6,1169.4,409.32,126.68,Venda
SKU_1736_JAD,02/08/2025,Varejo,1,324.9,65.12,259.78,Venda
SKU_1721_FRE,02/08/2025,E-commerce,1,419.9,112.54,307.36,Venda
SKU_1691_ROS,02/08/2025,Varejo,2,619.8,128.18,245.81,Venda
SKU_1683_SHO,02/08/2025,E-commerce,3,944.7,242.43,234.09,Venda
SKU_1726_BUB,02/08/2025,Atacado,4,1719.6,687.84,257.94,Venda
SKU_1741_PEA,02/08/2025,Atacado,6,1439.4,503.76,155.94,Venda
SKU_1769_EME,02/08/2025,Varejo,1,324.9,92.78,232.12,Venda
SKU_1718_DUS,02/08/2025,Varejo,2,739.8,211.5,264.15,Venda
SKU_1799_DEN,02/08/2025,Varejo,3,809.7,230.67,193.01,Venda
SKU_1739_AQU,02/08/2025,E-commerce,1,254.9,49.75,205.15,Venda
SKU_1749_SNO,02/08/2025,Varejo,1,349.9,56.51,293.39,Venda
SKU_1649_GAR,02/08/2025,E-commerce,1,234.9,42.98,191.92,Venda
SKU_1574_GAR,02/08/2025,Atacado,5,3024.5,1058.55,393.19,Venda
SKU_1569_WHI,02/08/2025,Varejo,1,219.9,63.29,156.61,Venda
SKU_1762_DEN,02/08/2025,Varejo,1,254.9,49.48,205.42,Venda
SKU_1732_WHI,02/08/2025,Atacado,8,8919.2,2675.76,780.43,Venda
SKU_1469_SAL,02/08/2025,Atacado,10,2949.0,1032.1,191.69,Venda
SKU_1691_HUN,02/08/2025,E-commerce,3,929.7,156.6,257.7,Venda
SKU_2028_PAL,02/08/2025,E-commerce,2,489.8,0.0,244.9,Venda
SKU_1743_CLO,02/08/2025,Atacado,6,2639.4,1055.76,263.94,Venda
SKU_1788_MYS,02/08/2025,Varejo,1,249.9,52.33,197.57,Venda
SKU_1763_MAR,02/08/2025,Atacado,4,1199.6,419.84,194.94,Venda
SKU_1771_EME,02/08/2025,Varejo,1,264.9,54.25,210.65,Venda
SKU_1715_JAD,02/08/2025,Atacado,4,879.6,263.88,153.93,Venda
SKU_1691_ROS,02/08/2025,Varejo,4,1239.6,272.28,241.83,Venda
SKU_1738_ROY,02/08/2025,Atacado,3,584.7,175.41,136.43,Venda
SKU_1409_PEA,02/08/2025,E-commerce,1,209.9,52.4,157.5,Venda
SKU_1670_SAP,02/08/2025,Varejo,1,144.9,42.07,102.83,Venda
SKU_1789_EME,02/08/2025,E-commerce,1,269.9,56.66,213.24,Venda
SKU_1780_AQU,02/08/2025,Varejo,1,334.9,61.85,273.05,Venda
SKU_1494_EGR,02/08/2025,Atacado,10,10849.0,3254.7,759.43,Venda
SKU_1537_SAP,02/08/2025,Varejo,1,254.9,76.02,178.88,Venda
SKU_1545_TEA,02/08/2025,Varejo,1,259.9,48.82,211.08,Venda
SKU_2005_FUC,02/08/2025,Varejo,1,179.9,0.0,179.9,Venda
SKU_1783_BAB,02/08/2025,Varejo,2,2399.8,505.86,946.97,Venda
SKU_1794_LIG,02/08/2025,Varejo,1,209.9,36.49,173.41,Venda
SKU_1791_IVO,02/08/2025,Varejo,1,264.9,61.74,203.16,Venda
SKU_1438_MOS,02/08/2025,Atacado,3,614.7,276.6,112.7,Venda
SKU_1681_PIS,02/08/2025,Atacado,3,704.7,211.41,164.43,Venda
SKU_1761_SAP,02/08/2025,Varejo,1,1104.9,239.11,865.79,Venda
SKU_1758_HON,02/08/2025,Atacado,12,2158.8,647.64,125.93,Venda
SKU_1603_PEA,02/08/2025,Atacado,6,4469.4,1340.82,521.43,Venda
SKU_1557_TUR,02/08/2025,Varejo,1,199.9,53.07,146.83,Venda
SKU_1730_MIN,02/08/2025,Varejo,2,639.8,149.78,245.01,Venda
SKU_1676_NAV,02/08/2025,E-commerce,1,169.9,35.15,134.75,Venda
SKU_1546_IVO,02/08/2025,Atacado,4,699.6,209.88,122.43,Venda
SKU_1695_LIM,02/08/2025,Varejo,2,419.8,91.1,164.35,Venda
SKU_1750_SNO,02/08/2025,Atacado,8,2959.2,1183.68,221.94,Venda
SKU_1768_MIN,02/08/2025,Atacado,12,7498.8,2624.52,406.19,Venda
SKU_1716_SAL,02/08/2025,Atacado,12,1978.8,791.52,98.94,Venda
SKU_1658_MYS,02/08/2025,Atacado,4,3519.6,1055.88,615.93,Venda
SKU_1772_BLU,02/08/2025,Varejo,1,414.9,76.12,338.78,Venda
SKU_1801_MOS,02/08/2025,Varejo,1,374.9,92.75,282.15,Venda
SKU_1750_MIN,02/08/2025,Atacado,3,1109.7,332.91,258.93,Venda
SKU_1747_FUC,02/08/2025,Atacado,2,349.8,122.44,113.68,Venda
SKU_1735_MOS,02/08/2025,Varejo,1,269.9,60.34,209.56,Venda
SKU_1723_MOS,02/08/2025,Atacado,4,1739.6,608.84,282.69,Venda
SKU_1741_PIN,02/08/2025,Atacado,4,959.6,431.84,131.94,Venda
SKU_1797_GAR,02/08/2025,Varejo,4,1519.6,236.04,320.89,Venda
SKU_1786_POW,02/08/2025,Atacado,3,539.7,161.91,125.93,Venda
SKU_1767_PRI,02/08/2025,Varejo,4,819.6,165.08,163.63,Venda
SKU_1778_MIN,02/08/2025,E-commerce,1,284.9,72.36,212.54,Venda
SKU_1714_DEE,02/08/2025,Atacado,4,1219.6,426.84,198.19,Venda
SKU_1462_MID,02/08/2025,Varejo,1,364.9,103.9,261.0,Venda
SKU_1759_COB,02/08/2025,E-commerce,1,269.9,44.36,225.54,Venda
SKU_1791_ARM,02/08/2025,Varejo,2,529.8,143.02,193.39,Venda
SKU_1681_OFF,02/08/2025,Varejo,2,469.8,110.88,179.46,Venda
SKU_1704_BAB,02/08/2025,Varejo,3,1004.7,295.53,236.39,Venda
SKU_1590_MYS,02/08/2025,Atacado,10,1899.0,664.6,123.44,Venda
SKU_1746_NAV,02/08/2025,Atacado,2,359.8,143.92,107.94,Venda
SKU_1952_TUR,02/08/2025,E-commerce,1,204.9,0.0,204.9,Venda
SKU_1764_MAR,02/08/2025,Atacado,6,1409.4,563.76,140.94,Venda
SKU_1755_AQU,02/08/2025,Varejo,1,334.9,73.49,261.41,Venda
SKU_1771_PIN,02/08/2025,E-commerce,1,264.9,44.2,220.7,Venda
SKU_1588_PAS,02/08/2025,Varejo,2,979.8,227.8,376.0,Venda
SKU_1784_EGR,02/08/2025,E-commerce,1,309.9,87.48,222.42,Venda
SKU_1701_BLU,02/08/2025,E-commerce,1,339.9,74.4,265.5,Venda
SKU_1762_BRI,02/08/2025,E-commerce,1,254.9,51.72,203.18,Venda
SKU_1463_LIG,02/08/2025,Varejo,1,259.9,69.97,189.93,Venda
SKU_1766_CLE,02/08/2025,Atacado,6,2369.4,829.26,256.69,Venda
SKU_1768_MIN,02/08/2025,Atacado,5,3124.5,1249.8,374.94,Venda
SKU_1681_PIS,02/08/2025,Varejo,2,469.8,112.38,178.71,Venda
SKU_1691_HUN,02/08/2025,E-commerce,1,309.9,91.76,218.14,Venda
SKU_1711_VAN,02/08/2025,Atacado,3,2984.7,1193.88,596.94,Venda
SKU_1439_CER,02/08/2025,E-commerce,1,184.9,36.76,148.14,Venda
SKU_1775_PAL,02/08/2025,Varejo,1,279.9,56.83,223.07,Venda
SKU_1643_PAS,02/08/2025,Atacado,8,1799.2,539.76,157.43,Venda
SKU_1811_BLU,02/08/2025,Varejo,2,1379.8,0.0,689.9,Venda
SKU_1579_DEN,02/08/2025,Atacado,5,1149.5,344.85,160.93,Venda
SKU_1743_CLO,02/08/2025,E-commerce,1,439.9,72.81,367.09,Venda
SKU_1713_SNO,02/08/2025,Varejo,3,1514.7,346.08,389.54,Venda
SKU_1683_SHO,02/08/2025,Atacado,10,3149.0,1102.1,204.69,Venda
SKU_1999_COB,02/08/2025,Atacado,6,1409.4,493.32,152.68,Venda
SKU_1780_AQU,02/08/2025,Atacado,3,1004.7,401.88,200.94,Venda
SKU_1798_MOS,02/08/2025,Varejo,1,419.9,118.12,301.78,Venda
SKU_1722_PAS,02/08/2025,Varejo,3,974.7,223.59,250.37,Venda
SKU_1426_SEA,02/08/2025,E-commerce,1,129.9,31.34,98.56,Venda
SKU_1781_CLE,02/08/2025,Atacado,3,389.7,136.38,84.44,Venda
SKU_1630_LIM,02/08/2025,E-commerce,1,334.9,64.83,270.07,Venda
SKU_1477_CLE,02/08/2025,Atacado,10,2249.0,787.2,146.18,Venda
SKU_1680_SEA,02/08/2025,Varejo,1,334.9,98.64,236.26,Venda
SKU_1700_HUN,02/08/2025,Atacado,8,5599.2,1959.68,454.94,Venda
SKU_1802_DEN,02/08/2025,Atacado,6,4469.4,1787.76,446.94,Venda
SKU_1618_SAL,02/08/2025,Atacado,5,899.5,269.85,125.93,Venda
SKU_1855_FLA,02/08/2025,E-commerce,1,274.9,19.24,255.66,Venda
SKU_1684_HON,02/08/2025,Varejo,1,184.9,28.0,156.9,Venda
SKU_1728_MID,02/08/2025,Varejo,1,329.9,51.47,278.43,Venda
SKU_1416_AQU,02/08/2025,Varejo,3,839.7,189.21,216.83,Venda
SKU_1793_WHI,02/08/2025,Atacado,4,759.6,227.88,132.93,Venda
SKU_1792_AQU,02/08/2025,Atacado,5,2199.5,769.8,285.94,Venda
SKU_1576_BLU,02/08/2025,Atacado,3,734.7,293.88,146.94,Venda
SKU_1697_PIS,02/08/2025,Atacado,2,439.8,175.92,131.94,Venda
SKU_1557_TUR,02/08/2025,Varejo,1,199.9,49.59,150.31,Venda
SKU_1754_IVO,02/08/2025,Atacado,4,1359.6,611.8,186.95,Venda
SKU_1748_COB,02/08/2025,Varejo,1,309.9,53.03,256.87,Venda
SKU_1687_WHI,02/08/2025,Varejo,1,899.9,187.53,712.37,Venda
SKU_1420_LIM,02/08/2025,Atacado,3,2969.7,890.91,692.93,Venda
SKU_1524_DEN,02/08/2025,Atacado,6,2219.4,665.82,258.93,Venda
SKU_2008_HOT,02/08/2025,Atacado,4,979.6,293.88,171.43,Venda
SKU_1580_WHI,02/08/2025,Atacado,3,569.7,199.38,123.44,Venda
SKU_1757_PIN,02/08/2025,Varejo,3,794.7,141.03,217.89,Venda
SKU_1774_MOS,02/08/2025,E-commerce,1,204.9,34.15,170.75,Venda
SKU_1791_ARM,02/08/2025,Varejo,2,529.8,144.58,192.61,Venda
SKU_1703_PAS,02/08/2025,Varejo,2,539.8,89.12,225.34,Venda
SKU_1798_OFF,02/08/2025,Varejo,1,419.9,107.08,312.82,Venda
SKU_1465_CLE,02/08/2025,Varejo,1,314.9,76.08,238.82,Venda
SKU_1417_BIR,02/08/2025,Varejo,1,279.9,80.26,199.64,Venda
SKU_1733_NAV,02/08/2025,Atacado,4,1399.6,489.84,227.44,Venda
SKU_1769_WHI,02/08/2025,Varejo,1,324.9,81.65,243.25,Venda
SKU_1790_EGR,02/08/2025,E-commerce,1,259.9,63.1,196.8,Venda
SKU_1571_BIR,02/08/2025,Varejo,1,249.9,56.29,193.61,Venda
SKU_1687_WHI,02/08/2025,E-commerce,1,899.9,209.51,690.39,Venda
SKU_1726_PAS,02/08/2025,E-commerce,1,429.9,117.48,312.42,Venda
SKU_1724_PIN,02/08/2025,Atacado,2,2229.8,668.94,780.43,Venda
SKU_1689_IVO,02/08/2025,Varejo,1,964.9,156.32,808.58,Venda
SKU_1759_COB,02/08/2025,Varejo,1,269.9,77.46,192.44,Venda
SKU_1599_WHI,02/08/2025,Varejo,1,469.9,98.5,371.4,Venda
SKU_1392_BLU,02/08/2025,Atacado,5,1474.5,516.05,191.69,Venda
SKU_1728_EGR,02/08/2025,Varejo,1,329.9,76.59,253.31,Venda
SKU_1735_MOS,02/08/2025,E-commerce,1,269.9,46.04,223.86,Venda
SKU_1794_FLA,02/08/2025,Varejo,1,209.9,44.12,165.78,Venda
SKU_1772_SNO,02/08/2025,Atacado,6,2489.4,746.82,290.43,Venda
SKU_1793_MIN,02/08/2025,Atacado,8,1519.2,455.76,132.93,Venda
SKU_1669_COR,02/08/2025,Varejo,1,199.9,40.24,159.66,Venda
SKU_1767_PRI,02/08/2025,Atacado,4,819.6,286.88,133.18,Venda
SKU_1690_MYS,02/08/2025,E-commerce,1,539.9,151.62,388.28,Venda
SKU_1706_JAD,02/08/2025,Varejo,1,184.9,41.98,142.92,Venda
SKU_1709_CRE,02/08/2025,Atacado,3,629.7,220.38,136.44,Venda
SKU_1716_SAL,02/08/2025,E-commerce,1,164.9,41.67,123.23,Venda
SKU_1518_CLE,02/08/2025,Varejo,2,469.8,105.96,181.92,Venda
SKU_1698_PRI,02/08/2025,Atacado,10,4199.0,1469.6,272.94,Venda
SKU_1772_SNO,02/08/2025,Atacado,4,1659.6,580.84,269.69,Venda
SKU_1850_DEE,02/08/2025,E-commerce,1,204.9,0.0,204.9,Venda
SKU_1786_POW,02/08/2025,E-commerce,1,179.9,32.72,147.18,Venda
SKU_1608_MID,02/08/2025,Atacado,12,3658.8,1280.52,198.19,Venda
SKU_1940_HUN,02/08/2025,Varejo,3,3254.7,0.0,1084.9,Venda
SKU_1788_MYS,02/08/2025,Atacado,5,1249.5,374.85,174.93,Venda
SKU_1774_MOS,02/08/2025,Atacado,6,1229.4,430.32,133.18,Venda
SKU_1688_LIG,02/08/2025,Varejo,1,429.9,111.02,318.88,Venda
SKU_1733_SAG,02/08/2025,Varejo,1,349.9,75.69,274.21,Venda
SKU_1762_BRI,02/08/2025,Atacado,3,764.7,229.41,178.43,Venda
SKU_1605_VAN,02/08/2025,Varejo,1,219.9,58.25,161.65,Venda
SKU_1769_WHI,02/08/2025,Varejo,1,324.9,70.56,254.34,Venda
SKU_1716_AQU,02/08/2025,Atacado,4,659.6,197.88,115.43,Venda
SKU_1659_MOS,02/08/2025,E-commerce,1,1024.9,295.59,729.31,Venda
SKU_1563_MEX,02/08/2025,Atacado,3,449.7,179.88,89.94,Venda
SKU_1695_CRE,02/08/2025,Atacado,5,1049.5,419.8,125.94,Venda
SKU_1501_OLI,02/08/2025,E-commerce,1,169.9,28.5,141.4,Venda
SKU_1398_SPA,02/08/2025,Varejo,1,674.9,197.75,477.15,Venda
SKU_1796_OLI,02/08/2025,Atacado,6,3029.4,908.82,353.43,Venda
SKU_1708_FLA,02/08/2025,Atacado,5,849.5,297.3,110.44,Venda
SKU_1733_NAV,02/08/2025,Atacado,4,1399.6,489.84,227.44,Venda
SKU_1675_CRE,02/08/2025,Varejo,2,1529.8,415.88,556.96,Venda
SKU_1411_BLU,02/08/2025,Atacado,4,899.6,314.88,146.18,Venda
SKU_1708_FLA,02/08/2025,Atacado,2,339.8,101.94,118.93,Venda
SKU_1715_HON,02/08/2025,E-commerce,1,219.9,50.28,169.62,Venda
SKU_1748_COB,02/08/2025,E-commerce,1,309.9,67.16,242.74,Venda
SKU_1636_SHO,02/08/2025,E-commerce,1,439.9,90.51,349.39,Venda
SKU_1735_MOS,02/08/2025,Varejo,1,269.9,74.57,195.33,Venda
SKU_1693_MEX,02/08/2025,Atacado,5,1024.5,358.6,133.18,Venda
SKU_1632_SAP,02/08/2025,E-commerce,3,554.7,106.14,149.52,Venda
SKU_1441_IVO,02/08/2025,Atacado,3,3464.7,1212.66,750.68,Venda
SKU_2024_LIG,02/08/2025,Varejo,3,1154.7,0.0,384.9,Venda
SKU_1754_SER,02/08/2025,Varejo,2,679.8,179.96,249.92,Venda
SKU_1771_EME,02/08/2025,Varejo,1,264.9,64.07,200.83,Venda
SKU_1648_RAS,02/08/2025,Atacado,10,6999.0,2099.7,489.93,Venda
SKU_1762_DEN,02/08/2025,Varejo,1,254.9,61.51,193.39,Venda
SKU_1606_COB,02/08/2025,Atacado,6,6509.4,2603.76,650.94,Venda
SKU_1759_CLE,02/08/2025,Varejo,1,269.9,64.49,205.41,Venda
SKU_1741_PEA,02/08/2025,E-commerce,1,239.9,64.99,174.91,Venda
SKU_1783_BAB,02/08/2025,E-commerce,1,1199.9,209.41,990.49,Venda
SKU_1736_PAS,02/08/2025,Atacado,6,1949.4,584.82,227.43,Venda
SKU_1397_SNO,02/08/2025,Atacado,4,939.6,281.88,164.43,Venda
SKU_1766_MYS,02/08/2025,Varejo,1,394.9,106.67,288.23,Venda
SKU_1755_BIR,02/08/2025,Atacado,4,1339.6,468.84,217.69,Venda
SKU_1895_PAS,02/08/2025,Atacado,5,974.5,292.35,136.43,Venda
SKU_1751_MIN,02/08/2025,Varejo,2,659.8,113.56,273.12,Venda
SKU_1729_FUC,02/08/2025,Atacado,2,349.8,139.92,104.94,Venda
SKU_1769_WHI,02/08/2025,Atacado,4,1299.6,389.88,227.43,Venda
SKU_1713_SNO,02/08/2025,Atacado,12,6058.8,2120.52,328.19,Venda
SKU_1709_CRE,02/08/2025,E-commerce,1,209.9,41.67,168.23,Venda
SKU_1690_MYS,02/08/2025,E-commerce,1,539.9,102.28,437.62,Venda
SKU_1735_COR,02/08/2025,E-commerce,1,269.9,41.86,228.04,Venda
SKU_1723_MOS,02/08/2025,Varejo,1,434.9,111.97,322.93,Venda
SKU_1634_SAP,02/08/2025,Atacado,5,4899.5,1714.8,636.94,Venda
SKU_1577_FLA,02/08/2025,Atacado,6,959.4,335.76,103.94,Venda
SKU_1775_PAS,02/08/2025,Varejo,1,279.9,82.09,197.81,Venda
SKU_1977_NAV,02/08/2025,Atacado,6,1289.4,451.32,139.68,Venda
SKU_1702_LIG,02/08/2025,Varejo,1,619.9,181.02,438.88,Venda
SKU_1797_BLU,02/08/2025,Atacado,8,3039.2,1215.68,227.94,Venda
SKU_1751_BLU,02/08/2025,Atacado,3,989.7,296.91,230.93,Venda
SKU_1727_WHI,02/08/2025,Atacado,4,619.6,216.88,100.68,Venda
SKU_1705_SER,02/08/2025,E-commerce,1,409.9,87.5,322.4,Venda
SKU_1733_SAG,02/08/2025,Varejo,1,349.9,89.77,260.13,Venda
SKU_1724_PIN,02/08/2025,E-commerce,1,1114.9,188.37,926.53,Venda
SKU_1533_CER,02/08/2025,Varejo,1,164.9,33.47,131.43,Venda
SKU_2036_MAR,02/08/2025,Varejo,2,479.8,0.0,239.9,Venda
SKU_1696_SHO,02/08/2025,Atacado,3,839.7,251.91,195.93,Venda
SKU_1973_MYS,02/08/2025,Atacado,3,959.7,335.88,207.94,Venda
SKU_2011_TUR,02/08/2025,E-commerce,1,254.9,17.84,237.06,Venda
SKU_1676_NAV,02/08/2025,Varejo,2,339.8,65.24,137.28,Venda
SKU_1719_OFF,02/08/2025,Varejo,1,319.9,94.03,225.87,Venda
SKU_1714_MID,02/08/2025,Varejo,1,304.9,56.07,248.83,Venda
SKU_1656_SNO,02/08/2025,Atacado,12,2818.8,845.64,164.43,Venda
SKU_1870_SAG,02/08/2025,Varejo,1,229.9,0.0,229.9,Venda
SKU_1755_BIR,02/08/2025,Varejo,3,1004.7,220.23,261.49,Venda
SKU_1799_POW,02/08/2025,Atacado,4,1079.6,377.84,175.44,Venda
SKU_1686_SKY,02/08/2025,E-commerce,1,214.9,45.82,169.08,Venda
SKU_1912_PAS,02/08/2025,Atacado,12,4618.8,1385.64,269.43,Venda
SKU_1718_SEA,02/08/2025,Atacado,4,1479.6,517.84,240.44,Venda
SKU_1839_DUS,02/08/2025,Atacado,6,1769.4,619.26,191.69,Venda
SKU_1681_OFF,02/08/2025,Varejo,3,704.7,191.31,171.13,Venda
SKU_1771_PIN,02/08/2025,E-commerce,1,264.9,60.14,204.76,Venda
SKU_2047_FUC,02/08/2025,Varejo,1,1124.9,0.0,1124.9,Venda
SKU_1438_DEE,02/08/2025,Atacado,2,409.8,163.92,122.94,Venda
SKU_2060_VAN,02/08/2025,Atacado,2,1869.8,560.94,654.43,Venda
SKU_1771_PIN,02/08/2025,E-commerce,1,264.9,67.08,197.82,Venda
SKU_1786_TEA,02/08/2025,Atacado,5,899.5,269.85,125.93,Venda
SKU_1558_CLE,02/08/2025,Varejo,2,659.8,104.44,277.68,Venda
SKU_1686_SKY,02/08/2025,Varejo,2,429.8,89.92,169.94,Venda
SKU_1516_EME,02/08/2025,Atacado,5,1749.5,612.3,227.44,Venda
SKU_1425_WHI,02/08/2025,Varejo,1,209.9,50.34,159.56,Venda
SKU_1930_SHO,02/08/2025,Atacado,6,3959.4,1385.76,428.94,Venda
SKU_1724_PIN,02/08/2025,Varejo,1,1114.9,229.47,885.43,Venda
SKU_1504_NAV,02/08/2025,Atacado,2,679.8,305.9,186.95,Venda
SKU_1708_FLA,02/08/2025,E-commerce,2,339.8,90.38,124.71,Venda
SKU_1730_MIN,02/08/2025,Varejo,1,319.9,82.95,236.95,Venda
SKU_1783_EGR,02/08/2025,Varejo,1,1199.9,223.18,976.72,Venda
SKU_2068_HON,02/08/2025,Varejo,1,404.9,28.34,376.56,Venda
SKU_1565_BAB,02/08/2025,Atacado,10,3599.0,1259.6,233.94,Venda
SKU_1568_PIN,02/08/2025,Varejo,3,704.7,156.66,182.68,Venda
SKU_1727_LIG,02/08/2025,E-commerce,1,154.9,37.36,117.54,Venda
SKU_1486_OLI,02/08/2025,Atacado,4,1159.6,347.88,202.93,Venda
SKU_1791_IVO,02/08/2025,Varejo,3,794.7,168.42,208.76,Venda
SKU_1706_BLA,02/08/2025,Varejo,1,184.9,32.28,152.62,Venda
SKU_1556_HUN,02/08/2025,Atacado,3,614.7,215.16,133.18,Venda
SKU_1791_ARM,02/08/2025,Atacado,2,529.8,158.94,185.43,Venda
SKU_1420_EGR,02/08/2025,Varejo,1,989.9,248.35,741.55,Venda
SKU_1797_BLU,02/08/2025,Atacado,5,1899.5,664.8,246.94,Venda
SKU_1398_AQU,02/08/2025,Varejo,1,674.9,201.59,473.31,Venda
SKU_1795_HUN,02/08/2025,Varejo,1,299.9,83.06,216.84,Venda
SKU_1651_PAS,02/08/2025,Varejo,1,264.9,59.7,205.2,Venda
SKU_1795_RAS,02/08/2025,E-commerce,1,299.9,54.65,245.25,Venda
SKU_1461_NAV,02/08/2025,Atacado,6,6419.4,2246.76,695.44,Venda
SKU_1716_SAL,02/08/2025,Varejo,1,164.9,46.1,118.8,Venda
SKU_1780_LIG,02/08/2025,Atacado,2,669.8,234.42,217.69,Venda
SKU_1515_SEA,02/08/2025,Varejo,1,194.9,47.25,147.65,Venda
SKU_1771_EME,02/08/2025,E-commerce,1,264.9,45.82,219.08,Venda
SKU_1797_GAR,02/08/2025,Atacado,5,1899.5,569.85,265.93,Venda
SKU_1685_COB,02/08/2025,Atacado,12,7978.8,2393.64,465.43,Venda
SKU_1598_DUS,02/08/2025,Atacado,2,979.8,342.92,318.44,Venda
SKU_1648_FLA,02/08/2025,Atacado,3,2099.7,734.88,454.94,Venda
SKU_1579_DEN,02/08/2025,Atacado,8,1839.2,643.68,149.44,Venda
SKU_1704_BAB,02/08/2025,Atacado,6,2009.4,703.26,217.69,Venda
SKU_1734_BRI,02/08/2025,Atacado,6,2099.4,734.76,227.44,Venda
SKU_1418_CLE,02/08/2025,Atacado,8,6759.2,2365.68,549.19,Venda
SKU_1561_LIM,02/08/2025,Varejo,1,349.9,76.89,273.01,Venda
SKU_1985_PAS,02/08/2025,Atacado,5,2049.5,819.8,245.94,Venda
SKU_1760_PAS,02/08/2025,Atacado,6,1499.4,449.82,174.93,Venda
SKU_1480_MEX,02/08/2025,Atacado,6,2219.4,776.76,240.44,Venda
SKU_1441_IVO,02/08/2025,Varejo,1,1154.9,315.22,839.68,Venda
SKU_1427_AQU,02/08/2025,Varejo,1,199.9,56.33,143.57,Venda
SKU_1707_SAP,02/08/2025,Varejo,2,559.8,144.54,207.63,Venda
SKU_1714_MID,02/08/2025,Atacado,10,3049.0,914.7,213.43,Venda
SKU_1733_SAG,02/08/2025,E-commerce,1,349.9,73.85,276.05,Venda
SKU_1738_BLU,02/08/2025,Atacado,8,1559.2,623.68,116.94,Venda
SKU_1730_OFF,02/08/2025,Atacado,4,1279.6,383.88,223.93,Venda
SKU_1964_SAL,02/08/2025,Atacado,8,2359.2,825.68,191.69,Venda
SKU_1834_MAG,02/08/2025,Varejo,2,799.8,0.0,399.9,Venda
SKU_1607_MAR,02/08/2025,Atacado,2,599.8,179.94,209.93,Venda
SKU_1680_NAV,02/08/2025,Atacado,12,4018.8,1205.64,234.43,Venda
SKU_1781_CLE,02/08/2025,Atacado,3,389.7,136.38,84.44,Venda
SKU_1479_MIN,02/08/2025,Varejo,3,1664.7,485.28,393.14,Venda
SKU_1725_BAB,02/08/2025,Varejo,2,489.8,145.06,172.37,Venda
SKU_1795_RAS,02/08/2025,Varejo,2,599.8,121.9,238.95,Venda
SKU_1668_DEN,02/08/2025,Varejo,1,269.9,50.09,219.81,Venda
SKU_1727_WHI,02/08/2025,E-commerce,1,154.9,25.64,129.26,Venda
SKU_1774_MOS,02/08/2025,Varejo,1,204.9,45.17,159.73,Venda
SKU_1595_MYS,02/08/2025,Varejo,1,299.9,79.84,220.06,Venda
SKU_1756_FLA,02/08/2025,Atacado,3,539.7,161.91,125.93,Venda
SKU_1493_CLO,02/08/2025,Atacado,8,2639.2,1187.6,181.45,Venda
SKU_1800_SKY,02/08/2025,Varejo,2,559.8,134.56,212.62,Venda
SKU_1588_PAS,02/08/2025,Atacado,10,4899.0,1714.6,318.44,Venda
SKU_1703_PAS,02/08/2025,Atacado,4,1079.6,323.88,188.93,Venda
SKU_1482_MOS,02/08/2025,E-commerce,1,444.9,85.46,359.44,Venda
SKU_1691_HUN,02/08/2025,Atacado,3,929.7,325.38,201.44,Venda
SKU_1705_SER,02/08/2025,Atacado,12,4918.8,1721.52,266.44,Venda
SKU_1685_BIR,02/08/2025,Varejo,1,664.9,100.66,564.24,Venda
SKU_1737_DEE,02/08/2025,Varejo,1,769.9,126.79,643.11,Venda
SKU_1766_MYS,02/08/2025,Varejo,1,394.9,73.66,321.24,Venda
SKU_1800_MOS,02/08/2025,Varejo,1,279.9,45.12,234.78,Venda
SKU_1513_PAS,02/08/2025,Atacado,5,1074.5,322.35,150.43,Venda
SKU_1698_PRI,02/08/2025,E-commerce,1,419.9,66.17,353.73,Venda
SKU_1929_COB,02/08/2025,E-commerce,1,294.9,0.0,294.9,Venda
SKU_1411_RAS,02/08/2025,Atacado,10,2249.0,787.2,146.18,Venda
SKU_1697_PIS,02/08/2025,Varejo,2,439.8,101.28,169.26,Venda
SKU_1410_ROS,02/08/2025,E-commerce,1,1139.9,189.13,950.77,Venda
SKU_1733_SAG,02/08/2025,Varejo,1,349.9,55.05,294.85,Venda
SKU_1734_FRE,02/08/2025,Varejo,1,349.9,58.72,291.18,Venda
SKU_1704_PEA,02/08/2025,Atacado,4,1339.6,602.8,184.2,Venda
SKU_1786_POW,02/08/2025,Varejo,1,179.9,27.21,152.69,Venda
SKU_1692_OLI,02/08/2025,Varejo,4,879.6,215.2,166.1,Venda
SKU_1709_CRE,02/08/2025,E-commerce,3,629.7,141.33,162.79,Venda
SKU_1726_PAS,02/08/2025,Atacado,5,2149.5,967.3,236.44,Venda
SKU_1624_PRI,02/08/2025,Varejo,1,209.9,34.48,175.42,Venda
SKU_1688_LIG,02/08/2025,Varejo,1,429.9,108.9,321.0,Venda
SKU_1731_MIN,02/08/2025,Atacado,4,3639.6,1091.88,636.93,Venda
SKU_1718_DUS,02/08/2025,Varejo,2,739.8,114.56,312.62,Venda
SKU_1792_AQU,02/08/2025,Atacado,5,2199.5,769.8,285.94,Venda
SKU_2066_TEA,02/08/2025,Varejo,1,474.9,0.0,474.9,Venda
SKU_1425_WHI,02/08/2025,Atacado,3,629.7,220.38,136.44,Venda
SKU_1760_PAS,02/08/2025,Varejo,1,249.9,43.19,206.71,Venda
SKU_1777_TUR,02/08/2025,Atacado,6,1439.4,431.82,167.93,Venda
SKU_1427_AQU,02/08/2025,Varejo,2,399.8,63.86,167.97,Venda
SKU_1424_BAB,02/08/2025,Atacado,4,3979.6,1193.88,696.43,Venda
SKU_1765_MYS,02/08/2025,Atacado,2,519.8,155.94,181.93,Venda
SKU_1748_COB,02/08/2025,E-commerce,1,309.9,61.94,247.96,Venda
SKU_1688_WHI,02/08/2025,E-commerce,1,429.9,89.16,340.74,Venda
SKU_1605_COR,02/08/2025,Atacado,6,1319.4,395.82,153.93,Venda
SKU_1746_NAV,02/08/2025,Atacado,6,1079.4,323.82,125.93,Venda
SKU_1965_GAR,02/08/2025,Varejo,1,234.9,0.0,234.9,Venda
SKU_1694_SER,02/08/2025,Varejo,1,279.9,58.67,221.23,Venda
SKU_1456_EME,02/08/2025,Atacado,8,2519.2,755.76,220.43,Venda
SKU_1813_RAS,02/08/2025,Atacado,5,1274.5,446.1,165.68,Venda
SKU_1748_COB,02/08/2025,Atacado,6,1859.4,650.76,201.44,Venda
SKU_1710_OLI,02/08/2025,Atacado,10,8099.0,2834.6,526.44,Venda
SKU_1685_COB,02/08/2025,Varejo,1,664.9,141.54,523.36,Venda
SKU_1777_TUR,02/08/2025,Varejo,1,239.9,60.14,179.76,Venda
SKU_1698_PRI,02/08/2025,E-commerce,1,419.9,90.1,329.8,Venda
SKU_1777_FRE,02/08/2025,Varejo,1,239.9,39.11,200.79,Venda
SKU_1718_DUS,02/08/2025,Atacado,3,1109.7,332.91,258.93,Venda
SKU_1688_WHI,02/08/2025,Varejo,1,429.9,85.29,344.61,Venda
SKU_1762_BRI,02/08/2025,Atacado,10,2549.0,892.2,165.68,Venda
SKU_1789_SNO,02/08/2025,Atacado,10,2699.0,944.6,175.44,Venda
SKU_2020_BAB,02/08/2025,Varejo,1,234.9,16.44,218.46,Venda
SKU_1759_COB,02/08/2025,Atacado,4,1079.6,323.88,188.93,Venda
SKU_1700_PIS,02/08/2025,Varejo,1,699.9,183.72,516.18,Venda
SKU_1700_HUN,02/08/2025,Atacado,2,1399.8,489.92,454.94,Venda
SKU_1445_PRI,02/08/2025,Atacado,5,2049.5,614.85,286.93,Venda
SKU_1529_HUN,02/08/2025,Varejo,1,244.9,51.58,193.32,Venda
SKU_1439_SHO,02/08/2025,Atacado,4,739.6,332.8,101.7,Venda
SKU_1807_IVO,02/08/2025,Varejo,1,454.9,0.0,454.9,Venda
SKU_1720_PAL,02/08/2025,E-commerce,1,224.9,61.78,163.12,Venda
SKU_1861_DEE,02/08/2025,Atacado,3,584.7,204.66,126.68,Venda
SKU_1718_DUS,02/08/2025,Varejo,1,369.9,55.84,314.06,Venda
SKU_2057_VAN,02/08/2025,Atacado,5,4724.5,1653.6,614.18,Venda
SKU_1628_PEA,02/08/2025,Varejo,3,1649.7,402.42,415.76,Venda
SKU_1796_SHO,02/08/2025,Atacado,10,5049.0,1514.7,353.43,Venda
SKU_1790_EGR,02/08/2025,Atacado,8,2079.2,623.76,181.93,Venda
SKU_1719_OFF,02/08/2025,Atacado,3,959.7,383.88,191.94,Venda
SKU_1434_MIN,02/08/2025,Varejo,1,209.9,59.72,150.18,Venda
SKU_1792_MIN,02/08/2025,Varejo,2,879.8,138.44,370.68,Venda
SKU_1718_DUS,02/08/2025,Varejo,3,1109.7,210.21,299.83,Venda
SKU_1787_BAB,02/08/2025,E-commerce,1,289.9,54.3,235.6,Venda
SKU_1752_SNO,02/08/2025,Atacado,4,1719.6,601.84,279.44,Venda
SKU_1434_ARM,02/08/2025,Varejo,1,209.9,48.74,161.16,Venda
SKU_1795_HUN,02/08/2025,Atacado,4,1199.6,359.88,209.93,Venda
SKU_1521_FRE,02/08/2025,Varejo,1,189.9,51.34,138.56,Venda
SKU_1551_ROS,02/08/2025,Varejo,1,219.9,49.9,170.0,Venda
SKU_1587_LIG,02/08/2025,Atacado,6,1379.4,413.82,160.93,Venda
SKU_1698_SNO,02/08/2025,Atacado,4,1679.6,503.88,293.93,Venda
SKU_1612_SNO,02/08/2025,Atacado,6,1979.4,692.76,214.44,Venda
SKU_1708_FRE,02/08/2025,E-commerce,2,339.8,52.22,143.79,Venda
SKU_1750_SNO,02/08/2025,Varejo,1,369.9,79.08,290.82,Venda
SKU_1525_MYS,02/08/2025,Atacado,3,869.7,304.38,188.44,Venda
SKU_1488_IVO,02/08/2025,Varejo,4,1359.6,406.28,238.33,Venda
SKU_1709_CRE,02/08/2025,Varejo,3,629.7,179.49,150.07,Venda
SKU_1757_PIN,02/08/2025,Varejo,1,264.9,44.76,220.14,Venda
SKU_1773_FRE,02/08/2025,Atacado,8,2599.2,779.76,227.43,Venda
SKU_1686_SKY,02/08/2025,E-commerce,2,429.8,66.56,181.62,Venda
SKU_1615_SHO,02/08/2025,Varejo,1,464.9,123.94,340.96,Venda
SKU_1961_LIG,02/08/2025,Atacado,3,1244.7,435.63,269.69,Venda
SKU_1723_COB,02/08/2025,Varejo,2,869.8,198.84,335.48,Venda
SKU_1799_DEN,02/08/2025,Varejo,2,539.8,124.0,207.9,Venda
SKU_1772_BLU,02/08/2025,Atacado,4,1659.6,663.84,248.94,Venda
SKU_2013_TEA,02/08/2025,Atacado,8,1479.2,517.76,120.18,Venda
SKU_1712_NAV,02/08/2025,Atacado,5,899.5,359.8,107.94,Venda
SKU_1694_SER,02/08/2025,Atacado,12,3358.8,1175.52,181.94,Venda
SKU_1427_BLA,02/08/2025,Atacado,4,799.6,239.88,139.93,Venda
SKU_1759_CLE,02/08/2025,Varejo,2,539.8,113.24,213.28,Venda
SKU_1691_ROS,02/08/2025,Varejo,1,309.9,61.68,248.22,Venda
SKU_1694_SER,02/08/2025,Atacado,6,1679.4,671.76,167.94,Venda
SKU_1688_LIG,02/08/2025,Varejo,1,429.9,103.63,326.27,Venda
SKU_1630_LIM,02/08/2025,Varejo,1,334.9,80.45,254.45,Venda
SKU_1740_FRE,02/08/2025,Atacado,3,644.7,193.41,150.43,Venda
SKU_1783_BAB,02/08/2025,Atacado,3,3599.7,1259.88,779.94,Venda
SKU_1981_FOR,02/08/2025,E-commerce,1,514.9,0.0,514.9,Venda
SKU_1780_LIG,02/08/2025,Varejo,1,334.9,83.65,251.25,Venda
SKU_1694_PIS,02/08/2025,Varejo,1,279.9,54.67,225.23,Venda
SKU_1762_BRI,02/08/2025,Varejo,1,254.9,50.3,204.6,Venda
SKU_1795_RAS,02/08/2025,Varejo,1,299.9,75.97,223.93,Venda
SKU_1654_NAV,02/08/2025,Atacado,12,3718.8,1115.64,216.93,Venda
SKU_1729_CLE,02/08/2025,Atacado,8,1399.2,419.76,122.43,Venda
SKU_2030_SER,02/08/2025,E-commerce,1,344.9,0.0,344.9,Venda
SKU_1757_PIN,02/08/2025,E-commerce,1,264.9,52.3,212.6,Venda
SKU_1739_AQU,02/08/2025,Varejo,1,254.9,67.61,187.29,Venda
SKU_1624_ARM,02/08/2025,Varejo,1,209.9,35.41,174.49,Venda
SKU_1718_DUS,02/08/2025,Varejo,1,369.9,107.11,262.79,Venda
SKU_1711_VAN,02/08/2025,Atacado,6,5969.4,2089.32,646.68,Venda
SKU_1703_BLU,02/08/2025,Varejo,2,539.8,116.46,211.67,Venda
SKU_1659_SNO,02/08/2025,Atacado,6,6149.4,1844.82,717.43,Venda
SKU_1522_BIR,02/08/2025,Varejo,1,149.9,41.73,108.17,Venda
SKU_1746_EME,02/08/2025,Varejo,1,179.9,29.75,150.15,Venda
SKU_1467_FUC,02/08/2025,Varejo,1,204.9,34.5,170.4,Venda
SKU_1479_MIN,02/08/2025,E-commerce,1,554.9,154.93,399.97,Venda
SKU_1703_BLU,02/08/2025,Varejo,1,269.9,40.54,229.36,Venda
SKU_1687_FOR,02/08/2025,Atacado,3,2699.7,944.88,584.94,Venda
SKU_2109_TEA,02/08/2025,Varejo,1,319.9,0.0,319.9,Venda
SKU_1772_BLU,02/08/2025,Varejo,1,414.9,65.01,349.89,Venda
SKU_1761_SAP,02/08/2025,Atacado,4,4419.6,1325.88,773.43,Venda
SKU_1703_PAS,02/08/2025,Atacado,5,1349.5,472.3,175.44,Venda
SKU_1571_BIR,02/08/2025,Varejo,2,499.8,129.92,184.94,Venda
SKU_1522_MOS,02/08/2025,Atacado,3,449.7,134.91,104.93,Venda
SKU_1683_PAL,02/08/2025,Varejo,2,629.8,163.28,233.26,Venda
SKU_1932_COB,02/08/2025,Varejo,1,194.9,0.0,194.9,Venda
SKU_1796_SHO,02/08/2025,Varejo,1,504.9,110.86,394.04,Venda
SKU_1686_MOS,02/08/2025,Varejo,3,644.7,157.44,162.42,Venda
SKU_1632_SAP,02/08/2025,E-commerce,1,184.9,43.65,141.25,Venda
SKU_1476_WHI,02/08/2025,Atacado,6,1649.4,577.26,178.69,Venda
SKU_1557_SAG,02/08/2025,Atacado,2,399.8,159.92,119.94,Venda
SKU_1879_WHI,02/08/2025,Atacado,10,3049.0,1067.1,198.19,Venda
SKU_1774_COB,02/08/2025,Varejo,1,204.9,59.77,145.13,Venda
SKU_1769_WHI,02/08/2025,Varejo,4,1299.6,244.2,263.85,Venda
SKU_1711_VAN,02/08/2025,E-commerce,1,994.9,247.2,747.7,Venda
SKU_1764_FUC,02/08/2025,Atacado,10,2349.0,822.2,152.68,Venda
SKU_1762_BRI,02/08/2025,Atacado,3,764.7,267.66,165.68,Venda
SKU_1728_MID,02/08/2025,E-commerce,1,329.9,51.74,278.16,Venda
SKU_1675_DEN,02/08/2025,Varejo,3,2294.7,348.42,648.76,Venda
SKU_1690_MYS,02/08/2025,Varejo,1,539.9,101.54,438.36,Venda
SKU_1782_HUN,02/08/2025,Atacado,8,1999.2,699.68,162.44,Venda
SKU_1770_JAD,02/08/2025,Varejo,3,659.7,125.04,178.22,Venda
SKU_1777_TUR,02/08/2025,Varejo,1,239.9,58.53,181.37,Venda
SKU_1768_PEA,02/08/2025,Varejo,1,624.9,171.64,453.26,Venda
SKU_1734_BRI,02/08/2025,Atacado,10,3499.0,1049.7,244.93,Venda
SKU_1792_AQU,02/08/2025,Atacado,6,2639.4,791.82,307.93,Venda
SKU_1728_MID,02/08/2025,Varejo,1,329.9,53.43,276.47,Venda
SKU_1710_MEX,02/08/2025,Varejo,2,1619.8,454.84,582.48,Venda
SKU_1791_IVO,02/08/2025,Varejo,1,264.9,63.41,201.49,Venda
SKU_1795_RAS,02/08/2025,Atacado,5,1499.5,449.85,209.93,Venda
SKU_1712_NAV,02/08/2025,Varejo,1,179.9,33.11,146.79,Venda
SKU_1734_FRE,02/08/2025,E-commerce,1,349.9,87.3,262.6,Venda
SKU_1760_PAS,02/08/2025,Varejo,2,499.8,101.64,199.08,Venda
SKU_1770_JAD,02/08/2025,Varejo,3,659.7,191.73,155.99,Venda
SKU_1733_SAG,02/08/2025,E-commerce,2,699.8,138.4,280.7,Venda
SKU_1790_ROY,02/08/2025,Atacado,10,2599.0,779.7,181.93,Venda
SKU_1551_ROS,02/08/2025,Varejo,1,219.9,59.45,160.45,Venda
SKU_1778_MIN,02/08/2025,Varejo,2,569.8,92.88,238.46,Venda
SKU_1768_MIN,02/08/2025,Varejo,1,624.9,114.28,510.62,Venda
SKU_1760_PAS,02/08/2025,Varejo,1,249.9,37.86,212.04,Venda
SKU_1694_SER,02/08/2025,Atacado,3,839.7,293.88,181.94,Venda
SKU_1721_COR,02/08/2025,Varejo,1,419.9,89.68,330.22,Venda
SKU_1754_SER,02/08/2025,Varejo,1,339.9,86.83,253.07,Venda
SKU_1764_MAR,02/08/2025,Varejo,1,234.9,40.49,194.41,Venda
SKU_1792_MIN,02/08/2025,Atacado,10,4399.0,1539.6,285.94,Venda
SKU_1434_MIN,02/08/2025,Atacado,5,1049.5,314.85,146.93,Venda
SKU_1765_MYS,02/08/2025,Varejo,1,259.9,70.0,189.9,Venda
SKU_1651_SAL,02/08/2025,Varejo,2,529.8,93.44,218.18,Venda
SKU_1727_LIG,02/08/2025,Varejo,1,154.9,25.92,128.98,Venda
SKU_1763_MAR,02/08/2025,Atacado,10,2999.0,1049.6,194.94,Venda
SKU_1784_BLA,02/08/2025,E-commerce,1,309.9,74.04,235.86,Venda
SKU_1518_CLE,02/08/2025,Atacado,4,939.6,328.88,152.68,Venda
SKU_1590_MYS,02/08/2025,Atacado,6,1139.4,398.76,123.44,Venda
SKU_1439_SHO,02/08/2025,Atacado,6,1109.4,332.82,129.43,Venda
SKU_1478_TEA,02/08/2025,Atacado,4,779.6,272.88,126.68,Venda
SKU_1440_BLU,02/08/2025,Varejo,1,1199.9,239.37,960.53,Venda
SKU_1554_SKY,02/08/2025,Atacado,6,6209.4,2483.76,620.94,Venda
SKU_1779_LIG,02/08/2025,Atacado,8,1719.2,601.76,139.68,Venda
SKU_1751_MIN,02/08/2025,Varejo,2,659.8,123.14,268.33,Venda
SKU_1560_PAL,02/08/2025,E-commerce,1,224.9,37.51,187.39,Venda
SKU_1731_ARM,02/08/2025,Atacado,8,7279.2,2547.68,591.44,Venda
SKU_1682_BIR,02/08/2025,Atacado,6,1409.4,422.82,164.43,Venda
SKU_1786_POW,02/08/2025,Atacado,5,899.5,314.8,116.94,Venda
SKU_1733_SAG,02/08/2025,Varejo,1,349.9,67.72,282.18,Venda
SKU_1472_EME,02/08/2025,E-commerce,1,469.9,117.65,352.25,Venda
SKU_1744_LIG,02/08/2025,Varejo,1,264.9,49.69,215.21,Venda
SKU_1570_HON,02/08/2025,Atacado,5,3574.5,1429.8,428.94,Venda
SKU_1750_MIN,02/08/2025,E-commerce,1,369.9,67.37,302.53,Venda
SKU_1538_PAS,02/08/2025,Varejo,1,209.9,54.6,155.3,Venda
SKU_1704_BAB,02/08/2025,Varejo,1,334.9,55.23,279.67,Venda
SKU_1710_OLI,02/08/2025,Atacado,5,4049.5,1417.3,526.44,Venda
SKU_1389_BAB,02/08/2025,E-commerce,1,139.9,29.36,110.54,Venda
SKU_1757_PIN,02/08/2025,E-commerce,1,264.9,48.69,216.21,Venda
SKU_1711_ARM,02/08/2025,Atacado,3,2984.7,1193.88,596.94,Venda
SKU_1441_IVO,02/08/2025,Atacado,4,4619.6,1385.88,808.43,Venda
SKU_1779_LIG,02/08/2025,Varejo,1,214.9,43.0,171.9,Venda
SKU_1707_SAP,02/08/2025,Atacado,5,1399.5,489.8,181.94,Venda
SKU_1427_AQU,02/08/2025,Varejo,1,199.9,47.42,152.48,Venda
SKU_1799_DEN,02/08/2025,E-commerce,1,269.9,46.23,223.67,Venda
SKU_1738_ROY,02/08/2025,Varejo,1,194.9,50.38,144.52,Venda
SKU_1761_MOS,02/08/2025,Atacado,4,4419.6,1546.88,718.18,Venda
SKU_1786_TEA,02/08/2025,Varejo,2,359.8,62.3,148.75,Venda
SKU_1688_LIG,02/08/2025,Atacado,4,1719.6,687.84,257.94,Venda
SKU_1516_EME,02/08/2025,Varejo,1,349.9,70.6,279.3,Venda
SKU_1790_ROY,02/08/2025,Atacado,8,2079.2,623.76,181.93,Venda
SKU_2114_BIR,02/08/2025,Atacado,5,1949.5,682.3,253.44,Venda
SKU_1965_GAR,02/08/2025,Varejo,1,234.9,0.0,234.9,Venda
SKU_1679_SHO,02/08/2025,E-commerce,3,2759.7,626.52,711.06,Venda
SKU_1600_LIG,02/08/2025,E-commerce,1,394.9,91.29,303.61,Venda
SKU_1436_PAS,02/08/2025,Varejo,1,279.9,80.02,199.88,Venda
SKU_1737_DEE,02/08/2025,Varejo,3,2309.7,580.02,576.56,Venda
SKU_2063_SHO,02/08/2025,Varejo,1,219.9,15.39,204.51,Venda
SKU_1791_ARM,02/08/2025,Varejo,2,529.8,137.22,196.29,Venda
SKU_1680_NAV,02/08/2025,Varejo,1,334.9,94.15,240.75,Venda
SKU_1773_FRE,02/08/2025,Atacado,5,1624.5,487.35,227.43,Venda
SKU_1486_OLI,02/08/2025,Atacado,6,1739.4,521.82,202.93,Venda
SKU_1427_AQU,02/08/2025,E-commerce,1,199.9,56.42,143.48,Venda
SKU_1787_BAB,02/08/2025,Varejo,1,289.9,55.46,234.44,Venda
SKU_1698_PRI,02/08/2025,E-commerce,1,419.9,120.38,299.52,Venda
SKU_1432_BRI,02/08/2025,Atacado,5,3599.5,1259.8,467.94,Venda
SKU_1712_MOS,02/08/2025,Varejo,1,179.9,36.52,143.38,Venda
SKU_1517_FOR,02/08/2025,E-commerce,1,1199.9,337.74,862.16,Venda
SKU_1754_IVO,02/08/2025,Atacado,4,1359.6,475.84,220.94,Venda
SKU_1771_PIN,02/08/2025,E-commerce,2,529.8,135.98,196.91,Venda
SKU_2044_COB,02/08/2025,Varejo,2,499.8,34.98,232.41,Venda
SKU_1656_FUC,02/08/2025,E-commerce,1,234.9,43.57,191.33,Venda
SKU_1584_AQU,02/08/2025,E-commerce,1,184.9,36.3,148.6,Venda
SKU_1661_WHI,02/08/2025,Atacado,2,1979.8,692.92,643.44,Venda
SKU_1895_PAS,02/08/2025,Varejo,1,194.9,0.0,194.9,Venda
SKU_1748_COB,02/08/2025,E-commerce,1,309.9,79.33,230.57,Venda
SKU_1491_CER,02/08/2025,Atacado,6,809.4,283.32,87.68,Venda
SKU_1582_PAS,02/08/2025,Atacado,6,1379.4,413.82,160.93,Venda
SKU_1707_SAP,02/08/2025,Varejo,2,559.8,104.98,227.41,Venda
SKU_1472_MYS,02/08/2025,Varejo,1,469.9,76.18,393.72,Venda
SKU_1697_MIN,02/08/2025,Atacado,5,1099.5,329.85,153.93,Venda
SKU_1662_LIG,02/08/2025,E-commerce,1,199.9,34.28,165.62,Venda
SKU_1487_BRI,02/08/2025,Varejo,1,334.9,68.4,266.5,Venda
SKU_1909_SPA,02/08/2025,Varejo,1,449.9,31.49,418.41,Venda
SKU_1783_EGR,02/08/2025,Varejo,2,2399.8,538.82,930.49,Venda
SKU_1787_BAB,02/08/2025,Atacado,8,2319.2,927.68,173.94,Venda
SKU_1702_LIG,02/08/2025,E-commerce,1,619.9,155.64,464.26,Venda
SKU_1734_BRI,02/08/2025,Varejo,1,349.9,79.8,270.1,Venda
SKU_1681_OFF,02/08/2025,E-commerce,1,234.9,44.06,190.84,Venda
SKU_1631_SNO,02/08/2025,Varejo,1,179.9,52.73,127.17,Venda
SKU_1684_SHO,02/08/2025,Atacado,6,1109.4,388.32,120.18,Venda
SKU_1759_CLE,02/08/2025,Atacado,4,1079.6,377.84,175.44,Venda
SKU_1718_SEA,02/08/2025,Varejo,1,369.9,92.47,277.43,Venda
SKU_1402_WHI,02/08/2025,Atacado,2,469.8,164.44,152.68,Venda
SKU_1724_PIN,02/08/2025,Varejo,2,2229.8,450.52,889.64,Venda
SKU_1625_DUS,02/08/2025,Atacado,8,1639.2,655.68,122.94,Venda
SKU_1714_MID,02/08/2025,E-commerce,1,304.9,83.39,221.51,Venda
SKU_1736_JAD,02/08/2025,Varejo,1,324.9,58.58,266.32,Venda
SKU_1761_SAP,02/08/2025,Atacado,6,6629.4,1988.82,773.43,Venda
SKU_1495_BLA,02/08/2025,Atacado,6,1979.4,593.82,230.93,Venda
SKU_1850_PRI,02/08/2025,Atacado,5,1024.5,307.35,143.43,Venda
SKU_1594_BAL,02/08/2025,Varejo,1,499.9,101.25,398.65,Venda
SKU_1701_SPA,02/08/2025,Varejo,1,339.9,78.48,261.42,Venda
SKU_1688_LIG,02/08/2025,Atacado,6,2579.4,902.76,279.44,Venda
SKU_1729_FUC,02/08/2025,Varejo,1,174.9,27.68,147.22,Venda
SKU_1796_OLI,02/08/2025,Atacado,6,3029.4,1363.2,277.7,Venda
SKU_1766_MYS,03/08/2025,E-commerce,1,394.9,104.11,290.79,Venda
SKU_1695_CRE,03/08/2025,Varejo,1,209.9,62.74,147.16,Venda
SKU_1847_PAS,03/08/2025,Atacado,6,1619.4,566.76,175.44,Venda
SKU_1986_BUB,03/08/2025,Varejo,1,209.9,0.0,209.9,Venda
SKU_1413_SAG,03/08/2025,Varejo,1,184.9,36.69,148.21,Venda
SKU_1667_LIG,03/08/2025,Atacado,4,839.6,251.88,146.93,Venda
SKU_1973_SKY,03/08/2025,Varejo,3,959.7,67.17,297.51,Venda
SKU_1687_WHI,03/08/2025,Varejo,1,899.9,160.57,739.33,Venda
SKU_1709_CRE,03/08/2025,E-commerce,1,209.9,41.32,168.58,Venda
SKU_1724_PIN,03/08/2025,E-commerce,1,1114.9,227.47,887.43,Venda
SKU_1794_LIG,03/08/2025,Atacado,4,839.6,293.84,136.44,Venda
SKU_1540_MAG,03/08/2025,Atacado,2,339.8,101.94,118.93,Venda
SKU_1715_HON,03/08/2025,Atacado,4,879.6,263.88,153.93,Venda
SKU_1467_OLI,03/08/2025,Varejo,1,204.9,42.25,162.65,Venda
SKU_1697_PIS,03/08/2025,Atacado,5,1099.5,384.8,142.94,Venda
SKU_1840_LIM,03/08/2025,Varejo,1,214.9,0.0,214.9,Venda
SKU_1924_BIR,03/08/2025,Atacado,12,7738.8,2708.52,419.19,Venda
SKU_1555_FUC,03/08/2025,Atacado,6,1139.4,398.76,123.44,Venda
SKU_1772_BLU,03/08/2025,E-commerce,1,414.9,107.87,307.03,Venda
SKU_1788_MYS,03/08/2025,Atacado,2,499.8,174.92,162.44,Venda
SKU_1960_BAL,03/08/2025,Varejo,3,524.7,0.0,174.9,Venda
SKU_1744_EME,03/08/2025,Atacado,6,1589.4,556.26,172.19,Venda
SKU_1614_IVO,03/08/2025,E-commerce,1,444.9,128.77,316.13,Venda
SKU_1690_MAG,03/08/2025,Varejo,1,539.9,138.25,401.65,Venda
SKU_1696_SHO,03/08/2025,Varejo,1,279.9,59.87,220.03,Venda
SKU_1723_COB,03/08/2025,Atacado,5,2174.5,761.05,282.69,Venda
SKU_1764_FUC,03/08/2025,Varejo,1,234.9,51.08,183.82,Venda
SKU_1708_FLA,03/08/2025,Varejo,1,169.9,30.58,139.32,Venda
SKU_1699_CLO,03/08/2025,Atacado,5,1649.5,577.3,214.44,Venda
SKU_1609_SAP,03/08/2025,E-commerce,1,269.9,62.31,207.59,Venda
SKU_1422_PIN,03/08/2025,E-commerce,2,629.8,155.86,236.97,Venda
SKU_1705_JAD,03/08/2025,Varejo,1,409.9,70.67,339.23,Venda
SKU_1572_MAR,03/08/2025,E-commerce,1,139.9,23.84,116.06,Venda
SKU_1647_ARM,03/08/2025,E-commerce,3,1019.7,292.47,242.41,Venda
SKU_1737_DEE,03/08/2025,Atacado,5,3849.5,1347.3,500.44,Venda
SKU_1730_MIN,03/08/2025,Atacado,8,2559.2,767.76,223.93,Venda
SKU_1718_DUS,03/08/2025,E-commerce,1,369.9,96.93,272.97,Venda
SKU_1591_MYS,03/08/2025,Atacado,10,8899.0,2669.7,622.93,Venda
SKU_1775_PAL,03/08/2025,Atacado,12,3358.8,1175.52,181.94,Venda
SKU_1789_EME,03/08/2025,Varejo,1,269.9,66.18,203.72,Venda
SKU_1688_LIG,03/08/2025,Atacado,5,2149.5,752.3,279.44,Venda
SKU_1796_SHO,03/08/2025,Varejo,1,504.9,113.74,391.16,Venda
SKU_1712_MOS,03/08/2025,Atacado,5,899.5,269.85,125.93,Venda
SKU_1532_EME,03/08/2025,E-commerce,1,979.9,250.56,729.34,Venda
SKU_1465_CLE,03/08/2025,Varejo,1,314.9,56.92,257.98,Venda
SKU_1754_SER,03/08/2025,Varejo,1,339.9,96.78,243.12,Venda
SKU_1769_WHI,03/08/2025,Atacado,3,974.7,341.13,211.19,Venda
SKU_1717_MIN,03/08/2025,Atacado,2,519.8,155.94,181.93,Venda
SKU_1789_SNO,03/08/2025,Atacado,2,539.8,215.92,161.94,Venda
SKU_1571_WHI,03/08/2025,Atacado,10,2499.0,874.6,162.44,Venda
SKU_1776_BIR,03/08/2025,Atacado,4,1319.6,461.84,214.44,Venda
SKU_1426_SEA,03/08/2025,Atacado,4,519.6,181.84,84.44,Venda
SKU_1833_LIG,03/08/2025,Atacado,3,689.7,206.91,160.93,Venda
SKU_1795_HUN,03/08/2025,Atacado,2,599.8,239.92,179.94,Venda
SKU_1729_FUC,03/08/2025,Varejo,1,174.9,40.56,134.34,Venda
SKU_1794_LIG,03/08/2025,Varejo,2,419.8,104.8,157.5,Venda
SKU_1534_HUN,03/08/2025,Varejo,1,199.9,58.75,141.15,Venda
SKU_1759_COB,03/08/2025,E-commerce,1,269.9,53.54,216.36,Venda
SKU_1747_FUC,03/08/2025,Varejo,1,174.9,39.0,135.9,Venda
SKU_1749_SNO,03/08/2025,Atacado,4,1399.6,489.84,227.44,Venda
SKU_1736_JAD,03/08/2025,Atacado,8,2599.2,1039.68,194.94,Venda
SKU_1790_ROY,03/08/2025,Varejo,1,259.9,73.2,186.7,Venda
SKU_1799_POW,03/08/2025,Atacado,8,2159.2,971.68,148.44,Venda
SKU_1521_FRE,03/08/2025,Varejo,2,379.8,104.14,137.83,Venda
SKU_1716_SAL,03/08/2025,Varejo,1,164.9,35.46,129.44,Venda
SKU_2104_PEA,03/08/2025,E-commerce,1,224.9,15.74,209.16,Venda
SKU_1543_FLA,03/08/2025,Varejo,3,2204.7,585.36,539.78,Venda
SKU_1430_JAD,03/08/2025,E-commerce,1,179.9,47.4,132.5,Venda
SKU_1727_LIG,03/08/2025,Atacado,6,929.4,325.32,100.68,Venda
SKU_1682_BIR,03/08/2025,E-commerce,1,234.9,39.92,194.98,Venda
SKU_1706_BLA,03/08/2025,Atacado,8,1479.2,443.76,129.43,Venda
SKU_1673_PEA,03/08/2025,E-commerce,2,819.8,182.84,318.48,Venda
SKU_1778_TEA,03/08/2025,Varejo,1,284.9,49.98,234.92,Venda
SKU_1682_OLI,03/08/2025,Varejo,1,234.9,60.43,174.47,Venda
SKU_1700_PIS,03/08/2025,Varejo,1,699.9,111.42,588.48,Venda
SKU_1789_SNO,03/08/2025,E-commerce,3,809.7,152.79,218.97,Venda
SKU_1563_WHI,03/08/2025,Atacado,6,899.4,269.82,104.93,Venda
SKU_2077_PIS,03/08/2025,Atacado,6,1229.4,430.32,133.18,Venda
SKU_1653_ROS,03/08/2025,Varejo,1,359.9,63.52,296.38,Venda
SKU_1686_MOS,03/08/2025,Atacado,6,1289.4,386.82,150.43,Venda
SKU_1618_SAP,03/08/2025,Atacado,2,359.8,125.92,116.94,Venda
SKU_1612_SNO,03/08/2025,Varejo,1,329.9,81.79,248.11,Venda
SKU_1742_EME,03/08/2025,Varejo,3,779.7,130.83,216.29,Venda
SKU_1432_WHI,03/08/2025,Varejo,1,719.9,214.64,505.26,Venda
SKU_1737_DEE,03/08/2025,Varejo,1,769.9,167.98,601.92,Venda
SKU_1783_EGR,03/08/2025,Atacado,3,3599.7,1079.91,839.93,Venda
SKU_1409_PEA,03/08/2025,Varejo,1,209.9,38.59,171.31,Venda
SKU_1701_BLU,03/08/2025,Varejo,1,339.9,75.66,264.24,Venda
SKU_1766_MYS,03/08/2025,E-commerce,1,394.9,80.12,314.78,Venda
SKU_1726_PAS,03/08/2025,Varejo,1,429.9,108.54,321.36,Venda
SKU_1536_MOS,03/08/2025,Atacado,3,1034.7,310.41,241.43,Venda
SKU_1715_JAD,03/08/2025,Varejo,1,219.9,38.91,180.99,Venda
SKU_1713_SNO,03/08/2025,Atacado,3,1514.7,605.88,302.94,Venda
SKU_1786_POW,03/08/2025,Varejo,1,179.9,48.35,131.55,Venda
SKU_1768_PEA,03/08/2025,E-commerce,1,624.9,110.57,514.33,Venda
SKU_1610_PRI,03/08/2025,Atacado,5,924.5,369.8,110.94,Venda
SKU_1705_SER,03/08/2025,Atacado,6,2459.4,860.76,266.44,Venda
SKU_1776_BIR,03/08/2025,Varejo,1,329.9,82.79,247.11,Venda
SKU_1638_SAP,03/08/2025,Varejo,2,2279.8,491.76,894.02,Venda
SKU_1696_SER,03/08/2025,Atacado,6,1679.4,671.76,167.94,Venda
SKU_1708_FRE,03/08/2025,Varejo,1,169.9,42.34,127.56,Venda
SKU_1658_BAB,03/08/2025,Atacado,6,5279.4,1583.82,615.93,Venda
SKU_1461_PRI,03/08/2025,Varejo,1,1069.9,263.21,806.69,Venda
SKU_1399_PAL,03/08/2025,Atacado,6,1619.4,647.76,161.94,Venda
SKU_1649_FLA,03/08/2025,E-commerce,1,234.9,39.32,195.58,Venda
SKU_1728_EGR,03/08/2025,Atacado,8,2639.2,791.76,230.93,Venda
SKU_1562_BLU,03/08/2025,E-commerce,1,309.9,57.24,252.66,Venda
SKU_1586_JAD,03/08/2025,Atacado,10,3049.0,1219.6,182.94,Venda
SKU_1797_GAR,03/08/2025,Varejo,1,379.9,63.23,316.67,Venda
SKU_1683_PAL,03/08/2025,Varejo,1,314.9,85.68,229.22,Venda
SKU_1776_PAS,03/08/2025,E-commerce,1,329.9,83.89,246.01,Venda
SKU_1719_OFF,03/08/2025,Varejo,1,319.9,57.39,262.51,Venda
SKU_1708_FRE,03/08/2025,Atacado,5,849.5,339.8,101.94,Venda
SKU_2047_HUN,03/08/2025,Atacado,12,13498.8,4049.64,787.43,Venda
SKU_1950_BLU,03/08/2025,E-commerce,1,414.9,0.0,414.9,Venda
SKU_1773_FRE,03/08/2025,Varejo,2,649.8,145.48,252.16,Venda
SKU_1727_LIG,03/08/2025,Varejo,3,464.7,119.94,114.92,Venda
SKU_1684_HON,03/08/2025,Varejo,1,184.9,54.03,130.87,Venda
SKU_1796_OLI,03/08/2025,Varejo,2,1009.8,272.86,368.47,Venda
SKU_1691_HUN,03/08/2025,Varejo,1,309.9,48.11,261.79,Venda
SKU_1772_BLU,03/08/2025,Atacado,8,3319.2,995.76,290.43,Venda
SKU_1518_CLE,03/08/2025,Varejo,1,234.9,38.79,196.11,Venda
SKU_1786_TEA,03/08/2025,Varejo,1,179.9,34.99,144.91,Venda
SKU_1695_LIM,03/08/2025,Varejo,3,629.7,178.41,150.43,Venda
SKU_1705_JAD,03/08/2025,Varejo,1,409.9,120.83,289.07,Venda
SKU_1751_MIN,03/08/2025,Varejo,1,329.9,52.43,277.47,Venda
SKU_1683_PAL,03/08/2025,Atacado,4,1259.6,503.84,188.94,Venda
SKU_1752_SPA,03/08/2025,Varejo,1,429.9,67.22,362.68,Venda
SKU_1752_SNO,03/08/2025,E-commerce,1,429.9,127.54,302.36,Venda
SKU_1604_CLE,03/08/2025,Varejo,1,604.9,124.09,480.81,Venda
SKU_1755_BIR,03/08/2025,Atacado,12,4018.8,1607.52,200.94,Venda
SKU_1685_COB,03/08/2025,Varejo,1,664.9,105.39,559.51,Venda
SKU_1687_WHI,03/08/2025,E-commerce,1,899.9,239.94,659.96,Venda
SKU_1990_LIM,03/08/2025,Varejo,1,179.9,0.0,179.9,Venda
SKU_1791_ARM,03/08/2025,Varejo,3,794.7,119.64,225.02,Venda
SKU_1626_DEN,03/08/2025,Atacado,5,2699.5,944.8,350.94,Venda
SKU_1984_PIN,03/08/2025,Atacado,2,599.8,209.92,194.94,Venda
SKU_1693_MEX,03/08/2025,Atacado,10,2049.0,717.2,133.18,Venda
SKU_1727_WHI,03/08/2025,Atacado,4,619.6,185.88,108.43,Venda
SKU_1703_PAS,03/08/2025,Varejo,1,269.9,49.93,219.97,Venda
SKU_1499_HOT,03/08/2025,Atacado,5,1299.5,454.8,168.94,Venda
SKU_1783_BAB,03/08/2025,Varejo,2,2399.8,482.2,958.8,Venda
SKU_1773_FRE,03/08/2025,Atacado,6,1949.4,682.26,211.19,Venda
SKU_1712_NAV,03/08/2025,E-commerce,1,179.9,41.17,138.73,Venda
SKU_1708_FRE,03/08/2025,Varejo,2,339.8,62.12,138.84,Venda
SKU_1685_COB,03/08/2025,Varejo,4,2659.6,638.08,505.38,Venda
SKU_1689_MAG,03/08/2025,Varejo,3,2894.7,746.88,715.94,Venda
SKU_1707_ARM,03/08/2025,Atacado,6,1679.4,671.76,167.94,Venda
SKU_1535_MOS,03/08/2025,Atacado,8,2439.2,731.76,213.43,Venda
SKU_1492_SKY,03/08/2025,Atacado,5,1874.5,562.35,262.43,Venda
SKU_1729_FUC,03/08/2025,E-commerce,2,349.8,61.94,143.93,Venda
SKU_1723_MOS,03/08/2025,Varejo,2,869.8,189.24,340.28,Venda
SKU_1640_IVO,03/08/2025,Atacado,3,659.7,197.91,153.93,Venda
SKU_1722_PAS,03/08/2025,E-commerce,1,324.9,81.63,243.27,Venda
SKU_1483_POW,03/08/2025,E-commerce,1,324.9,83.04,241.86,Venda
SKU_1610_MEX,03/08/2025,Varejo,1,184.9,46.3,138.6,Venda
SKU_1681_OFF,03/08/2025,E-commerce,1,234.9,66.49,168.41,Venda
SKU_2032_WHI,03/08/2025,E-commerce,2,509.8,0.0,254.9,Venda
SKU_1731_ARM,03/08/2025,Atacado,4,3639.6,1273.84,591.44,Venda
SKU_1689_IVO,03/08/2025,Atacado,6,5789.4,1736.82,675.43,Venda
SKU_1771_EME,03/08/2025,Varejo,1,264.9,56.79,208.11,Venda
SKU_1779_MIN,03/08/2025,E-commerce,1,214.9,50.12,164.78,Venda
SKU_1712_NAV,03/08/2025,Varejo,1,179.9,42.2,137.7,Venda
SKU_1694_SER,03/08/2025,Atacado,6,1679.4,503.82,195.93,Venda
SKU_1572_MAR,03/08/2025,Varejo,2,279.8,67.6,106.1,Venda
SKU_1693_MEX,03/08/2025,Atacado,6,1229.4,368.82,143.43,Venda
SKU_1412_BAB,03/08/2025,Atacado,8,7159.2,2505.68,581.69,Venda
SKU_1626_DEN,03/08/2025,Varejo,1,539.9,160.72,379.18,Venda
SKU_2024_LIG,03/08/2025,E-commerce,2,769.8,0.0,384.9,Venda
SKU_1774_COB,03/08/2025,Atacado,6,1229.4,368.82,143.43,Venda
SKU_1722_AQU,03/08/2025,Atacado,4,1299.6,389.88,227.43,Venda
SKU_1784_BLA,03/08/2025,Atacado,4,1239.6,495.84,185.94,Venda
SKU_1800_SKY,03/08/2025,Varejo,1,279.9,72.12,207.78,Venda
SKU_1700_PIS,03/08/2025,Varejo,1,699.9,180.5,519.4,Venda
SKU_1904_SNO,03/08/2025,Atacado,6,4469.4,1564.26,484.19,Venda
SKU_1737_SAG,03/08/2025,Atacado,10,7699.0,2694.6,500.44,Venda
SKU_1693_FLA,03/08/2025,Atacado,5,1024.5,307.35,143.43,Venda
SKU_2005_FUC,03/08/2025,Varejo,1,179.9,0.0,179.9,Venda
SKU_1690_MYS,03/08/2025,Atacado,12,6478.8,2267.52,350.94,Venda
SKU_1686_SKY,03/08/2025,Varejo,1,214.9,62.15,152.75,Venda
SKU_1445_PRI,03/08/2025,Atacado,8,3279.2,983.76,286.93,Venda
SKU_1769_EME,03/08/2025,Atacado,4,1299.6,519.84,194.94,Venda
SKU_1701_SPA,03/08/2025,Atacado,6,2039.4,611.82,237.93,Venda
SKU_1702_LIG,03/08/2025,Varejo,1,619.9,180.39,439.51,Venda
SKU_1772_SNO,03/08/2025,Atacado,2,829.8,248.94,290.43,Venda
SKU_1776_PAS,03/08/2025,Atacado,4,1319.6,461.84,214.44,Venda
SKU_1985_WHI,03/08/2025,Varejo,2,819.8,0.0,409.9,Venda
SKU_1730_MIN,03/08/2025,Atacado,12,3838.8,1151.64,223.93,Venda
SKU_1739_MOS,03/08/2025,Atacado,5,1274.5,446.1,165.68,Venda
SKU_1713_SAL,03/08/2025,Varejo,1,504.9,128.73,376.17,Venda
SKU_1688_WHI,03/08/2025,Varejo,1,429.9,121.23,308.67,Venda
SKU_1505_BLU,03/08/2025,Atacado,6,1409.4,563.76,140.94,Venda
SKU_1736_JAD,03/08/2025,Varejo,1,324.9,70.63,254.27,Venda
SKU_1731_MIN,03/08/2025,Varejo,1,909.9,257.11,652.79,Venda
SKU_1426_NAV,03/08/2025,Atacado,8,1039.2,311.76,90.93,Venda
SKU_1601_EME,03/08/2025,Atacado,4,2939.6,1028.84,477.69,Venda
SKU_1738_BLU,03/08/2025,Varejo,1,194.9,47.15,147.75,Venda
SKU_1609_SAP,03/08/2025,Atacado,4,1079.6,377.84,175.44,Venda
SKU_1671_MIN,03/08/2025,Varejo,2,699.8,128.1,285.85,Venda
SKU_1576_BLU,03/08/2025,Atacado,4,979.6,342.88,159.18,Venda
SKU_1425_WHI,03/08/2025,Varejo,1,209.9,56.51,153.39,Venda
SKU_1717_MIN,03/08/2025,Varejo,1,259.9,57.81,202.09,Venda
SKU_1743_DEE,03/08/2025,E-commerce,1,439.9,87.73,352.17,Venda
SKU_1430_PEA,03/08/2025,E-commerce,1,179.9,46.34,133.56,Venda
SKU_1682_BIR,03/08/2025,Atacado,4,939.6,328.88,152.68,Venda
SKU_1514_PEA,03/08/2025,Atacado,5,4149.5,1244.85,580.93,Venda
SKU_1732_OFF,03/08/2025,Varejo,1,1114.9,323.56,791.34,Venda
SKU_2107_SNO,03/08/2025,E-commerce,1,424.9,0.0,424.9,Venda
SKU_1549_PAS,03/08/2025,Varejo,1,184.9,41.48,143.42,Venda
SKU_2055_SAP,03/08/2025,E-commerce,2,919.8,0.0,459.9,Venda
SKU_1773_OLI,03/08/2025,Atacado,5,1624.5,568.55,211.19,Venda
SKU_1902_HOT,03/08/2025,Atacado,5,4149.5,1452.3,539.44,Venda
SKU_1713_SAL,03/08/2025,Varejo,1,504.9,98.5,406.4,Venda
SKU_1773_FRE,03/08/2025,Atacado,6,1949.4,682.26,211.19,Venda
SKU_1872_FRE,03/08/2025,Atacado,8,6839.2,2393.68,555.69,Venda
SKU_1715_HON,03/08/2025,Varejo,1,219.9,39.22,180.68,Venda
SKU_1794_LIG,03/08/2025,Varejo,1,209.9,49.91,159.99,Venda
SKU_1398_SPA,03/08/2025,Atacado,6,4049.4,1214.82,472.43,Venda
SKU_1684_SHO,03/08/2025,Varejo,2,369.8,109.72,130.04,Venda
SKU_1459_CRE,03/08/2025,Varejo,2,419.8,103.62,158.09,Venda
SKU_1789_EME,03/08/2025,Atacado,6,1619.4,647.76,161.94,Venda
SKU_1749_BIR,03/08/2025,Atacado,6,2099.4,629.82,244.93,Venda
SKU_1682_OLI,03/08/2025,Varejo,1,234.9,48.28,186.62,Venda
SKU_1691_ROS,03/08/2025,Atacado,6,1859.4,557.82,216.93,Venda
SKU_1956_PEA,03/08/2025,Atacado,10,2099.0,734.6,136.44,Venda
SKU_1759_COB,03/08/2025,Atacado,3,809.7,242.91,188.93,Venda
SKU_1681_OFF,03/08/2025,Varejo,1,234.9,50.47,184.43,Venda
SKU_1938_PAS,03/08/2025,Varejo,1,899.9,0.0,899.9,Venda
SKU_2017_FRE,03/08/2025,E-commerce,1,284.9,0.0,284.9,Venda
SKU_1782_HUN,03/08/2025,Varejo,1,249.9,66.02,183.88,Venda
SKU_1717_MIN,03/08/2025,Atacado,3,779.7,272.88,168.94,Venda
SKU_1596_BIR,03/08/2025,Varejo,1,274.9,48.03,226.87,Venda
SKU_1627_MOS,03/08/2025,Varejo,1,329.9,49.61,280.29,Venda
SKU_1707_SAP,03/08/2025,Atacado,8,2239.2,671.76,195.93,Venda
SKU_1623_SER,03/08/2025,Varejo,1,914.9,189.14,725.76,Venda
SKU_1552_CLE,03/08/2025,Varejo,2,1319.8,367.58,476.11,Venda
SKU_1723_COB,03/08/2025,Varejo,1,434.9,88.16,346.74,Venda
SKU_2024_MIN,03/08/2025,E-commerce,1,384.9,0.0,384.9,Venda
SKU_1797_BLU,03/08/2025,Varejo,2,759.8,207.56,276.12,Venda
SKU_1771_EME,03/08/2025,Atacado,10,2649.0,794.7,185.43,Venda
SKU_1551_ROS,03/08/2025,Atacado,8,1759.2,527.76,153.93,Venda
SKU_1724_PEA,03/08/2025,Atacado,4,4459.6,1560.88,724.68,Venda
SKU_1783_BAB,03/08/2025,E-commerce,1,1199.9,265.09,934.81,Venda
SKU_1829_MOS,03/08/2025,Atacado,10,2599.0,779.7,181.93,Venda
SKU_1549_PAS,03/08/2025,Atacado,3,554.7,194.16,120.18,Venda
SKU_1687_WHI,03/08/2025,Atacado,5,4499.5,1574.8,584.94,Venda
SKU_2089_CLO,03/08/2025,Varejo,2,989.8,0.0,494.9,Venda
SKU_1684_HON,03/08/2025,Varejo,2,369.8,83.26,143.27,Venda
SKU_1680_NAV,03/08/2025,Atacado,5,1674.5,502.35,234.43,Venda
SKU_1731_ARM,03/08/2025,Varejo,1,909.9,252.16,657.74,Venda
SKU_2083_VAN,03/08/2025,Atacado,4,939.6,328.88,152.68,Venda
SKU_1616_COR,03/08/2025,Atacado,5,5124.5,1537.35,717.43,Venda
SKU_1690_MAG,03/08/2025,Varejo,3,1619.7,435.3,394.8,Venda
SKU_1761_MOS,03/08/2025,Atacado,4,4419.6,1325.88,773.43,Venda
SKU_2117_RAS,03/08/2025,Varejo,1,769.9,0.0,769.9,Venda
SKU_1712_MOS,03/08/2025,Atacado,10,1799.0,629.6,116.94,Venda
SKU_1742_DEN,03/08/2025,Atacado,12,3118.8,935.64,181.93,Venda
SKU_1773_FRE,03/08/2025,Varejo,1,324.9,58.61,266.29,Venda
SKU_1768_MIN,03/08/2025,E-commerce,1,624.9,167.97,456.93,Venda
SKU_2045_MID,03/08/2025,Varejo,2,389.8,27.28,181.26,Venda
SKU_1707_SAP,03/08/2025,E-commerce,1,279.9,74.63,205.27,Venda
SKU_1734_BRI,03/08/2025,Atacado,6,2099.4,839.76,209.94,Venda
SKU_1625_DUS,03/08/2025,E-commerce,1,204.9,53.46,151.44,Venda
SKU_1765_MYS,03/08/2025,E-commerce,1,259.9,39.07,220.83,Venda
SKU_1766_CLE,03/08/2025,Varejo,1,394.9,87.54,307.36,Venda
SKU_1708_FLA,03/08/2025,Atacado,5,849.5,254.85,118.93,Venda
SKU_1742_DEN,03/08/2025,Varejo,1,259.9,72.29,187.61,Venda
SKU_1801_FLA,03/08/2025,E-commerce,1,374.9,87.2,287.7,Venda
SKU_1703_BLU,03/08/2025,Atacado,3,809.7,283.38,175.44,Venda
SKU_1435_OLI,03/08/2025,Atacado,6,6059.4,2120.76,656.44,Venda
SKU_1713_SNO,03/08/2025,Varejo,1,504.9,137.42,367.48,Venda
SKU_1679_SHO,03/08/2025,Atacado,5,4599.5,1379.85,643.93,Venda
SKU_1683_PAL,03/08/2025,Varejo,2,629.8,109.18,260.31,Venda
SKU_1687_FOR,03/08/2025,Varejo,1,899.9,201.69,698.21,Venda
SKU_1707_ARM,03/08/2025,Varejo,1,279.9,55.08,224.82,Venda
SKU_1733_SAG,03/08/2025,Atacado,10,3499.0,1224.6,227.44,Venda
SKU_1773_OLI,03/08/2025,E-commerce,1,324.9,96.46,228.44,Venda
SKU_1404_SAP,03/08/2025,Varejo,2,2039.8,445.8,797.0,Venda
SKU_1781_CLE,03/08/2025,Atacado,5,649.5,194.85,90.93,Venda
SKU_1725_OFF,03/08/2025,Atacado,5,1224.5,428.6,159.18,Venda
SKU_1792_AQU,03/08/2025,E-commerce,1,439.9,128.18,311.72,Venda
SKU_1762_BRI,03/08/2025,Atacado,4,1019.6,356.88,165.68,Venda
SKU_1714_MID,03/08/2025,Varejo,1,304.9,46.14,258.76,Venda
SKU_1742_DEN,03/08/2025,Atacado,4,1039.6,311.88,181.93,Venda
SKU_1847_MYS,03/08/2025,Atacado,3,809.7,283.38,175.44,Venda
SKU_1705_SER,03/08/2025,Varejo,1,409.9,111.84,298.06,Venda
SKU_1491_CER,03/08/2025,Atacado,6,809.4,283.32,87.68,Venda
SKU_1684_HON,03/08/2025,Varejo,1,184.9,44.04,140.86,Venda
SKU_1778_TEA,03/08/2025,Atacado,6,1709.4,598.26,185.19,Venda
SKU_1878_ROS,03/08/2025,E-commerce,1,439.9,0.0,439.9,Venda
SKU_1754_SER,03/08/2025,Varejo,1,339.9,101.47,238.43,Venda
SKU_1726_BUB,03/08/2025,Varejo,2,859.8,167.62,346.09,Venda
SKU_1625_GAR,03/08/2025,Atacado,6,1229.4,430.32,133.18,Venda
SKU_1688_WHI,03/08/2025,Varejo,3,1289.7,304.35,328.45,Venda
SKU_1949_SKY,03/08/2025,Atacado,2,329.8,131.92,98.94,Venda
SKU_1787_BAB,03/08/2025,Atacado,3,869.7,304.38,188.44,Venda
SKU_1759_COB,03/08/2025,E-commerce,1,269.9,72.54,197.36,Venda
SKU_1621_FUC,03/08/2025,E-commerce,1,234.9,67.5,167.4,Venda
SKU_1796_SHO,03/08/2025,Atacado,2,1009.8,302.94,353.43,Venda
SKU_1451_BIR,03/08/2025,Atacado,6,1469.4,440.82,171.43,Venda
SKU_1770_JAD,03/08/2025,Varejo,1,219.9,53.2,166.7,Venda
SKU_1694_PIS,03/08/2025,Varejo,1,279.9,60.08,219.82,Venda
SKU_1782_HUN,03/08/2025,E-commerce,1,249.9,57.91,191.99,Venda
SKU_1670_SAP,03/08/2025,Atacado,2,289.8,130.4,79.7,Venda
SKU_1742_DEN,03/08/2025,Varejo,2,519.8,122.44,198.68,Venda
SKU_1642_SAL,03/08/2025,Atacado,3,674.7,269.88,134.94,Venda
SKU_1753_WHI,03/08/2025,Varejo,1,789.9,195.36,594.54,Venda
SKU_1724_PIN,03/08/2025,Varejo,1,1114.9,176.55,938.35,Venda
SKU_1775_PAL,03/08/2025,Atacado,3,839.7,293.88,181.94,Venda
SKU_1728_MID,03/08/2025,Atacado,4,1319.6,395.88,230.93,Venda
SKU_1752_SNO,03/08/2025,Varejo,1,429.9,86.46,343.44,Venda
SKU_1685_BIR,03/08/2025,Atacado,8,5319.2,1595.76,465.43,Venda
SKU_1758_HON,03/08/2025,Varejo,1,179.9,43.86,136.04,Venda
SKU_1699_COB,03/08/2025,Atacado,6,1979.4,593.82,230.93,Venda
SKU_1809_PRI,03/08/2025,Varejo,3,719.7,0.0,239.9,Venda
SKU_1784_BLA,03/08/2025,E-commerce,1,309.9,56.42,253.48,Venda
SKU_1767_PRI,03/08/2025,Atacado,4,819.6,245.88,143.43,Venda
SKU_1722_PAS,03/08/2025,Atacado,4,1299.6,454.84,211.19,Venda
SKU_1768_MIN,03/08/2025,Varejo,1,624.9,129.67,495.23,Venda
SKU_1523_CRE,03/08/2025,Varejo,1,374.9,93.69,281.21,Venda
SKU_1731_MIN,03/08/2025,Atacado,3,2729.7,955.38,591.44,Venda
SKU_1730_MIN,03/08/2025,Atacado,5,1599.5,559.8,207.94,Venda
SKU_1736_JAD,03/08/2025,Varejo,1,324.9,94.71,230.19,Venda
SKU_1691_ROS,03/08/2025,Atacado,5,1549.5,542.3,201.44,Venda
SKU_1754_SER,03/08/2025,Varejo,3,1019.7,266.67,251.01,Venda
SKU_1774_MOS,03/08/2025,Varejo,4,819.6,157.6,165.5,Venda
SKU_2062_BAB,03/08/2025,Atacado,6,839.4,293.76,90.94,Venda
SKU_1704_PEA,03/08/2025,Varejo,1,334.9,90.45,244.45,Venda
SKU_1498_LIG,03/08/2025,Varejo,1,339.9,86.69,253.21,Venda
SKU_1466_SAP,03/08/2025,Varejo,1,269.9,60.32,209.58,Venda
SKU_1788_EME,03/08/2025,Varejo,1,249.9,61.96,187.94,Venda
SKU_1664_PIN,03/08/2025,Atacado,5,1649.5,494.85,230.93,Venda
SKU_1705_SER,03/08/2025,Atacado,3,1229.7,368.91,286.93,Venda
SKU_1640_TEA,03/08/2025,Atacado,5,1099.5,329.85,153.93,Venda
SKU_1768_MIN,03/08/2025,Varejo,1,624.9,115.79,509.11,Venda
SKU_1476_WHI,03/08/2025,Varejo,2,549.8,91.92,228.94,Venda
SKU_1793_WHI,03/08/2025,Varejo,1,189.9,42.68,147.22,Venda
SKU_1710_MEX,03/08/2025,E-commerce,1,809.9,211.43,598.47,Venda
SKU_1700_PIS,03/08/2025,E-commerce,1,699.9,110.15,589.75,Venda
SKU_1736_PAS,03/08/2025,Varejo,2,649.8,155.9,246.95,Venda
SKU_1564_NAV,03/08/2025,Varejo,2,1179.8,182.24,498.78,Venda
SKU_1763_HOT,03/08/2025,Atacado,5,1499.5,599.8,179.94,Venda
SKU_1757_PIN,03/08/2025,E-commerce,1,264.9,75.4,189.5,Venda
SKU_1732_OFF,03/08/2025,Atacado,6,6689.4,2675.76,668.94,Venda
SKU_1403_AQU,03/08/2025,Atacado,3,1154.7,461.88,230.94,Venda
SKU_1750_MIN,03/08/2025,Atacado,4,1479.6,591.84,221.94,Venda
SKU_1557_SAG,03/08/2025,Atacado,5,999.5,399.8,119.94,Venda
SKU_1682_OLI,03/08/2025,Varejo,1,234.9,54.35,180.55,Venda
SKU_2052_NAV,03/08/2025,Atacado,5,1499.5,524.8,194.94,Venda
SKU_1787_BAB,03/08/2025,Varejo,1,289.9,60.97,228.93,Venda
SKU_2085_ARM,03/08/2025,Varejo,2,909.8,0.0,454.9,Venda
SKU_1732_OFF,03/08/2025,Atacado,12,13378.8,4682.64,724.68,Venda
SKU_1499_RAS,03/08/2025,E-commerce,1,259.9,67.06,192.84,Venda
SKU_1542_DEE,03/08/2025,Varejo,2,939.8,256.08,341.86,Venda
SKU_1539_PEA,03/08/2025,Varejo,1,349.9,98.85,251.05,Venda
SKU_1691_ROS,03/08/2025,Varejo,1,309.9,77.39,232.51,Venda
SKU_1594_WHI,03/08/2025,Varejo,1,499.9,86.99,412.91,Venda
SKU_1696_SHO,03/08/2025,E-commerce,1,279.9,71.68,208.22,Venda
SKU_1770_JAD,03/08/2025,Atacado,4,879.6,307.84,142.94,Venda
SKU_1436_BLU,03/08/2025,Varejo,1,279.9,82.92,196.98,Venda
SKU_1717_MIN,03/08/2025,Varejo,2,519.8,151.68,184.06,Venda
SKU_1867_LIG,03/08/2025,Atacado,3,599.7,209.88,129.94,Venda
SKU_1712_MOS,03/08/2025,Varejo,2,359.8,107.08,126.36,Venda
SKU_1763_MAR,03/08/2025,E-commerce,1,299.9,81.77,218.13,Venda
SKU_1736_JAD,03/08/2025,Varejo,3,974.7,240.66,244.68,Venda
SKU_1755_BIR,03/08/2025,Atacado,8,2679.2,803.76,234.43,Venda
SKU_1516_CRE,03/08/2025,E-commerce,2,699.8,120.6,289.6,Venda
SKU_1688_LIG,03/08/2025,Varejo,1,429.9,95.82,334.08,Venda
SKU_1411_BLU,03/08/2025,Atacado,8,1799.2,539.76,157.43,Venda
SKU_1677_VAN,03/08/2025,Atacado,4,2279.6,797.84,370.44,Venda
SKU_1683_PAL,03/08/2025,Atacado,6,1889.4,661.26,204.69,Venda
SKU_1726_BUB,03/08/2025,Varejo,1,429.9,114.32,315.58,Venda
SKU_1689_IVO,03/08/2025,Atacado,2,1929.8,578.94,675.43,Venda
SKU_2095_SEA,03/08/2025,Atacado,6,1439.4,503.76,155.94,Venda
SKU_1881_CLO,03/08/2025,Atacado,2,489.8,146.94,171.43,Venda
SKU_1748_BAB,03/08/2025,Varejo,1,309.9,69.76,240.14,Venda
SKU_1685_BIR,03/08/2025,Varejo,2,1329.8,381.06,474.37,Venda
SKU_1688_WHI,03/08/2025,Atacado,6,2579.4,1031.76,257.94,Venda
SKU_1741_PIN,03/08/2025,Varejo,1,239.9,36.92,202.98,Venda
SKU_1513_PAS,03/08/2025,Atacado,10,2149.0,859.6,128.94,Venda
SKU_1799_POW,03/08/2025,Varejo,2,539.8,147.38,196.21,Venda
SKU_1635_TEA,03/08/2025,E-commerce,1,604.9,171.85,433.05,Venda
SKU_1728_EGR,03/08/2025,Varejo,1,329.9,95.33,234.57,Venda
SKU_1770_JAD,03/08/2025,Varejo,1,219.9,39.29,180.61,Venda
SKU_1702_COR,03/08/2025,Atacado,4,2479.6,743.88,433.93,Venda
SKU_1707_SAP,03/08/2025,Atacado,5,1399.5,489.8,181.94,Venda
SKU_1646_CLE,03/08/2025,Atacado,12,2458.8,737.64,143.43,Venda
SKU_1783_EGR,03/08/2025,Atacado,6,7199.4,2519.76,779.94,Venda
SKU_1705_JAD,03/08/2025,Atacado,6,2459.4,860.76,266.44,Venda
SKU_1662_PIS,03/08/2025,E-commerce,3,599.7,125.01,158.23,Venda
SKU_2067_MIN,03/08/2025,E-commerce,1,349.9,24.49,325.41,Venda
SKU_1688_LIG,03/08/2025,Atacado,8,3439.2,1031.76,300.93,Venda
SKU_1791_IVO,03/08/2025,Varejo,2,529.8,83.32,223.24,Venda
SKU_1786_TEA,03/08/2025,Varejo,1,179.9,33.97,145.93,Venda
SKU_1422_PIN,03/08/2025,Varejo,2,629.8,151.66,239.07,Venda
SKU_1760_OFF,03/08/2025,Atacado,4,999.6,349.84,162.44,Venda
SKU_1749_SNO,03/08/2025,Varejo,1,349.9,89.1,260.8,Venda
SKU_2086_MAG,03/08/2025,Atacado,3,974.7,389.88,194.94,Venda
SKU_1613_BIR,03/08/2025,E-commerce,1,189.9,52.93,136.97,Venda
SKU_1741_PIN,03/08/2025,Atacado,4,959.6,383.84,143.94,Venda
SKU_1553_HOT,03/08/2025,Varejo,4,1019.6,277.32,185.57,Venda
SKU_1775_PAS,03/08/2025,E-commerce,2,559.8,124.22,217.79,Venda
SKU_1691_HUN,03/08/2025,Atacado,5,1549.5,619.8,185.94,Venda
SKU_2032_LIM,03/08/2025,E-commerce,1,254.9,0.0,254.9,Venda
SKU_1803_SER,03/08/2025,E-commerce,1,199.9,0.0,199.9,Venda
SKU_1543_FLA,03/08/2025,Atacado,3,2204.7,661.41,514.43,Venda
SKU_1963_SER,03/08/2025,Atacado,12,8338.8,2918.52,451.69,Venda
SKU_1451_WHI,03/08/2025,Varejo,3,734.7,164.97,189.91,Venda
SKU_1486_PAL,03/08/2025,Varejo,1,289.9,61.54,228.36,Venda
SKU_1765_MYS,03/08/2025,Atacado,2,519.8,181.92,168.94,Venda
SKU_1685_BIR,03/08/2025,Varejo,1,664.9,149.64,515.26,Venda
SKU_1769_EME,03/08/2025,Varejo,4,1299.6,215.8,270.95,Venda
SKU_1756_FLA,03/08/2025,Varejo,3,539.7,97.35,147.45,Venda
SKU_1811_PIN,03/08/2025,Varejo,1,689.9,0.0,689.9,Venda
SKU_2028_PAL,03/08/2025,Atacado,5,1224.5,428.6,159.18,Venda
SKU_1730_OFF,03/08/2025,Atacado,2,639.8,223.92,207.94,Venda
SKU_1751_MIN,03/08/2025,E-commerce,2,659.8,146.2,256.8,Venda
SKU_1741_PIN,03/08/2025,E-commerce,1,239.9,39.9,200.0,Venda
SKU_1762_BRI,03/08/2025,E-commerce,2,509.8,138.94,185.43,Venda
SKU_1798_MOS,03/08/2025,Atacado,4,1679.6,587.84,272.94,Venda
SKU_1519_BLU,03/08/2025,Varejo,1,629.9,147.37,482.53,Venda
SKU_1527_FUC,03/08/2025,Varejo,1,909.9,175.69,734.21,Venda
SKU_1516_CRE,03/08/2025,Varejo,2,699.8,112.8,293.5,Venda
SKU_1733_NAV,03/08/2025,Varejo,1,349.9,102.88,247.02,Venda
SKU_1562_BLU,03/08/2025,Varejo,2,619.8,159.6,230.1,Venda
SKU_1703_BLU,03/08/2025,Varejo,1,269.9,57.94,211.96,Venda
SKU_1712_MOS,03/08/2025,Atacado,5,899.5,314.8,116.94,Venda
SKU_1818_BRI,03/08/2025,Atacado,12,2458.8,983.52,122.94,Venda
SKU_1762_BRI,03/08/2025,Varejo,1,254.9,40.72,214.18,Venda
SKU_1406_SHO,03/08/2025,Atacado,5,1749.5,524.85,244.93,Venda
SKU_1760_OFF,03/08/2025,E-commerce,1,249.9,53.7,196.2,Venda
SKU_1945_BAB,03/08/2025,Varejo,1,214.9,15.04,199.86,Venda
SKU_1709_MAR,03/08/2025,Varejo,1,209.9,42.5,167.4,Venda
SKU_1769_WHI,03/08/2025,Atacado,4,1299.6,454.84,211.19,Venda
SKU_1421_LIG,03/08/2025,E-commerce,1,229.9,38.92,190.98,Venda
SKU_1559_BLU,03/08/2025,Atacado,3,3599.7,1259.88,779.94,Venda
SKU_1575_JAD,03/08/2025,Varejo,2,1729.8,422.18,653.81,Venda
SKU_1782_NAV,03/08/2025,Varejo,1,249.9,70.19,179.71,Venda
SKU_1775_PAL,03/08/2025,Varejo,1,279.9,72.18,207.72,Venda
SKU_1944_FUC,03/08/2025,Atacado,3,1199.7,359.91,279.93,Venda
SKU_1784_BLA,03/08/2025,Atacado,3,929.7,278.91,216.93,Venda
SKU_1797_GAR,03/08/2025,E-commerce,1,379.9,63.42,316.48,Venda
SKU_1509_HOT,03/08/2025,Varejo,2,639.8,103.76,268.02,Venda
SKU_1539_PEA,03/08/2025,Atacado,8,2799.2,979.68,227.44,Venda
SKU_1744_EME,03/08/2025,E-commerce,1,264.9,40.4,224.5,Venda
SKU_1783_BAB,03/08/2025,E-commerce,1,1199.9,222.52,977.38,Venda
SKU_1461_PRI,03/08/2025,Varejo,2,2139.8,350.32,894.74,Venda
SKU_1767_PRI,03/08/2025,Atacado,4,819.6,286.88,133.18,Venda
SKU_1732_OFF,03/08/2025,E-commerce,1,1114.9,214.39,900.51,Venda
SKU_2001_DEN,03/08/2025,Varejo,1,384.9,26.94,357.96,Venda
SKU_1826_IVO,03/08/2025,Atacado,6,2909.4,872.82,339.43,Venda
SKU_1684_SHO,03/08/2025,Atacado,2,369.8,110.94,129.43,Venda
SKU_1800_SKY,03/08/2025,Atacado,3,839.7,251.91,195.93,Venda
SKU_1727_WHI,03/08/2025,E-commerce,1,154.9,43.56,111.34,Venda
SKU_1758_CLO,03/08/2025,Varejo,1,179.9,32.12,147.78,Venda
SKU_1982_PIS,03/08/2025,Varejo,1,224.9,0.0,224.9,Venda
SKU_1790_ROY,03/08/2025,Atacado,3,779.7,233.91,181.93,Venda
SKU_1734_BRI,03/08/2025,Varejo,1,349.9,54.37,295.53,Venda
SKU_1725_BAB,03/08/2025,Atacado,5,1224.5,367.35,171.43,Venda
SKU_1781_AQU,03/08/2025,E-commerce,1,129.9,26.51,103.39,Venda
SKU_1683_SHO,03/08/2025,Varejo,3,944.7,247.62,232.36,Venda
SKU_1520_GAR,03/08/2025,Atacado,10,2249.0,674.7,157.43,Venda
SKU_1765_MYS,03/08/2025,Atacado,5,1299.5,389.85,181.93,Venda
SKU_1711_VAN,03/08/2025,Atacado,4,3979.6,1193.88,696.43,Venda
SKU_1599_CER,03/08/2025,Atacado,5,2349.5,704.85,328.93,Venda
SKU_1565_BAB,03/08/2025,Varejo,1,359.9,104.97,254.93,Venda
SKU_1451_BIR,03/08/2025,Varejo,2,489.8,76.26,206.77,Venda
SKU_1715_HON,03/08/2025,Atacado,6,1319.4,461.76,142.94,Venda
SKU_1717_MIN,03/08/2025,Atacado,6,1559.4,545.76,168.94,Venda
SKU_1431_CRE,03/08/2025,E-commerce,1,369.9,80.13,289.77,Venda
SKU_1787_BAB,03/08/2025,Atacado,6,1739.4,695.76,173.94,Venda
SKU_1398_SPA,03/08/2025,Varejo,4,2699.6,467.04,558.14,Venda
SKU_1690_MAG,03/08/2025,Varejo,2,1079.8,193.22,443.29,Venda
SKU_1771_PIN,03/08/2025,Atacado,4,1059.6,423.84,158.94,Venda
SKU_1786_TEA,03/08/2025,Varejo,1,179.9,50.47,129.43,Venda
SKU_1723_COB,03/08/2025,Atacado,2,869.8,260.94,304.43,Venda
SKU_1759_CLE,03/08/2025,Atacado,8,2159.2,755.68,175.44,Venda
SKU_1789_SNO,03/08/2025,Varejo,1,269.9,69.6,200.3,Venda
SKU_1770_JAD,03/08/2025,Varejo,1,219.9,42.0,177.9,Venda
SKU_1628_POW,03/08/2025,Atacado,5,2749.5,962.3,357.44,Venda
SKU_1738_ROY,03/08/2025,Varejo,2,389.8,60.78,164.51,Venda
SKU_1714_MID,03/08/2025,Atacado,8,2439.2,731.76,213.43,Venda
SKU_1733_NAV,03/08/2025,Varejo,3,1049.7,209.4,280.1,Venda
SKU_1684_HON,03/08/2025,Atacado,4,739.6,258.88,120.18,Venda
SKU_1698_SNO,03/08/2025,Varejo,1,419.9,120.28,299.62,Venda
SKU_1754_SER,03/08/2025,Varejo,1,339.9,58.26,281.64,Venda
SKU_1608_MID,03/08/2025,Atacado,6,1829.4,731.76,182.94,Venda
SKU_1761_MOS,03/08/2025,E-commerce,1,1104.9,322.68,782.22,Venda
SKU_1653_BAB,03/08/2025,Atacado,8,2879.2,863.76,251.93,Venda
SKU_1680_SEA,03/08/2025,Atacado,2,669.8,234.42,217.69,Venda
SKU_1862_PAS,03/08/2025,Atacado,6,1349.4,404.82,157.43,Venda
SKU_1701_SPA,03/08/2025,Varejo,1,339.9,72.86,267.04,Venda
SKU_1687_WHI,03/08/2025,E-commerce,1,899.9,181.56,718.34,Venda
SKU_1764_MAR,03/08/2025,Atacado,5,1174.5,352.35,164.43,Venda
SKU_1442_EME,03/08/2025,E-commerce,1,289.9,60.61,229.29,Venda
SKU_1564_BLA,03/08/2025,Varejo,2,1179.8,215.14,482.33,Venda
SKU_1759_CLE,03/08/2025,Varejo,1,269.9,59.42,210.48,Venda
SKU_1789_EME,03/08/2025,Varejo,4,1079.6,275.36,201.06,Venda
SKU_1709_MAR,03/08/2025,Varejo,1,209.9,44.21,165.69,Venda
SKU_1780_LIG,03/08/2025,Atacado,10,3349.0,1507.0,184.2,Venda
SKU_1685_COB,03/08/2025,Atacado,3,1994.7,598.41,465.43,Venda
SKU_1745_FOR,03/08/2025,E-commerce,1,409.9,92.52,317.38,Venda
SKU_1761_MOS,03/08/2025,Atacado,6,6629.4,2651.76,662.94,Venda
SKU_1714_DEE,03/08/2025,Atacado,6,1829.4,640.26,198.19,Venda
SKU_1449_NAV,03/08/2025,Varejo,2,649.8,193.86,227.97,Venda
SKU_1767_FUC,03/08/2025,Varejo,1,204.9,32.38,172.52,Venda
SKU_1710_OLI,03/08/2025,Varejo,1,809.9,155.13,654.77,Venda
SKU_1689_IVO,03/08/2025,Varejo,1,964.9,195.47,769.43,Venda
SKU_1713_SNO,03/08/2025,Atacado,3,1514.7,530.13,328.19,Venda
SKU_1725_OFF,03/08/2025,E-commerce,1,244.9,71.65,173.25,Venda
SKU_1662_PIS,03/08/2025,Varejo,1,199.9,37.29,162.61,Venda
SKU_1468_MYS,03/08/2025,Varejo,1,529.9,84.48,445.42,Venda
SKU_1732_WHI,03/08/2025,Atacado,6,6689.4,2006.82,780.43,Venda
SKU_1663_FLA,03/08/2025,Varejo,4,3179.6,871.8,576.95,Venda
SKU_1750_MIN,03/08/2025,Varejo,3,1109.7,181.83,309.29,Venda
SKU_1649_GAR,03/08/2025,E-commerce,1,234.9,58.32,176.58,Venda
SKU_1698_PRI,03/08/2025,Varejo,1,419.9,63.07,356.83,Venda
SKU_1756_FLA,03/08/2025,Varejo,1,179.9,28.9,151.0,Venda
SKU_1704_BAB,03/08/2025,Atacado,6,2009.4,602.82,234.43,Venda
SKU_2032_WHI,03/08/2025,E-commerce,1,254.9,0.0,254.9,Venda
SKU_1712_NAV,03/08/2025,Atacado,4,719.6,251.84,116.94,Venda
SKU_1722_AQU,03/08/2025,Varejo,1,324.9,75.33,249.57,Venda
SKU_1734_FRE,03/08/2025,Atacado,2,699.8,244.92,227.44,Venda
SKU_1765_PAS,03/08/2025,Varejo,1,259.9,61.41,198.49,Venda
SKU_1694_PIS,03/08/2025,E-commerce,1,279.9,46.42,233.48,Venda
SKU_1728_MID,03/08/2025,Atacado,2,659.8,197.94,230.93,Venda
SKU_1708_FLA,03/08/2025,Varejo,1,169.9,49.51,120.39,Venda
SKU_1921_PIN,03/08/2025,Atacado,3,749.7,262.38,162.44,Venda
SKU_1738_BLU,03/08/2025,Varejo,1,194.9,46.43,148.47,Venda
SKU_1707_SAP,03/08/2025,Varejo,3,839.7,184.71,218.33,Venda
SKU_1674_WHI,03/08/2025,E-commerce,1,229.9,51.85,178.05,Venda
SKU_1800_SKY,03/08/2025,E-commerce,2,559.8,96.96,231.42,Venda
SKU_1734_FRE,03/08/2025,E-commerce,1,349.9,96.52,253.38,Venda
SKU_1581_COB,03/08/2025,E-commerce,2,1709.8,454.8,627.5,Venda
SKU_1750_MIN,03/08/2025,Varejo,1,369.9,73.05,296.85,Venda
SKU_1539_PEA,03/08/2025,Atacado,10,3499.0,1399.6,209.94,Venda
SKU_1761_MOS,03/08/2025,Atacado,10,11049.0,3314.7,773.43,Venda
SKU_1901_LIM,03/08/2025,Varejo,1,234.9,0.0,234.9,Venda
SKU_1675_CRE,03/08/2025,E-commerce,1,764.9,158.83,606.07,Venda
SKU_2107_WHI,03/08/2025,Atacado,8,3399.2,1189.68,276.19,Venda
SKU_1749_BIR,03/08/2025,E-commerce,1,349.9,72.09,277.81,Venda
SKU_1798_OFF,03/08/2025,Varejo,2,839.8,232.52,303.64,Venda
SKU_1552_CLE,03/08/2025,Atacado,8,5279.2,1847.68,428.94,Venda
SKU_1764_MAR,03/08/2025,E-commerce,1,234.9,63.23,171.67,Venda
SKU_1681_OFF,03/08/2025,Atacado,10,2349.0,822.2,152.68,Venda
SKU_1963_SER,03/08/2025,Varejo,1,694.9,48.64,646.26,Venda
SKU_1904_CLE,03/08/2025,Atacado,4,2979.6,1042.84,484.19,Venda
SKU_1610_PRI,03/08/2025,Varejo,2,369.8,92.26,138.77,Venda
SKU_1767_FUC,03/08/2025,Atacado,2,409.8,143.44,133.18,Venda
SKU_1443_PRI,03/08/2025,Varejo,1,269.9,78.12,191.78,Venda
SKU_1652_MOS,03/08/2025,Varejo,1,219.9,39.25,180.65,Venda
SKU_1718_DUS,03/08/2025,Varejo,1,369.9,57.36,312.54,Venda
SKU_1798_OFF,03/08/2025,Atacado,3,1259.7,503.88,251.94,Venda
SKU_1565_LIG,03/08/2025,E-commerce,1,359.9,55.59,304.31,Venda
SKU_1801_MOS,03/08/2025,Varejo,1,374.9,76.1,298.8,Venda
SKU_1797_BLU,03/08/2025,Atacado,2,759.8,265.92,246.94,Venda
SKU_1416_AQU,03/08/2025,Atacado,10,2799.0,979.6,181.94,Venda
SKU_1509_HOT,03/08/2025,Varejo,1,319.9,78.06,241.84,Venda
SKU_1543_FLA,03/08/2025,Varejo,1,734.9,153.33,581.57,Venda
SKU_1748_COB,03/08/2025,Varejo,1,309.9,67.28,242.62,Venda
SKU_1750_MIN,03/08/2025,Varejo,1,369.9,81.8,288.1,Venda
SKU_1770_JAD,03/08/2025,Varejo,1,219.9,54.35,165.55,Venda
SKU_1760_OFF,03/08/2025,Atacado,6,1499.4,449.82,174.93,Venda
SKU_1685_BIR,03/08/2025,Atacado,3,1994.7,797.88,398.94,Venda
SKU_1696_SER,03/08/2025,Atacado,4,1119.6,391.84,181.94,Venda
SKU_1764_MAR,03/08/2025,Atacado,2,469.8,164.44,152.68,Venda
SKU_1852_BLA,03/08/2025,Atacado,5,2499.5,874.8,324.94,Venda
SKU_1752_SNO,03/08/2025,Varejo,2,859.8,201.72,329.04,Venda
SKU_1717_CRE,03/08/2025,Atacado,3,779.7,311.88,155.94,Venda
SKU_1735_COR,03/08/2025,Varejo,1,269.9,57.08,212.82,Venda
SKU_1927_CER,03/08/2025,Varejo,3,899.7,0.0,299.9,Venda
SKU_1611_MID,03/08/2025,Atacado,10,2199.0,659.7,153.93,Venda
SKU_1495_BLA,03/08/2025,E-commerce,1,329.9,95.78,234.12,Venda
SKU_1704_PEA,03/08/2025,Varejo,1,334.9,71.32,263.58,Venda
SKU_1780_LIG,03/08/2025,Atacado,2,669.8,234.42,217.69,Venda
SKU_1597_FLA,03/08/2025,Atacado,6,3179.4,1112.76,344.44,Venda
SKU_1778_TEA,03/08/2025,Atacado,3,854.7,341.88,170.94,Venda
SKU_1797_GAR,03/08/2025,Atacado,6,2279.4,911.76,227.94,Venda
SKU_1468_BAB,03/08/2025,Atacado,4,2119.6,741.84,344.44,Venda
SKU_1717_MIN,03/08/2025,Atacado,4,1039.6,415.84,155.94,Venda
SKU_1710_MEX,03/08/2025,Varejo,1,809.9,186.07,623.83,Venda
SKU_1430_PEA,03/08/2025,Atacado,5,899.5,359.8,107.94,Venda
SKU_1768_MIN,03/08/2025,Varejo,1,624.9,164.79,460.11,Venda
SKU_1625_GAR,03/08/2025,Varejo,1,204.9,50.18,154.72,Venda
SKU_1768_MIN,03/08/2025,E-commerce,1,624.9,136.31,488.59,Venda
SKU_1745_PEA,03/08/2025,Atacado,10,4099.0,1229.7,286.93,Venda
SKU_1646_BLU,03/08/2025,Varejo,1,204.9,50.7,154.2,Venda
SKU_1717_MIN,03/08/2025,Varejo,1,259.9,43.13,216.77,Venda
SKU_1729_FUC,03/08/2025,Atacado,5,874.5,262.35,122.43,Venda
SKU_1765_MYS,03/08/2025,Atacado,6,1559.4,467.82,181.93,Venda
SKU_1763_HOT,03/08/2025,E-commerce,1,299.9,45.32,254.58,Venda
SKU_1715_HON,03/08/2025,E-commerce,1,219.9,33.1,186.8,Venda
SKU_1761_MOS,03/08/2025,Varejo,1,1104.9,177.46,927.44,Venda
SKU_1698_PRI,03/08/2025,Varejo,1,419.9,78.57,341.33,Venda
SKU_1796_OLI,03/08/2025,Varejo,4,2019.6,363.84,413.94,Venda
SKU_1730_MIN,03/08/2025,Atacado,8,2559.2,895.68,207.94,Venda
SKU_1744_EME,03/08/2025,Varejo,1,264.9,73.41,191.49,Venda
SKU_1577_HUN,03/08/2025,Varejo,1,159.9,36.82,123.08,Venda
SKU_1687_FOR,03/08/2025,Varejo,1,899.9,169.44,730.46,Venda
SKU_1434_MIN,03/08/2025,E-commerce,1,209.9,52.93,156.97,Venda
SKU_1721_FRE,03/08/2025,Varejo,2,839.8,213.22,313.29,Venda
SKU_1914_SNO,03/08/2025,Varejo,2,399.8,0.0,199.9,Venda
SKU_1741_PEA,03/08/2025,Atacado,6,1439.4,575.76,143.94,Venda
SKU_1440_PIS,03/08/2025,Varejo,1,1199.9,192.25,1007.65,Venda
SKU_1730_MIN,03/08/2025,Atacado,10,3199.0,1119.6,207.94,Venda
SKU_2020_FOR,03/08/2025,Varejo,3,704.7,0.0,234.9,Venda
SKU_1764_MAR,03/08/2025,Varejo,1,234.9,61.01,173.89,Venda
SKU_1686_MOS,03/08/2025,Atacado,5,1074.5,376.1,139.68,Venda
SKU_1498_LIG,03/08/2025,Atacado,8,2719.2,815.76,237.93,Venda
SKU_1593_LIG,03/08/2025,Atacado,2,289.8,86.94,101.43,Venda
SKU_1692_BLU,03/08/2025,E-commerce,1,219.9,41.23,178.67,Venda
SKU_1423_SAG,03/08/2025,Atacado,8,9599.2,3359.68,779.94,Venda
SKU_1766_MYS,03/08/2025,Atacado,5,1974.5,691.05,256.69,Venda
SKU_1761_SAP,03/08/2025,Varejo,2,2209.8,618.68,795.56,Venda
SKU_1683_PAL,03/08/2025,Atacado,8,2519.2,881.68,204.69,Venda
SKU_1689_MAG,03/08/2025,E-commerce,1,964.9,205.09,759.81,Venda
SKU_1707_SAP,03/08/2025,Atacado,8,2239.2,895.68,167.94,Venda
SKU_1709_CRE,03/08/2025,Varejo,1,209.9,38.85,171.05,Venda
SKU_1783_EGR,03/08/2025,Varejo,1,1199.9,233.24,966.66,Venda
SKU_2079_TUR,03/08/2025,Varejo,1,1069.9,0.0,1069.9,Venda
SKU_1738_ROY,03/08/2025,Atacado,5,974.5,292.35,136.43,Venda
SKU_1741_PIN,03/08/2025,E-commerce,1,239.9,53.68,186.22,Venda
SKU_2065_DUS,03/08/2025,Atacado,4,799.6,279.84,129.94,Venda
SKU_1685_COB,03/08/2025,Atacado,4,2659.6,930.84,432.19,Venda
SKU_1789_EME,03/08/2025,Varejo,2,539.8,97.6,221.1,Venda
SKU_1703_BLU,03/08/2025,E-commerce,1,269.9,74.08,195.82,Venda
SKU_1708_FRE,03/08/2025,Varejo,1,169.9,37.67,132.23,Venda
SKU_1791_IVO,03/08/2025,Atacado,2,529.8,185.42,172.19,Venda
SKU_1716_AQU,03/08/2025,Atacado,3,494.7,173.16,107.18,Venda
SKU_1412_SHO,03/08/2025,Varejo,2,1789.8,496.48,646.66,Venda
SKU_1481_TEA,03/08/2025,Varejo,1,809.9,149.87,660.03,Venda
SKU_1476_CLO,03/08/2025,Varejo,1,274.9,53.22,221.68,Venda
SKU_1709_CRE,03/08/2025,Atacado,4,839.6,251.88,146.93,Venda
SKU_1727_LIG,03/08/2025,Varejo,1,154.9,44.43,110.47,Venda
SKU_1761_SAP,03/08/2025,Atacado,4,4419.6,1325.88,773.43,Venda
SKU_1756_BUB,03/08/2025,Atacado,5,899.5,314.8,116.94,Venda
SKU_1694_PIS,03/08/2025,Varejo,2,559.8,165.48,197.16,Venda
SKU_1725_OFF,03/08/2025,E-commerce,1,244.9,58.59,186.31,Venda
SKU_1792_AQU,03/08/2025,Varejo,1,439.9,83.66,356.24,Venda
SKU_1475_MIN,03/08/2025,Varejo,1,249.9,69.49,180.41,Venda
SKU_1754_IVO,03/08/2025,Varejo,1,339.9,79.19,260.71,Venda
SKU_1789_EME,03/08/2025,Atacado,5,1349.5,404.85,188.93,Venda
SKU_1544_PEA,03/08/2025,Atacado,6,1199.4,419.76,129.94,Venda
SKU_1754_IVO,03/08/2025,Atacado,8,2719.2,951.68,220.94,Venda
SKU_1713_SAL,03/08/2025,E-commerce,1,504.9,85.1,419.8,Venda
SKU_1798_MOS,03/08/2025,Atacado,10,4199.0,1259.7,293.93,Venda
SKU_1694_SER,03/08/2025,Atacado,3,839.7,293.88,181.94,Venda
SKU_1790_EGR,03/08/2025,Varejo,2,519.8,110.98,204.41,Venda
SKU_1723_COB,03/08/2025,Atacado,3,1304.7,521.88,260.94,Venda
SKU_1691_ROS,03/08/2025,Atacado,3,929.7,278.91,216.93,Venda
SKU_1778_TEA,03/08/2025,Atacado,4,1139.6,341.88,199.43,Venda
SKU_1691_HUN,03/08/2025,Atacado,3,929.7,325.38,201.44,Venda
SKU_1496_PAS,03/08/2025,Atacado,2,2269.8,794.44,737.68,Venda
SKU_1735_COR,03/08/2025,E-commerce,1,269.9,66.84,203.06,Venda
SKU_1714_DEE,03/08/2025,Varejo,2,609.8,92.22,258.79,Venda
SKU_1747_FUC,03/08/2025,Varejo,1,174.9,48.18,126.72,Venda
SKU_1425_LIG,03/08/2025,Varejo,1,209.9,40.17,169.73,Venda
SKU_1705_SER,03/08/2025,Varejo,1,409.9,78.67,331.23,Venda
SKU_1698_SNO,03/08/2025,E-commerce,1,419.9,109.89,310.01,Venda
SKU_1755_AQU,03/08/2025,Atacado,10,3349.0,1339.6,200.94,Venda
SKU_1518_LIM,03/08/2025,Atacado,3,704.7,246.66,152.68,Venda
SKU_1580_WHI,03/08/2025,E-commerce,1,189.9,43.18,146.72,Venda
SKU_1626_BAB,03/08/2025,E-commerce,1,539.9,161.6,378.3,Venda
SKU_1709_MAR,03/08/2025,Varejo,1,209.9,34.24,175.66,Venda
SKU_1653_ROS,03/08/2025,Varejo,1,359.9,80.22,279.68,Venda
SKU_1688_WHI,03/08/2025,Atacado,4,1719.6,515.88,300.93,Venda
SKU_1725_BAB,03/08/2025,E-commerce,1,244.9,46.11,198.79,Venda
SKU_1701_BLU,03/08/2025,E-commerce,1,339.9,94.08,245.82,Venda
SKU_1669_COR,03/08/2025,Varejo,1,199.9,32.03,167.87,Venda
SKU_1688_LIG,03/08/2025,Atacado,4,1719.6,515.88,300.93,Venda
SKU_1787_BAB,03/08/2025,Atacado,4,1159.6,347.88,202.93,Venda
SKU_1778_MIN,03/08/2025,Atacado,6,1709.4,512.82,199.43,Venda
SKU_1965_DEN,03/08/2025,Atacado,10,2349.0,939.6,140.94,Venda
SKU_1761_SAP,03/08/2025,Atacado,5,5524.5,1933.6,718.18,Venda
SKU_1726_PAS,03/08/2025,E-commerce,1,429.9,90.5,339.4,Venda
SKU_1752_SPA,03/08/2025,Atacado,8,3439.2,1203.68,279.44,Venda
SKU_1753_PAL,03/08/2025,Varejo,1,789.9,219.97,569.93,Venda
SKU_1750_MIN,03/08/2025,Atacado,8,2959.2,1035.68,240.44,Venda
SKU_1389_SHO,03/08/2025,Atacado,5,699.5,244.8,90.94,Venda
SKU_1582_WHI,03/08/2025,Varejo,1,229.9,53.32,176.58,Venda
SKU_1785_HUN,03/08/2025,Atacado,8,1959.2,587.76,171.43,Venda
SKU_1787_BAB,03/08/2025,Varejo,4,1159.6,288.44,217.79,Venda
SKU_1765_PAS,03/08/2025,Atacado,4,1039.6,311.88,181.93,Venda
SKU_1408_FUC,03/08/2025,Atacado,5,4599.5,1839.8,551.94,Venda
SKU_1662_PIS,03/08/2025,Varejo,2,399.8,63.84,167.98,Venda
SKU_1684_SHO,03/08/2025,Atacado,3,554.7,166.41,129.43,Venda
SKU_1729_CLE,03/08/2025,E-commerce,1,174.9,43.63,131.27,Venda
SKU_1788_MYS,03/08/2025,Varejo,1,249.9,72.33,177.57,Venda
SKU_1760_PAS,03/08/2025,Atacado,8,1999.2,599.76,174.93,Venda
SKU_1715_JAD,03/08/2025,Varejo,1,219.9,52.68,167.22,Venda
SKU_1839_BAB,03/08/2025,Varejo,1,294.9,20.64,274.26,Venda
SKU_1649_FLA,03/08/2025,Atacado,6,1409.4,563.76,140.94,Venda
SKU_1873_BAB,03/08/2025,Varejo,1,449.9,0.0,449.9,Venda
SKU_1662_LIG,03/08/2025,Atacado,5,999.5,399.8,119.94,Venda
SKU_1693_FLA,03/08/2025,Atacado,3,614.7,245.88,122.94,Venda
SKU_1700_PIS,03/08/2025,Varejo,1,699.9,135.78,564.12,Venda
SKU_1721_FRE,03/08/2025,Atacado,2,839.8,293.92,272.94,Venda
SKU_1434_MIN,03/08/2025,E-commerce,1,209.9,36.83,173.07,Venda
SKU_1782_HUN,03/08/2025,Varejo,2,499.8,94.12,202.84,Venda
SKU_1718_DUS,03/08/2025,Atacado,12,4438.8,1553.52,240.44,Venda
SKU_1726_BUB,03/08/2025,Varejo,1,429.9,88.13,341.77,Venda
SKU_1721_COR,03/08/2025,E-commerce,1,419.9,97.71,322.19,Venda
SKU_1718_SEA,03/08/2025,Varejo,1,369.9,64.03,305.87,Venda
SKU_1389_SHO,03/08/2025,Varejo,1,139.9,33.47,106.43,Venda
SKU_1595_MYS,03/08/2025,Atacado,3,899.7,314.88,194.94,Venda
SKU_1406_SHO,03/08/2025,Atacado,4,1399.6,419.88,244.93,Venda
SKU_1729_CLE,03/08/2025,Varejo,1,174.9,33.39,141.51,Venda
SKU_1737_DEE,03/08/2025,Atacado,5,3849.5,1154.85,538.93,Venda
SKU_1729_FUC,03/08/2025,E-commerce,1,174.9,32.89,142.01,Venda
SKU_1799_POW,03/08/2025,Atacado,6,1619.4,566.76,175.44,Venda
SKU_1891_BUB,03/08/2025,Varejo,2,659.8,0.0,329.9,Venda
SKU_1749_SNO,03/08/2025,Atacado,4,1399.6,489.84,227.44,Venda
SKU_1733_SAG,03/08/2025,Atacado,3,1049.7,367.38,227.44,Venda
SKU_1700_PIS,03/08/2025,Atacado,8,5599.2,1959.68,454.94,Venda
SKU_1418_CLE,03/08/2025,Atacado,12,10138.8,3548.52,549.19,Venda
SKU_1709_CRE,03/08/2025,Atacado,8,1679.2,503.76,146.93,Venda
SKU_1713_SAL,03/08/2025,Atacado,5,2524.5,757.35,353.43,Venda
SKU_1653_ROS,03/08/2025,Atacado,2,719.8,251.92,233.94,Venda
SKU_1545_TEA,03/08/2025,Varejo,1,259.9,76.37,183.53,Venda
SKU_1723_COB,03/08/2025,Atacado,4,1739.6,608.84,282.69,Venda
SKU_1743_CLO,03/08/2025,Varejo,1,439.9,75.15,364.75,Venda
SKU_1411_RAS,03/08/2025,Atacado,8,1799.2,629.76,146.18,Venda
SKU_1724_PEA,03/08/2025,Varejo,1,1114.9,286.56,828.34,Venda
SKU_1716_AQU,03/08/2025,E-commerce,1,164.9,26.76,138.14,Venda
SKU_1685_COB,03/08/2025,Atacado,5,3324.5,1329.8,398.94,Venda
SKU_1739_AQU,03/08/2025,Atacado,8,2039.2,611.76,178.43,Venda
SKU_1990_LIM,03/08/2025,Varejo,1,179.9,0.0,179.9,Venda
SKU_1594_WHI,03/08/2025,Varejo,1,499.9,124.46,375.44,Venda
SKU_1538_MAG,03/08/2025,Varejo,1,209.9,53.84,156.06,Venda
SKU_1787_BAB,03/08/2025,Atacado,10,2899.0,869.7,202.93,Venda
SKU_1595_FLA,03/08/2025,Atacado,6,1799.4,629.76,194.94,Venda
SKU_1718_DUS,03/08/2025,Varejo,1,369.9,75.77,294.13,Venda
SKU_1743_CLO,03/08/2025,Atacado,5,2199.5,879.8,263.94,Venda
SKU_1770_JAD,03/08/2025,Varejo,3,659.7,186.21,157.83,Venda
SKU_1733_SAG,03/08/2025,Varejo,1,349.9,92.06,257.84,Venda
SKU_1529_HUN,03/08/2025,Atacado,8,1959.2,685.76,159.18,Venda
SKU_1800_SKY,03/08/2025,Atacado,12,3358.8,1007.64,195.93,Venda
SKU_1743_CLO,03/08/2025,Varejo,1,439.9,131.39,308.51,Venda
SKU_1715_HON,03/08/2025,Varejo,1,219.9,55.22,164.68,Venda
SKU_1716_AQU,03/08/2025,Varejo,1,164.9,43.77,121.13,Venda
SKU_1756_FLA,03/08/2025,Varejo,2,359.8,80.56,139.62,Venda
SKU_1717_CRE,03/08/2025,Atacado,6,1559.4,545.76,168.94,Venda
SKU_1702_LIG,03/08/2025,Varejo,1,619.9,112.54,507.36,Venda
SKU_1763_MAR,03/08/2025,Varejo,1,299.9,52.74,247.16,Venda
SKU_1696_SHO,03/08/2025,E-commerce,1,279.9,48.62,231.28,Venda
SKU_1640_TEA,03/08/2025,Varejo,2,439.8,99.32,170.24,Venda
SKU_1754_IVO,03/08/2025,Varejo,1,339.9,59.15,280.75,Venda
SKU_1708_FRE,03/08/2025,Varejo,2,339.8,69.24,135.28,Venda
SKU_1747_TEA,03/08/2025,Atacado,6,1049.4,314.82,122.43,Venda
SKU_1680_SEA,03/08/2025,Varejo,1,334.9,92.68,242.22,Venda
SKU_1772_SNO,03/08/2025,E-commerce,1,414.9,80.97,333.93,Venda
SKU_1766_CLE,03/08/2025,Atacado,4,1579.6,552.84,256.69,Venda
SKU_1590_MYS,03/08/2025,Atacado,6,1139.4,341.82,132.93,Venda
SKU_1778_TEA,03/08/2025,E-commerce,2,569.8,113.2,228.3,Venda
SKU_1682_BIR,03/08/2025,Varejo,1,234.9,60.41,174.49,Venda
SKU_1724_PEA,03/08/2025,Atacado,6,6689.4,2341.32,724.68,Venda
SKU_1762_BRI,03/08/2025,E-commerce,1,254.9,61.45,193.45,Venda
SKU_1693_FLA,03/08/2025,E-commerce,1,204.9,36.35,168.55,Venda
SKU_1767_PRI,03/08/2025,E-commerce,1,204.9,60.36,144.54,Venda
SKU_1644_BAB,03/08/2025,Atacado,6,1919.4,767.76,191.94,Venda
SKU_1690_MAG,03/08/2025,Varejo,1,539.9,149.78,390.12,Venda
SKU_1697_PIS,03/08/2025,Varejo,3,659.7,191.22,156.16,Venda
SKU_1595_FLA,03/08/2025,Atacado,6,1799.4,629.76,194.94,Venda
SKU_1683_PAL,03/08/2025,Atacado,8,2519.2,881.68,204.69,Venda
SKU_2089_CLO,03/08/2025,Varejo,2,989.8,0.0,494.9,Venda
SKU_1769_EME,03/08/2025,Atacado,5,1624.5,487.35,227.43,Venda
SKU_1745_PEA,03/08/2025,Varejo,1,409.9,115.88,294.02,Venda
SKU_1698_SNO,03/08/2025,Atacado,5,2099.5,734.8,272.94,Venda
SKU_1784_BLA,03/08/2025,Atacado,6,1859.4,557.82,216.93,Venda
SKU_1554_SKY,03/08/2025,Varejo,1,1034.9,164.7,870.2,Venda
SKU_1697_MIN,03/08/2025,E-commerce,2,439.8,123.42,158.19,Venda
SKU_1739_AQU,03/08/2025,Atacado,8,2039.2,611.76,178.43,Venda
SKU_1460_FUC,03/08/2025,Varejo,3,524.7,113.4,137.1,Venda
SKU_1761_SAP,03/08/2025,Atacado,5,5524.5,1657.35,773.43,Venda
SKU_1790_EGR,03/08/2025,Atacado,3,779.7,311.88,155.94,Venda
SKU_1756_FLA,03/08/2025,E-commerce,1,179.9,47.55,132.35,Venda
SKU_1771_EME,03/08/2025,Atacado,5,1324.5,397.35,185.43,Venda
SKU_1765_PAS,03/08/2025,Atacado,4,1039.6,311.88,181.93,Venda
SKU_1726_BUB,03/08/2025,Varejo,4,1719.6,465.8,313.45,Venda
SKU_1759_COB,03/08/2025,Atacado,12,3238.8,971.64,188.93,Venda
SKU_1776_PAS,03/08/2025,Atacado,5,1649.5,659.8,197.94,Venda
SKU_1739_AQU,03/08/2025,Varejo,1,254.9,39.78,215.12,Venda
SKU_1680_SEA,03/08/2025,Atacado,5,1674.5,586.05,217.69,Venda
SKU_1935_HOT,03/08/2025,E-commerce,1,179.9,12.59,167.31,Venda
SKU_1596_BIR,03/08/2025,E-commerce,1,274.9,82.33,192.57,Venda
SKU_1682_BIR,03/08/2025,E-commerce,1,234.9,70.22,164.68,Venda
SKU_1599_WHI,03/08/2025,Atacado,8,3759.2,1315.68,305.44,Venda
SKU_1681_OFF,03/08/2025,Atacado,10,2349.0,704.7,164.43,Venda
SKU_2093_MYS,03/08/2025,E-commerce,1,224.9,0.0,224.9,Venda
SKU_1739_MOS,03/08/2025,Varejo,1,254.9,74.81,180.09,Venda
SKU_1744_LIG,03/08/2025,E-commerce,1,264.9,62.65,202.25,Venda
SKU_1786_POW,03/08/2025,Varejo,1,179.9,41.8,138.1,Venda
SKU_1749_BIR,03/08/2025,E-commerce,1,349.9,56.19,293.71,Venda
SKU_1447_BLU,03/08/2025,E-commerce,1,239.9,47.74,192.16,Venda
SKU_1547_FUC,03/08/2025,Varejo,1,329.9,91.61,238.29,Venda
SKU_1763_HOT,03/08/2025,Varejo,1,299.9,67.96,231.94,Venda
SKU_1736_JAD,03/08/2025,E-commerce,1,324.9,57.74,267.16,Venda
SKU_1707_SAP,03/08/2025,Varejo,1,279.9,57.61,222.29,Venda
SKU_1687_WHI,03/08/2025,Atacado,6,5399.4,1619.82,629.93,Venda
SKU_1448_SKY,03/08/2025,Varejo,1,179.9,28.05,151.85,Venda
SKU_1574_GAR,03/08/2025,Varejo,2,1209.8,352.3,428.75,Venda
SKU_1685_COB,03/08/2025,Atacado,5,3324.5,1163.55,432.19,Venda
SKU_1738_ROY,03/08/2025,Atacado,5,974.5,341.1,126.68,Venda
SKU_1716_SAL,03/08/2025,Varejo,1,164.9,29.51,135.39,Venda
SKU_1711_VAN,03/08/2025,Atacado,3,2984.7,895.41,696.43,Venda
SKU_1629_CLO,03/08/2025,Atacado,5,1274.5,509.8,152.94,Venda
SKU_1540_MAG,03/08/2025,Varejo,1,169.9,38.6,131.3,Venda
SKU_1684_HON,03/08/2025,Atacado,10,1849.0,739.6,110.94,Venda
SKU_1467_FUC,03/08/2025,Varejo,3,614.7,147.66,155.68,Venda
SKU_1752_SPA,03/08/2025,Varejo,2,859.8,146.82,356.49,Venda
SKU_1789_EME,03/08/2025,Varejo,1,269.9,46.7,223.2,Venda
SKU_1740_OLI,03/08/2025,Atacado,10,2149.0,644.7,150.43,Venda
SKU_1822_ARM,03/08/2025,Atacado,4,1239.6,495.84,185.94,Venda
SKU_1907_TEA,03/08/2025,E-commerce,3,824.7,0.0,274.9,Venda
SKU_1697_PIS,03/08/2025,Atacado,5,1099.5,329.85,153.93,Venda
SKU_1686_SKY,03/08/2025,Atacado,5,1074.5,376.1,139.68,Venda
SKU_1727_WHI,03/08/2025,Varejo,2,309.8,64.22,122.79,Venda
SKU_1778_TEA,03/08/2025,Atacado,10,2849.0,997.1,185.19,Venda
SKU_1664_PIN,03/08/2025,Atacado,3,989.7,296.91,230.93,Venda
SKU_1496_PAS,03/08/2025,Varejo,1,1134.9,330.63,804.27,Venda
SKU_1780_LIG,03/08/2025,Atacado,4,1339.6,401.88,234.43,Venda
SKU_1717_CRE,03/08/2025,E-commerce,1,259.9,66.91,192.99,Venda
SKU_1577_FLA,03/08/2025,E-commerce,1,159.9,42.44,117.46,Venda
SKU_1733_SAG,03/08/2025,Varejo,1,349.9,83.38,266.52,Venda
SKU_1683_PAL,03/08/2025,E-commerce,1,314.9,55.13,259.77,Venda
SKU_1533_CER,03/08/2025,Varejo,1,164.9,46.94,117.96,Venda
SKU_1740_FRE,03/08/2025,Varejo,1,214.9,37.21,177.69,Venda
SKU_1676_NAV,03/08/2025,Atacado,8,1359.2,407.76,118.93,Venda
SKU_1765_PAS,03/08/2025,Atacado,4,1039.6,311.88,181.93,Venda
SKU_1782_NAV,03/08/2025,Varejo,1,249.9,48.78,201.12,Venda
SKU_1754_SER,03/08/2025,E-commerce,1,339.9,94.0,245.9,Venda
SKU_1709_MAR,03/08/2025,Varejo,1,209.9,61.94,147.96,Venda
SKU_1761_SAP,03/08/2025,Atacado,12,13258.8,3977.64,773.43,Venda
SKU_1554_PIS,03/08/2025,Varejo,3,3104.7,875.61,743.03,Venda
SKU_1716_SAL,03/08/2025,Varejo,1,164.9,38.76,126.14,Venda
SKU_1850_DEE,03/08/2025,Atacado,3,614.7,184.41,143.43,Venda
SKU_1794_FLA,03/08/2025,Atacado,3,629.7,188.91,146.93,Venda
SKU_1740_OLI,03/08/2025,Varejo,1,214.9,34.75,180.15,Venda
SKU_1503_VAN,03/08/2025,Varejo,2,459.8,135.6,162.1,Venda
SKU_1693_MEX,03/08/2025,Atacado,4,819.6,286.88,133.18,Venda
SKU_1446_GAR,03/08/2025,Varejo,1,269.9,58.44,211.46,Venda
SKU_1722_PAS,03/08/2025,Atacado,2,649.8,194.94,227.43,Venda
SKU_1593_LIG,03/08/2025,E-commerce,1,144.9,28.56,116.34,Venda
SKU_1800_MOS,03/08/2025,Varejo,1,279.9,76.18,203.72,Venda
SKU_1449_NAV,03/08/2025,Varejo,1,324.9,91.69,233.21,Venda
SKU_1471_LIG,03/08/2025,Varejo,1,204.9,31.59,173.31,Venda
SKU_1781_AQU,03/08/2025,Varejo,1,129.9,26.02,103.88,Venda
SKU_2082_PAS,03/08/2025,Varejo,2,1019.8,71.38,474.21,Venda
SKU_1402_WHI,03/08/2025,E-commerce,1,234.9,63.9,171.0,Venda
SKU_1686_SKY,03/08/2025,Varejo,1,214.9,36.48,178.42,Venda
SKU_1746_EME,03/08/2025,Varejo,1,179.9,38.14,141.76,Venda
SKU_1500_MOS,03/08/2025,Atacado,5,1299.5,389.85,181.93,Venda
SKU_1602_AQU,03/08/2025,Atacado,5,1149.5,402.3,149.44,Venda
SKU_1772_SNO,03/08/2025,Varejo,1,414.9,83.25,331.65,Venda
SKU_1645_MYS,03/08/2025,Atacado,2,799.8,279.92,259.94,Venda
SKU_1791_ARM,03/08/2025,E-commerce,1,264.9,47.56,217.34,Venda
SKU_1788_MYS,03/08/2025,Atacado,4,999.6,349.84,162.44,Venda
SKU_1731_MIN,03/08/2025,Varejo,4,3639.6,792.0,711.9,Venda
SKU_1601_EME,03/08/2025,Atacado,5,3674.5,1469.8,440.94,Venda
SKU_1724_PEA,03/08/2025,Varejo,3,3344.7,677.7,889.0,Venda
SKU_1707_ARM,03/08/2025,Atacado,6,1679.4,755.76,153.94,Venda
SKU_1784_EGR,03/08/2025,E-commerce,1,309.9,51.69,258.21,Venda
SKU_1763_HOT,03/08/2025,Varejo,1,299.9,77.04,222.86,Venda
SKU_1463_LIG,03/08/2025,Atacado,3,779.7,272.88,168.94,Venda
SKU_1751_BLU,03/08/2025,Atacado,10,3299.0,1154.6,214.44,Venda
SKU_1407_EME,03/08/2025,Atacado,3,644.7,225.66,139.68,Venda
SKU_1785_PAS,03/08/2025,Varejo,1,244.9,45.26,199.64,Venda
SKU_1648_FLA,03/08/2025,E-commerce,1,699.9,119.91,579.99,Venda
SKU_1737_DEE,03/08/2025,Varejo,1,769.9,181.39,588.51,Venda
SKU_1773_FRE,03/08/2025,Atacado,8,2599.2,779.76,227.43,Venda
SKU_2011_TUR,03/08/2025,Varejo,1,254.9,17.84,237.06,Venda
SKU_1514_SPA,03/08/2025,Varejo,1,829.9,130.29,699.61,Venda
SKU_2010_BIR,03/08/2025,Varejo,1,919.9,0.0,919.9,Venda
SKU_1724_PIN,03/08/2025,Varejo,1,1114.9,188.92,925.98,Venda
SKU_1727_LIG,03/08/2025,Atacado,5,774.5,309.8,92.94,Venda
SKU_1407_EME,03/08/2025,E-commerce,1,214.9,38.91,175.99,Venda
SKU_1787_BAB,03/08/2025,Varejo,1,289.9,86.03,203.87,Venda
SKU_1975_MYS,03/08/2025,E-commerce,1,444.9,0.0,444.9,Venda
SKU_1635_SAG,03/08/2025,Varejo,1,604.9,165.49,439.41,Venda
SKU_1847_PAS,03/08/2025,Varejo,3,809.7,56.67,251.01,Venda
SKU_1764_MAR,03/08/2025,Atacado,3,704.7,246.66,152.68,Venda
SKU_2010_SPA,03/08/2025,E-commerce,1,919.9,0.0,919.9,Venda
SKU_1701_BLU,03/08/2025,Varejo,1,339.9,73.35,266.55,Venda
SKU_1572_MAR,03/08/2025,Varejo,1,139.9,41.74,98.16,Venda
SKU_1776_PAS,03/08/2025,Atacado,8,2639.2,791.76,230.93,Venda
SKU_1740_FRE,03/08/2025,Varejo,1,214.9,59.05,155.85,Venda
SKU_2040_MIN,03/08/2025,Varejo,1,294.9,20.64,274.26,Venda
SKU_1927_FUC,03/08/2025,Varejo,1,299.9,20.99,278.91,Venda
SKU_1402_VAN,03/08/2025,E-commerce,3,704.7,198.3,168.8,Venda
SKU_1756_BUB,03/08/2025,Varejo,1,179.9,34.57,145.33,Venda
SKU_1782_HUN,03/08/2025,Varejo,1,249.9,52.07,197.83,Venda
SKU_1838_DEN,03/08/2025,E-commerce,1,319.9,0.0,319.9,Venda
SKU_1704_PEA,03/08/2025,Atacado,8,2679.2,937.68,217.69,Venda
SKU_1745_PEA,03/08/2025,Atacado,8,3279.2,983.76,286.93,Venda
SKU_2107_SNO,03/08/2025,Atacado,6,2549.4,892.26,276.19,Venda
SKU_1746_EME,03/08/2025,Atacado,8,1439.2,431.76,125.93,Venda
SKU_1792_AQU,03/08/2025,E-commerce,1,439.9,100.86,339.04,Venda
SKU_1709_CRE,03/08/2025,Atacado,4,839.6,335.84,125.94,Venda
SKU_1713_SAL,03/08/2025,Atacado,6,3029.4,1211.76,302.94,Venda
SKU_1685_BIR,03/08/2025,Varejo,1,664.9,162.35,502.55,Venda
SKU_1540_BAL,03/08/2025,E-commerce,1,169.9,28.78,141.12,Venda
SKU_1745_PEA,03/08/2025,Varejo,1,409.9,109.65,300.25,Venda
SKU_1701_BLU,03/08/2025,Atacado,8,2719.2,951.68,220.94,Venda
SKU_1755_AQU,03/08/2025,Varejo,1,334.9,98.32,236.58,Venda
SKU_1940_BIR,03/08/2025,E-commerce,1,1084.9,0.0,1084.9,Venda
SKU_1747_TEA,03/08/2025,Varejo,1,174.9,51.62,123.28,Venda
SKU_1532_BRI,03/08/2025,Varejo,1,979.9,282.89,697.01,Venda
SKU_1467_FUC,03/08/2025,Varejo,1,204.9,36.02,168.88,Venda
SKU_1547_IVO,03/08/2025,Atacado,6,1979.4,791.76,197.94,Venda
SKU_1767_FUC,03/08/2025,Varejo,1,204.9,59.78,145.12,Venda
SKU_1718_SEA,03/08/2025,E-commerce,1,369.9,107.89,262.01,Venda
SKU_1476_CLO,03/08/2025,Varejo,1,274.9,46.46,228.44,Venda
SKU_1744_EME,03/08/2025,Atacado,2,529.8,158.94,185.43,Venda
SKU_1700_HUN,03/08/2025,Varejo,1,699.9,206.34,493.56,Venda
SKU_1704_BAB,03/08/2025,Atacado,4,1339.6,401.88,234.43,Venda
SKU_1475_MIN,03/08/2025,Varejo,1,249.9,73.74,176.16,Venda
SKU_1725_OFF,03/08/2025,Atacado,6,1469.4,514.32,159.18,Venda
SKU_2000_SAG,03/08/2025,Atacado,2,429.8,128.94,150.43,Venda
SKU_1698_PRI,03/08/2025,Varejo,1,419.9,70.64,349.26,Venda
SKU_1606_SEA,03/08/2025,Atacado,10,10849.0,3254.7,759.43,Venda
SKU_1694_SER,03/08/2025,E-commerce,2,559.8,152.6,203.6,Venda
SKU_1547_FUC,03/08/2025,Atacado,3,989.7,296.91,230.93,Venda
SKU_1451_BIR,03/08/2025,Varejo,3,734.7,126.24,202.82,Venda
SKU_1710_OLI,03/08/2025,Varejo,1,809.9,172.71,637.19,Venda
SKU_1743_CLO,03/08/2025,Atacado,5,2199.5,769.8,285.94,Venda
SKU_1483_WHI,03/08/2025,Atacado,4,1299.6,519.84,194.94,Venda
SKU_1690_MYS,03/08/2025,E-commerce,1,539.9,142.31,397.59,Venda
SKU_1707_ARM,03/08/2025,Atacado,8,2239.2,783.68,181.94,Venda
SKU_2017_SHO,03/08/2025,Varejo,1,284.9,19.94,264.96,Venda
SKU_1508_LIM,03/08/2025,Varejo,1,209.9,32.63,177.27,Venda
SKU_1724_PIN,03/08/2025,E-commerce,1,1114.9,221.38,893.52,Venda
SKU_1708_FRE,03/08/2025,Atacado,6,1019.4,305.82,118.93,Venda
SKU_1699_CLO,03/08/2025,E-commerce,1,329.9,71.84,258.06,Venda
SKU_1782_NAV,03/08/2025,Atacado,2,499.8,174.92,162.44,Venda
SKU_1717_CRE,03/08/2025,Varejo,1,259.9,57.08,202.82,Venda
SKU_1667_LIG,03/08/2025,Varejo,1,209.9,36.43,173.47,Venda
SKU_1716_AQU,03/08/2025,Varejo,1,164.9,47.28,117.62,Venda
SKU_1787_BAB,03/08/2025,Atacado,5,1449.5,579.8,173.94,Venda
SKU_1686_SKY,03/08/2025,E-commerce,1,214.9,57.79,157.11,Venda
SKU_1598_DUS,03/08/2025,Varejo,1,489.9,89.45,400.45,Venda
SKU_1547_IVO,03/08/2025,E-commerce,2,659.8,113.16,273.32,Venda
SKU_1777_TUR,03/08/2025,Atacado,8,1919.2,575.76,167.93,Venda
SKU_1688_LIG,03/08/2025,E-commerce,1,429.9,91.75,338.15,Venda
SKU_1745_FOR,03/08/2025,Atacado,4,1639.6,491.88,286.93,Venda
SKU_1733_SAG,03/08/2025,Varejo,1,349.9,81.74,268.16,Venda
SKU_1782_NAV,03/08/2025,Varejo,1,249.9,57.83,192.07,Venda
SKU_1684_SHO,03/08/2025,Atacado,10,1849.0,554.7,129.43,Venda
SKU_1871_SNO,03/08/2025,E-commerce,1,199.9,0.0,199.9,Venda
SKU_1764_FUC,03/08/2025,E-commerce,1,234.9,60.53,174.37,Venda
SKU_1769_WHI,03/08/2025,Atacado,3,974.7,292.41,227.43,Venda
SKU_1699_COB,03/08/2025,E-commerce,1,329.9,60.58,269.32,Venda
SKU_1681_OFF,03/08/2025,Varejo,3,704.7,162.6,180.7,Venda
SKU_1710_OLI,03/08/2025,Atacado,5,4049.5,1417.3,526.44,Venda
SKU_1441_IVO,03/08/2025,Atacado,3,3464.7,1212.66,750.68,Venda
SKU_1753_WHI,03/08/2025,Varejo,1,789.9,123.77,666.13,Venda
SKU_1750_MIN,03/08/2025,Atacado,3,1109.7,332.91,258.93,Venda
SKU_1771_EME,03/08/2025,Atacado,6,1589.4,556.26,172.19,Venda
SKU_1483_POW,03/08/2025,E-commerce,1,324.9,64.14,260.76,Venda
SKU_1425_WHI,03/08/2025,Varejo,2,419.8,64.58,177.61,Venda
SKU_1709_MAR,03/08/2025,Varejo,2,419.8,101.7,159.05,Venda
SKU_1571_WHI,03/08/2025,Varejo,1,249.9,48.82,201.08,Venda
SKU_1846_SEA,03/08/2025,Varejo,3,1049.7,0.0,349.9,Venda
SKU_1737_DEE,03/08/2025,Varejo,1,769.9,158.02,611.88,Venda
SKU_1727_LIG,03/08/2025,Atacado,5,774.5,232.35,108.43,Venda
SKU_1694_PIS,03/08/2025,Atacado,4,1119.6,335.88,195.93,Venda
SKU_1708_FRE,03/08/2025,E-commerce,2,339.8,89.68,125.06,Venda
SKU_1774_MOS,03/08/2025,Atacado,3,614.7,276.6,112.7,Venda
SKU_1391_SEA,03/08/2025,E-commerce,1,284.9,60.38,224.52,Venda
SKU_1992_BAL,03/08/2025,Varejo,1,924.9,0.0,924.9,Venda
SKU_1507_PAS,03/08/2025,Atacado,10,1799.0,629.6,116.94,Venda
SKU_1796_SHO,03/08/2025,E-commerce,1,504.9,145.94,358.96,Venda
SKU_1412_BAB,03/08/2025,E-commerce,1,894.9,197.84,697.06,Venda
SKU_1403_DUS,03/08/2025,Atacado,5,1924.5,577.35,269.43,Venda
SKU_1705_JAD,03/08/2025,Atacado,5,2049.5,614.85,286.93,Venda
SKU_1759_COB,03/08/2025,Atacado,3,809.7,283.38,175.44,Venda
SKU_1959_WHI,03/08/2025,Varejo,1,739.9,0.0,739.9,Venda
SKU_1737_DEE,03/08/2025,Atacado,4,3079.6,1077.84,500.44,Venda
SKU_2103_FUC,03/08/2025,Varejo,1,469.9,0.0,469.9,Venda
SKU_1763_MAR,03/08/2025,Varejo,3,899.7,164.79,244.97,Venda
SKU_1786_TEA,03/08/2025,Atacado,5,899.5,269.85,125.93,Venda
SKU_2044_PAS,03/08/2025,Atacado,6,1499.4,524.76,162.44,Venda
SKU_1790_EGR,03/08/2025,Atacado,5,1299.5,454.8,168.94,Venda
SKU_1535_MOS,03/08/2025,Atacado,8,2439.2,853.68,198.19,Venda
SKU_1715_HON,03/08/2025,Atacado,4,879.6,395.84,120.94,Venda
SKU_1697_MIN,03/08/2025,Varejo,1,219.9,51.64,168.26,Venda
SKU_1787_BAB,03/08/2025,Atacado,3,869.7,260.91,202.93,Venda
SKU_1691_HUN,03/08/2025,Atacado,3,929.7,325.38,201.44,Venda
SKU_1744_LIG,03/08/2025,Atacado,3,794.7,238.41,185.43,Venda
SKU_1748_BAB,03/08/2025,Atacado,8,2479.2,991.68,185.94,Venda
SKU_1690_MAG,03/08/2025,E-commerce,1,539.9,82.97,456.93,Venda
SKU_1723_COB,03/08/2025,Atacado,5,2174.5,761.05,282.69,Venda
SKU_1721_FRE,03/08/2025,Atacado,6,2519.4,755.82,293.93,Venda
SKU_1448_SKY,03/08/2025,Varejo,1,179.9,31.12,148.78,Venda
SKU_1710_OLI,03/08/2025,E-commerce,3,2429.7,634.44,598.42,Venda
SKU_1666_PAS,03/08/2025,Atacado,4,3199.6,1119.84,519.94,Venda
SKU_1712_NAV,03/08/2025,Atacado,4,719.6,215.88,125.93,Venda
SKU_1801_FLA,03/08/2025,Atacado,10,3749.0,1312.1,243.69,Venda
SKU_1651_PAS,03/08/2025,Atacado,5,1324.5,463.55,172.19,Venda
SKU_1769_EME,03/08/2025,Varejo,2,649.8,108.66,270.57,Venda
SKU_1789_SNO,03/08/2025,Atacado,5,1349.5,404.85,188.93,Venda
SKU_1701_SPA,03/08/2025,E-commerce,2,679.8,121.64,279.08,Venda
SKU_1687_FOR,03/08/2025,Atacado,5,4499.5,1574.8,584.94,Venda
SKU_1777_FRE,03/08/2025,Varejo,1,239.9,49.39,190.51,Venda
SKU_1712_MOS,03/08/2025,E-commerce,1,179.9,32.1,147.8,Venda
SKU_1685_BIR,03/08/2025,Varejo,1,664.9,162.11,502.79,Venda
SKU_1660_MAG,03/08/2025,Varejo,1,314.9,77.14,237.76,Venda
SKU_1566_PEA,03/08/2025,E-commerce,1,1034.9,257.68,777.22,Venda
SKU_1581_BIR,03/08/2025,Varejo,2,1709.8,433.64,638.08,Venda
SKU_1402_WHI,03/08/2025,E-commerce,1,234.9,52.71,182.19,Venda
SKU_1674_PAS,03/08/2025,Varejo,1,229.9,63.44,166.46,Venda
SKU_1799_DEN,03/08/2025,Atacado,8,2159.2,647.76,188.93,Venda
SKU_1724_PIN,03/08/2025,Varejo,2,2229.8,390.88,919.46,Venda
SKU_1796_OLI,03/08/2025,Atacado,3,1514.7,454.41,353.43,Venda
SKU_1894_IVO,03/08/2025,Varejo,1,274.9,0.0,274.9,Venda
SKU_1451_WHI,03/08/2025,Atacado,4,979.6,342.88,159.18,Venda
SKU_1642_OFF,03/08/2025,Varejo,1,224.9,46.65,178.25,Venda
SKU_1724_PEA,03/08/2025,Varejo,3,3344.7,825.75,839.65,Venda
SKU_1778_MIN,03/08/2025,Varejo,2,569.8,170.74,199.53,Venda
SKU_1744_LIG,03/08/2025,E-commerce,1,264.9,60.39,204.51,Venda
SKU_1724_PEA,03/08/2025,Atacado,5,5574.5,1672.35,780.43,Venda
SKU_1716_AQU,03/08/2025,Varejo,1,164.9,37.82,127.08,Venda
SKU_1718_SEA,03/08/2025,Atacado,5,1849.5,647.3,240.44,Venda
SKU_1728_EGR,03/08/2025,E-commerce,2,659.8,111.22,274.29,Venda
SKU_1736_PAS,03/08/2025,Varejo,2,649.8,189.28,230.26,Venda
SKU_1448_SKY,03/08/2025,Varejo,1,179.9,37.23,142.67,Venda
SKU_2078_CLE,03/08/2025,Atacado,5,1199.5,419.8,155.94,Venda
SKU_1739_AQU,03/08/2025,Atacado,5,1274.5,446.1,165.68,Venda
SKU_1705_JAD,03/08/2025,Varejo,1,409.9,63.7,346.2,Venda
SKU_1739_MOS,03/08/2025,Varejo,3,764.7,144.54,206.72,Venda
SKU_1798_MOS,03/08/2025,Varejo,2,839.8,160.1,339.85,Venda
SKU_1714_MID,03/08/2025,E-commerce,1,304.9,47.94,256.96,Venda
SKU_1751_MIN,03/08/2025,Atacado,12,3958.8,1385.52,214.44,Venda
SKU_1656_FUC,03/08/2025,E-commerce,1,234.9,46.67,188.23,Venda
SKU_1786_TEA,03/08/2025,Atacado,3,539.7,215.88,107.94,Venda
SKU_1691_HUN,03/08/2025,Varejo,1,309.9,67.99,241.91,Venda
SKU_1667_MID,03/08/2025,Atacado,4,839.6,293.84,136.44,Venda
SKU_1703_BLU,03/08/2025,Varejo,1,269.9,59.75,210.15,Venda
SKU_1695_CRE,03/08/2025,Varejo,2,419.8,92.02,163.89,Venda
SKU_1733_SAG,03/08/2025,E-commerce,1,349.9,98.54,251.36,Venda
SKU_1608_WHI,03/08/2025,Atacado,10,3049.0,1219.6,182.94,Venda
SKU_1541_POW,03/08/2025,Atacado,6,4049.4,1417.26,438.69,Venda
SKU_1538_MAG,03/08/2025,Atacado,2,419.8,167.92,125.94,Venda
SKU_1734_BRI,03/08/2025,E-commerce,1,349.9,68.36,281.54,Venda
SKU_1771_PIN,03/08/2025,E-commerce,2,529.8,114.74,207.53,Venda
SKU_1747_FUC,03/08/2025,Atacado,3,524.7,209.88,104.94,Venda
SKU_1627_MOS,03/08/2025,Atacado,5,1649.5,659.8,197.94,Venda
SKU_1470_WHI,03/08/2025,Varejo,1,919.9,177.47,742.43,Venda
SKU_1867_LIG,03/08/2025,Atacado,2,399.8,139.92,129.94,Venda
SKU_1716_SAL,03/08/2025,Atacado,6,989.4,346.32,107.18,Venda
SKU_1801_MOS,03/08/2025,Varejo,2,749.8,191.14,279.33,Venda
SKU_1719_OFF,03/08/2025,Varejo,1,319.9,87.56,232.34,Venda
SKU_1742_EME,03/08/2025,Varejo,1,259.9,49.8,210.1,Venda
SKU_1410_ROS,03/08/2025,Atacado,3,3419.7,1196.88,740.94,Venda
SKU_1770_DEE,03/08/2025,Varejo,1,219.9,52.91,166.99,Venda
SKU_1680_SEA,03/08/2025,Atacado,2,669.8,267.92,200.94,Venda
SKU_1758_CLO,03/08/2025,E-commerce,1,179.9,35.54,144.36,Venda
SKU_1724_PIN,03/08/2025,Varejo,1,1114.9,221.91,892.99,Venda
SKU_1447_OLI,03/08/2025,Varejo,1,239.9,43.99,195.91,Venda
SKU_1692_OLI,03/08/2025,Atacado,10,2199.0,769.6,142.94,Venda
SKU_1732_OFF,03/08/2025,Atacado,8,8919.2,3567.68,668.94,Venda
SKU_1644_PEA,03/08/2025,Varejo,1,319.9,85.21,234.69,Venda
SKU_1765_PAS,03/08/2025,Varejo,1,259.9,58.64,201.26,Venda
SKU_1785_HUN,03/08/2025,Atacado,12,2938.8,1028.64,159.18,Venda
SKU_1701_SPA,03/08/2025,Varejo,1,339.9,87.72,252.18,Venda
SKU_1717_CRE,03/08/2025,Varejo,2,519.8,100.5,209.65,Venda
SKU_1686_MOS,03/08/2025,Atacado,10,2149.0,752.2,139.68,Venda
SKU_1885_MAG,03/08/2025,Atacado,2,1099.8,329.94,384.93,Venda
SKU_1430_JAD,03/08/2025,Varejo,2,359.8,79.04,140.38,Venda
SKU_1729_CLE,03/08/2025,Atacado,8,1399.2,489.76,113.68,Venda
SKU_1596_CER,03/08/2025,Varejo,1,274.9,73.66,201.24,Venda
SKU_1390_PAS,03/08/2025,Atacado,12,2758.8,965.52,149.44,Venda
SKU_1689_MAG,03/08/2025,E-commerce,1,964.9,200.42,764.48,Venda
SKU_1914_SNO,03/08/2025,Varejo,1,199.9,0.0,199.9,Venda
SKU_1772_BLU,03/08/2025,Varejo,3,1244.7,244.32,333.46,Venda
SKU_1685_COB,03/08/2025,Varejo,1,664.9,111.86,553.04,Venda
SKU_1620_SAG,03/08/2025,Varejo,1,264.9,72.66,192.24,Venda
SKU_1736_PAS,03/08/2025,Atacado,6,1949.4,779.76,194.94,Venda
SKU_2109_TEA,03/08/2025,Atacado,5,1599.5,639.8,191.94,Venda
SKU_1688_WHI,03/08/2025,Varejo,1,429.9,87.5,342.4,Venda
SKU_1404_ARM,03/08/2025,Atacado,4,4079.6,1223.88,713.93,Venda
SKU_1798_OFF,03/08/2025,Atacado,4,1679.6,587.84,272.94,Venda
SKU_2037_SNO,03/08/2025,Atacado,5,3624.5,1268.55,471.19,Venda
SKU_1778_MIN,03/08/2025,Atacado,6,1709.4,598.26,185.19,Venda
SKU_1793_WHI,03/08/2025,Varejo,3,569.7,155.46,138.08,Venda
SKU_1791_ARM,03/08/2025,Varejo,1,264.9,64.95,199.95,Venda
SKU_1490_VAN,03/08/2025,Atacado,6,1889.4,566.82,220.43,Venda
SKU_1465_CLE,03/08/2025,E-commerce,1,314.9,61.92,252.98,Venda
SKU_1773_FRE,03/08/2025,Varejo,1,324.9,61.38,263.52,Venda
SKU_1691_ROS,03/08/2025,Varejo,1,309.9,74.4,235.5,Venda
SKU_1447_BLU,03/08/2025,Atacado,3,719.7,215.91,167.93,Venda
SKU_1876_CLO,03/08/2025,Varejo,1,199.9,0.0,199.9,Venda
SKU_2079_TUR,03/08/2025,E-commerce,3,3209.7,0.0,1069.9,Venda
SKU_1588_CRE,03/08/2025,Varejo,1,489.9,78.5,411.4,Venda
SKU_1691_HUN,03/08/2025,Varejo,2,619.8,184.84,217.48,Venda
SKU_1714_MID,03/08/2025,Varejo,1,304.9,61.01,243.89,Venda
SKU_1788_MYS,03/08/2025,Varejo,1,249.9,47.93,201.97,Venda
SKU_1430_JAD,03/08/2025,Varejo,1,179.9,42.24,137.66,Venda
SKU_1736_PAS,03/08/2025,E-commerce,1,324.9,77.95,246.95,Venda
SKU_1760_PAS,03/08/2025,Atacado,5,1249.5,374.85,174.93,Venda
SKU_1658_MYS,03/08/2025,Atacado,10,8799.0,2639.7,615.93,Venda
SKU_1742_EME,03/08/2025,Atacado,4,1039.6,363.84,168.94,Venda
SKU_1703_PAS,03/08/2025,E-commerce,1,269.9,40.83,229.07,Venda
SKU_1749_SNO,03/08/2025,E-commerce,1,349.9,98.2,251.7,Venda
SKU_2017_SHO,03/08/2025,Atacado,2,569.8,170.94,199.43,Venda
SKU_1420_EGR,03/08/2025,E-commerce,1,989.9,236.15,753.75,Venda
SKU_1709_CRE,03/08/2025,Atacado,4,839.6,293.84,136.44,Venda
SKU_1721_FRE,03/08/2025,Varejo,1,419.9,98.9,321.0,Venda
SKU_1796_SHO,03/08/2025,Varejo,1,504.9,145.9,359.0,Venda
SKU_1681_PIS,03/08/2025,Atacado,8,1879.2,563.76,164.43,Venda
SKU_1699_CLO,03/08/2025,Varejo,1,329.9,56.99,272.91,Venda
SKU_1525_OLI,03/08/2025,Varejo,1,289.9,76.92,212.98,Venda
SKU_1535_NAV,03/08/2025,Varejo,4,1219.6,290.28,232.33,Venda
SKU_1761_MOS,03/08/2025,Varejo,1,1104.9,228.58,876.32,Venda
SKU_2029_PRI,03/08/2025,Varejo,1,964.9,0.0,964.9,Venda
SKU_1528_DEN,03/08/2025,Atacado,6,1289.4,515.76,128.94,Venda
SKU_1744_EME,03/08/2025,Varejo,1,264.9,66.06,198.84,Venda
SKU_1718_SEA,03/08/2025,Atacado,2,739.8,258.92,240.44,Venda
SKU_1702_COR,03/08/2025,Atacado,4,2479.6,991.84,371.94,Venda
SKU_1597_SHO,03/08/2025,Varejo,1,529.9,106.55,423.35,Venda
SKU_1959_WHI,03/08/2025,Atacado,10,7399.0,2589.6,480.94,Venda
SKU_1426_NAV,03/08/2025,Atacado,8,1039.2,311.76,90.93,Venda
SKU_1451_BIR,03/08/2025,Varejo,4,979.6,204.0,193.9,Venda
SKU_1412_BAB,03/08/2025,Atacado,3,2684.7,1073.88,536.94,Venda
SKU_1747_FUC,03/08/2025,Atacado,5,874.5,306.1,113.68,Venda
SKU_1801_FLA,03/08/2025,Varejo,1,374.9,102.32,272.58,Venda
SKU_1722_PAS,03/08/2025,E-commerce,1,324.9,57.1,267.8,Venda
SKU_1773_FRE,03/08/2025,Varejo,2,649.8,105.18,272.31,Venda
SKU_1703_BLU,03/08/2025,Atacado,5,1349.5,472.3,175.44,Venda
SKU_1752_SNO,03/08/2025,Varejo,1,429.9,119.0,310.9,Venda
SKU_1769_EME,03/08/2025,Varejo,1,324.9,68.57,256.33,Venda
SKU_1723_COB,03/08/2025,E-commerce,1,434.9,68.59,366.31,Venda
SKU_1761_SAP,03/08/2025,Varejo,1,1104.9,225.31,879.59,Venda
SKU_1494_HOT,03/08/2025,Atacado,10,10849.0,4339.6,650.94,Venda
SKU_1725_BAB,03/08/2025,Atacado,3,734.7,257.16,159.18,Venda
SKU_1401_BLU,03/08/2025,Varejo,3,719.7,142.95,192.25,Venda
SKU_1689_MAG,03/08/2025,Varejo,3,2894.7,554.1,780.2,Venda
SKU_1712_NAV,03/08/2025,Atacado,6,1079.4,377.76,116.94,Venda
SKU_1741_PEA,03/08/2025,Varejo,3,719.7,206.52,171.06,Venda
SKU_1699_CLO,03/08/2025,E-commerce,1,329.9,86.55,243.35,Venda
SKU_1747_TEA,03/08/2025,E-commerce,1,174.9,42.69,132.21,Venda
SKU_1686_SKY,03/08/2025,Varejo,2,429.8,74.74,177.53,Venda
SKU_1789_EME,03/08/2025,E-commerce,1,269.9,44.97,224.93,Venda
SKU_1780_LIG,03/08/2025,Atacado,6,2009.4,602.82,234.43,Venda
SKU_1787_BAB,03/08/2025,Atacado,5,1449.5,507.3,188.44,Venda
SKU_1777_FRE,03/08/2025,Atacado,4,959.6,335.84,155.94,Venda
SKU_1502_VAN,03/08/2025,Varejo,3,629.7,105.36,174.78,Venda
SKU_1772_BLU,03/08/2025,Atacado,8,3319.2,995.76,290.43,Venda
SKU_1749_BIR,03/08/2025,Atacado,5,1749.5,699.8,209.94,Venda
SKU_1790_ROY,03/08/2025,Atacado,8,2079.2,935.68,142.94,Venda
SKU_1449_BLA,03/08/2025,E-commerce,1,324.9,72.17,252.73,Venda
SKU_1799_DEN,03/08/2025,Varejo,2,539.8,103.88,217.96,Venda
SKU_1799_DEN,03/08/2025,Varejo,1,269.9,50.74,219.16,Venda
SKU_1707_ARM,03/08/2025,Varejo,4,1119.6,226.08,223.38,Venda
SKU_1757_PIN,03/08/2025,Atacado,5,1324.5,397.35,185.43,Venda
SKU_1688_WHI,03/08/2025,Atacado,3,1289.7,580.38,236.44,Venda
SKU_1707_SAP,03/08/2025,Atacado,3,839.7,293.88,181.94,Venda
SKU_1442_EME,03/08/2025,Varejo,1,289.9,75.0,214.9,Venda
SKU_1749_BIR,03/08/2025,Varejo,2,699.8,165.7,267.05,Venda
SKU_1692_BLU,03/08/2025,E-commerce,1,219.9,43.77,176.13,Venda
SKU_1653_BAB,03/08/2025,E-commerce,2,719.8,112.4,303.7,Venda
SKU_1796_SHO,03/08/2025,Varejo,1,504.9,110.58,394.32,Venda
SKU_1762_DEN,03/08/2025,Atacado,4,1019.6,407.84,152.94,Venda
SKU_1776_BIR,03/08/2025,Atacado,8,2639.2,791.76,230.93,Venda
SKU_1790_EGR,03/08/2025,Atacado,4,1039.6,415.84,155.94,Venda
SKU_1403_DUS,03/08/2025,Atacado,5,1924.5,673.55,250.19,Venda
SKU_1732_OFF,03/08/2025,E-commerce,1,1114.9,331.81,783.09,Venda
SKU_1714_MID,03/08/2025,Atacado,5,1524.5,609.8,182.94,Venda
SKU_1754_SER,03/08/2025,Atacado,2,679.8,237.92,220.94,Venda
SKU_1726_PAS,03/08/2025,Atacado,2,859.8,300.92,279.44,Venda
SKU_1763_HOT,03/08/2025,Atacado,3,899.7,404.85,164.95,Venda
SKU_1711_ARM,03/08/2025,Atacado,5,4974.5,1492.35,696.43,Venda
SKU_1683_PAL,03/08/2025,Atacado,4,1259.6,440.84,204.69,Venda
SKU_1682_OLI,03/08/2025,Varejo,1,234.9,40.44,194.46,Venda
SKU_1786_TEA,03/08/2025,E-commerce,1,179.9,50.39,129.51,Venda
SKU_1781_CLE,03/08/2025,Atacado,4,519.6,181.84,84.44,Venda
SKU_1727_WHI,03/08/2025,Varejo,1,154.9,45.49,109.41,Venda
SKU_1698_PRI,03/08/2025,Atacado,4,1679.6,587.84,272.94,Venda
SKU_2001_DEN,03/08/2025,Varejo,1,384.9,0.0,384.9,Venda
SKU_1740_OLI,03/08/2025,Atacado,4,859.6,343.84,128.94,Venda
SKU_1695_LIM,03/08/2025,Atacado,6,1259.4,440.76,136.44,Venda
SKU_1680_NAV,03/08/2025,Varejo,1,334.9,85.8,249.1,Venda
SKU_1626_BAB,03/08/2025,Atacado,3,1619.7,485.91,377.93,Venda
SKU_1737_SAG,03/08/2025,Varejo,2,1539.8,390.24,574.78,Venda
SKU_1762_DEN,03/08/2025,Atacado,10,2549.0,892.2,165.68,Venda
SKU_1490_VAN,03/08/2025,Atacado,3,944.7,330.63,204.69,Venda
SKU_1702_LIG,03/08/2025,Varejo,1,619.9,118.19,501.71,Venda
SKU_1771_PIN,03/08/2025,Atacado,12,3178.8,1112.52,172.19,Venda
SKU_1703_PAS,03/08/2025,Atacado,6,1619.4,485.82,188.93,Venda
SKU_1719_WHI,03/08/2025,Atacado,5,1599.5,559.8,207.94,Venda
SKU_1735_COR,03/08/2025,Atacado,3,809.7,283.38,175.44,Venda
SKU_1788_MYS,03/08/2025,E-commerce,1,249.9,59.61,190.29,Venda
SKU_1759_COB,03/08/2025,E-commerce,1,269.9,73.65,196.25,Venda
SKU_1688_WHI,03/08/2025,Varejo,2,859.8,220.24,319.78,Venda
SKU_1716_SAL,03/08/2025,Varejo,1,164.9,39.89,125.01,Venda
SKU_1745_FOR,03/08/2025,E-commerce,1,409.9,72.32,337.58,Venda
SKU_1850_DEE,03/08/2025,Varejo,1,204.9,0.0,204.9,Venda
SKU_1741_PEA,03/08/2025,Atacado,10,2399.0,719.7,167.93,Venda
SKU_1760_PAS,03/08/2025,E-commerce,1,249.9,69.61,180.29,Venda
SKU_1554_SKY,03/08/2025,Atacado,3,3104.7,931.41,724.43,Venda
SKU_1741_PIN,03/08/2025,Atacado,4,959.6,287.88,167.93,Venda
SKU_1724_PIN,03/08/2025,Atacado,8,8919.2,2675.76,780.43,Venda
SKU_1705_SER,03/08/2025,Atacado,4,1639.6,491.88,286.93,Venda
SKU_1508_LIM,03/08/2025,Atacado,6,1259.4,440.76,136.44,Venda
SKU_1761_MOS,03/08/2025,Varejo,2,2209.8,367.14,921.33,Venda
SKU_1716_SAL,03/08/2025,Varejo,2,329.8,94.22,117.79,Venda
SKU_1777_FRE,03/08/2025,Atacado,8,1919.2,575.76,167.93,Venda
SKU_1957_CRE,03/08/2025,E-commerce,1,189.9,0.0,189.9,Venda
SKU_1685_BIR,03/08/2025,Varejo,1,664.9,150.74,514.16,Venda
SKU_1685_COB,03/08/2025,Atacado,5,3324.5,997.35,465.43,Venda
SKU_1789_EME,03/08/2025,Varejo,2,539.8,120.98,209.41,Venda
SKU_1788_EME,03/08/2025,Atacado,4,999.6,349.84,162.44,Venda
SKU_1774_MOS,03/08/2025,Atacado,5,1024.5,307.35,143.43,Venda
SKU_1698_SNO,03/08/2025,Varejo,1,419.9,125.34,294.56,Venda
SKU_1428_SKY,03/08/2025,Atacado,8,3919.2,1175.76,342.93,Venda
SKU_1701_BLU,03/08/2025,Atacado,2,679.8,237.92,220.94,Venda
SKU_1681_OFF,03/08/2025,Atacado,5,1174.5,411.1,152.68,Venda
SKU_1454_BUB,03/08/2025,Varejo,1,149.9,30.0,119.9,Venda
SKU_1737_DEE,03/08/2025,Atacado,8,6159.2,2463.68,461.94,Venda
SKU_1729_FUC,03/08/2025,E-commerce,1,174.9,33.16,141.74,Venda
SKU_1917_IVO,03/08/2025,Atacado,8,2999.2,899.76,262.43,Venda
SKU_1700_PIS,03/08/2025,Atacado,2,1399.8,559.92,419.94,Venda
SKU_1704_PEA,03/08/2025,Atacado,4,1339.6,535.84,200.94,Venda
SKU_1699_COB,03/08/2025,Varejo,1,329.9,70.85,259.05,Venda
SKU_1599_CER,03/08/2025,Atacado,10,4699.0,1644.6,305.44,Venda
SKU_1560_CRE,03/08/2025,Atacado,2,449.8,157.44,146.18,Venda
SKU_1719_WHI,03/08/2025,Atacado,6,1919.4,767.76,191.94,Venda
SKU_1880_TUR,03/08/2025,Varejo,3,2549.7,0.0,849.9,Venda
SKU_1502_PEA,03/08/2025,Atacado,10,2099.0,734.6,136.44,Venda
SKU_1794_FLA,03/08/2025,Atacado,6,1259.4,377.82,146.93,Venda
SKU_1707_SAP,03/08/2025,Atacado,6,1679.4,503.82,195.93,Venda
SKU_1731_MIN,03/08/2025,Varejo,1,909.9,208.7,701.2,Venda
SKU_1611_BRI,03/08/2025,Atacado,3,659.7,230.88,142.94,Venda
SKU_1702_COR,03/08/2025,Atacado,10,6199.0,1859.7,433.93,Venda
SKU_1694_PIS,03/08/2025,Varejo,3,839.7,210.6,209.7,Venda
SKU_1799_POW,03/08/2025,Atacado,5,1349.5,607.3,148.44,Venda
SKU_1740_FRE,03/08/2025,Varejo,1,214.9,50.71,164.19,Venda
SKU_1396_FUC,03/08/2025,Atacado,5,674.5,236.1,87.68,Venda
SKU_1739_AQU,03/08/2025,Atacado,4,1019.6,305.88,178.43,Venda
SKU_1696_SER,03/08/2025,Varejo,1,279.9,64.88,215.02,Venda
SKU_1731_MIN,03/08/2025,Atacado,2,1819.8,545.94,636.93,Venda
SKU_1749_SNO,04/08/2025,Atacado,3,1049.7,314.91,244.93,Venda
SKU_1714_DEE,04/08/2025,Varejo,1,304.9,64.7,240.2,Venda
SKU_1781_AQU,04/08/2025,E-commerce,1,129.9,26.01,103.89,Venda
SKU_1528_PAS,04/08/2025,Atacado,4,859.6,257.88,150.43,Venda
SKU_1485_PAS,04/08/2025,Varejo,1,664.9,134.87,530.03,Venda
SKU_1734_BRI,04/08/2025,Atacado,6,2099.4,629.82,244.93,Venda
SKU_1795_RAS,04/08/2025,E-commerce,1,299.9,83.8,216.1,Venda
SKU_1597_SHO,04/08/2025,Varejo,1,529.9,111.57,418.33,Venda
SKU_1831_HOT,04/08/2025,Atacado,8,2679.2,937.68,217.69,Venda
SKU_1698_PRI,04/08/2025,Atacado,10,4199.0,1469.6,272.94,Venda
SKU_1726_PAS,04/08/2025,Atacado,4,1719.6,515.88,300.93,Venda
SKU_1891_MAR,04/08/2025,Atacado,4,1319.6,461.84,214.44,Venda
SKU_1971_RAS,04/08/2025,E-commerce,1,829.9,0.0,829.9,Venda
SKU_1782_NAV,04/08/2025,E-commerce,2,499.8,131.38,184.21,Venda
SKU_1753_PAL,04/08/2025,Atacado,8,6319.2,1895.76,552.93,Venda
SKU_1420_EGR,04/08/2025,Atacado,10,9899.0,3464.6,643.44,Venda
SKU_1706_JAD,04/08/2025,Varejo,4,739.6,204.4,133.8,Venda
SKU_1775_PAL,04/08/2025,Atacado,2,559.8,167.94,195.93,Venda
SKU_1768_PEA,04/08/2025,Atacado,4,2499.6,874.84,406.19,Venda
SKU_1695_CRE,04/08/2025,Varejo,1,209.9,38.66,171.24,Venda
SKU_1595_MYS,04/08/2025,Varejo,1,299.9,80.8,219.1,Venda
SKU_1495_BLA,04/08/2025,Atacado,4,1319.6,461.84,214.44,Venda
SKU_1768_PEA,04/08/2025,Varejo,1,624.9,101.29,523.61,Venda
SKU_1789_SNO,04/08/2025,Varejo,1,269.9,62.26,207.64,Venda
SKU_1711_ARM,04/08/2025,Varejo,1,994.9,186.48,808.42,Venda
SKU_1907_TEA,04/08/2025,Atacado,3,824.7,247.41,192.43,Venda
SKU_1502_VAN,04/08/2025,Atacado,3,629.7,220.38,136.44,Venda
SKU_1694_PIS,04/08/2025,Varejo,3,839.7,148.71,230.33,Venda
SKU_1795_HUN,04/08/2025,E-commerce,1,299.9,49.27,250.63,Venda
SKU_1800_SKY,04/08/2025,Atacado,5,1399.5,489.8,181.94,Venda
SKU_1725_OFF,04/08/2025,Varejo,1,244.9,37.79,207.11,Venda
SKU_1686_MOS,04/08/2025,Varejo,1,214.9,52.61,162.29,Venda
SKU_1722_AQU,04/08/2025,Varejo,1,324.9,91.56,233.34,Venda
SKU_1711_VAN,04/08/2025,Atacado,4,3979.6,1591.84,596.94,Venda
SKU_1760_OFF,04/08/2025,Varejo,1,249.9,43.77,206.13,Venda
SKU_1757_TUR,04/08/2025,Varejo,1,264.9,53.17,211.73,Venda
SKU_1473_BAB,04/08/2025,Atacado,6,1079.4,377.76,116.94,Venda
SKU_1425_LIG,04/08/2025,Atacado,6,1259.4,503.76,125.94,Venda
SKU_1732_OFF,04/08/2025,Varejo,1,1114.9,284.71,830.19,Venda
SKU_1749_SNO,04/08/2025,Atacado,3,1049.7,367.38,227.44,Venda
SKU_1458_PEA,04/08/2025,E-commerce,1,349.9,63.78,286.12,Venda
SKU_1728_EGR,04/08/2025,Atacado,5,1649.5,659.8,197.94,Venda
SKU_1682_BIR,04/08/2025,Varejo,1,234.9,50.3,184.6,Venda
SKU_1590_MYS,04/08/2025,Atacado,5,949.5,332.3,123.44,Venda
SKU_1785_PAS,04/08/2025,E-commerce,1,244.9,61.28,183.62,Venda
SKU_1734_BRI,04/08/2025,Atacado,8,2799.2,839.76,244.93,Venda
SKU_2023_SPA,04/08/2025,Atacado,10,1599.0,479.7,111.93,Venda
SKU_1750_SNO,04/08/2025,Varejo,1,369.9,77.67,292.23,Venda
SKU_1755_AQU,04/08/2025,Atacado,3,1004.7,301.41,234.43,Venda
SKU_1607_MAR,04/08/2025,Varejo,1,299.9,56.28,243.62,Venda
SKU_1740_OLI,04/08/2025,E-commerce,1,214.9,49.13,165.77,Venda
SKU_1711_ARM,04/08/2025,Atacado,8,7959.2,2785.76,646.68,Venda
SKU_1737_SAG,04/08/2025,Atacado,8,6159.2,1847.76,538.93,Venda
SKU_1737_DEE,04/08/2025,Atacado,2,1539.8,615.92,461.94,Venda
SKU_1506_PAL,04/08/2025,E-commerce,1,229.9,47.56,182.34,Venda
SKU_1593_FUC,04/08/2025,E-commerce,1,144.9,27.45,117.45,Venda
SKU_1769_WHI,04/08/2025,Atacado,3,974.7,389.88,194.94,Venda
SKU_1731_MIN,04/08/2025,Varejo,1,909.9,265.68,644.22,Venda
SKU_1727_LIG,04/08/2025,Varejo,1,154.9,41.5,113.4,Venda
SKU_1452_DEE,04/08/2025,Atacado,4,579.6,173.88,101.43,Venda
SKU_1754_SER,04/08/2025,Varejo,1,339.9,81.52,258.38,Venda
SKU_1678_LIG,04/08/2025,Varejo,1,714.9,151.02,563.88,Venda
SKU_1762_BRI,04/08/2025,Varejo,2,509.8,82.94,213.43,Venda
SKU_1705_SER,04/08/2025,E-commerce,1,409.9,66.24,343.66,Venda
SKU_1741_PEA,04/08/2025,Atacado,6,1439.4,503.76,155.94,Venda
SKU_1783_EGR,04/08/2025,Atacado,5,5999.5,1799.85,839.93,Venda
SKU_1776_BIR,04/08/2025,Varejo,1,329.9,50.4,279.5,Venda
SKU_2093_MYS,04/08/2025,Atacado,4,899.6,269.88,157.43,Venda
SKU_1462_MID,04/08/2025,Atacado,6,2189.4,766.26,237.19,Venda
SKU_1751_MIN,04/08/2025,Varejo,2,659.8,191.2,234.3,Venda
SKU_1798_MOS,04/08/2025,Varejo,1,419.9,73.06,346.84,Venda
SKU_1733_SAG,04/08/2025,Varejo,2,699.8,128.1,285.85,Venda
SKU_1409_PEA,04/08/2025,E-commerce,1,209.9,39.97,169.93,Venda
SKU_2105_RAS,04/08/2025,Varejo,1,339.9,0.0,339.9,Venda
SKU_1750_SNO,04/08/2025,E-commerce,3,1109.7,299.76,269.98,Venda
SKU_1691_ROS,04/08/2025,Atacado,2,619.8,247.92,185.94,Venda
SKU_1795_RAS,04/08/2025,Atacado,10,2999.0,899.7,209.93,Venda
SKU_1720_PAS,04/08/2025,E-commerce,1,224.9,41.3,183.6,Venda
SKU_1748_COB,04/08/2025,E-commerce,1,309.9,75.56,234.34,Venda
SKU_1527_FUC,04/08/2025,Atacado,4,3639.6,1091.88,636.93,Venda
SKU_1705_JAD,04/08/2025,Varejo,1,409.9,119.1,290.8,Venda
SKU_1790_EGR,04/08/2025,Atacado,6,1559.4,545.76,168.94,Venda
SKU_1686_MOS,04/08/2025,Atacado,6,1289.4,451.32,139.68,Venda
SKU_1687_FOR,04/08/2025,Atacado,6,5399.4,1889.76,584.94,Venda
SKU_1669_COR,04/08/2025,Varejo,1,199.9,36.25,163.65,Venda
SKU_1800_SKY,04/08/2025,Atacado,6,1679.4,587.76,181.94,Venda
SKU_1617_MIN,04/08/2025,Varejo,1,164.9,43.83,121.07,Venda
SKU_1767_PRI,04/08/2025,Varejo,1,204.9,41.37,163.53,Venda
SKU_1536_MOS,04/08/2025,Varejo,1,344.9,101.28,243.62,Venda
SKU_1604_SNO,04/08/2025,Varejo,3,1814.7,446.01,456.23,Venda
SKU_1789_EME,04/08/2025,Varejo,1,269.9,58.22,211.68,Venda
SKU_1401_BLU,04/08/2025,E-commerce,1,239.9,61.9,178.0,Venda
SKU_1698_SNO,04/08/2025,Varejo,3,1259.7,256.62,334.36,Venda
SKU_1755_AQU,04/08/2025,Varejo,1,334.9,83.33,251.57,Venda
SKU_1503_VAN,04/08/2025,Atacado,2,459.8,183.92,137.94,Venda
SKU_1786_TEA,04/08/2025,E-commerce,3,539.7,129.42,136.76,Venda
SKU_1727_WHI,04/08/2025,Atacado,3,464.7,162.66,100.68,Venda
SKU_1918_SKY,04/08/2025,Atacado,4,799.6,239.88,139.93,Venda
SKU_1691_HUN,04/08/2025,Atacado,2,619.8,185.94,216.93,Venda
SKU_1738_BLU,04/08/2025,E-commerce,1,194.9,51.96,142.94,Venda
SKU_2109_WHI,04/08/2025,E-commerce,1,319.9,0.0,319.9,Venda
SKU_1767_FUC,04/08/2025,Varejo,1,204.9,51.65,153.25,Venda
SKU_1781_CLE,04/08/2025,Varejo,1,129.9,36.19,93.71,Venda
SKU_1428_SKY,04/08/2025,Varejo,1,489.9,118.15,371.75,Venda
SKU_1534_MYS,04/08/2025,Varejo,1,199.9,46.18,153.72,Venda
SKU_1693_MEX,04/08/2025,Atacado,4,819.6,286.88,133.18,Venda
SKU_1729_FUC,04/08/2025,Varejo,1,174.9,48.81,126.09,Venda
SKU_1748_COB,04/08/2025,Varejo,1,309.9,53.7,256.2,Venda
SKU_2053_EGR,04/08/2025,Varejo,1,349.9,0.0,349.9,Venda
SKU_1582_PAS,04/08/2025,Atacado,4,919.6,321.84,149.44,Venda
SKU_1699_CLO,04/08/2025,Varejo,2,659.8,109.04,275.38,Venda
SKU_1761_SAP,04/08/2025,E-commerce,1,1104.9,207.25,897.65,Venda
SKU_1713_SAL,04/08/2025,Atacado,8,4039.2,1413.68,328.19,Venda
SKU_1446_GAR,04/08/2025,Atacado,6,1619.4,485.82,188.93,Venda
SKU_1603_BUB,04/08/2025,Varejo,1,744.9,179.89,565.01,Venda
SKU_1692_OLI,04/08/2025,E-commerce,1,219.9,42.92,176.98,Venda
SKU_1788_EME,04/08/2025,Varejo,2,499.8,121.08,189.36,Venda
SKU_1507_FLA,04/08/2025,Atacado,4,719.6,251.84,116.94,Venda
SKU_1543_BAB,04/08/2025,Atacado,6,4409.4,1322.82,514.43,Venda
SKU_2065_DUS,04/08/2025,Varejo,1,199.9,0.0,199.9,Venda
SKU_1742_EME,04/08/2025,Varejo,1,259.9,48.42,211.48,Venda
SKU_1450_MAG,04/08/2025,Varejo,1,409.9,77.21,332.69,Venda
SKU_1690_MAG,04/08/2025,Varejo,1,539.9,159.19,380.71,Venda
SKU_1771_PIN,04/08/2025,Atacado,6,1589.4,556.26,172.19,Venda
SKU_1512_TEA,04/08/2025,Atacado,10,2249.0,674.7,157.43,Venda
SKU_1493_CLO,04/08/2025,Varejo,1,329.9,69.26,260.64,Venda
SKU_1767_FUC,04/08/2025,Varejo,1,204.9,50.58,154.32,Venda
SKU_1960_BAL,04/08/2025,Atacado,4,699.6,244.88,113.68,Venda
SKU_1834_SAL,04/08/2025,Atacado,10,3999.0,1199.7,279.93,Venda
SKU_1399_CRE,04/08/2025,E-commerce,1,269.9,75.42,194.48,Venda
SKU_1788_EME,04/08/2025,Varejo,1,249.9,37.74,212.16,Venda
SKU_1764_MAR,04/08/2025,Varejo,1,234.9,50.25,184.65,Venda
SKU_1556_SAL,04/08/2025,Atacado,4,819.6,245.88,143.43,Venda
SKU_1731_ARM,04/08/2025,Atacado,6,5459.4,1910.76,591.44,Venda
SKU_1709_MAR,04/08/2025,Atacado,6,1259.4,440.76,136.44,Venda
SKU_1742_EME,04/08/2025,Atacado,8,2079.2,623.76,181.93,Venda
SKU_1689_MAG,04/08/2025,Varejo,1,964.9,272.73,692.17,Venda
SKU_1751_MIN,04/08/2025,Varejo,1,329.9,67.44,262.46,Venda
SKU_1711_VAN,04/08/2025,Atacado,6,5969.4,1790.82,696.43,Venda
SKU_1753_PAL,04/08/2025,Varejo,1,789.9,131.03,658.87,Venda
SKU_1640_TEA,04/08/2025,Atacado,4,879.6,263.88,153.93,Venda
SKU_1495_BLA,04/08/2025,Varejo,1,329.9,69.21,260.69,Venda
SKU_1725_BAB,04/08/2025,Atacado,8,1959.2,685.76,159.18,Venda
SKU_1756_BUB,04/08/2025,Atacado,12,2158.8,647.64,125.93,Venda
SKU_1720_PAL,04/08/2025,Atacado,2,449.8,179.92,134.94,Venda
SKU_1779_MIN,04/08/2025,E-commerce,1,214.9,34.4,180.5,Venda
SKU_1706_JAD,04/08/2025,Varejo,1,184.9,27.81,157.09,Venda
SKU_1751_MIN,04/08/2025,Varejo,1,329.9,66.46,263.44,Venda
SKU_1772_SNO,04/08/2025,Atacado,8,3319.2,1327.68,248.94,Venda
SKU_1691_ROS,04/08/2025,Varejo,3,929.7,155.25,258.15,Venda
SKU_1920_GAR,04/08/2025,Atacado,8,2039.2,611.76,178.43,Venda
SKU_1747_FUC,04/08/2025,E-commerce,1,174.9,42.69,132.21,Venda
SKU_1608_MID,04/08/2025,Atacado,6,1829.4,640.26,198.19,Venda
SKU_1722_AQU,04/08/2025,E-commerce,1,324.9,81.13,243.77,Venda
SKU_1709_CRE,04/08/2025,E-commerce,1,209.9,57.32,152.58,Venda
SKU_1761_MOS,04/08/2025,Varejo,1,1104.9,187.41,917.49,Venda
SKU_1697_PIS,04/08/2025,Varejo,1,219.9,46.79,173.11,Venda
SKU_1743_CLO,04/08/2025,Atacado,5,2199.5,659.85,307.93,Venda
SKU_1641_MEX,04/08/2025,Atacado,4,1299.6,389.88,227.43,Venda
SKU_1741_PIN,04/08/2025,Atacado,5,1199.5,359.85,167.93,Venda
SKU_1725_OFF,04/08/2025,Varejo,1,244.9,46.48,198.42,Venda
SKU_1528_PAS,04/08/2025,Varejo,1,214.9,63.71,151.19,Venda
SKU_1591_MYS,04/08/2025,Atacado,6,5339.4,1868.76,578.44,Venda
SKU_1985_PAS,04/08/2025,Atacado,10,4099.0,1229.7,286.93,Venda
SKU_1780_LIG,04/08/2025,Atacado,3,1004.7,351.63,217.69,Venda
SKU_1707_ARM,04/08/2025,Atacado,2,559.8,167.94,195.93,Venda
SKU_1754_SER,04/08/2025,E-commerce,1,339.9,54.94,284.96,Venda
SKU_1736_PAS,04/08/2025,Atacado,3,974.7,292.41,227.43,Venda
SKU_1709_CRE,04/08/2025,Atacado,2,419.8,167.92,125.94,Venda
SKU_1713_SNO,04/08/2025,Atacado,4,2019.6,706.84,328.19,Venda
SKU_1736_JAD,04/08/2025,Atacado,5,1624.5,487.35,227.43,Venda
SKU_1770_JAD,04/08/2025,Atacado,5,1099.5,384.8,142.94,Venda
SKU_1790_EGR,04/08/2025,E-commerce,1,259.9,66.73,193.17,Venda
SKU_1755_AQU,04/08/2025,E-commerce,1,334.9,68.7,266.2,Venda
SKU_1455_TEA,04/08/2025,Varejo,2,669.8,148.14,260.83,Venda
SKU_1575_JAD,04/08/2025,Atacado,4,3459.6,1037.88,605.43,Venda
SKU_1728_MID,04/08/2025,E-commerce,1,329.9,56.36,273.54,Venda
SKU_1698_SNO,04/08/2025,E-commerce,1,419.9,96.17,323.73,Venda
SKU_2067_MIN,04/08/2025,Varejo,1,349.9,0.0,349.9,Venda
SKU_1703_PAS,04/08/2025,E-commerce,1,269.9,75.14,194.76,Venda
SKU_1705_JAD,04/08/2025,Varejo,1,409.9,104.3,305.6,Venda
SKU_1608_MID,04/08/2025,Atacado,4,1219.6,487.84,182.94,Venda
SKU_1713_SAL,04/08/2025,E-commerce,1,504.9,97.85,407.05,Venda
SKU_1786_TEA,04/08/2025,Atacado,6,1079.4,431.76,107.94,Venda
SKU_1749_BIR,04/08/2025,Varejo,2,699.8,135.1,282.35,Venda
SKU_1764_FUC,04/08/2025,Varejo,2,469.8,136.92,166.44,Venda
SKU_1672_TEA,04/08/2025,Atacado,2,589.8,176.94,206.43,Venda
SKU_1694_SER,04/08/2025,Atacado,5,1399.5,559.8,167.94,Venda
SKU_1489_IVO,04/08/2025,Atacado,6,2219.4,887.76,221.94,Venda
SKU_1636_LIG,04/08/2025,E-commerce,1,439.9,73.71,366.19,Venda
SKU_1770_DEE,04/08/2025,Atacado,4,879.6,307.84,142.94,Venda
SKU_1666_FUC,04/08/2025,Varejo,2,1599.8,436.26,581.77,Venda
SKU_1390_SAP,04/08/2025,Varejo,1,229.9,68.14,161.76,Venda
SKU_1479_MIN,04/08/2025,Atacado,4,2219.6,776.84,360.69,Venda
SKU_1444_OLI,04/08/2025,Varejo,3,719.7,179.4,180.1,Venda
SKU_1836_MID,04/08/2025,Atacado,3,2144.7,643.41,500.43,Venda
SKU_1693_FLA,04/08/2025,Varejo,1,204.9,55.38,149.52,Venda
SKU_1723_COB,04/08/2025,Varejo,1,434.9,87.47,347.43,Venda
SKU_1772_BLU,04/08/2025,Atacado,8,3319.2,995.76,290.43,Venda
SKU_1663_SNO,04/08/2025,Atacado,2,1589.8,556.42,516.69,Venda
SKU_1881_CLO,04/08/2025,Atacado,4,979.6,342.88,159.18,Venda
SKU_1733_SAG,04/08/2025,Atacado,3,1049.7,367.38,227.44,Venda
SKU_1424_VAN,04/08/2025,Varejo,1,994.9,267.25,727.65,Venda
SKU_1728_MID,04/08/2025,E-commerce,1,329.9,90.86,239.04,Venda
SKU_1711_VAN,04/08/2025,Atacado,6,5969.4,2089.32,646.68,Venda
SKU_1779_LIG,04/08/2025,E-commerce,1,214.9,54.3,160.6,Venda
SKU_2054_SAL,04/08/2025,Varejo,3,1229.7,0.0,409.9,Venda
SKU_1753_WHI,04/08/2025,Varejo,2,1579.8,412.72,583.54,Venda
SKU_1765_MYS,04/08/2025,Atacado,10,2599.0,909.6,168.94,Venda
SKU_1402_VAN,04/08/2025,Varejo,1,234.9,58.08,176.82,Venda
SKU_1701_BLU,04/08/2025,Varejo,1,339.9,75.63,264.27,Venda
SKU_1941_MIN,04/08/2025,Varejo,1,1049.9,0.0,1049.9,Venda
SKU_1715_HON,04/08/2025,Atacado,2,439.8,175.92,131.94,Venda
SKU_1797_BLU,04/08/2025,Varejo,3,1139.7,264.78,291.64,Venda
SKU_1746_EME,04/08/2025,E-commerce,1,179.9,33.65,146.25,Venda
SKU_1782_HUN,04/08/2025,Varejo,2,499.8,123.76,188.02,Venda
SKU_1473_BLU,04/08/2025,E-commerce,1,179.9,44.8,135.1,Venda
SKU_1783_EGR,04/08/2025,Varejo,2,2399.8,378.14,1010.83,Venda
SKU_1953_LIM,04/08/2025,Varejo,1,234.9,0.0,234.9,Venda
SKU_1724_PEA,04/08/2025,Varejo,1,1114.9,190.77,924.13,Venda
SKU_1554_PIS,04/08/2025,Atacado,5,5174.5,1552.35,724.43,Venda
SKU_1823_COR,04/08/2025,Varejo,3,584.7,0.0,194.9,Venda
SKU_1741_PEA,04/08/2025,Atacado,8,1919.2,671.68,155.94,Venda
SKU_1651_SAL,04/08/2025,Atacado,4,1059.6,370.84,172.19,Venda
SKU_1397_SNO,04/08/2025,Atacado,5,1174.5,528.5,129.2,Venda
SKU_1793_MIN,04/08/2025,Varejo,1,189.9,49.55,140.35,Venda
SKU_1711_VAN,04/08/2025,Atacado,8,7959.2,3183.68,596.94,Venda
SKU_1799_POW,04/08/2025,Atacado,6,1619.4,485.82,188.93,Venda
SKU_1788_MYS,04/08/2025,Atacado,4,999.6,349.84,162.44,Venda
SKU_1684_HON,04/08/2025,Varejo,1,184.9,35.78,149.12,Venda
SKU_1636_SHO,04/08/2025,Atacado,4,1759.6,615.84,285.94,Venda
SKU_2100_MAG,04/08/2025,Varejo,1,1014.9,0.0,1014.9,Venda
SKU_1786_POW,04/08/2025,Atacado,8,1439.2,575.68,107.94,Venda
SKU_1598_DUS,04/08/2025,Varejo,1,489.9,125.78,364.12,Venda
SKU_1794_LIG,04/08/2025,E-commerce,1,209.9,59.1,150.8,Venda
SKU_1877_TEA,04/08/2025,Atacado,2,1149.8,459.92,344.94,Venda
SKU_1586_EGR,04/08/2025,Varejo,1,304.9,57.49,247.41,Venda
SKU_1756_BUB,04/08/2025,E-commerce,1,179.9,47.66,132.24,Venda
SKU_1431_TEA,04/08/2025,Varejo,1,369.9,99.44,270.46,Venda
SKU_2042_WHI,04/08/2025,Varejo,1,764.9,53.54,711.36,Venda
SKU_1800_SKY,04/08/2025,Varejo,2,559.8,88.9,235.45,Venda
SKU_1519_BLU,04/08/2025,Varejo,2,1259.8,212.1,523.85,Venda
SKU_1657_EME,04/08/2025,Varejo,1,214.9,42.67,172.23,Venda
SKU_1653_BAB,04/08/2025,Varejo,1,359.9,55.47,304.43,Venda
SKU_1736_PAS,04/08/2025,Varejo,1,324.9,78.75,246.15,Venda
SKU_1721_FRE,04/08/2025,E-commerce,1,419.9,103.16,316.74,Venda
SKU_1764_MAR,04/08/2025,Atacado,3,704.7,246.66,152.68,Venda
SKU_1614_VAN,04/08/2025,E-commerce,1,444.9,97.41,347.49,Venda
SKU_1490_VAN,04/08/2025,Atacado,6,1889.4,661.26,204.69,Venda
SKU_1469_ARM,04/08/2025,E-commerce,1,294.9,53.2,241.7,Venda
SKU_1787_BAB,04/08/2025,Atacado,8,2319.2,927.68,173.94,Venda
SKU_1730_OFF,04/08/2025,E-commerce,1,319.9,58.6,261.3,Venda
SKU_1708_FRE,04/08/2025,Atacado,5,849.5,254.85,118.93,Venda
SKU_1687_FOR,04/08/2025,Varejo,1,899.9,240.78,659.12,Venda
SKU_1686_MOS,04/08/2025,Atacado,5,1074.5,322.35,150.43,Venda
SKU_1708_FRE,04/08/2025,Varejo,1,169.9,47.88,122.02,Venda
SKU_1775_PAL,04/08/2025,Atacado,6,1679.4,503.82,195.93,Venda
SKU_1919_PEA,04/08/2025,Varejo,2,1359.8,95.18,632.31,Venda
SKU_1800_MOS,04/08/2025,Atacado,6,1679.4,503.82,195.93,Venda
SKU_1716_AQU,04/08/2025,Atacado,8,1319.2,461.76,107.18,Venda
SKU_1706_JAD,04/08/2025,Varejo,3,554.7,137.82,138.96,Venda
SKU_1817_BUB,04/08/2025,Varejo,1,219.9,0.0,219.9,Venda
SKU_1693_MEX,04/08/2025,Atacado,3,614.7,184.41,143.43,Venda
SKU_1925_PIN,04/08/2025,Varejo,2,729.8,51.08,339.36,Venda
SKU_1394_EME,04/08/2025,Varejo,1,469.9,88.21,381.69,Venda
SKU_1452_DEE,04/08/2025,Varejo,3,434.7,118.05,105.55,Venda
SKU_1670_SAP,04/08/2025,Varejo,1,144.9,41.91,102.99,Venda
SKU_1846_SEA,04/08/2025,E-commerce,1,349.9,0.0,349.9,Venda
SKU_1680_SEA,04/08/2025,Varejo,1,334.9,88.97,245.93,Venda
SKU_1999_SKY,04/08/2025,E-commerce,1,234.9,0.0,234.9,Venda
SKU_1750_MIN,04/08/2025,Varejo,1,369.9,106.49,263.41,Venda
SKU_1646_BLU,04/08/2025,Atacado,2,409.8,163.92,122.94,Venda
SKU_1695_LIM,04/08/2025,Atacado,6,1259.4,440.76,136.44,Venda
SKU_1802_OLI,04/08/2025,E-commerce,1,744.9,52.14,692.76,Venda
SKU_2041_POW,04/08/2025,Atacado,10,2199.0,659.7,153.93,Venda
SKU_1435_OLI,04/08/2025,Varejo,1,1009.9,256.86,753.04,Venda
SKU_1772_SNO,04/08/2025,Atacado,5,2074.5,622.35,290.43,Venda
SKU_1907_BLA,04/08/2025,E-commerce,1,274.9,0.0,274.9,Venda
SKU_1443_PRI,04/08/2025,Atacado,3,809.7,283.38,175.44,Venda
SKU_1706_BLA,04/08/2025,Varejo,1,184.9,32.43,152.47,Venda
SKU_1551_ROS,04/08/2025,Varejo,1,219.9,59.45,160.45,Venda
SKU_1726_PAS,04/08/2025,Varejo,1,429.9,69.39,360.51,Venda
SKU_1724_PEA,04/08/2025,Varejo,2,2229.8,439.42,895.19,Venda
SKU_1707_ARM,04/08/2025,Atacado,3,839.7,293.88,181.94,Venda
SKU_1929_COB,04/08/2025,Atacado,4,1179.6,412.84,191.69,Venda
SKU_2083_VAN,04/08/2025,Varejo,1,234.9,16.44,218.46,Venda
SKU_1971_RAS,04/08/2025,Atacado,8,6639.2,2655.68,497.94,Venda
SKU_1597_FLA,04/08/2025,Varejo,1,529.9,85.06,444.84,Venda
SKU_2102_WHI,04/08/2025,Atacado,4,2979.6,893.88,521.43,Venda
SKU_1710_OLI,04/08/2025,Varejo,1,809.9,195.89,614.01,Venda
SKU_1726_PAS,04/08/2025,Atacado,6,2579.4,773.82,300.93,Venda
SKU_1744_EME,04/08/2025,Atacado,12,3178.8,1112.52,172.19,Venda
SKU_1776_BIR,04/08/2025,Varejo,1,329.9,51.29,278.61,Venda
SKU_1746_EME,04/08/2025,Varejo,2,359.8,98.86,130.47,Venda
SKU_1776_PAS,04/08/2025,E-commerce,1,329.9,81.97,247.93,Venda
SKU_1764_MAR,04/08/2025,Atacado,6,1409.4,493.32,152.68,Venda
SKU_1731_ARM,04/08/2025,Varejo,1,909.9,222.85,687.05,Venda
SKU_1959_TUR,04/08/2025,Varejo,2,1479.8,0.0,739.9,Venda
SKU_1801_MOS,04/08/2025,E-commerce,1,374.9,75.84,299.06,Venda
SKU_1690_MAG,04/08/2025,Varejo,2,1079.8,183.3,448.25,Venda
SKU_1736_PAS,04/08/2025,Varejo,1,324.9,84.26,240.64,Venda
SKU_1741_PEA,04/08/2025,Atacado,4,959.6,287.88,167.93,Venda
SKU_1978_ROS,04/08/2025,Atacado,6,1499.4,599.76,149.94,Venda
SKU_1675_CRE,04/08/2025,Atacado,4,3059.6,1223.84,458.94,Venda
SKU_1582_WHI,04/08/2025,Atacado,10,2299.0,804.6,149.44,Venda
SKU_1762_DEN,04/08/2025,Varejo,3,764.7,137.19,209.17,Venda
SKU_1619_PAS,04/08/2025,Varejo,1,199.9,51.12,148.78,Venda
SKU_1719_OFF,04/08/2025,Atacado,3,959.7,335.88,207.94,Venda
SKU_1725_OFF,04/08/2025,Atacado,2,489.8,171.44,159.18,Venda
SKU_1777_FRE,04/08/2025,Atacado,6,1439.4,431.82,167.93,Venda
SKU_2099_LIG,04/08/2025,Atacado,3,809.7,283.38,175.44,Venda
SKU_1720_PAL,04/08/2025,Atacado,2,449.8,179.92,134.94,Venda
SKU_1959_TUR,04/08/2025,Atacado,6,4439.4,1331.82,517.93,Venda
SKU_1844_BAL,04/08/2025,Atacado,5,1249.5,437.3,162.44,Venda
SKU_1772_SNO,04/08/2025,Atacado,3,1244.7,435.63,269.69,Venda
SKU_1768_PEA,04/08/2025,Atacado,6,3749.4,1312.26,406.19,Venda
SKU_1391_SEA,04/08/2025,Varejo,1,284.9,76.32,208.58,Venda
SKU_1774_COB,04/08/2025,Atacado,10,2049.0,717.2,133.18,Venda
SKU_1793_MIN,04/08/2025,Atacado,6,1139.4,341.82,132.93,Venda
SKU_1391_LIG,04/08/2025,E-commerce,1,284.9,83.41,201.49,Venda
SKU_1785_HUN,04/08/2025,Atacado,6,1469.4,587.76,146.94,Venda
SKU_1762_BRI,04/08/2025,Atacado,6,1529.4,458.82,178.43,Venda
SKU_1678_MAG,04/08/2025,Atacado,10,7149.0,2144.7,500.43,Venda
SKU_1786_POW,04/08/2025,E-commerce,3,539.7,121.47,139.41,Venda
SKU_1722_AQU,04/08/2025,Varejo,1,324.9,54.8,270.1,Venda
SKU_1752_SNO,04/08/2025,Atacado,8,3439.2,1031.76,300.93,Venda
SKU_1737_DEE,04/08/2025,Atacado,8,6159.2,2155.68,500.44,Venda
SKU_1780_LIG,04/08/2025,Varejo,1,334.9,98.72,236.18,Venda
SKU_1603_PEA,04/08/2025,Atacado,3,2234.7,670.41,521.43,Venda
SKU_1784_EGR,04/08/2025,Atacado,4,1239.6,371.88,216.93,Venda
SKU_1398_SPA,04/08/2025,Atacado,2,1349.8,539.92,404.94,Venda
SKU_1741_PIN,04/08/2025,Varejo,1,239.9,50.36,189.54,Venda
SKU_1475_MIN,04/08/2025,Atacado,4,999.6,349.84,162.44,Venda
SKU_1837_EGR,04/08/2025,Atacado,8,1999.2,699.68,162.44,Venda
SKU_1738_BLU,04/08/2025,Atacado,10,1949.0,682.2,126.68,Venda
SKU_1456_DEN,04/08/2025,E-commerce,1,314.9,85.75,229.15,Venda
SKU_1696_SER,04/08/2025,Varejo,1,279.9,60.44,219.46,Venda
SKU_1448_SKY,04/08/2025,Atacado,10,1799.0,539.7,125.93,Venda
SKU_1696_SER,04/08/2025,Varejo,1,279.9,73.97,205.93,Venda
SKU_1746_EME,04/08/2025,Varejo,1,179.9,41.75,138.15,Venda
SKU_1554_PIS,04/08/2025,Atacado,6,6209.4,2173.32,672.68,Venda
SKU_1782_HUN,04/08/2025,Atacado,4,999.6,449.84,137.44,Venda
SKU_2092_EGR,04/08/2025,E-commerce,1,274.9,0.0,274.9,Venda
SKU_1654_NAV,04/08/2025,Atacado,5,1549.5,542.3,201.44,Venda
SKU_1711_ARM,04/08/2025,Atacado,6,5969.4,2089.32,646.68,Venda
SKU_1722_PAS,04/08/2025,Varejo,1,324.9,65.9,259.0,Venda
SKU_1771_EME,04/08/2025,E-commerce,1,264.9,55.15,209.75,Venda
SKU_1723_COB,04/08/2025,Varejo,1,434.9,102.86,332.04,Venda
SKU_1757_TUR,04/08/2025,Atacado,4,1059.6,317.88,185.43,Venda
SKU_1706_JAD,04/08/2025,Atacado,2,369.8,129.44,120.18,Venda
SKU_1723_COB,04/08/2025,Varejo,1,434.9,95.81,339.09,Venda
SKU_1766_MYS,04/08/2025,Varejo,1,394.9,105.19,289.71,Venda
SKU_1414_DUS,04/08/2025,Varejo,1,339.9,93.08,246.82,Venda
SKU_1793_WHI,04/08/2025,Atacado,5,949.5,379.8,113.94,Venda
SKU_1767_FUC,04/08/2025,Varejo,2,409.8,70.14,169.83,Venda
SKU_1767_FUC,04/08/2025,Varejo,2,409.8,76.38,166.71,Venda
SKU_1704_BAB,04/08/2025,Varejo,1,334.9,85.54,249.36,Venda
SKU_1585_BLA,04/08/2025,Varejo,2,639.8,173.64,233.08,Venda
SKU_1447_BLU,04/08/2025,Varejo,1,239.9,70.43,169.47,Venda
SKU_1478_TEA,04/08/2025,Varejo,1,194.9,53.22,141.68,Venda
SKU_1790_EGR,04/08/2025,Atacado,3,779.7,233.91,181.93,Venda
SKU_1773_FRE,04/08/2025,Atacado,4,1299.6,389.88,227.43,Venda
SKU_1741_PIN,04/08/2025,Atacado,6,1439.4,431.82,167.93,Venda
SKU_1436_BLU,04/08/2025,Atacado,5,1399.5,559.8,167.94,Venda
SKU_1775_PAL,04/08/2025,Atacado,4,1119.6,335.88,195.93,Venda
SKU_2066_TEA,04/08/2025,Varejo,1,474.9,0.0,474.9,Venda
SKU_1801_FLA,04/08/2025,Varejo,3,1124.7,170.55,318.05,Venda
SKU_1736_JAD,04/08/2025,Varejo,1,324.9,64.88,260.02,Venda
SKU_1761_SAP,04/08/2025,E-commerce,1,1104.9,246.28,858.62,Venda
SKU_2019_SAG,04/08/2025,Varejo,1,549.9,0.0,549.9,Venda
SKU_1668_VAN,04/08/2025,Varejo,1,269.9,53.93,215.97,Venda
SKU_1707_SAP,04/08/2025,Atacado,8,2239.2,783.68,181.94,Venda
SKU_1785_HUN,04/08/2025,Varejo,1,244.9,45.56,199.34,Venda
SKU_1691_ROS,04/08/2025,Atacado,4,1239.6,371.88,216.93,Venda
SKU_2016_PEA,04/08/2025,Atacado,5,1124.5,449.8,134.94,Venda
SKU_2112_TEA,04/08/2025,Atacado,10,3349.0,1172.1,217.69,Venda
SKU_2024_MIN,04/08/2025,E-commerce,2,769.8,0.0,384.9,Venda
SKU_1725_BAB,04/08/2025,Atacado,3,734.7,220.41,171.43,Venda
SKU_1776_BIR,04/08/2025,Atacado,8,2639.2,923.68,214.44,Venda
SKU_2020_BAB,04/08/2025,Varejo,1,234.9,0.0,234.9,Venda
SKU_1787_BAB,04/08/2025,Atacado,5,1449.5,434.85,202.93,Venda
SKU_1694_PIS,04/08/2025,Varejo,1,279.9,83.64,196.26,Venda
SKU_1892_AQU,04/08/2025,Varejo,1,289.9,0.0,289.9,Venda
SKU_1730_OFF,04/08/2025,Varejo,2,639.8,156.94,241.43,Venda
SKU_1739_AQU,04/08/2025,Atacado,3,764.7,267.66,165.68,Venda
SKU_1877_TEA,04/08/2025,E-commerce,1,574.9,0.0,574.9,Venda
SKU_1711_ARM,04/08/2025,Varejo,1,994.9,260.99,733.91,Venda
SKU_1431_TEA,04/08/2025,Varejo,2,739.8,128.02,305.89,Venda
SKU_1703_BLU,04/08/2025,Varejo,1,269.9,79.89,190.01,Venda
SKU_1710_OLI,04/08/2025,Varejo,2,1619.8,347.9,635.95,Venda
SKU_1711_ARM,04/08/2025,Varejo,1,994.9,220.71,774.19,Venda
SKU_1707_SAP,04/08/2025,Varejo,1,279.9,49.24,230.66,Venda
SKU_1783_BAB,04/08/2025,E-commerce,1,1199.9,325.38,874.52,Venda
SKU_1753_WHI,04/08/2025,Atacado,3,2369.7,829.38,513.44,Venda
SKU_1758_CLO,04/08/2025,E-commerce,1,179.9,50.13,129.77,Venda
SKU_1497_VAN,04/08/2025,Atacado,10,1349.0,472.2,87.68,Venda
SKU_1705_JAD,04/08/2025,Varejo,1,409.9,109.99,299.91,Venda
SKU_1726_BUB,04/08/2025,Atacado,2,859.8,257.94,300.93,Venda
SKU_1737_SAG,04/08/2025,Varejo,1,769.9,120.53,649.37,Venda
SKU_1720_PAS,04/08/2025,Atacado,5,1124.5,393.6,146.18,Venda
SKU_1734_FRE,04/08/2025,Atacado,2,699.8,279.92,209.94,Venda
SKU_1742_EME,04/08/2025,E-commerce,2,519.8,79.46,220.17,Venda
SKU_1694_PIS,04/08/2025,Varejo,2,559.8,141.46,209.17,Venda
SKU_1755_BIR,04/08/2025,Varejo,1,334.9,72.5,262.4,Venda
SKU_1710_OLI,04/08/2025,Atacado,5,4049.5,1214.85,566.93,Venda
SKU_1390_PAS,04/08/2025,Varejo,1,229.9,61.46,168.44,Venda
SKU_1468_MYS,04/08/2025,Varejo,3,1589.7,454.62,378.36,Venda
SKU_2057_VAN,04/08/2025,Atacado,3,2834.7,850.41,661.43,Venda
SKU_1457_SNO,04/08/2025,Atacado,4,639.6,191.88,111.93,Venda
SKU_1731_ARM,04/08/2025,Varejo,1,909.9,219.93,689.97,Venda
SKU_1763_HOT,04/08/2025,Atacado,5,1499.5,599.8,179.94,Venda
SKU_1707_SAP,04/08/2025,E-commerce,1,279.9,69.19,210.71,Venda
SKU_1696_SER,04/08/2025,Varejo,1,279.9,59.18,220.72,Venda
SKU_1846_SEA,04/08/2025,E-commerce,1,349.9,24.49,325.41,Venda
SKU_1405_CLO,04/08/2025,Atacado,4,859.6,343.84,128.94,Venda
SKU_1612_SNO,04/08/2025,Varejo,1,329.9,78.28,251.62,Venda
SKU_1481_TEA,04/08/2025,E-commerce,1,809.9,233.06,576.84,Venda
SKU_1735_MOS,04/08/2025,Atacado,4,1079.6,377.84,175.44,Venda
SKU_1411_RAS,04/08/2025,Atacado,12,2698.8,1079.52,134.94,Venda
SKU_1447_OLI,04/08/2025,Varejo,1,239.9,67.68,172.22,Venda
SKU_1706_JAD,04/08/2025,Varejo,2,369.8,100.7,134.55,Venda
SKU_1399_CRE,04/08/2025,Atacado,12,3238.8,1133.52,175.44,Venda
SKU_1903_PAS,04/08/2025,Atacado,6,1979.4,692.76,214.44,Venda
SKU_1428_SKY,04/08/2025,Atacado,6,2939.4,1028.76,318.44,Venda
SKU_1696_SER,04/08/2025,E-commerce,1,279.9,55.08,224.82,Venda
SKU_1639_WHI,04/08/2025,Varejo,1,189.9,50.32,139.58,Venda
SKU_1546_PAS,04/08/2025,Atacado,6,1049.4,367.32,113.68,Venda
SKU_2088_DUS,04/08/2025,Atacado,6,6569.4,2299.32,711.68,Venda
SKU_1700_PIS,04/08/2025,Atacado,4,2799.6,839.88,489.93,Venda
SKU_1732_WHI,04/08/2025,Varejo,1,1114.9,296.19,818.71,Venda
SKU_1910_MID,04/08/2025,E-commerce,1,749.9,0.0,749.9,Venda
SKU_1729_FUC,04/08/2025,Varejo,1,174.9,44.55,130.35,Venda
SKU_1754_SER,04/08/2025,Atacado,6,2039.4,815.76,203.94,Venda
SKU_1398_SPA,04/08/2025,Varejo,2,1349.8,331.52,509.14,Venda
SKU_1883_ARM,04/08/2025,Varejo,3,674.7,47.22,209.16,Venda
SKU_1750_MIN,04/08/2025,Atacado,5,1849.5,647.3,240.44,Venda
SKU_1432_WHI,04/08/2025,Atacado,12,8638.8,2591.64,503.93,Venda
SKU_1729_FUC,04/08/2025,Varejo,1,174.9,48.41,126.49,Venda
SKU_1866_ROS,04/08/2025,Varejo,2,649.8,0.0,324.9,Venda
SKU_1530_PEA,04/08/2025,Varejo,1,129.9,25.22,104.68,Venda
SKU_1685_BIR,04/08/2025,E-commerce,1,664.9,132.1,532.8,Venda
SKU_1722_AQU,04/08/2025,Atacado,8,2599.2,1169.6,178.7,Venda
SKU_1791_IVO,04/08/2025,Varejo,1,264.9,58.55,206.35,Venda
SKU_1650_EGR,04/08/2025,E-commerce,1,1004.9,249.86,755.04,Venda
SKU_1664_PIN,04/08/2025,Varejo,1,329.9,60.75,269.15,Venda
SKU_1704_PEA,04/08/2025,Varejo,1,334.9,76.25,258.65,Venda
SKU_1732_WHI,04/08/2025,Atacado,6,6689.4,2006.82,780.43,Venda
SKU_1499_RAS,04/08/2025,E-commerce,1,259.9,60.36,199.54,Venda
SKU_1726_PAS,04/08/2025,Atacado,5,2149.5,752.3,279.44,Venda
SKU_1443_BLU,04/08/2025,Varejo,1,269.9,49.98,219.92,Venda
SKU_1752_SPA,04/08/2025,Varejo,1,429.9,111.23,318.67,Venda
SKU_1978_ROS,04/08/2025,Varejo,1,249.9,0.0,249.9,Venda
SKU_1655_SNO,04/08/2025,Atacado,5,3224.5,1289.8,386.94,Venda
SKU_1784_BLA,04/08/2025,Atacado,2,619.8,216.92,201.44,Venda
SKU_1825_MIN,04/08/2025,Atacado,6,1049.4,367.32,113.68,Venda
SKU_1665_SAG,04/08/2025,Varejo,2,499.8,84.38,207.71,Venda
SKU_1585_COR,04/08/2025,Atacado,2,639.8,191.94,223.93,Venda
SKU_1452_DEE,04/08/2025,Atacado,5,724.5,217.35,101.43,Venda
SKU_1729_FUC,04/08/2025,Atacado,3,524.7,183.66,113.68,Venda
SKU_1823_COR,04/08/2025,Varejo,2,389.8,0.0,194.9,Venda
SKU_1410_JAD,04/08/2025,Atacado,8,9119.2,2735.76,797.93,Venda
SKU_1700_PIS,04/08/2025,Atacado,6,4199.4,1469.76,454.94,Venda
SKU_1447_OLI,04/08/2025,Varejo,2,479.8,104.88,187.46,Venda
SKU_1778_MIN,04/08/2025,Atacado,6,1709.4,512.82,199.43,Venda
SKU_1688_LIG,04/08/2025,Varejo,1,429.9,78.21,351.69,Venda
SKU_1709_CRE,04/08/2025,Varejo,1,209.9,35.67,174.23,Venda
SKU_1779_LIG,04/08/2025,E-commerce,1,214.9,41.06,173.84,Venda
SKU_1695_CRE,04/08/2025,Varejo,1,209.9,44.59,165.31,Venda
SKU_1435_SKY,04/08/2025,E-commerce,3,3029.7,694.11,778.53,Venda
SKU_1750_SNO,04/08/2025,E-commerce,1,369.9,72.69,297.21,Venda
SKU_1786_TEA,04/08/2025,Varejo,1,179.9,27.4,152.5,Venda
SKU_1939_ROS,04/08/2025,Varejo,1,159.9,0.0,159.9,Venda
SKU_1681_PIS,04/08/2025,Varejo,1,234.9,62.85,172.05,Venda
SKU_1740_FRE,04/08/2025,E-commerce,1,214.9,36.4,178.5,Venda
SKU_1710_OLI,04/08/2025,Varejo,2,1619.8,474.98,572.41,Venda
SKU_1791_ARM,04/08/2025,Varejo,1,264.9,70.05,194.85,Venda
SKU_1739_MOS,04/08/2025,Varejo,3,764.7,128.13,212.19,Venda
SKU_1754_IVO,04/08/2025,Varejo,1,339.9,78.27,261.63,Venda
SKU_1785_PAS,04/08/2025,Atacado,2,489.8,171.44,159.18,Venda
SKU_1560_PAL,04/08/2025,Atacado,3,674.7,236.16,146.18,Venda
SKU_1792_MIN,04/08/2025,Varejo,2,879.8,175.68,352.06,Venda
SKU_1780_AQU,04/08/2025,Atacado,12,4018.8,1205.64,234.43,Venda
SKU_1626_DEN,04/08/2025,Varejo,1,539.9,149.85,390.05,Venda
SKU_1428_COB,04/08/2025,E-commerce,1,489.9,82.15,407.75,Venda
SKU_1687_WHI,04/08/2025,E-commerce,1,899.9,219.06,680.84,Venda
SKU_1403_DUS,04/08/2025,Atacado,3,1154.7,346.41,269.43,Venda
SKU_1680_SEA,04/08/2025,E-commerce,1,334.9,66.61,268.29,Venda
SKU_1737_SAG,04/08/2025,Atacado,2,1539.8,538.92,500.44,Venda
SKU_1850_DEE,04/08/2025,Atacado,2,409.8,143.44,133.18,Venda
SKU_2046_MAR,04/08/2025,Varejo,1,514.9,0.0,514.9,Venda
SKU_1797_BLU,04/08/2025,Atacado,6,2279.4,1025.76,208.94,Venda
SKU_2107_SNO,04/08/2025,E-commerce,1,424.9,0.0,424.9,Venda
SKU_1754_IVO,04/08/2025,Varejo,1,339.9,77.75,262.15,Venda
SKU_1737_DEE,04/08/2025,E-commerce,1,769.9,208.2,561.7,Venda
SKU_2095_SEA,04/08/2025,E-commerce,1,239.9,0.0,239.9,Venda
SKU_1486_PAL,04/08/2025,Atacado,6,1739.4,695.76,173.94,Venda
SKU_1863_MOS,04/08/2025,Atacado,6,1529.4,535.32,165.68,Venda
SKU_1994_COB,04/08/2025,Varejo,1,269.9,18.89,251.01,Venda
SKU_1704_BAB,04/08/2025,Varejo,1,334.9,86.45,248.45,Venda
SKU_1767_FUC,04/08/2025,E-commerce,1,204.9,35.98,168.92,Venda
SKU_1779_MIN,04/08/2025,E-commerce,1,214.9,43.35,171.55,Venda
SKU_1468_MYS,04/08/2025,Atacado,6,3179.4,953.82,370.93,Venda
SKU_1746_NAV,04/08/2025,Atacado,2,359.8,161.92,98.94,Venda
SKU_1726_BUB,04/08/2025,E-commerce,1,429.9,75.08,354.82,Venda
SKU_1698_SNO,04/08/2025,Varejo,1,419.9,63.01,356.89,Venda
SKU_1788_MYS,04/08/2025,E-commerce,1,249.9,70.63,179.27,Venda
SKU_1697_MIN,04/08/2025,Atacado,8,1759.2,527.76,153.93,Venda
SKU_1799_POW,04/08/2025,E-commerce,1,269.9,60.16,209.74,Venda
SKU_1953_IVO,04/08/2025,Varejo,1,234.9,0.0,234.9,Venda
SKU_1776_BIR,04/08/2025,Atacado,6,1979.4,593.82,230.93,Venda
SKU_1737_SAG,04/08/2025,Varejo,1,769.9,183.23,586.67,Venda
SKU_1793_MIN,04/08/2025,Atacado,4,759.6,227.88,132.93,Venda
SKU_1737_DEE,04/08/2025,Atacado,3,2309.7,808.38,500.44,Venda
SKU_1714_MID,04/08/2025,Atacado,8,2439.2,731.76,213.43,Venda
SKU_1562_BLU,04/08/2025,Varejo,2,619.8,126.92,246.44,Venda
SKU_1716_SAL,04/08/2025,Varejo,1,164.9,41.77,123.13,Venda
SKU_1713_SAL,04/08/2025,Atacado,8,4039.2,1211.76,353.43,Venda
SKU_1796_OLI,04/08/2025,Atacado,3,1514.7,530.13,328.19,Venda
SKU_1732_WHI,04/08/2025,E-commerce,1,1114.9,171.73,943.17,Venda
SKU_1682_BIR,04/08/2025,Atacado,3,704.7,211.41,164.43,Venda
SKU_1741_PIN,04/08/2025,Atacado,8,1919.2,575.76,167.93,Venda
SKU_1742_EME,04/08/2025,E-commerce,1,259.9,70.72,189.18,Venda
SKU_1419_FLA,04/08/2025,Varejo,4,999.6,243.08,189.13,Venda
SKU_1705_JAD,04/08/2025,Varejo,1,409.9,76.5,333.4,Venda
SKU_1397_SNO,04/08/2025,Atacado,5,1174.5,352.35,164.43,Venda
SKU_1770_JAD,04/08/2025,Atacado,10,2199.0,769.6,142.94,Venda
SKU_1697_PIS,04/08/2025,Atacado,5,1099.5,329.85,153.93,Venda
SKU_1470_WHI,04/08/2025,Varejo,1,919.9,245.64,674.26,Venda
SKU_1687_WHI,04/08/2025,Atacado,5,4499.5,1574.8,584.94,Venda
SKU_1731_ARM,04/08/2025,Atacado,4,3639.6,1273.84,591.44,Venda
SKU_1685_COB,04/08/2025,Atacado,5,3324.5,997.35,465.43,Venda
SKU_1749_BIR,04/08/2025,Varejo,1,349.9,68.33,281.57,Venda
SKU_1601_EME,04/08/2025,Varejo,1,734.9,151.82,583.08,Venda
SKU_1713_SAL,04/08/2025,Varejo,2,1009.8,276.14,366.83,Venda
SKU_1680_NAV,04/08/2025,E-commerce,2,669.8,160.88,254.46,Venda
SKU_1771_EME,04/08/2025,Varejo,2,529.8,122.66,203.57,Venda
SKU_1389_BAB,04/08/2025,Varejo,1,139.9,24.21,115.69,Venda
SKU_2003_FOR,04/08/2025,Atacado,12,2878.8,863.64,167.93,Venda
SKU_1754_IVO,04/08/2025,Varejo,3,1019.7,208.68,270.34,Venda
SKU_1703_BLU,04/08/2025,Atacado,4,1079.6,377.84,175.44,Venda
SKU_1725_BAB,04/08/2025,Varejo,1,244.9,67.46,177.44,Venda
SKU_1729_CLE,04/08/2025,E-commerce,1,174.9,37.7,137.2,Venda
SKU_1681_PIS,04/08/2025,Varejo,1,234.9,61.84,173.06,Venda
SKU_1688_WHI,04/08/2025,Varejo,3,1289.7,375.21,304.83,Venda
SKU_1946_PEA,04/08/2025,Atacado,10,4049.0,1214.7,283.43,Venda
SKU_1793_WHI,04/08/2025,Atacado,4,759.6,265.84,123.44,Venda
SKU_1482_SHO,04/08/2025,Varejo,1,444.9,103.04,341.86,Venda
SKU_1947_CLE,04/08/2025,Varejo,1,439.9,0.0,439.9,Venda
SKU_1776_BIR,04/08/2025,Varejo,2,659.8,169.18,245.31,Venda
SKU_1423_SAG,04/08/2025,Varejo,1,1199.9,237.6,962.3,Venda
SKU_1648_RAS,04/08/2025,Atacado,6,4199.4,1259.82,489.93,Venda
SKU_1754_SER,04/08/2025,Varejo,1,339.9,62.76,277.14,Venda
SKU_1793_WHI,04/08/2025,Atacado,3,569.7,170.91,132.93,Venda
SKU_1713_SAL,04/08/2025,E-commerce,1,504.9,85.99,418.91,Venda
SKU_1707_ARM,04/08/2025,Varejo,3,839.7,201.66,212.68,Venda
SKU_1787_BAB,04/08/2025,Varejo,1,289.9,83.95,205.95,Venda
SKU_2034_PAS,04/08/2025,Varejo,1,169.9,0.0,169.9,Venda
SKU_1486_PAL,04/08/2025,Varejo,1,289.9,84.28,205.62,Venda
SKU_1568_PIN,04/08/2025,Varejo,1,234.9,61.19,173.71,Venda
SKU_1758_HON,04/08/2025,Atacado,3,539.7,161.91,125.93,Venda
SKU_1751_BLU,04/08/2025,Atacado,12,3958.8,1385.52,214.44,Venda
SKU_1710_OLI,04/08/2025,Varejo,1,809.9,198.4,611.5,Venda
SKU_1730_OFF,04/08/2025,Atacado,4,1279.6,383.88,223.93,Venda
SKU_1530_PEA,04/08/2025,Atacado,10,1299.0,454.6,84.44,Venda
SKU_1718_SEA,04/08/2025,Atacado,2,739.8,258.92,240.44,Venda
SKU_1776_PAS,04/08/2025,Atacado,10,3299.0,989.7,230.93,Venda
SKU_2093_MYS,04/08/2025,Varejo,1,224.9,0.0,224.9,Venda
SKU_1797_GAR,04/08/2025,E-commerce,1,379.9,109.48,270.42,Venda
SKU_1696_SHO,04/08/2025,Varejo,3,839.7,183.63,218.69,Venda
SKU_1785_PAS,04/08/2025,Atacado,3,734.7,220.41,171.43,Venda
SKU_1793_MIN,04/08/2025,E-commerce,1,189.9,43.96,145.94,Venda
SKU_1584_AQU,04/08/2025,Atacado,12,2218.8,776.64,120.18,Venda
SKU_1725_OFF,04/08/2025,Atacado,3,734.7,257.16,159.18,Venda
SKU_1650_EGR,04/08/2025,Varejo,1,1004.9,268.8,736.1,Venda
SKU_1662_PIS,04/08/2025,Atacado,2,399.8,139.92,129.94,Venda
SKU_1754_SER,04/08/2025,Atacado,6,2039.4,815.76,203.94,Venda
SKU_1688_LIG,04/08/2025,Atacado,6,2579.4,902.76,279.44,Venda
SKU_1806_EME,04/08/2025,Varejo,1,194.9,0.0,194.9,Venda
SKU_1753_PAL,04/08/2025,Atacado,5,3949.5,1382.3,513.44,Venda
SKU_1515_AQU,04/08/2025,Varejo,1,194.9,36.31,158.59,Venda
SKU_1522_MOS,04/08/2025,Atacado,4,599.6,209.84,97.44,Venda
SKU_1672_FOR,04/08/2025,Varejo,2,589.8,170.68,209.56,Venda
SKU_1474_BRI,04/08/2025,E-commerce,1,1059.9,251.64,808.26,Venda
SKU_1749_BIR,04/08/2025,Atacado,3,1049.7,367.38,227.44,Venda
SKU_1420_EGR,04/08/2025,Varejo,1,989.9,247.06,742.84,Venda
SKU_1704_BAB,04/08/2025,Atacado,8,2679.2,803.76,234.43,Venda
SKU_1681_OFF,04/08/2025,Varejo,1,234.9,47.71,187.19,Venda
SKU_1683_PAL,04/08/2025,Atacado,3,944.7,283.41,220.43,Venda
SKU_1735_COR,04/08/2025,Varejo,2,539.8,93.28,223.26,Venda
SKU_1580_MOS,04/08/2025,Varejo,3,569.7,143.61,142.03,Venda
SKU_2007_SAG,04/08/2025,Atacado,3,629.7,188.91,146.93,Venda
SKU_1751_MIN,04/08/2025,E-commerce,1,329.9,92.51,237.39,Venda
SKU_1662_PIS,04/08/2025,E-commerce,1,199.9,36.14,163.76,Venda
SKU_1615_SHO,04/08/2025,Atacado,8,3719.2,1301.68,302.19,Venda
SKU_1758_CLO,04/08/2025,Varejo,2,359.8,78.76,140.52,Venda
SKU_1713_SNO,04/08/2025,Atacado,6,3029.4,1363.2,277.7,Venda
SKU_1458_MIN,04/08/2025,Varejo,2,699.8,203.98,247.91,Venda
SKU_1694_SER,04/08/2025,Varejo,2,559.8,88.92,235.44,Venda
SKU_1785_HUN,04/08/2025,Varejo,2,489.8,85.64,202.08,Venda
SKU_1763_HOT,04/08/2025,Varejo,1,299.9,87.47,212.43,Venda
SKU_1690_MAG,04/08/2025,Atacado,3,1619.7,485.91,377.93,Venda
SKU_1791_IVO,04/08/2025,Varejo,2,529.8,130.02,199.89,Venda
SKU_1724_PIN,04/08/2025,Atacado,5,5574.5,1672.35,780.43,Venda
SKU_1794_LIG,04/08/2025,Varejo,1,209.9,61.95,147.95,Venda
SKU_1710_MEX,04/08/2025,Varejo,1,809.9,124.25,685.65,Venda
SKU_1714_MID,04/08/2025,Varejo,1,304.9,62.53,242.37,Venda
SKU_1803_SER,04/08/2025,Varejo,1,199.9,0.0,199.9,Venda
SKU_1704_BAB,04/08/2025,E-commerce,1,334.9,50.77,284.13,Venda
SKU_1528_PAS,04/08/2025,Varejo,1,214.9,44.43,170.47,Venda
SKU_1439_CER,04/08/2025,Varejo,1,184.9,50.21,134.69,Venda
SKU_1701_BLU,04/08/2025,Varejo,1,339.9,67.14,272.76,Venda
SKU_1800_SKY,04/08/2025,Varejo,3,839.7,148.68,230.34,Venda
SKU_1751_BLU,04/08/2025,Varejo,2,659.8,160.52,249.64,Venda
SKU_1731_ARM,04/08/2025,Varejo,1,909.9,200.8,709.1,Venda
SKU_1740_FRE,04/08/2025,Varejo,1,214.9,48.39,166.51,Venda
SKU_1782_NAV,04/08/2025,Varejo,2,499.8,134.86,182.47,Venda
SKU_1797_GAR,04/08/2025,Varejo,1,379.9,60.21,319.69,Venda
SKU_1966_FOR,04/08/2025,Atacado,5,3374.5,1349.8,404.94,Venda
SKU_1401_GAR,04/08/2025,Atacado,2,479.8,167.92,155.94,Venda
SKU_1773_FRE,04/08/2025,Atacado,4,1299.6,389.88,227.43,Venda
SKU_1686_SKY,04/08/2025,Varejo,1,214.9,61.84,153.06,Venda
SKU_1732_OFF,04/08/2025,Varejo,1,1114.9,271.48,843.42,Venda
SKU_1775_PAL,04/08/2025,Atacado,4,1119.6,335.88,195.93,Venda
SKU_1699_COB,04/08/2025,Atacado,3,989.7,346.38,214.44,Venda
SKU_1782_HUN,04/08/2025,Atacado,6,1499.4,449.82,174.93,Venda
SKU_1760_OFF,04/08/2025,Varejo,2,499.8,92.36,203.72,Venda
SKU_1744_LIG,04/08/2025,Atacado,12,3178.8,953.64,185.43,Venda
SKU_1709_MAR,04/08/2025,Varejo,1,209.9,57.12,152.78,Venda
SKU_1786_POW,04/08/2025,Atacado,8,1439.2,431.76,125.93,Venda
SKU_1779_MIN,04/08/2025,Varejo,1,214.9,54.31,160.59,Venda
SKU_1760_PAS,04/08/2025,Varejo,1,249.9,50.81,199.09,Venda
SKU_1792_MIN,04/08/2025,Varejo,1,439.9,83.8,356.1,Venda
SKU_1782_NAV,04/08/2025,Atacado,10,2499.0,999.6,149.94,Venda
SKU_1798_OFF,04/08/2025,Atacado,8,3359.2,1511.68,230.94,Venda
SKU_1657_EME,04/08/2025,Atacado,3,644.7,257.88,128.94,Venda
SKU_1798_MOS,04/08/2025,Varejo,1,419.9,94.07,325.83,Venda
SKU_1954_WHI,04/08/2025,Varejo,2,419.8,0.0,209.9,Venda
SKU_1462_OFF,04/08/2025,Varejo,1,364.9,61.18,303.72,Venda
SKU_1720_PAS,04/08/2025,Varejo,1,224.9,34.42,190.48,Venda
SKU_1757_PIN,04/08/2025,Atacado,8,2119.2,635.76,185.43,Venda
SKU_1886_CLO,04/08/2025,Varejo,1,204.9,0.0,204.9,Venda
SKU_1736_JAD,04/08/2025,Atacado,8,2599.2,1169.6,178.7,Venda
SKU_1772_SNO,04/08/2025,Atacado,2,829.8,331.92,248.94,Venda
SKU_1784_EGR,04/08/2025,Varejo,1,309.9,89.17,220.73,Venda
SKU_1445_PRI,04/08/2025,Varejo,4,1639.6,344.84,323.69,Venda
SKU_1748_COB,04/08/2025,Varejo,1,309.9,55.59,254.31,Venda
SKU_1774_MOS,04/08/2025,Atacado,4,819.6,245.88,143.43,Venda
SKU_1760_PAS,04/08/2025,Atacado,4,999.6,299.88,174.93,Venda
SKU_1722_AQU,04/08/2025,Atacado,4,1299.6,389.88,227.43,Venda
SKU_1499_HOT,04/08/2025,Varejo,1,259.9,60.0,199.9,Venda
SKU_2049_TEA,04/08/2025,Atacado,4,859.6,300.88,139.68,Venda
SKU_1476_CLO,04/08/2025,Atacado,5,1374.5,412.35,192.43,Venda
SKU_1634_NAV,04/08/2025,Varejo,1,979.9,256.52,723.38,Venda
SKU_1797_GAR,04/08/2025,E-commerce,1,379.9,78.82,301.08,Venda
SKU_1999_SKY,04/08/2025,Atacado,3,704.7,211.41,164.43,Venda
SKU_1732_OFF,04/08/2025,E-commerce,1,1114.9,256.54,858.36,Venda
SKU_1689_MAG,04/08/2025,E-commerce,1,964.9,176.39,788.51,Venda
SKU_1729_FUC,04/08/2025,Varejo,1,174.9,41.39,133.51,Venda
SKU_1719_WHI,04/08/2025,Atacado,2,639.8,223.92,207.94,Venda
SKU_1736_JAD,04/08/2025,E-commerce,1,324.9,75.61,249.29,Venda
SKU_1474_DEN,04/08/2025,Atacado,12,12718.8,3815.64,741.93,Venda
SKU_1756_BUB,04/08/2025,Varejo,2,359.8,105.82,126.99,Venda
SKU_1646_CLE,04/08/2025,Varejo,1,204.9,48.83,156.07,Venda
SKU_1732_WHI,04/08/2025,E-commerce,1,1114.9,226.3,888.6,Venda
SKU_1734_FRE,04/08/2025,Varejo,1,349.9,84.38,265.52,Venda
SKU_1518_CLE,04/08/2025,Atacado,5,1174.5,411.1,152.68,Venda
SKU_1729_FUC,04/08/2025,Varejo,1,174.9,30.43,144.47,Venda
SKU_1721_COR,04/08/2025,E-commerce,1,419.9,98.83,321.07,Venda
SKU_1705_JAD,04/08/2025,Atacado,10,4099.0,1434.6,266.44,Venda
SKU_1399_PAL,04/08/2025,Atacado,6,1619.4,566.76,175.44,Venda
SKU_2027_CLE,04/08/2025,Atacado,3,1049.7,367.38,227.44,Venda
SKU_1711_ARM,04/08/2025,Atacado,2,1989.8,596.94,696.43,Venda
SKU_1762_DEN,04/08/2025,E-commerce,1,254.9,72.98,181.92,Venda
SKU_1679_SHO,04/08/2025,Atacado,6,5519.4,2483.76,505.94,Venda
SKU_1681_OFF,04/08/2025,Varejo,1,234.9,69.42,165.48,Venda
SKU_1607_MAR,04/08/2025,Atacado,6,1799.4,629.76,194.94,Venda
SKU_1768_PEA,04/08/2025,Varejo,2,1249.8,191.7,529.05,Venda
SKU_1733_SAG,04/08/2025,Varejo,1,349.9,62.59,287.31,Venda
SKU_1720_PAL,04/08/2025,Atacado,12,2698.8,809.64,157.43,Venda
SKU_1594_BAL,04/08/2025,Atacado,3,1499.7,449.91,349.93,Venda
SKU_1755_BIR,04/08/2025,Varejo,1,334.9,83.25,251.65,Venda
SKU_1709_MAR,04/08/2025,Atacado,12,2518.8,881.52,136.44,Venda
SKU_1782_HUN,04/08/2025,Atacado,6,1499.4,524.76,162.44,Venda
SKU_1454_BRI,04/08/2025,Atacado,6,899.4,269.82,104.93,Venda
SKU_1520_GAR,04/08/2025,Varejo,2,449.8,76.34,186.73,Venda
SKU_1837_EGR,04/08/2025,Atacado,10,2499.0,874.6,162.44,Venda
SKU_1798_OFF,04/08/2025,Atacado,5,2099.5,839.8,251.94,Venda
SKU_1609_LIM,04/08/2025,E-commerce,1,269.9,69.89,200.01,Venda
SKU_1700_PIS,04/08/2025,Atacado,6,4199.4,1469.76,454.94,Venda
SKU_1518_LIM,04/08/2025,E-commerce,1,234.9,47.54,187.36,Venda
SKU_1755_BIR,04/08/2025,Atacado,5,1674.5,586.05,217.69,Venda
SKU_1423_SAG,04/08/2025,E-commerce,1,1199.9,251.48,948.42,Venda
SKU_1742_EME,04/08/2025,Atacado,5,1299.5,454.8,168.94,Venda
SKU_1901_MIN,04/08/2025,Varejo,1,234.9,0.0,234.9,Venda
SKU_1697_MIN,04/08/2025,Atacado,4,879.6,263.88,153.93,Venda
SKU_1746_NAV,04/08/2025,Varejo,1,179.9,45.65,134.25,Venda
SKU_1684_SHO,04/08/2025,Varejo,1,184.9,28.52,156.38,Venda
SKU_1785_PAS,04/08/2025,Varejo,1,244.9,49.05,195.85,Venda
SKU_1712_MOS,04/08/2025,Atacado,3,539.7,215.88,107.94,Venda
SKU_1709_MAR,04/08/2025,Varejo,1,209.9,34.25,175.65,Venda
SKU_1722_AQU,04/08/2025,Varejo,1,324.9,92.22,232.68,Venda
SKU_1783_EGR,04/08/2025,Varejo,2,2399.8,713.58,843.11,Venda
SKU_1842_POW,04/08/2025,E-commerce,1,534.9,0.0,534.9,Venda
SKU_1731_ARM,04/08/2025,Atacado,8,7279.2,2911.68,545.94,Venda
SKU_1795_RAS,04/08/2025,Varejo,1,299.9,47.18,252.72,Venda
SKU_2009_DUS,04/08/2025,Atacado,4,999.6,299.88,174.93,Venda
SKU_1772_BLU,04/08/2025,Varejo,4,1659.6,404.0,313.9,Venda
SKU_1695_CRE,04/08/2025,Atacado,5,1049.5,367.3,136.44,Venda
SKU_1789_EME,04/08/2025,Atacado,4,1079.6,377.84,175.44,Venda
SKU_1608_MID,04/08/2025,Atacado,4,1219.6,548.8,167.7,Venda
SKU_1715_HON,04/08/2025,Atacado,4,879.6,307.84,142.94,Venda
SKU_1801_FLA,04/08/2025,Atacado,10,3749.0,1124.7,262.43,Venda
SKU_1947_CLE,04/08/2025,Varejo,2,879.8,0.0,439.9,Venda
SKU_1727_WHI,04/08/2025,Varejo,1,154.9,26.8,128.1,Venda
SKU_1444_HUN,04/08/2025,Atacado,4,959.6,383.84,143.94,Venda
SKU_1897_JAD,04/08/2025,Atacado,6,1409.4,493.32,152.68,Venda
SKU_1722_AQU,04/08/2025,Atacado,4,1299.6,519.84,194.94,Venda
SKU_1562_BLU,04/08/2025,Varejo,1,309.9,53.17,256.73,Venda
SKU_2001_MAR,04/08/2025,Varejo,1,384.9,0.0,384.9,Venda
SKU_1774_COB,04/08/2025,Varejo,1,204.9,46.33,158.57,Venda
SKU_1629_CLO,04/08/2025,Atacado,8,2039.2,815.68,152.94,Venda
SKU_1714_MID,04/08/2025,E-commerce,1,304.9,62.37,242.53,Venda
SKU_1700_HUN,04/08/2025,Varejo,1,699.9,184.74,515.16,Venda
SKU_1708_FLA,04/08/2025,Atacado,8,1359.2,475.68,110.44,Venda
SKU_1806_ROS,04/08/2025,Varejo,1,194.9,0.0,194.9,Venda
SKU_1696_SHO,04/08/2025,Atacado,10,2799.0,979.6,181.94,Venda
SKU_1725_BAB,04/08/2025,Atacado,5,1224.5,428.6,159.18,Venda
SKU_1671_MIN,04/08/2025,Atacado,2,699.8,209.94,244.93,Venda
SKU_1692_BLU,04/08/2025,E-commerce,1,219.9,34.58,185.32,Venda
SKU_1482_SHO,04/08/2025,Varejo,2,889.8,155.54,367.13,Venda
SKU_1875_BIR,04/08/2025,Varejo,1,174.9,0.0,174.9,Venda
SKU_1786_TEA,04/08/2025,Atacado,4,719.6,215.88,125.93,Venda
SKU_1707_SAP,04/08/2025,Atacado,2,559.8,167.94,195.93,Venda
SKU_1764_FUC,04/08/2025,Varejo,1,234.9,54.88,180.02,Venda
SKU_1689_IVO,04/08/2025,Varejo,1,964.9,240.63,724.27,Venda
SKU_1693_MEX,04/08/2025,E-commerce,1,204.9,57.79,147.11,Venda
SKU_1493_CLO,04/08/2025,E-commerce,3,989.7,168.72,273.66,Venda
SKU_1726_BUB,04/08/2025,E-commerce,1,429.9,112.55,317.35,Venda
SKU_1441_IVO,04/08/2025,Atacado,2,2309.8,808.44,750.68,Venda
SKU_1473_BAB,04/08/2025,Varejo,1,179.9,47.41,132.49,Venda
SKU_1701_BLU,04/08/2025,Atacado,6,2039.4,713.76,220.94,Venda
SKU_1693_MEX,04/08/2025,Atacado,4,819.6,245.88,143.43,Venda
SKU_1775_PAS,04/08/2025,Atacado,8,2239.2,783.68,181.94,Venda
SKU_1722_PAS,04/08/2025,Atacado,2,649.8,194.94,227.43,Venda
SKU_1791_ARM,04/08/2025,Atacado,8,2119.2,635.76,185.43,Venda
SKU_1720_PAL,04/08/2025,E-commerce,2,449.8,108.12,170.84,Venda
SKU_1523_CRE,04/08/2025,Atacado,6,2249.4,787.26,243.69,Venda
SKU_1720_PAS,04/08/2025,Varejo,1,224.9,55.35,169.55,Venda
SKU_1584_FLA,04/08/2025,Varejo,3,554.7,85.2,156.5,Venda
SKU_1712_MOS,04/08/2025,E-commerce,1,179.9,33.48,146.42,Venda
SKU_1779_MIN,04/08/2025,Varejo,2,429.8,99.14,165.33,Venda
SKU_1982_VAN,04/08/2025,E-commerce,1,224.9,0.0,224.9,Venda
SKU_1688_WHI,04/08/2025,Varejo,1,429.9,73.53,356.37,Venda
SKU_1458_PEA,04/08/2025,Atacado,10,3499.0,1049.7,244.93,Venda
SKU_1588_CRE,04/08/2025,Atacado,3,1469.7,514.38,318.44,Venda
SKU_1744_LIG,04/08/2025,Atacado,8,2119.2,741.68,172.19,Venda
SKU_1715_JAD,04/08/2025,Varejo,1,219.9,51.55,168.35,Venda
SKU_1703_PAS,04/08/2025,Atacado,4,1079.6,431.84,161.94,Venda
SKU_1736_JAD,04/08/2025,Varejo,2,649.8,111.2,269.3,Venda
SKU_1696_SER,04/08/2025,Atacado,2,559.8,195.92,181.94,Venda
SKU_1688_LIG,04/08/2025,Atacado,8,3439.2,1203.68,279.44,Venda
SKU_1812_BRI,04/08/2025,E-commerce,1,659.9,0.0,659.9,Venda
SKU_1397_BUB,04/08/2025,Varejo,1,234.9,67.67,167.23,Venda
SKU_1924_TEA,04/08/2025,Varejo,1,644.9,0.0,644.9,Venda
SKU_1623_SER,04/08/2025,Atacado,6,5489.4,1921.26,594.69,Venda
SKU_1736_PAS,04/08/2025,Varejo,1,324.9,74.21,250.69,Venda
SKU_1746_EME,04/08/2025,Atacado,2,359.8,107.94,125.93,Venda
SKU_1616_SER,04/08/2025,Varejo,2,2049.8,352.12,848.84,Venda
SKU_1400_PAL,04/08/2025,Varejo,1,209.9,51.18,158.72,Venda
SKU_1725_OFF,04/08/2025,E-commerce,1,244.9,55.47,189.43,Venda
SKU_1510_ROS,04/08/2025,Varejo,1,834.9,157.0,677.9,Venda
SKU_1786_TEA,04/08/2025,Atacado,5,899.5,359.8,107.94,Venda
SKU_1541_AQU,04/08/2025,Atacado,2,1349.8,404.94,472.43,Venda
SKU_1766_MYS,04/08/2025,Varejo,1,394.9,95.09,299.81,Venda
SKU_1597_SHO,04/08/2025,Varejo,1,529.9,147.36,382.54,Venda
SKU_1649_GAR,04/08/2025,Varejo,1,234.9,51.1,183.8,Venda
SKU_1792_AQU,04/08/2025,Varejo,1,439.9,81.87,358.03,Venda
SKU_1665_SAG,04/08/2025,Atacado,4,999.6,349.84,162.44,Venda
SKU_1686_SKY,04/08/2025,Varejo,1,214.9,44.82,170.08,Venda
SKU_1690_MYS,04/08/2025,E-commerce,1,539.9,118.1,421.8,Venda
SKU_1592_CER,04/08/2025,Atacado,3,629.7,251.88,125.94,Venda
SKU_1686_MOS,04/08/2025,Atacado,8,1719.2,601.76,139.68,Venda
SKU_1694_PIS,04/08/2025,Atacado,5,1399.5,419.85,195.93,Venda
SKU_1756_FLA,04/08/2025,Varejo,1,179.9,53.91,125.99,Venda
SKU_1702_LIG,04/08/2025,Atacado,6,3719.4,1115.82,433.93,Venda
SKU_1735_MOS,04/08/2025,Atacado,3,809.7,364.38,148.44,Venda
SKU_2076_MIN,04/08/2025,Varejo,3,1424.7,99.72,441.66,Venda
SKU_2006_DEN,04/08/2025,Atacado,2,1809.8,542.94,633.43,Venda
SKU_1779_LIG,04/08/2025,Varejo,1,214.9,43.12,171.78,Venda
SKU_1828_FLA,04/08/2025,Varejo,1,244.9,17.14,227.76,Venda
SKU_1872_SAP,04/08/2025,E-commerce,1,854.9,0.0,854.9,Venda
SKU_1743_DEE,04/08/2025,Atacado,3,1319.7,395.91,307.93,Venda
SKU_1885_BLA,04/08/2025,E-commerce,1,549.9,0.0,549.9,Venda
SKU_1773_OLI,04/08/2025,Atacado,5,1624.5,568.55,211.19,Venda
SKU_1697_MIN,04/08/2025,Atacado,5,1099.5,384.8,142.94,Venda
SKU_1692_BLU,04/08/2025,E-commerce,1,219.9,48.96,170.94,Venda
SKU_1582_WHI,04/08/2025,Varejo,2,459.8,73.88,192.96,Venda
SKU_1741_PEA,04/08/2025,Atacado,4,959.6,335.84,155.94,Venda
SKU_1775_PAL,04/08/2025,Varejo,1,279.9,66.21,213.69,Venda
SKU_1776_BIR,04/08/2025,E-commerce,1,329.9,66.13,263.77,Venda
SKU_1762_DEN,04/08/2025,E-commerce,1,254.9,40.16,214.74,Venda
SKU_2061_BRI,04/08/2025,Atacado,6,1259.4,377.82,146.93,Venda
SKU_1770_DEE,04/08/2025,Varejo,2,439.8,110.46,164.67,Venda
SKU_1758_CLO,04/08/2025,Atacado,2,359.8,107.94,125.93,Venda
SKU_1719_OFF,04/08/2025,Varejo,1,319.9,49.78,270.12,Venda
SKU_1691_HUN,04/08/2025,Varejo,1,309.9,52.69,257.21,Venda
SKU_1578_TEA,04/08/2025,Varejo,1,124.9,29.29,95.61,Venda
SKU_1753_WHI,04/08/2025,Atacado,10,7899.0,2764.6,513.44,Venda
SKU_1431_TEA,04/08/2025,Atacado,6,2219.4,665.82,258.93,Venda
SKU_1627_BAB,04/08/2025,Atacado,5,1649.5,494.85,230.93,Venda
SKU_1556_HUN,04/08/2025,Varejo,2,409.8,79.84,164.98,Venda
SKU_1780_AQU,04/08/2025,Atacado,10,3349.0,1172.1,217.69,Venda
SKU_1795_HUN,04/08/2025,E-commerce,1,299.9,76.22,223.68,Venda
SKU_1954_WHI,04/08/2025,Varejo,1,209.9,0.0,209.9,Venda
SKU_1654_CRE,04/08/2025,E-commerce,1,309.9,70.6,239.3,Venda
SKU_1482_MOS,04/08/2025,Varejo,1,444.9,126.99,317.91,Venda
SKU_1419_WHI,04/08/2025,Atacado,12,2998.8,1199.52,149.94,Venda
SKU_1846_PAS,04/08/2025,Varejo,1,349.9,24.49,325.41,Venda
SKU_1432_WHI,04/08/2025,Atacado,12,8638.8,3023.52,467.94,Venda
SKU_1872_FRE,04/08/2025,Atacado,6,5129.4,1538.82,598.43,Venda
SKU_1756_BUB,04/08/2025,Atacado,5,899.5,314.8,116.94,Venda
SKU_1744_LIG,04/08/2025,Atacado,10,2649.0,1059.6,158.94,Venda
SKU_1691_ROS,04/08/2025,Varejo,1,309.9,55.85,254.05,Venda
SKU_1582_WHI,04/08/2025,Varejo,3,689.7,192.87,165.61,Venda
SKU_1751_BLU,04/08/2025,Varejo,1,329.9,76.63,253.27,Venda
SKU_1753_WHI,04/08/2025,Atacado,4,3159.6,947.88,552.93,Venda
SKU_1659_MOS,04/08/2025,Atacado,5,5124.5,1793.6,666.18,Venda
SKU_1694_PIS,04/08/2025,Atacado,8,2239.2,783.68,181.94,Venda
SKU_1798_MOS,04/08/2025,Atacado,3,1259.7,503.88,251.94,Venda
SKU_1741_PIN,04/08/2025,Varejo,3,719.7,155.58,188.04,Venda
SKU_2036_SPA,04/08/2025,Varejo,2,479.8,33.58,223.11,Venda
SKU_1696_SHO,04/08/2025,Varejo,1,279.9,72.57,207.33,Venda
SKU_1767_FUC,04/08/2025,Atacado,3,614.7,245.88,122.94,Venda
SKU_1784_BLA,04/08/2025,Varejo,1,309.9,66.94,242.96,Venda
SKU_1792_AQU,04/08/2025,Atacado,5,2199.5,659.85,307.93,Venda
SKU_1793_WHI,04/08/2025,Atacado,3,569.7,199.38,123.44,Venda
SKU_1731_ARM,04/08/2025,E-commerce,2,1819.8,288.72,765.54,Venda
SKU_1504_NAV,04/08/2025,Varejo,1,339.9,70.4,269.5,Venda
SKU_1729_FUC,04/08/2025,Varejo,2,349.8,79.9,134.95,Venda
SKU_1730_OFF,04/08/2025,Atacado,6,1919.4,575.82,223.93,Venda
SKU_1567_PRI,04/08/2025,Varejo,2,1379.8,285.48,547.16,Venda
SKU_1531_SNO,04/08/2025,Atacado,4,2199.6,769.84,357.44,Venda
SKU_1720_PAL,04/08/2025,Varejo,1,224.9,50.81,174.09,Venda
SKU_1701_SPA,04/08/2025,E-commerce,1,339.9,57.28,282.62,Venda
SKU_1403_DUS,04/08/2025,Atacado,5,1924.5,577.35,269.43,Venda
SKU_1740_FRE,04/08/2025,Varejo,1,214.9,45.46,169.44,Venda
SKU_1744_LIG,04/08/2025,Varejo,3,794.7,238.02,185.56,Venda
SKU_1799_DEN,04/08/2025,Atacado,8,2159.2,647.76,188.93,Venda
SKU_1967_PAL,04/08/2025,Atacado,2,389.8,116.94,136.43,Venda
SKU_1787_BAB,04/08/2025,Varejo,1,289.9,72.84,217.06,Venda
SKU_1676_NAV,04/08/2025,Atacado,8,1359.2,475.68,110.44,Venda
SKU_1648_FLA,04/08/2025,E-commerce,1,699.9,176.28,523.62,Venda
SKU_1725_OFF,04/08/2025,E-commerce,1,244.9,66.15,178.75,Venda
SKU_1745_PEA,04/08/2025,E-commerce,1,409.9,115.0,294.9,Venda
SKU_1413_JAD,04/08/2025,Atacado,5,924.5,323.6,120.18,Venda
SKU_1739_MOS,04/08/2025,Atacado,4,1019.6,305.88,178.43,Venda
SKU_1760_PAS,04/08/2025,Varejo,1,249.9,55.65,194.25,Venda
SKU_1653_BAB,04/08/2025,Varejo,1,359.9,58.05,301.85,Venda
SKU_1729_CLE,04/08/2025,Varejo,1,174.9,47.14,127.76,Venda
SKU_1789_EME,04/08/2025,Varejo,2,539.8,159.58,190.11,Venda
SKU_1665_SAG,04/08/2025,Atacado,10,2499.0,749.7,174.93,Venda
SKU_1694_SER,04/08/2025,Varejo,1,279.9,46.33,233.57,Venda
SKU_1756_FLA,04/08/2025,Varejo,1,179.9,29.22,150.68,Venda
SKU_1682_BIR,04/08/2025,Varejo,1,234.9,41.12,193.78,Venda
SKU_1673_PEA,04/08/2025,Varejo,1,409.9,85.9,324.0,Venda
SKU_1694_SER,04/08/2025,Varejo,1,279.9,55.59,224.31,Venda
SKU_1787_BAB,04/08/2025,Atacado,4,1159.6,347.88,202.93,Venda
SKU_1783_EGR,04/08/2025,Atacado,2,2399.8,839.92,779.94,Venda
SKU_1686_MOS,04/08/2025,Varejo,1,214.9,38.24,176.66,Venda
SKU_1811_PIN,04/08/2025,Atacado,8,5519.2,1931.68,448.44,Venda
SKU_1755_AQU,04/08/2025,E-commerce,1,334.9,59.16,275.74,Venda
SKU_1741_PIN,04/08/2025,Atacado,10,2399.0,959.6,143.94,Venda
SKU_2059_SNO,04/08/2025,Varejo,1,639.9,0.0,639.9,Venda
SKU_1689_IVO,04/08/2025,Varejo,1,964.9,247.52,717.38,Venda
SKU_1772_SNO,04/08/2025,Atacado,10,4149.0,1452.1,269.69,Venda
SKU_1716_AQU,04/08/2025,Varejo,2,329.8,68.64,130.58,Venda
SKU_1546_PAS,04/08/2025,Atacado,10,1749.0,699.6,104.94,Venda
SKU_1449_NAV,04/08/2025,Atacado,5,1624.5,487.35,227.43,Venda
SKU_1719_OFF,04/08/2025,E-commerce,1,319.9,75.17,244.73,Venda
SKU_1688_WHI,04/08/2025,Atacado,12,5158.8,2063.52,257.94,Venda
SKU_2028_PAL,04/08/2025,E-commerce,1,244.9,0.0,244.9,Venda
SKU_1754_SER,04/08/2025,Atacado,6,2039.4,713.76,220.94,Venda
SKU_1701_BLU,04/08/2025,Varejo,1,339.9,52.92,286.98,Venda
SKU_1689_MAG,04/08/2025,Varejo,1,964.9,288.4,676.5,Venda
SKU_1487_CLE,04/08/2025,Atacado,10,3349.0,1172.1,217.69,Venda
SKU_1589_TUR,04/08/2025,Varejo,2,1359.8,250.96,554.42,Venda
SKU_1617_DEN,04/08/2025,E-commerce,1,164.9,28.18,136.72,Venda
SKU_1797_BLU,04/08/2025,E-commerce,1,379.9,75.92,303.98,Venda
SKU_1712_NAV,04/08/2025,Atacado,8,1439.2,503.68,116.94,Venda
SKU_1774_COB,04/08/2025,Varejo,1,204.9,33.52,171.38,Venda
SKU_1461_NAV,04/08/2025,Varejo,1,1069.9,294.37,775.53,Venda
SKU_1462_MID,04/08/2025,Varejo,2,729.8,172.78,278.51,Venda
SKU_1765_MYS,04/08/2025,Atacado,3,779.7,233.91,181.93,Venda
SKU_1792_MIN,04/08/2025,Atacado,8,3519.2,1055.76,307.93,Venda
SKU_1596_BIR,04/08/2025,Atacado,2,549.8,192.42,178.69,Venda
SKU_1746_EME,04/08/2025,Varejo,1,179.9,48.39,131.51,Venda
SKU_1745_PEA,04/08/2025,Varejo,1,409.9,93.18,316.72,Venda
SKU_1736_PAS,04/08/2025,Atacado,3,974.7,292.41,227.43,Venda
SKU_2115_PEA,04/08/2025,Varejo,1,384.9,0.0,384.9,Venda
SKU_1759_COB,04/08/2025,Atacado,3,809.7,283.38,175.44,Venda
SKU_1777_FRE,04/08/2025,Varejo,2,479.8,95.34,192.23,Venda
SKU_1775_PAL,04/08/2025,Atacado,5,1399.5,489.8,181.94,Venda
SKU_1792_AQU,04/08/2025,Atacado,4,1759.6,703.84,263.94,Venda
SKU_1779_LIG,04/08/2025,E-commerce,1,214.9,64.4,150.5,Venda
SKU_1692_BLU,04/08/2025,E-commerce,1,219.9,38.19,181.71,Venda
SKU_1403_AQU,04/08/2025,Varejo,2,769.8,120.18,324.81,Venda
SKU_1712_NAV,04/08/2025,Atacado,8,1439.2,503.68,116.94,Venda
SKU_1742_EME,04/08/2025,Varejo,1,259.9,53.83,206.07,Venda
SKU_1717_CRE,04/08/2025,Varejo,1,259.9,49.41,210.49,Venda
SKU_1684_SHO,04/08/2025,Atacado,8,1479.2,517.76,120.18,Venda
SKU_1758_HON,04/08/2025,Varejo,2,359.8,85.34,137.23,Venda
SKU_1761_MOS,04/08/2025,Varejo,1,1104.9,287.28,817.62,Venda
SKU_1591_MYS,04/08/2025,E-commerce,1,889.9,188.59,701.31,Venda
SKU_1732_WHI,04/08/2025,Atacado,6,6689.4,2341.32,724.68,Venda
SKU_1757_PIN,04/08/2025,Varejo,1,264.9,57.89,207.01,Venda
SKU_1993_MEX,04/08/2025,E-commerce,1,204.9,0.0,204.9,Venda
SKU_1424_BAB,04/08/2025,Atacado,4,3979.6,1392.88,646.68,Venda
SKU_1778_TEA,04/08/2025,Varejo,1,284.9,47.79,237.11,Venda
SKU_1749_BIR,04/08/2025,E-commerce,1,349.9,88.14,261.76,Venda
SKU_1708_FLA,04/08/2025,Varejo,2,339.8,82.88,128.46,Venda
SKU_1617_DEN,04/08/2025,Varejo,3,494.7,114.72,126.66,Venda
SKU_2012_ROY,04/08/2025,Atacado,3,2459.7,737.91,573.93,Venda
SKU_1780_LIG,04/08/2025,Atacado,4,1339.6,468.84,217.69,Venda
SKU_1772_BLU,04/08/2025,Varejo,1,414.9,88.4,326.5,Venda
SKU_1707_ARM,04/08/2025,Varejo,1,279.9,56.53,223.37,Venda
SKU_1790_ROY,04/08/2025,Atacado,4,1039.6,311.88,181.93,Venda
SKU_1666_FUC,04/08/2025,Atacado,3,2399.7,839.88,519.94,Venda
SKU_1780_AQU,04/08/2025,Varejo,1,334.9,66.45,268.45,Venda
SKU_1735_MOS,04/08/2025,Varejo,1,269.9,68.11,201.79,Venda
SKU_1573_MIN,04/08/2025,Varejo,1,1024.9,234.87,790.03,Venda
SKU_1753_PAL,04/08/2025,Atacado,8,6319.2,2211.68,513.44,Venda
SKU_1681_PIS,04/08/2025,Atacado,6,1409.4,563.76,140.94,Venda
SKU_1768_PEA,04/08/2025,E-commerce,1,624.9,127.04,497.86,Venda
SKU_2061_POW,04/08/2025,Varejo,2,419.8,0.0,209.9,Venda
SKU_1705_JAD,04/08/2025,Varejo,1,409.9,77.02,332.88,Venda
SKU_1755_BIR,04/08/2025,Atacado,6,2009.4,703.26,217.69,Venda
SKU_1686_SKY,04/08/2025,Atacado,5,1074.5,322.35,150.43,Venda
SKU_1539_BLA,04/08/2025,Atacado,5,1749.5,612.3,227.44,Venda
SKU_1703_BLU,04/08/2025,Varejo,2,539.8,87.14,226.33,Venda
SKU_1495_BLA,04/08/2025,Atacado,3,989.7,296.91,230.93,Venda
SKU_1720_PAL,04/08/2025,Atacado,4,899.6,314.88,146.18,Venda
SKU_1787_BAB,04/08/2025,Atacado,6,1739.4,521.82,202.93,Venda
SKU_1785_PAS,04/08/2025,Atacado,5,1224.5,367.35,171.43,Venda
SKU_1708_FRE,04/08/2025,Atacado,4,679.6,237.84,110.44,Venda
SKU_1724_PIN,04/08/2025,Varejo,1,1114.9,332.49,782.41,Venda
SKU_1729_FUC,04/08/2025,Atacado,5,874.5,349.8,104.94,Venda
SKU_2049_PAS,04/08/2025,E-commerce,1,214.9,0.0,214.9,Venda
SKU_1926_SHO,04/08/2025,Atacado,8,2159.2,647.76,188.93,Venda
SKU_1713_SNO,04/08/2025,Varejo,1,504.9,108.68,396.22,Venda
SKU_1556_SAL,04/08/2025,Varejo,1,204.9,57.91,146.99,Venda
SKU_1427_BLA,04/08/2025,Atacado,12,2398.8,719.64,139.93,Venda
SKU_1739_MOS,04/08/2025,Varejo,1,254.9,51.92,202.98,Venda
SKU_1741_PEA,04/08/2025,Varejo,1,239.9,55.85,184.05,Venda
SKU_1484_EGR,04/08/2025,Atacado,3,1379.7,413.91,321.93,Venda
SKU_1750_SNO,04/08/2025,Atacado,5,1849.5,739.8,221.94,Venda
SKU_1712_NAV,04/08/2025,Atacado,2,359.8,161.92,98.94,Venda
SKU_1765_PAS,04/08/2025,Atacado,4,1039.6,311.88,181.93,Venda
SKU_1721_FRE,04/08/2025,E-commerce,1,419.9,110.5,309.4,Venda
SKU_1693_FLA,04/08/2025,Varejo,1,204.9,45.0,159.9,Venda
SKU_1717_MIN,04/08/2025,Atacado,4,1039.6,311.88,181.93,Venda
SKU_1741_PEA,04/08/2025,Varejo,1,239.9,65.06,174.84,Venda
SKU_1781_CLE,04/08/2025,Varejo,2,259.8,60.66,99.57,Venda
SKU_1729_CLE,04/08/2025,Varejo,2,349.8,97.26,126.27,Venda
SKU_1464_MOS,04/08/2025,E-commerce,1,229.9,42.02,187.88,Venda
SKU_1772_SNO,04/08/2025,Varejo,1,414.9,89.26,325.64,Venda
SKU_1685_COB,04/08/2025,Atacado,3,1994.7,598.41,465.43,Venda
SKU_1748_BAB,04/08/2025,Varejo,1,309.9,55.79,254.11,Venda
SKU_1789_SNO,04/08/2025,Atacado,3,809.7,242.91,188.93,Venda
SKU_1996_SHO,04/08/2025,Varejo,2,489.8,0.0,244.9,Venda
SKU_1785_PAS,04/08/2025,Atacado,6,1469.4,440.82,171.43,Venda
SKU_1977_NAV,04/08/2025,Varejo,1,214.9,0.0,214.9,Venda
SKU_1777_TUR,04/08/2025,Atacado,4,959.6,335.84,155.94,Venda
SKU_1495_FUC,04/08/2025,Varejo,1,329.9,88.53,241.37,Venda
SKU_1793_MIN,04/08/2025,Atacado,5,949.5,379.8,113.94,Venda
SKU_1907_BLA,04/08/2025,Varejo,1,274.9,0.0,274.9,Venda
SKU_1728_EGR,04/08/2025,Atacado,8,2639.2,791.76,230.93,Venda
SKU_1752_SPA,04/08/2025,Atacado,6,2579.4,902.76,279.44,Venda
SKU_1735_MOS,04/08/2025,Varejo,1,269.9,78.29,191.61,Venda
SKU_1550_IVO,04/08/2025,Atacado,4,659.6,230.88,107.18,Venda
SKU_1714_DEE,04/08/2025,Atacado,5,1524.5,533.55,198.19,Venda
SKU_1715_HON,04/08/2025,Atacado,10,2199.0,769.6,142.94,Venda
SKU_1728_EGR,04/08/2025,Varejo,1,329.9,49.94,279.96,Venda
SKU_1704_PEA,04/08/2025,Atacado,3,1004.7,301.41,234.43,Venda
SKU_1803_SER,04/08/2025,Varejo,1,199.9,0.0,199.9,Venda
SKU_1788_EME,04/08/2025,Varejo,1,249.9,65.08,184.82,Venda
SKU_1429_MAG,04/08/2025,Varejo,1,189.9,32.23,157.67,Venda
SKU_1776_BIR,04/08/2025,E-commerce,1,329.9,73.9,256.0,Venda
SKU_1793_WHI,04/08/2025,Atacado,5,949.5,284.85,132.93,Venda
SKU_1736_PAS,04/08/2025,Atacado,10,3249.0,1137.1,211.19,Venda
SKU_1604_CLE,04/08/2025,Varejo,1,604.9,165.64,439.26,Venda
SKU_1627_MOS,04/08/2025,Varejo,2,659.8,105.2,277.3,Venda
SKU_1661_WHI,04/08/2025,Varejo,1,989.9,228.44,761.46,Venda
SKU_1717_CRE,04/08/2025,Varejo,1,259.9,41.55,218.35,Venda
SKU_1760_PAS,04/08/2025,E-commerce,1,249.9,62.07,187.83,Venda
SKU_1719_WHI,04/08/2025,Atacado,6,1919.4,575.82,223.93,Venda
SKU_1787_BAB,04/08/2025,Varejo,1,289.9,86.76,203.14,Venda
SKU_1779_MIN,04/08/2025,Atacado,3,644.7,225.66,139.68,Venda
SKU_1738_ROY,04/08/2025,Atacado,6,1169.4,467.76,116.94,Venda
SKU_2035_AQU,04/08/2025,Atacado,4,899.6,359.84,134.94,Venda
SKU_1953_IVO,04/08/2025,Atacado,5,1174.5,469.8,140.94,Venda
SKU_1739_AQU,04/08/2025,Varejo,1,254.9,61.11,193.79,Venda
SKU_1716_AQU,04/08/2025,E-commerce,1,164.9,30.79,134.11,Venda
SKU_1523_CRE,04/08/2025,Varejo,3,1124.7,182.94,313.92,Venda
SKU_1755_BIR,04/08/2025,Atacado,2,669.8,200.94,234.43,Venda
SKU_1682_BIR,04/08/2025,Varejo,1,234.9,63.87,171.03,Venda
SKU_1785_PAS,04/08/2025,Atacado,2,489.8,171.44,159.18,Venda
SKU_1969_SER,04/08/2025,Varejo,1,409.9,0.0,409.9,Venda
SKU_1694_SER,04/08/2025,Atacado,2,559.8,167.94,195.93,Venda
SKU_1753_PAL,04/08/2025,Atacado,6,4739.4,1895.76,473.94,Venda
SKU_1747_FUC,04/08/2025,Atacado,8,1399.2,489.76,113.68,Venda
SKU_1563_MEX,04/08/2025,Atacado,5,749.5,224.85,104.93,Venda
SKU_1692_OLI,04/08/2025,Varejo,3,659.7,195.45,154.75,Venda
SKU_1467_OLI,04/08/2025,Varejo,2,409.8,84.9,162.45,Venda
SKU_1718_SEA,04/08/2025,Varejo,1,369.9,96.42,273.48,Venda
SKU_1756_FLA,04/08/2025,E-commerce,1,179.9,35.74,144.16,Venda
SKU_2103_RAS,04/08/2025,Varejo,1,469.9,0.0,469.9,Venda
SKU_1617_MIN,04/08/2025,E-commerce,1,164.9,47.74,117.16,Venda
SKU_1753_PAL,04/08/2025,Varejo,1,789.9,134.0,655.9,Venda
SKU_1681_OFF,04/08/2025,Atacado,6,1409.4,563.76,140.94,Venda
SKU_1412_BAB,04/08/2025,Atacado,6,5369.4,1610.82,626.43,Venda
SKU_1514_SPA,04/08/2025,Atacado,2,1659.8,497.94,580.93,Venda
SKU_1699_COB,04/08/2025,Varejo,1,329.9,58.96,270.94,Venda
SKU_1702_COR,04/08/2025,Atacado,4,2479.6,991.84,371.94,Venda
SKU_1495_FUC,04/08/2025,Varejo,1,329.9,89.58,240.32,Venda
SKU_1791_ARM,04/08/2025,Varejo,2,529.8,117.8,206.0,Venda
SKU_1917_LIG,04/08/2025,E-commerce,1,374.9,0.0,374.9,Venda
SKU_1689_IVO,04/08/2025,Atacado,2,1929.8,771.92,578.94,Venda
SKU_1799_DEN,04/08/2025,Atacado,3,809.7,364.38,148.44,Venda
SKU_1792_MIN,04/08/2025,Varejo,1,439.9,118.19,321.71,Venda
SKU_1831_MID,04/08/2025,Varejo,1,334.9,0.0,334.9,Venda
SKU_1707_SAP,04/08/2025,E-commerce,1,279.9,66.25,213.65,Venda
SKU_1718_DUS,04/08/2025,Varejo,1,369.9,110.42,259.48,Venda
SKU_1562_CLO,04/08/2025,Atacado,4,1239.6,371.88,216.93,Venda
SKU_1558_MEX,04/08/2025,Varejo,1,329.9,62.37,267.53,Venda
SKU_1799_DEN,04/08/2025,Atacado,5,1349.5,472.3,175.44,Venda
SKU_1798_MOS,04/08/2025,E-commerce,2,839.8,229.44,305.18,Venda
SKU_1653_ROS,04/08/2025,Atacado,6,2159.4,647.82,251.93,Venda
SKU_1690_MAG,04/08/2025,E-commerce,1,539.9,81.24,458.66,Venda
SKU_1775_PAS,04/08/2025,E-commerce,1,279.9,56.54,223.36,Venda
SKU_1732_WHI,04/08/2025,E-commerce,1,1114.9,221.74,893.16,Venda
SKU_1471_ROS,04/08/2025,Varejo,2,409.8,96.58,156.61,Venda
SKU_1810_OFF,04/08/2025,Atacado,4,639.6,255.84,95.94,Venda
SKU_1448_SEA,04/08/2025,Atacado,6,1079.4,485.76,98.94,Venda
SKU_1689_MAG,04/08/2025,Atacado,4,3859.6,1157.88,675.43,Venda
SKU_1775_PAL,04/08/2025,E-commerce,1,279.9,55.08,224.82,Venda
SKU_1705_JAD,04/08/2025,Varejo,1,409.9,112.06,297.84,Venda
SKU_1742_DEN,04/08/2025,Atacado,4,1039.6,311.88,181.93,Venda
SKU_1739_AQU,04/08/2025,Varejo,1,254.9,40.77,214.13,Venda
SKU_1709_CRE,04/08/2025,Atacado,4,839.6,293.84,136.44,Venda
SKU_1827_BUB,04/08/2025,Varejo,1,194.9,0.0,194.9,Venda
SKU_1778_TEA,04/08/2025,Varejo,1,284.9,76.36,208.54,Venda
SKU_1407_OFF,04/08/2025,Atacado,3,644.7,193.41,150.43,Venda
SKU_1752_SNO,04/08/2025,Atacado,5,2149.5,644.85,300.93,Venda
SKU_1766_MYS,04/08/2025,Atacado,5,1974.5,592.35,276.43,Venda
SKU_1742_DEN,04/08/2025,Varejo,1,259.9,41.59,218.31,Venda
SKU_1705_SER,04/08/2025,Varejo,1,409.9,62.02,347.88,Venda
SKU_1746_NAV,04/08/2025,Varejo,1,179.9,33.38,146.52,Venda
SKU_1755_BIR,04/08/2025,Atacado,5,1674.5,502.35,234.43,Venda
SKU_1556_SAL,04/08/2025,E-commerce,1,204.9,31.56,173.34,Venda
SKU_2101_BUB,04/08/2025,Atacado,5,1224.5,367.35,171.43,Venda
SKU_1754_IVO,04/08/2025,Atacado,6,2039.4,713.76,220.94,Venda
SKU_1571_BIR,04/08/2025,Atacado,4,999.6,299.88,174.93,Venda
SKU_1685_BIR,04/08/2025,Varejo,1,664.9,129.36,535.54,Venda
SKU_1765_MYS,04/08/2025,Varejo,2,519.8,107.0,206.4,Venda
SKU_1698_PRI,04/08/2025,E-commerce,2,839.8,175.38,332.21,Venda
SKU_1726_PAS,04/08/2025,Atacado,5,2149.5,644.85,300.93,Venda
SKU_1777_TUR,04/08/2025,Atacado,4,959.6,383.84,143.94,Venda
SKU_1578_PAS,04/08/2025,Atacado,5,624.5,187.35,87.43,Venda
SKU_1709_CRE,04/08/2025,Atacado,5,1049.5,314.85,146.93,Venda
SKU_1702_LIG,04/08/2025,Atacado,4,2479.6,867.84,402.94,Venda
SKU_1782_HUN,04/08/2025,Atacado,6,1499.4,524.76,162.44,Venda
SKU_1457_MAG,04/08/2025,Varejo,1,159.9,24.59,135.31,Venda
SKU_1724_PIN,04/08/2025,E-commerce,1,1114.9,326.45,788.45,Venda
SKU_1801_MOS,04/08/2025,Atacado,6,2249.4,674.82,262.43,Venda
SKU_1686_SKY,04/08/2025,Atacado,12,2578.8,1031.52,128.94,Venda
SKU_1742_DEN,04/08/2025,Varejo,1,259.9,54.82,205.08,Venda
SKU_1745_PEA,04/08/2025,Varejo,1,409.9,67.06,342.84,Venda
SKU_1755_BIR,04/08/2025,E-commerce,1,334.9,93.82,241.08,Venda
SKU_1401_GAR,04/08/2025,Varejo,4,959.6,193.16,191.61,Venda
SKU_1767_PRI,04/08/2025,Varejo,1,204.9,44.01,160.89,Venda
SKU_1704_BAB,04/08/2025,E-commerce,1,334.9,71.94,262.96,Venda
SKU_1759_COB,04/08/2025,Atacado,5,1349.5,472.3,175.44,Venda
SKU_1689_IVO,04/08/2025,Atacado,5,4824.5,1688.6,627.18,Venda
SKU_1625_GAR,04/08/2025,Varejo,1,204.9,51.33,153.57,Venda
SKU_1718_DUS,04/08/2025,Varejo,1,369.9,84.91,284.99,Venda
SKU_1528_PAS,04/08/2025,E-commerce,1,214.9,34.9,180.0,Venda
SKU_1793_WHI,04/08/2025,Varejo,1,189.9,40.08,149.82,Venda
SKU_1693_FLA,04/08/2025,Atacado,4,819.6,286.88,133.18,Venda
SKU_1753_PAL,04/08/2025,Atacado,3,2369.7,710.91,552.93,Venda
SKU_1700_HUN,04/08/2025,Varejo,2,1399.8,346.5,526.65,Venda
SKU_1680_SEA,04/08/2025,Varejo,4,1339.6,279.08,265.13,Venda
SKU_1799_POW,04/08/2025,Atacado,3,809.7,283.38,175.44,Venda
SKU_1865_CRE,04/08/2025,Varejo,1,249.9,0.0,249.9,Venda
SKU_1784_BLA,04/08/2025,Varejo,3,929.7,258.03,223.89,Venda
SKU_1669_TEA,04/08/2025,Varejo,1,199.9,55.85,144.05,Venda
SKU_1706_BLA,04/08/2025,Atacado,6,1109.4,388.32,120.18,Venda
SKU_1730_OFF,04/08/2025,Atacado,4,1279.6,575.8,175.95,Venda
SKU_1754_SER,04/08/2025,Varejo,1,339.9,69.35,270.55,Venda
SKU_1779_LIG,04/08/2025,Atacado,8,1719.2,515.76,150.43,Venda
SKU_1756_FLA,04/08/2025,E-commerce,1,179.9,32.49,147.41,Venda
SKU_1437_ROY,04/08/2025,E-commerce,1,164.9,32.27,132.63,Venda
SKU_1777_TUR,04/08/2025,E-commerce,1,239.9,64.31,175.59,Venda
SKU_1701_SPA,04/08/2025,Varejo,3,1019.7,272.52,249.06,Venda
SKU_1691_ROS,04/08/2025,Atacado,12,3718.8,1301.52,201.44,Venda
SKU_1503_CER,04/08/2025,Atacado,10,2299.0,689.7,160.93,Venda
SKU_1776_BIR,04/08/2025,Atacado,8,2639.2,791.76,230.93,Venda
SKU_1739_AQU,04/08/2025,Varejo,1,254.9,54.27,200.63,Venda
SKU_1774_MOS,04/08/2025,Varejo,1,204.9,42.71,162.19,Venda
SKU_1706_BLA,04/08/2025,E-commerce,1,184.9,49.06,135.84,Venda
SKU_1800_SKY,04/08/2025,Varejo,1,279.9,55.68,224.22,Venda
SKU_1689_IVO,04/08/2025,Atacado,6,5789.4,2315.76,578.94,Venda
SKU_1446_GAR,04/08/2025,Atacado,2,539.8,215.92,161.94,Venda
SKU_1683_SHO,04/08/2025,Varejo,1,314.9,49.51,265.39,Venda
SKU_1715_JAD,04/08/2025,Atacado,8,1759.2,703.68,131.94,Venda
SKU_1630_LIM,04/08/2025,Atacado,5,1674.5,502.35,234.43,Venda
SKU_1494_HOT,04/08/2025,Atacado,4,4339.6,1518.88,705.18,Venda
SKU_1721_FRE,04/08/2025,E-commerce,1,419.9,114.29,305.61,Venda
SKU_1729_CLE,04/08/2025,E-commerce,1,174.9,30.33,144.57,Venda
SKU_1749_BIR,04/08/2025,E-commerce,1,349.9,92.04,257.86,Venda
SKU_1778_MIN,04/08/2025,Atacado,5,1424.5,498.55,185.19,Venda
SKU_1728_MID,04/08/2025,Varejo,1,329.9,67.36,262.54,Venda
SKU_2025_BAB,04/08/2025,E-commerce,1,229.9,0.0,229.9,Venda
SKU_1681_PIS,04/08/2025,Atacado,10,2349.0,704.7,164.43,Venda
SKU_1592_CER,04/08/2025,Varejo,2,419.8,69.02,175.39,Venda
SKU_1720_PAL,04/08/2025,Atacado,4,899.6,314.88,146.18,Venda
SKU_1715_JAD,04/08/2025,Varejo,2,439.8,92.12,173.84,Venda
SKU_1699_CLO,04/08/2025,Varejo,1,329.9,87.31,242.59,Venda
SKU_1796_SHO,04/08/2025,Varejo,2,1009.8,192.44,408.68,Venda
SKU_1702_COR,04/08/2025,Varejo,1,619.9,181.7,438.2,Venda
SKU_1838_DEN,04/08/2025,Atacado,8,2559.2,895.68,207.94,Venda
SKU_1711_VAN,04/08/2025,Varejo,2,1989.8,324.52,832.64,Venda
SKU_1650_OLI,04/08/2025,Atacado,4,4019.6,1607.84,602.94,Venda
SKU_1763_MAR,04/08/2025,Atacado,4,1199.6,479.84,179.94,Venda
SKU_1771_EME,04/08/2025,Atacado,4,1059.6,370.84,172.19,Venda
SKU_1959_WHI,04/08/2025,Atacado,4,2959.6,887.88,517.93,Venda
SKU_1767_FUC,04/08/2025,Atacado,10,2049.0,717.2,133.18,Venda
SKU_1512_TEA,04/08/2025,Atacado,5,1124.5,337.35,157.43,Venda
SKU_1738_BLU,04/08/2025,Varejo,1,194.9,48.1,146.8,Venda
SKU_1710_OLI,04/08/2025,Atacado,5,4049.5,1417.3,526.44,Venda
SKU_1680_NAV,04/08/2025,Atacado,5,1674.5,586.05,217.69,Venda
SKU_1435_SKY,04/08/2025,Atacado,10,10099.0,3029.7,706.93,Venda
SKU_1746_NAV,04/08/2025,Atacado,6,1079.4,377.76,116.94,Venda
SKU_1770_DEE,04/08/2025,Atacado,3,659.7,230.88,142.94,Venda
SKU_1655_TEA,04/08/2025,Atacado,4,2579.6,902.84,419.19,Venda
SKU_1763_HOT,04/08/2025,Varejo,2,599.8,137.46,231.17,Venda
SKU_1710_OLI,04/08/2025,Atacado,3,2429.7,850.38,526.44,Venda
SKU_1800_SKY,04/08/2025,Atacado,6,1679.4,671.76,167.94,Venda
SKU_1647_ARM,04/08/2025,Varejo,2,679.8,138.86,270.47,Venda
SKU_1561_LIM,04/08/2025,Varejo,1,349.9,68.31,281.59,Venda
SKU_1725_BAB,04/08/2025,E-commerce,1,244.9,51.99,192.91,Venda
SKU_1855_AQU,04/08/2025,Varejo,1,274.9,0.0,274.9,Venda
SKU_1717_CRE,04/08/2025,Varejo,1,259.9,70.15,189.75,Venda
SKU_1681_OFF,04/08/2025,Atacado,4,939.6,375.84,140.94,Venda
SKU_1780_LIG,04/08/2025,Varejo,1,334.9,62.06,272.84,Venda
SKU_1447_BLU,04/08/2025,Atacado,6,1439.4,431.82,167.93,Venda
SKU_1697_PIS,04/08/2025,E-commerce,1,219.9,50.73,169.17,Venda
SKU_1777_FRE,04/08/2025,E-commerce,1,239.9,48.42,191.48,Venda
SKU_1755_AQU,04/08/2025,Varejo,1,334.9,81.49,253.41,Venda
SKU_1706_JAD,04/08/2025,E-commerce,1,184.9,52.66,132.24,Venda
SKU_1416_AQU,04/08/2025,Atacado,8,2239.2,783.68,181.94,Venda
SKU_1931_MID,04/08/2025,Atacado,3,2234.7,670.41,521.43,Venda
SKU_1802_DEN,04/08/2025,Atacado,2,1489.8,521.42,484.19,Venda
SKU_1732_OFF,04/08/2025,Varejo,3,3344.7,777.57,855.71,Venda
SKU_1558_MEX,04/08/2025,Atacado,3,989.7,346.38,214.44,Venda
SKU_1745_PEA,04/08/2025,E-commerce,1,409.9,97.05,312.85,Venda
SKU_1683_PAL,04/08/2025,Varejo,1,314.9,83.8,231.1,Venda
SKU_1740_FRE,04/08/2025,Atacado,4,859.6,257.88,150.43,Venda
SKU_1790_EGR,04/08/2025,E-commerce,1,259.9,64.24,195.66,Venda
SKU_1722_PAS,04/08/2025,Varejo,2,649.8,143.3,253.25,Venda
SKU_1715_JAD,04/08/2025,Varejo,1,219.9,33.31,186.59,Venda
SKU_1741_PEA,04/08/2025,Atacado,6,1439.4,575.76,143.94,Venda
SKU_1741_PEA,04/08/2025,E-commerce,1,239.9,39.49,200.41,Venda
SKU_1692_BLU,04/08/2025,Atacado,3,659.7,230.88,142.94,Venda
SKU_1547_FUC,04/08/2025,Atacado,6,1979.4,692.76,214.44,Venda
SKU_1705_SER,04/08/2025,Atacado,2,819.8,245.94,286.93,Venda
SKU_1713_SAL,04/08/2025,Atacado,2,1009.8,353.42,328.19,Venda
SKU_1786_TEA,04/08/2025,E-commerce,1,179.9,50.55,129.35,Venda
SKU_1472_MYS,04/08/2025,Varejo,1,469.9,133.8,336.1,Venda
SKU_1774_COB,04/08/2025,Varejo,2,409.8,66.22,171.79,Venda
SKU_1798_MOS,04/08/2025,Atacado,4,1679.6,671.84,251.94,Venda
SKU_1682_OLI,04/08/2025,Atacado,2,469.8,164.44,152.68,Venda
SKU_1731_MIN,04/08/2025,Atacado,6,5459.4,1637.82,636.93,Venda
SKU_1464_BIR,04/08/2025,Atacado,4,919.6,367.84,137.94,Venda
SKU_1733_NAV,04/08/2025,E-commerce,3,1049.7,249.42,266.76,Venda
SKU_1457_SNO,04/08/2025,E-commerce,1,159.9,31.55,128.35,Venda
SKU_1791_ARM,04/08/2025,Atacado,12,3178.8,1112.52,172.19,Venda
SKU_1748_COB,04/08/2025,Varejo,1,309.9,46.52,263.38,Venda
SKU_1740_FRE,04/08/2025,E-commerce,1,214.9,54.22,160.68,Venda
SKU_1748_COB,04/08/2025,Atacado,6,1859.4,650.76,201.44,Venda
SKU_1764_MAR,04/08/2025,Atacado,2,469.8,140.94,164.43,Venda
SKU_1741_PIN,04/08/2025,Varejo,1,239.9,54.02,185.88,Venda
SKU_1789_SNO,04/08/2025,Varejo,1,269.9,57.18,212.72,Venda
SKU_1693_FLA,04/08/2025,Varejo,1,204.9,57.48,147.42,Venda
SKU_1748_COB,04/08/2025,Varejo,2,619.8,99.7,260.05,Venda
SKU_1601_AQU,04/08/2025,Varejo,3,2204.7,530.43,558.09,Venda
SKU_1893_BIR,04/08/2025,Atacado,10,6299.0,2204.6,409.44,Venda
SKU_1827_BUB,04/08/2025,Varejo,1,194.9,13.64,181.26,Venda
SKU_1719_OFF,04/08/2025,Varejo,1,319.9,50.6,269.3,Venda
SKU_1462_OFF,04/08/2025,Varejo,1,364.9,58.99,305.91,Venda
SKU_1763_HOT,04/08/2025,Varejo,2,599.8,90.68,254.56,Venda
SKU_1783_BAB,04/08/2025,Atacado,4,4799.6,1439.88,839.93,Venda
SKU_1666_FUC,04/08/2025,Atacado,5,3999.5,1199.85,559.93,Venda
SKU_1730_MIN,04/08/2025,Atacado,4,1279.6,383.88,223.93,Venda
SKU_1519_TEA,04/08/2025,Varejo,2,1259.8,227.1,516.35,Venda
SKU_1757_PIN,04/08/2025,Atacado,4,1059.6,370.84,172.19,Venda
SKU_1566_PEA,04/08/2025,Varejo,1,1034.9,235.99,798.91,Venda
SKU_1744_LIG,04/08/2025,Varejo,1,264.9,73.51,191.39,Venda
SKU_1695_LIM,05/08/2025,Atacado,10,2099.0,734.6,136.44,Venda
SKU_1879_WHI,05/08/2025,Varejo,3,914.7,0.0,304.9,Venda
SKU_1800_SKY,05/08/2025,Atacado,5,1399.5,559.8,167.94,Venda
SKU_2035_LIG,05/08/2025,Atacado,8,1799.2,629.76,146.18,Venda
SKU_1695_CRE,05/08/2025,Atacado,4,839.6,251.88,146.93,Venda
SKU_1751_MIN,05/08/2025,Atacado,2,659.8,197.94,230.93,Venda
SKU_1929_COB,05/08/2025,E-commerce,1,294.9,0.0,294.9,Venda
SKU_1703_PAS,05/08/2025,Atacado,4,1079.6,431.84,161.94,Venda
SKU_1613_BIR,05/08/2025,Atacado,4,759.6,265.84,123.44,Venda
SKU_1698_SNO,05/08/2025,Atacado,3,1259.7,377.91,293.93,Venda
SKU_1769_EME,05/08/2025,Varejo,1,324.9,79.39,245.51,Venda
SKU_1426_SEA,05/08/2025,Varejo,1,129.9,31.01,98.89,Venda
SKU_1720_PAS,05/08/2025,Atacado,8,1799.2,629.76,146.18,Venda
SKU_1792_MIN,05/08/2025,Atacado,8,3519.2,1055.76,307.93,Venda
SKU_1794_FLA,05/08/2025,Varejo,1,209.9,58.53,151.37,Venda
SKU_1697_MIN,05/08/2025,Varejo,1,219.9,44.03,175.87,Venda
SKU_1788_MYS,05/08/2025,Atacado,10,2499.0,874.6,162.44,Venda
SKU_1498_OLI,05/08/2025,Varejo,1,339.9,57.76,282.14,Venda
SKU_1521_MOS,05/08/2025,Atacado,2,379.8,132.92,123.44,Venda
SKU_1701_BLU,05/08/2025,E-commerce,1,339.9,54.56,285.34,Venda
SKU_1664_PIN,05/08/2025,Varejo,2,659.8,185.5,237.15,Venda
SKU_1731_MIN,05/08/2025,Atacado,2,1819.8,545.94,636.93,Venda
SKU_1699_CLO,05/08/2025,Varejo,3,989.7,244.08,248.54,Venda
SKU_1756_BUB,05/08/2025,Varejo,3,539.7,160.83,126.29,Venda
SKU_1791_ARM,05/08/2025,Atacado,3,794.7,238.41,185.43,Venda
SKU_2070_COR,05/08/2025,Varejo,1,214.9,0.0,214.9,Venda
SKU_1704_PEA,05/08/2025,Atacado,5,1674.5,502.35,234.43,Venda
SKU_1715_JAD,05/08/2025,Varejo,1,219.9,64.1,155.8,Venda
SKU_1781_CLE,05/08/2025,Varejo,1,129.9,31.26,98.64,Venda
SKU_1637_WHI,05/08/2025,Varejo,1,919.9,220.88,699.02,Venda
SKU_1683_PAL,05/08/2025,Atacado,4,1259.6,377.88,220.43,Venda
SKU_1683_PAL,05/08/2025,Varejo,1,314.9,69.11,245.79,Venda
SKU_1689_IVO,05/08/2025,Varejo,1,964.9,234.37,730.53,Venda
SKU_1680_NAV,05/08/2025,Atacado,10,3349.0,1339.6,200.94,Venda
SKU_1863_MOS,05/08/2025,Atacado,8,2039.2,713.76,165.68,Venda
SKU_1744_EME,05/08/2025,Atacado,6,1589.4,556.26,172.19,Venda
SKU_1587_LIG,05/08/2025,Atacado,3,689.7,275.88,137.94,Venda
SKU_1780_LIG,05/08/2025,Varejo,1,334.9,86.1,248.8,Venda
SKU_1791_IVO,05/08/2025,Atacado,5,1324.5,463.55,172.19,Venda
SKU_1486_PAL,05/08/2025,E-commerce,1,289.9,59.37,230.53,Venda
SKU_1683_SHO,05/08/2025,Varejo,2,629.8,178.54,225.63,Venda
SKU_1681_OFF,05/08/2025,Atacado,4,939.6,328.88,152.68,Venda
SKU_1764_FUC,05/08/2025,Atacado,5,1174.5,469.8,140.94,Venda
SKU_1524_BLU,05/08/2025,Varejo,1,369.9,78.72,291.18,Venda
SKU_1526_FOR,05/08/2025,Atacado,8,1359.2,475.68,110.44,Venda
SKU_1686_MOS,05/08/2025,Atacado,2,429.8,150.44,139.68,Venda
SKU_1703_PAS,05/08/2025,Varejo,1,269.9,54.82,215.08,Venda
SKU_1686_SKY,05/08/2025,Varejo,1,214.9,53.61,161.29,Venda
SKU_1693_MEX,05/08/2025,Varejo,4,819.6,239.76,144.96,Venda
SKU_1551_DUS,05/08/2025,Varejo,1,219.9,45.06,174.84,Venda
SKU_1757_TUR,05/08/2025,Atacado,4,1059.6,423.84,158.94,Venda
SKU_1550_IVO,05/08/2025,Varejo,1,164.9,29.58,135.32,Venda
SKU_1398_AQU,05/08/2025,Atacado,4,2699.6,809.88,472.43,Venda
SKU_1686_MOS,05/08/2025,Varejo,1,214.9,52.95,161.95,Venda
SKU_1712_NAV,05/08/2025,Varejo,3,539.7,135.24,134.82,Venda
SKU_1780_AQU,05/08/2025,Atacado,5,1674.5,502.35,234.43,Venda
SKU_1730_OFF,05/08/2025,Varejo,1,319.9,90.41,229.49,Venda
SKU_2044_COB,05/08/2025,Varejo,3,749.7,0.0,249.9,Venda
SKU_1753_PAL,05/08/2025,E-commerce,1,789.9,226.4,563.5,Venda
SKU_1677_POW,05/08/2025,Atacado,8,4559.2,1823.68,341.94,Venda
SKU_1697_MIN,05/08/2025,Varejo,2,439.8,121.88,158.96,Venda
SKU_1788_EME,05/08/2025,E-commerce,1,249.9,45.62,204.28,Venda
SKU_1690_MAG,05/08/2025,E-commerce,1,539.9,149.22,390.68,Venda
SKU_1738_BLU,05/08/2025,E-commerce,1,194.9,43.4,151.5,Venda
SKU_1538_PAS,05/08/2025,Varejo,2,419.8,85.58,167.11,Venda
SKU_1684_SHO,05/08/2025,Varejo,1,184.9,39.59,145.31,Venda
SKU_1738_ROY,05/08/2025,Varejo,1,194.9,56.44,138.46,Venda
SKU_1942_SAL,05/08/2025,Varejo,1,1184.9,0.0,1184.9,Venda
SKU_1799_POW,05/08/2025,Varejo,2,539.8,128.84,205.48,Venda
SKU_1578_TEA,05/08/2025,Atacado,4,499.6,149.88,87.43,Venda
SKU_1670_PEA,05/08/2025,E-commerce,2,289.8,65.26,112.27,Venda
SKU_1540_MAG,05/08/2025,Atacado,3,509.7,178.38,110.44,Venda
SKU_1758_CLO,05/08/2025,Varejo,1,179.9,38.62,141.28,Venda
SKU_1569_WHI,05/08/2025,Varejo,1,219.9,62.85,157.05,Venda
SKU_1547_IVO,05/08/2025,Atacado,5,1649.5,494.85,230.93,Venda
SKU_1741_PEA,05/08/2025,Varejo,1,239.9,55.18,184.72,Venda
SKU_1729_CLE,05/08/2025,Varejo,3,524.7,80.13,148.19,Venda
SKU_1926_IVO,05/08/2025,Varejo,1,269.9,0.0,269.9,Venda
SKU_1692_BLU,05/08/2025,Atacado,4,879.6,307.84,142.94,Venda
SKU_1797_BLU,05/08/2025,Atacado,6,2279.4,797.76,246.94,Venda
SKU_2044_COB,05/08/2025,Atacado,10,2499.0,999.6,149.94,Venda
SKU_1525_MYS,05/08/2025,Atacado,3,869.7,260.91,202.93,Venda
SKU_2107_WHI,05/08/2025,E-commerce,1,424.9,0.0,424.9,Venda
SKU_1770_JAD,05/08/2025,E-commerce,1,219.9,60.44,159.46,Venda
SKU_1569_PAS,05/08/2025,Varejo,1,219.9,45.16,174.74,Venda
SKU_1465_CLE,05/08/2025,Atacado,6,1889.4,661.26,204.69,Venda
SKU_1642_OFF,05/08/2025,E-commerce,2,449.8,92.66,178.57,Venda
SKU_1683_SHO,05/08/2025,Varejo,1,314.9,62.76,252.14,Venda
SKU_1675_CRE,05/08/2025,E-commerce,1,764.9,157.4,607.5,Venda
SKU_1758_HON,05/08/2025,Atacado,5,899.5,269.85,125.93,Venda
SKU_1583_WHI,05/08/2025,Atacado,6,1529.4,535.32,165.68,Venda
SKU_1506_BRI,05/08/2025,Varejo,1,229.9,62.74,167.16,Venda
SKU_1794_LIG,05/08/2025,Varejo,1,209.9,32.8,177.1,Venda
SKU_1760_PAS,05/08/2025,Atacado,2,499.8,174.92,162.44,Venda
SKU_1711_VAN,05/08/2025,Atacado,6,5969.4,1790.82,696.43,Venda
SKU_1611_BRI,05/08/2025,Atacado,5,1099.5,384.8,142.94,Venda
SKU_1766_MYS,05/08/2025,Varejo,1,394.9,94.21,300.69,Venda
SKU_1784_EGR,05/08/2025,Varejo,1,309.9,59.18,250.72,Venda
SKU_1653_BAB,05/08/2025,Varejo,1,359.9,65.44,294.46,Venda
SKU_2048_FOR,05/08/2025,Atacado,4,1539.6,692.8,211.7,Venda
SKU_1735_COR,05/08/2025,Atacado,3,809.7,242.91,188.93,Venda
SKU_1718_SEA,05/08/2025,Atacado,12,4438.8,1775.52,221.94,Venda
SKU_1520_ROY,05/08/2025,Varejo,2,449.8,93.46,178.17,Venda
SKU_1700_HUN,05/08/2025,Atacado,4,2799.6,979.84,454.94,Venda
SKU_1934_HON,05/08/2025,Varejo,1,259.9,0.0,259.9,Venda
SKU_1728_MID,05/08/2025,Varejo,1,329.9,57.06,272.84,Venda
SKU_1721_COR,05/08/2025,Varejo,2,839.8,129.04,355.38,Venda
SKU_1540_MAG,05/08/2025,Varejo,1,169.9,49.82,120.08,Venda
SKU_1684_SHO,05/08/2025,E-commerce,1,184.9,48.63,136.27,Venda
SKU_1754_SER,05/08/2025,Atacado,4,1359.6,475.84,220.94,Venda
SKU_1765_PAS,05/08/2025,Atacado,3,779.7,272.88,168.94,Venda
SKU_1492_BIR,05/08/2025,Atacado,6,2249.4,899.76,224.94,Venda
SKU_1757_PIN,05/08/2025,Atacado,10,2649.0,927.1,172.19,Venda
SKU_1390_SAP,05/08/2025,Varejo,1,229.9,44.81,185.09,Venda
SKU_1695_LIM,05/08/2025,Varejo,1,209.9,48.34,161.56,Venda
SKU_1727_LIG,05/08/2025,Varejo,1,154.9,37.08,117.82,Venda
SKU_1415_BAB,05/08/2025,Varejo,1,354.9,71.13,283.77,Venda
SKU_1652_MOS,05/08/2025,Varejo,1,219.9,48.45,171.45,Venda
SKU_1916_HOT,05/08/2025,Varejo,1,254.9,0.0,254.9,Venda
SKU_1568_PIN,05/08/2025,Varejo,1,234.9,36.23,198.67,Venda
SKU_1417_SNO,05/08/2025,E-commerce,1,279.9,66.45,213.45,Venda
SKU_1416_AQU,05/08/2025,Varejo,1,279.9,65.15,214.75,Venda
SKU_1688_LIG,05/08/2025,Varejo,1,429.9,80.79,349.11,Venda
SKU_1749_BIR,05/08/2025,Atacado,3,1049.7,314.91,244.93,Venda
SKU_1523_CRE,05/08/2025,Varejo,1,374.9,102.11,272.79,Venda
SKU_1773_FRE,05/08/2025,Atacado,6,1949.4,779.76,194.94,Venda
SKU_1798_OFF,05/08/2025,Varejo,1,419.9,92.15,327.75,Venda
SKU_1682_BIR,05/08/2025,Varejo,1,234.9,52.36,182.54,Venda
SKU_1919_PEA,05/08/2025,Varejo,1,679.9,0.0,679.9,Venda
SKU_1783_EGR,05/08/2025,Varejo,1,1199.9,340.17,859.73,Venda
SKU_1688_LIG,05/08/2025,Varejo,1,429.9,108.26,321.64,Venda
SKU_1766_MYS,05/08/2025,Atacado,8,3159.2,1263.68,236.94,Venda
SKU_1742_EME,05/08/2025,Atacado,8,2079.2,727.68,168.94,Venda
SKU_1744_EME,05/08/2025,Atacado,12,3178.8,953.64,185.43,Venda
SKU_1768_MIN,05/08/2025,E-commerce,2,1249.8,307.38,471.21,Venda
SKU_1801_MOS,05/08/2025,Atacado,5,1874.5,562.35,262.43,Venda
SKU_1717_CRE,05/08/2025,Atacado,5,1299.5,389.85,181.93,Venda
SKU_1956_PEA,05/08/2025,Varejo,1,209.9,0.0,209.9,Venda
SKU_1780_LIG,05/08/2025,Varejo,1,334.9,64.65,270.25,Venda
SKU_1747_FUC,05/08/2025,E-commerce,1,174.9,28.63,146.27,Venda
SKU_1799_POW,05/08/2025,Varejo,1,269.9,51.59,218.31,Venda
SKU_1743_DEE,05/08/2025,Atacado,10,4399.0,1319.7,307.93,Venda
SKU_1444_OLI,05/08/2025,Atacado,2,479.8,143.94,167.93,Venda
SKU_1683_SHO,05/08/2025,Varejo,1,314.9,62.37,252.53,Venda
SKU_1797_BLU,05/08/2025,Varejo,2,759.8,189.1,285.35,Venda
SKU_1460_OLI,05/08/2025,Atacado,8,1399.2,419.76,122.43,Venda
SKU_1761_MOS,05/08/2025,Atacado,4,4419.6,1767.84,662.94,Venda
SKU_2115_PEA,05/08/2025,E-commerce,1,384.9,0.0,384.9,Venda
SKU_1553_DEN,05/08/2025,Atacado,5,1274.5,382.35,178.43,Venda
SKU_1692_BLU,05/08/2025,Varejo,1,219.9,57.81,162.09,Venda
SKU_1769_EME,05/08/2025,Atacado,8,2599.2,779.76,227.43,Venda
SKU_1815_LIM,05/08/2025,Atacado,6,2639.4,923.76,285.94,Venda
SKU_1715_JAD,05/08/2025,E-commerce,1,219.9,59.81,160.09,Venda
SKU_1690_MYS,05/08/2025,Varejo,1,539.9,82.51,457.39,Venda
SKU_1789_SNO,05/08/2025,Varejo,1,269.9,60.23,209.67,Venda
SKU_1765_PAS,05/08/2025,Atacado,4,1039.6,311.88,181.93,Venda
SKU_1499_HOT,05/08/2025,E-commerce,1,259.9,64.18,195.72,Venda
SKU_1729_FUC,05/08/2025,E-commerce,3,524.7,154.53,123.39,Venda
SKU_1771_EME,05/08/2025,Atacado,12,3178.8,1112.52,172.19,Venda
SKU_1801_FLA,05/08/2025,Atacado,10,3749.0,1312.1,243.69,Venda
SKU_1630_SNO,05/08/2025,Atacado,8,2679.2,937.68,217.69,Venda
SKU_1656_SNO,05/08/2025,Varejo,1,234.9,44.69,190.21,Venda
SKU_1684_SHO,05/08/2025,Atacado,4,739.6,258.88,120.18,Venda
SKU_1798_MOS,05/08/2025,Atacado,4,1679.6,671.84,251.94,Venda
SKU_1602_PAS,05/08/2025,Atacado,8,1839.2,643.68,149.44,Venda
SKU_1786_POW,05/08/2025,Varejo,1,179.9,53.78,126.12,Venda
SKU_1740_OLI,05/08/2025,Atacado,12,2578.8,902.64,139.68,Venda
SKU_1762_BRI,05/08/2025,Atacado,10,2549.0,892.2,165.68,Venda
SKU_1524_BLU,05/08/2025,E-commerce,1,369.9,79.43,290.47,Venda
SKU_1729_FUC,05/08/2025,Atacado,5,874.5,393.5,96.2,Venda
SKU_1692_OLI,05/08/2025,Varejo,1,219.9,43.53,176.37,Venda
SKU_1786_TEA,05/08/2025,Atacado,4,719.6,251.84,116.94,Venda
SKU_1745_FOR,05/08/2025,Varejo,1,409.9,111.52,298.38,Venda
SKU_1682_OLI,05/08/2025,Varejo,3,704.7,186.15,172.85,Venda
SKU_1797_BLU,05/08/2025,Atacado,5,1899.5,569.85,265.93,Venda
SKU_1422_PIN,05/08/2025,Atacado,3,944.7,330.63,204.69,Venda
SKU_1929_PEA,05/08/2025,Varejo,1,294.9,0.0,294.9,Venda
SKU_1740_FRE,05/08/2025,Varejo,1,214.9,52.55,162.35,Venda
SKU_1476_WHI,05/08/2025,Atacado,6,1649.4,494.82,192.43,Venda
SKU_1769_WHI,05/08/2025,Varejo,1,324.9,86.24,238.66,Venda
SKU_1697_PIS,05/08/2025,Atacado,2,439.8,131.94,153.93,Venda
SKU_1703_BLU,05/08/2025,Atacado,5,1349.5,404.85,188.93,Venda
SKU_1445_PRI,05/08/2025,Varejo,1,409.9,80.54,329.36,Venda
SKU_1693_MEX,05/08/2025,Atacado,3,614.7,184.41,143.43,Venda
SKU_1681_PIS,05/08/2025,Atacado,3,704.7,211.41,164.43,Venda
SKU_1702_COR,05/08/2025,Atacado,4,2479.6,743.88,433.93,Venda
SKU_1465_CLE,05/08/2025,Atacado,3,944.7,330.63,204.69,Venda
SKU_1934_COB,05/08/2025,Varejo,1,259.9,0.0,259.9,Venda
SKU_1739_MOS,05/08/2025,Varejo,3,764.7,149.01,205.23,Venda
SKU_2032_WHI,05/08/2025,E-commerce,1,254.9,0.0,254.9,Venda
SKU_1792_MIN,05/08/2025,Atacado,4,1759.6,615.84,285.94,Venda
SKU_1697_MIN,05/08/2025,Varejo,1,219.9,43.8,176.1,Venda
SKU_1743_CLO,05/08/2025,E-commerce,1,439.9,123.63,316.27,Venda
SKU_1775_PAL,05/08/2025,Varejo,2,559.8,153.24,203.28,Venda
SKU_1427_BLA,05/08/2025,Atacado,2,399.8,139.92,129.94,Venda
SKU_1678_LIG,05/08/2025,Atacado,3,2144.7,857.88,428.94,Venda
SKU_1737_DEE,05/08/2025,Varejo,1,769.9,186.21,583.69,Venda
SKU_1724_PIN,05/08/2025,Atacado,6,6689.4,2006.82,780.43,Venda
SKU_1696_SER,05/08/2025,Varejo,3,839.7,183.96,218.58,Venda
SKU_1738_ROY,05/08/2025,Varejo,1,194.9,47.88,147.02,Venda
SKU_1746_NAV,05/08/2025,Atacado,10,1799.0,539.7,125.93,Venda
SKU_1704_BAB,05/08/2025,E-commerce,1,334.9,92.3,242.6,Venda
SKU_1395_TUR,05/08/2025,Varejo,1,289.9,74.09,215.81,Venda
SKU_1686_SKY,05/08/2025,Varejo,1,214.9,33.33,181.57,Venda
SKU_1766_CLE,05/08/2025,Atacado,4,1579.6,473.88,276.43,Venda
SKU_1699_COB,05/08/2025,Atacado,6,1979.4,593.82,230.93,Venda
SKU_1483_POW,05/08/2025,Atacado,3,974.7,389.88,194.94,Venda
SKU_1783_BAB,05/08/2025,Varejo,1,1199.9,202.38,997.52,Venda
SKU_1574_GAR,05/08/2025,Varejo,1,604.9,178.62,426.28,Venda
SKU_1555_RAS,05/08/2025,E-commerce,1,189.9,31.69,158.21,Venda
SKU_1398_SPA,05/08/2025,Atacado,6,4049.4,1619.76,404.94,Venda
SKU_1690_MAG,05/08/2025,Varejo,1,539.9,93.2,446.7,Venda
SKU_1685_BIR,05/08/2025,Atacado,5,3324.5,997.35,465.43,Venda
SKU_1775_PAL,05/08/2025,Varejo,1,279.9,77.99,201.91,Venda
SKU_1504_EME,05/08/2025,Atacado,6,2039.4,713.76,220.94,Venda
SKU_1688_LIG,05/08/2025,Varejo,4,1719.6,472.84,311.69,Venda
SKU_1757_TUR,05/08/2025,Varejo,1,264.9,66.76,198.14,Venda
SKU_1755_AQU,05/08/2025,Atacado,2,669.8,234.42,217.69,Venda
SKU_1697_PIS,05/08/2025,Atacado,6,1319.4,461.76,142.94,Venda
SKU_1528_DEN,05/08/2025,Varejo,2,429.8,106.5,161.65,Venda
SKU_1774_COB,05/08/2025,E-commerce,1,204.9,57.38,147.52,Venda
SKU_1522_MOS,05/08/2025,Varejo,1,149.9,27.65,122.25,Venda
SKU_1772_BLU,05/08/2025,Atacado,12,4978.8,1493.64,290.43,Venda
SKU_1797_BLU,05/08/2025,Varejo,1,379.9,105.04,274.86,Venda
SKU_1471_LIG,05/08/2025,E-commerce,2,409.8,99.0,155.4,Venda
SKU_1768_PEA,05/08/2025,Atacado,3,1874.7,843.6,343.7,Venda
SKU_1697_MIN,05/08/2025,E-commerce,1,219.9,63.85,156.05,Venda
SKU_1777_FRE,05/08/2025,Atacado,3,719.7,251.88,155.94,Venda
SKU_1793_WHI,05/08/2025,Varejo,1,189.9,43.87,146.03,Venda
SKU_1752_SNO,05/08/2025,E-commerce,1,429.9,72.29,357.61,Venda
SKU_1766_MYS,05/08/2025,Atacado,4,1579.6,552.84,256.69,Venda
SKU_1728_EGR,05/08/2025,Varejo,2,659.8,197.82,230.99,Venda
SKU_1753_WHI,05/08/2025,E-commerce,1,789.9,199.99,589.91,Venda
SKU_1688_WHI,05/08/2025,Varejo,1,429.9,68.89,361.01,Venda
SKU_1785_PAS,05/08/2025,Atacado,8,1959.2,685.76,159.18,Venda
SKU_1392_LIM,05/08/2025,Varejo,1,294.9,46.8,248.1,Venda
SKU_1754_SER,05/08/2025,E-commerce,1,339.9,80.27,259.63,Venda
SKU_1801_MOS,05/08/2025,Varejo,2,749.8,138.66,305.57,Venda
SKU_1693_FLA,05/08/2025,Atacado,8,1639.2,491.76,143.43,Venda
SKU_1713_SAL,05/08/2025,Varejo,2,1009.8,195.94,406.93,Venda
SKU_1745_FOR,05/08/2025,Atacado,5,2049.5,717.3,266.44,Venda
SKU_2081_HUN,05/08/2025,E-commerce,2,779.8,0.0,389.9,Venda
SKU_1795_RAS,05/08/2025,Varejo,1,299.9,60.93,238.97,Venda
SKU_1473_BAB,05/08/2025,Varejo,1,179.9,32.01,147.89,Venda
SKU_1447_OLI,05/08/2025,Atacado,4,959.6,287.88,167.93,Venda
SKU_1951_COR,05/08/2025,Varejo,1,254.9,0.0,254.9,Venda
SKU_1748_COB,05/08/2025,Varejo,1,309.9,74.35,235.55,Venda
SKU_1735_MOS,05/08/2025,E-commerce,1,269.9,67.31,202.59,Venda
SKU_1736_JAD,05/08/2025,Varejo,1,324.9,56.07,268.83,Venda
SKU_1690_MAG,05/08/2025,Varejo,1,539.9,128.55,411.35,Venda
SKU_1793_MIN,05/08/2025,Atacado,6,1139.4,455.76,113.94,Venda
SKU_1715_HON,05/08/2025,Atacado,4,879.6,307.84,142.94,Venda
SKU_1594_WHI,05/08/2025,Atacado,10,4999.0,1499.7,349.93,Venda
SKU_1685_BIR,05/08/2025,Varejo,2,1329.8,386.68,471.56,Venda
SKU_1772_BLU,05/08/2025,E-commerce,1,414.9,77.71,337.19,Venda
SKU_1692_BLU,05/08/2025,Atacado,10,2199.0,659.7,153.93,Venda
SKU_1751_MIN,05/08/2025,Varejo,1,329.9,92.83,237.07,Venda
SKU_1416_AQU,05/08/2025,Atacado,6,1679.4,587.76,181.94,Venda
SKU_1594_WHI,05/08/2025,Varejo,1,499.9,113.72,386.18,Venda
SKU_1691_ROS,05/08/2025,Atacado,8,2479.2,991.68,185.94,Venda
SKU_1818_EGR,05/08/2025,E-commerce,1,204.9,0.0,204.9,Venda
SKU_1553_DEN,05/08/2025,Varejo,1,254.9,59.33,195.57,Venda
SKU_1760_PAS,05/08/2025,Atacado,4,999.6,399.84,149.94,Venda
SKU_1742_DEN,05/08/2025,Atacado,5,1299.5,389.85,181.93,Venda
SKU_1466_SAP,05/08/2025,E-commerce,2,539.8,131.02,204.39,Venda
SKU_1712_MOS,05/08/2025,Atacado,2,359.8,125.92,116.94,Venda
SKU_1484_EGR,05/08/2025,Atacado,10,4599.0,1379.7,321.93,Venda
SKU_1754_IVO,05/08/2025,Atacado,2,679.8,203.94,237.93,Venda
SKU_1744_LIG,05/08/2025,Atacado,6,1589.4,476.82,185.43,Venda
SKU_1744_EME,05/08/2025,Atacado,2,529.8,185.42,172.19,Venda
SKU_1797_GAR,05/08/2025,Atacado,8,3039.2,1063.68,246.94,Venda
SKU_1703_PAS,05/08/2025,E-commerce,2,539.8,126.32,206.74,Venda
SKU_1671_SEA,05/08/2025,Varejo,1,349.9,69.61,280.29,Venda
SKU_1578_TEA,05/08/2025,Varejo,1,124.9,27.06,97.84,Venda
SKU_1790_ROY,05/08/2025,Varejo,1,259.9,56.85,203.05,Venda
SKU_1547_FUC,05/08/2025,E-commerce,1,329.9,79.78,250.12,Venda
SKU_1509_HOT,05/08/2025,E-commerce,1,319.9,84.59,235.31,Venda
SKU_1518_CLE,05/08/2025,E-commerce,2,469.8,124.98,172.41,Venda
SKU_1395_BLA,05/08/2025,Varejo,2,579.8,94.1,242.85,Venda
SKU_1467_OLI,05/08/2025,E-commerce,1,204.9,52.87,152.03,Venda
SKU_1754_SER,05/08/2025,Atacado,2,679.8,271.92,203.94,Venda
SKU_1697_PIS,05/08/2025,Varejo,1,219.9,55.04,164.86,Venda
SKU_1797_GAR,05/08/2025,Varejo,1,379.9,83.46,296.44,Venda
SKU_1783_BAB,05/08/2025,Atacado,10,11999.0,3599.7,839.93,Venda
SKU_1795_HUN,05/08/2025,Varejo,1,299.9,45.56,254.34,Venda
SKU_1694_SER,05/08/2025,Atacado,3,839.7,251.91,195.93,Venda
SKU_1701_BLU,05/08/2025,Varejo,1,339.9,77.59,262.31,Venda
SKU_1733_SAG,05/08/2025,Varejo,2,699.8,201.08,249.36,Venda
SKU_1706_JAD,05/08/2025,Atacado,8,1479.2,443.76,129.43,Venda
SKU_1497_VAN,05/08/2025,Varejo,1,134.9,37.39,97.51,Venda
SKU_1774_COB,05/08/2025,Varejo,1,204.9,47.8,157.1,Venda
SKU_1758_HON,05/08/2025,Varejo,1,179.9,37.98,141.92,Venda
SKU_1676_PIN,05/08/2025,Atacado,12,2038.8,713.52,110.44,Venda
SKU_1759_COB,05/08/2025,Atacado,4,1079.6,377.84,175.44,Venda
SKU_1733_SAG,05/08/2025,Atacado,3,1049.7,314.91,244.93,Venda
SKU_1698_SNO,05/08/2025,Varejo,1,419.9,79.7,340.2,Venda
SKU_1714_MID,05/08/2025,E-commerce,1,304.9,50.89,254.01,Venda
SKU_1760_PAS,05/08/2025,E-commerce,1,249.9,66.97,182.93,Venda
SKU_1662_LIG,05/08/2025,Atacado,8,1599.2,639.68,119.94,Venda
SKU_1696_SHO,05/08/2025,Atacado,5,1399.5,489.8,181.94,Venda
SKU_1678_MAG,05/08/2025,Atacado,10,7149.0,2144.7,500.43,Venda
SKU_1404_SAP,05/08/2025,Atacado,6,6119.4,1835.82,713.93,Venda
SKU_1616_COR,05/08/2025,Varejo,3,3074.7,855.36,739.78,Venda
SKU_1799_POW,05/08/2025,Varejo,1,269.9,43.52,226.38,Venda
SKU_1758_HON,05/08/2025,Varejo,1,179.9,45.53,134.37,Venda
SKU_1728_MID,05/08/2025,Atacado,10,3299.0,1154.6,214.44,Venda
SKU_1782_HUN,05/08/2025,Atacado,10,2499.0,999.6,149.94,Venda
SKU_1519_TEA,05/08/2025,E-commerce,1,629.9,106.3,523.6,Venda
SKU_1702_COR,05/08/2025,Varejo,3,1859.7,478.32,460.46,Venda
SKU_1732_OFF,05/08/2025,Atacado,6,6689.4,2006.82,780.43,Venda
SKU_2112_TEA,05/08/2025,Varejo,1,334.9,0.0,334.9,Venda
SKU_1689_MAG,05/08/2025,Varejo,2,1929.8,552.8,688.5,Venda
SKU_1707_ARM,05/08/2025,Varejo,1,279.9,81.05,198.85,Venda
SKU_1529_MIN,05/08/2025,Varejo,2,489.8,105.1,192.35,Venda
SKU_1691_HUN,05/08/2025,E-commerce,1,309.9,72.54,237.36,Venda
SKU_1743_CLO,05/08/2025,Varejo,1,439.9,88.82,351.08,Venda
SKU_1882_SPA,05/08/2025,Varejo,1,239.9,0.0,239.9,Venda
SKU_1742_EME,05/08/2025,Varejo,2,519.8,134.12,192.84,Venda
SKU_2069_BUB,05/08/2025,Atacado,3,659.7,230.88,142.94,Venda
SKU_1705_SER,05/08/2025,Atacado,4,1639.6,573.84,266.44,Venda
SKU_1749_BIR,05/08/2025,Atacado,3,1049.7,314.91,244.93,Venda
SKU_1524_BLU,05/08/2025,Varejo,1,369.9,72.51,297.39,Venda
SKU_1752_SPA,05/08/2025,Varejo,1,429.9,72.5,357.4,Venda
SKU_1629_CLO,05/08/2025,Atacado,8,2039.2,713.76,165.68,Venda
SKU_1699_COB,05/08/2025,Atacado,5,1649.5,577.3,214.44,Venda
SKU_1514_SPA,05/08/2025,Varejo,1,829.9,186.81,643.09,Venda
SKU_1727_WHI,05/08/2025,Atacado,4,619.6,185.88,108.43,Venda
SKU_1623_EGR,05/08/2025,Atacado,4,3659.6,1097.88,640.43,Venda
SKU_1703_BLU,05/08/2025,Atacado,4,1079.6,377.84,175.44,Venda
SKU_1708_FLA,05/08/2025,Varejo,1,169.9,37.62,132.28,Venda
SKU_1752_SPA,05/08/2025,Varejo,1,429.9,81.21,348.69,Venda
SKU_1688_LIG,05/08/2025,Varejo,1,429.9,114.05,315.85,Venda
SKU_1717_MIN,05/08/2025,Atacado,8,2079.2,727.68,168.94,Venda
SKU_1932_NAV,05/08/2025,Atacado,2,389.8,155.92,116.94,Venda
SKU_1394_EME,05/08/2025,Varejo,1,469.9,139.99,329.91,Venda
SKU_1721_FRE,05/08/2025,Varejo,1,419.9,92.03,327.87,Venda
SKU_1675_DEN,05/08/2025,Atacado,6,4589.4,1376.82,535.43,Venda
SKU_1709_CRE,05/08/2025,E-commerce,2,419.8,92.88,163.46,Venda
SKU_1408_FUC,05/08/2025,Atacado,8,7359.2,2575.68,597.94,Venda
SKU_1470_WHI,05/08/2025,Varejo,1,919.9,226.05,693.85,Venda
SKU_1765_MYS,05/08/2025,Varejo,2,519.8,116.28,201.76,Venda
SKU_1557_TUR,05/08/2025,Atacado,4,799.6,239.88,139.93,Venda
SKU_1758_HON,05/08/2025,Atacado,2,359.8,107.94,125.93,Venda
SKU_1782_NAV,05/08/2025,E-commerce,1,249.9,55.43,194.47,Venda
SKU_1554_PIS,05/08/2025,Atacado,6,6209.4,1862.82,724.43,Venda
SKU_1527_FUC,05/08/2025,Atacado,8,7279.2,2547.68,591.44,Venda
SKU_2026_HON,05/08/2025,Varejo,2,2059.8,0.0,1029.9,Venda
SKU_1392_BLU,05/08/2025,Varejo,1,294.9,62.99,231.91,Venda
SKU_1468_MYS,05/08/2025,E-commerce,1,529.9,141.18,388.72,Venda
SKU_1701_BLU,05/08/2025,Atacado,8,2719.2,951.68,220.94,Venda
SKU_1670_SAP,05/08/2025,Atacado,4,579.6,260.8,79.7,Venda
SKU_1680_NAV,05/08/2025,Varejo,1,334.9,81.17,253.73,Venda
SKU_1450_JAD,05/08/2025,Varejo,1,409.9,93.86,316.04,Venda
SKU_1486_PAL,05/08/2025,Varejo,1,289.9,64.65,225.25,Venda
SKU_1796_SHO,05/08/2025,Atacado,6,3029.4,1060.26,328.19,Venda
SKU_1741_PIN,05/08/2025,Varejo,1,239.9,40.99,198.91,Venda
SKU_1723_MOS,05/08/2025,Varejo,2,869.8,150.62,359.59,Venda
SKU_1729_CLE,05/08/2025,Atacado,5,874.5,306.1,113.68,Venda
SKU_1763_HOT,05/08/2025,Varejo,1,299.9,55.96,243.94,Venda
SKU_1763_MAR,05/08/2025,Atacado,12,3598.8,1259.52,194.94,Venda
SKU_1634_NAV,05/08/2025,Atacado,3,2939.7,1028.88,636.94,Venda
SKU_1507_FLA,05/08/2025,Atacado,10,1799.0,539.7,125.93,Venda
SKU_1777_FRE,05/08/2025,Atacado,4,959.6,287.88,167.93,Venda
SKU_1779_MIN,05/08/2025,Atacado,4,859.6,300.88,139.68,Venda
SKU_1690_MYS,05/08/2025,Varejo,1,539.9,111.38,428.52,Venda
SKU_1417_BIR,05/08/2025,Varejo,1,279.9,44.9,235.0,Venda
SKU_1510_ROS,05/08/2025,E-commerce,1,834.9,247.73,587.17,Venda
SKU_2020_BAB,05/08/2025,Atacado,6,1409.4,563.76,140.94,Venda
SKU_1752_SNO,05/08/2025,Varejo,1,429.9,80.7,349.2,Venda
SKU_1787_BAB,05/08/2025,Varejo,3,869.7,185.76,227.98,Venda
SKU_1782_HUN,05/08/2025,Varejo,1,249.9,57.41,192.49,Venda
SKU_1536_FRE,05/08/2025,Varejo,3,1034.7,257.58,259.04,Venda
SKU_1411_BLU,05/08/2025,Atacado,2,449.8,157.44,146.18,Venda
SKU_1770_JAD,05/08/2025,E-commerce,1,219.9,34.94,184.96,Venda
SKU_1701_SPA,05/08/2025,Varejo,1,339.9,66.33,273.57,Venda
SKU_1771_PIN,05/08/2025,Varejo,1,264.9,41.06,223.84,Venda
SKU_1684_HON,05/08/2025,Varejo,1,184.9,53.56,131.34,Venda
SKU_1739_AQU,05/08/2025,E-commerce,1,254.9,41.1,213.8,Venda
SKU_1751_MIN,05/08/2025,Atacado,5,1649.5,659.8,197.94,Venda
SKU_1757_PIN,05/08/2025,Atacado,6,1589.4,476.82,185.43,Venda
SKU_1750_MIN,05/08/2025,Atacado,6,2219.4,665.82,258.93,Venda
SKU_2014_BLA,05/08/2025,E-commerce,1,319.9,0.0,319.9,Venda
SKU_1715_JAD,05/08/2025,Varejo,3,659.7,136.74,174.32,Venda
SKU_1431_CRE,05/08/2025,Atacado,4,1479.6,443.88,258.93,Venda
SKU_1767_PRI,05/08/2025,Varejo,1,204.9,36.8,168.1,Venda
SKU_1694_PIS,05/08/2025,Varejo,1,279.9,72.23,207.67,Venda
SKU_1773_FRE,05/08/2025,Atacado,5,1624.5,568.55,211.19,Venda
SKU_1786_TEA,05/08/2025,Varejo,1,179.9,43.91,135.99,Venda
SKU_1726_PAS,05/08/2025,Atacado,6,2579.4,902.76,279.44,Venda
SKU_1709_CRE,05/08/2025,Atacado,8,1679.2,503.76,146.93,Venda
SKU_1703_BLU,05/08/2025,Varejo,2,539.8,138.46,200.67,Venda
SKU_1448_SEA,05/08/2025,Varejo,2,359.8,93.14,133.33,Venda
SKU_1494_EGR,05/08/2025,Varejo,2,2169.8,412.68,878.56,Venda
SKU_1688_WHI,05/08/2025,E-commerce,1,429.9,107.47,322.43,Venda
SKU_2100_BLU,05/08/2025,E-commerce,2,2029.8,0.0,1014.9,Venda
SKU_1792_MIN,05/08/2025,Atacado,2,879.8,307.92,285.94,Venda
SKU_1413_SAG,05/08/2025,Atacado,3,554.7,194.16,120.18,Venda
SKU_1856_PAS,05/08/2025,E-commerce,1,324.9,0.0,324.9,Venda
SKU_1755_BIR,05/08/2025,Varejo,1,334.9,70.42,264.48,Venda
SKU_1746_EME,05/08/2025,Varejo,3,539.7,120.18,139.84,Venda
SKU_1940_HUN,05/08/2025,E-commerce,1,1084.9,75.94,1008.96,Venda
SKU_1719_WHI,05/08/2025,Atacado,6,1919.4,767.76,191.94,Venda
SKU_1775_PAS,05/08/2025,Varejo,1,279.9,68.2,211.7,Venda
SKU_1697_PIS,05/08/2025,E-commerce,1,219.9,38.27,181.63,Venda
SKU_1789_EME,05/08/2025,Atacado,5,1349.5,404.85,188.93,Venda
SKU_1743_DEE,05/08/2025,Varejo,1,439.9,110.71,329.19,Venda
SKU_1766_MYS,05/08/2025,Atacado,10,3949.0,1382.1,256.69,Venda
SKU_1490_EME,05/08/2025,E-commerce,1,314.9,71.96,242.94,Venda
SKU_1789_EME,05/08/2025,Varejo,4,1079.6,323.0,189.15,Venda
SKU_1798_OFF,05/08/2025,Varejo,1,419.9,71.09,348.81,Venda
SKU_1894_IVO,05/08/2025,Atacado,4,1099.6,439.84,164.94,Venda
SKU_1725_BAB,05/08/2025,Varejo,2,489.8,96.24,196.78,Venda
SKU_1775_PAS,05/08/2025,Atacado,5,1399.5,419.85,195.93,Venda
SKU_1794_FLA,05/08/2025,Atacado,6,1259.4,503.76,125.94,Venda
SKU_2076_MIN,05/08/2025,Varejo,1,474.9,33.24,441.66,Venda
SKU_1688_WHI,05/08/2025,Atacado,2,859.8,343.92,257.94,Venda
SKU_1703_BLU,05/08/2025,Atacado,8,2159.2,863.68,161.94,Venda
SKU_1754_IVO,05/08/2025,Atacado,6,2039.4,713.76,220.94,Venda
SKU_1791_IVO,05/08/2025,Varejo,1,264.9,41.14,223.76,Venda
SKU_1791_ARM,05/08/2025,E-commerce,1,264.9,66.48,198.42,Venda
SKU_1966_CER,05/08/2025,E-commerce,1,674.9,47.24,627.66,Venda
SKU_1686_SKY,05/08/2025,Varejo,2,429.8,97.98,165.91,Venda
SKU_1776_BIR,05/08/2025,Atacado,6,1979.4,791.76,197.94,Venda
SKU_1726_PAS,05/08/2025,Atacado,6,2579.4,773.82,300.93,Venda
SKU_1766_MYS,05/08/2025,Atacado,3,1184.7,473.88,236.94,Venda
SKU_1389_BAB,05/08/2025,Varejo,1,139.9,26.96,112.94,Venda
SKU_1405_CLO,05/08/2025,Atacado,8,1719.2,515.76,150.43,Venda
SKU_1738_ROY,05/08/2025,Varejo,1,194.9,49.74,145.16,Venda
SKU_1738_BLU,05/08/2025,Varejo,1,194.9,30.76,164.14,Venda
SKU_1478_TEA,05/08/2025,E-commerce,1,194.9,35.01,159.89,Venda
SKU_1480_MEX,05/08/2025,Atacado,8,2959.2,1035.68,240.44,Venda
SKU_1693_MEX,05/08/2025,Varejo,1,204.9,31.19,173.71,Venda
SKU_1667_LIG,05/08/2025,E-commerce,1,209.9,42.75,167.15,Venda
SKU_1743_CLO,05/08/2025,Varejo,1,439.9,84.52,355.38,Venda
SKU_1728_MID,05/08/2025,Varejo,1,329.9,94.09,235.81,Venda
SKU_1914_BIR,05/08/2025,Varejo,1,199.9,0.0,199.9,Venda
SKU_1480_SNO,05/08/2025,E-commerce,1,369.9,66.38,303.52,Venda
SKU_1761_SAP,05/08/2025,E-commerce,2,2209.8,414.16,897.82,Venda
SKU_1724_PIN,05/08/2025,Atacado,6,6689.4,2341.32,724.68,Venda
SKU_1765_PAS,05/08/2025,Atacado,3,779.7,272.88,168.94,Venda
SKU_1805_BLU,05/08/2025,Varejo,1,579.9,0.0,579.9,Venda
SKU_1763_HOT,05/08/2025,Varejo,1,299.9,78.67,221.23,Venda
SKU_1794_FLA,05/08/2025,Atacado,3,629.7,188.91,146.93,Venda
SKU_1631_BAL,05/08/2025,Atacado,6,1079.4,377.76,116.94,Venda
SKU_1716_AQU,05/08/2025,E-commerce,1,164.9,36.49,128.41,Venda
SKU_1730_MIN,05/08/2025,E-commerce,1,319.9,90.99,228.91,Venda
SKU_1958_BLU,05/08/2025,Varejo,1,184.9,0.0,184.9,Venda
SKU_1785_HUN,05/08/2025,Varejo,1,244.9,41.25,203.65,Venda
SKU_1780_LIG,05/08/2025,Atacado,6,2009.4,904.2,184.2,Venda
SKU_1617_DEN,05/08/2025,Varejo,1,164.9,44.14,120.76,Venda
SKU_1759_CLE,05/08/2025,Atacado,5,1349.5,472.3,175.44,Venda
SKU_1698_SNO,05/08/2025,Atacado,8,3359.2,1007.76,293.93,Venda
SKU_1721_FRE,05/08/2025,Varejo,1,419.9,111.97,307.93,Venda
SKU_1700_PIS,05/08/2025,E-commerce,1,699.9,150.55,549.35,Venda
SKU_1683_PAL,05/08/2025,Atacado,4,1259.6,377.88,220.43,Venda
SKU_1450_MAG,05/08/2025,Atacado,6,2459.4,860.76,266.44,Venda
SKU_1696_SER,05/08/2025,Varejo,1,279.9,59.69,220.21,Venda
SKU_1439_SHO,05/08/2025,Varejo,1,184.9,54.93,129.97,Venda
SKU_1801_FLA,05/08/2025,Atacado,8,2999.2,1049.68,243.69,Venda
SKU_1486_PAL,05/08/2025,Varejo,1,289.9,81.62,208.28,Venda
SKU_1542_DEE,05/08/2025,Atacado,6,2819.4,845.82,328.93,Venda
SKU_1685_COB,05/08/2025,E-commerce,1,664.9,114.36,550.54,Venda
SKU_1622_CLO,05/08/2025,Varejo,1,269.9,62.18,207.72,Venda
SKU_1683_SHO,05/08/2025,E-commerce,1,314.9,92.86,222.04,Venda
SKU_1780_AQU,05/08/2025,E-commerce,1,334.9,82.59,252.31,Venda
SKU_2002_VAN,05/08/2025,Atacado,6,1229.4,430.32,133.18,Venda
SKU_1694_PIS,05/08/2025,E-commerce,1,279.9,63.84,216.06,Venda
SKU_1441_IVO,05/08/2025,E-commerce,1,1154.9,344.66,810.24,Venda
SKU_1590_HOT,05/08/2025,Atacado,5,949.5,332.3,123.44,Venda
SKU_1707_ARM,05/08/2025,Varejo,2,559.8,91.38,234.21,Venda
SKU_1400_PAL,05/08/2025,Varejo,2,419.8,103.98,157.91,Venda
SKU_1586_JAD,05/08/2025,Atacado,8,2439.2,1097.6,167.7,Venda
SKU_1739_MOS,05/08/2025,Varejo,1,254.9,72.64,182.26,Venda
SKU_1777_TUR,05/08/2025,Atacado,8,1919.2,575.76,167.93,Venda
SKU_1749_BIR,05/08/2025,Varejo,1,349.9,103.76,246.14,Venda
SKU_2108_BLU,05/08/2025,Atacado,2,599.8,179.94,209.93,Venda
SKU_1822_ARM,05/08/2025,Varejo,1,309.9,0.0,309.9,Venda
SKU_1686_SKY,05/08/2025,Atacado,5,1074.5,376.1,139.68,Venda
SKU_1722_PAS,05/08/2025,Atacado,4,1299.6,389.88,227.43,Venda
SKU_1758_HON,05/08/2025,Atacado,5,899.5,314.8,116.94,Venda
SKU_1430_PEA,05/08/2025,Atacado,3,539.7,161.91,125.93,Venda
SKU_1752_SPA,05/08/2025,Atacado,4,1719.6,601.84,279.44,Venda
SKU_1708_FLA,05/08/2025,Varejo,1,169.9,27.53,142.37,Venda
SKU_1795_RAS,05/08/2025,E-commerce,1,299.9,88.93,210.97,Venda
SKU_1458_PEA,05/08/2025,E-commerce,1,349.9,65.06,284.84,Venda
SKU_1758_CLO,05/08/2025,Varejo,3,539.7,145.83,131.29,Venda
SKU_2066_BLA,05/08/2025,Atacado,6,2849.4,1139.76,284.94,Venda
SKU_1690_MAG,05/08/2025,E-commerce,1,539.9,138.88,401.02,Venda
SKU_1726_BUB,05/08/2025,E-commerce,2,859.8,181.96,338.92,Venda
SKU_1701_BLU,05/08/2025,Varejo,1,339.9,71.31,268.59,Venda
SKU_1789_EME,05/08/2025,Atacado,5,1349.5,472.3,175.44,Venda
SKU_1741_PEA,05/08/2025,Atacado,4,959.6,335.84,155.94,Venda
SKU_1756_BUB,05/08/2025,Atacado,6,1079.4,377.76,116.94,Venda
SKU_1748_COB,05/08/2025,Varejo,1,309.9,70.11,239.79,Venda
SKU_1680_NAV,05/08/2025,Atacado,3,1004.7,401.88,200.94,Venda
SKU_1723_COB,05/08/2025,Varejo,1,434.9,105.34,329.56,Venda
SKU_1930_GAR,05/08/2025,Atacado,6,3959.4,1385.76,428.94,Venda
SKU_1801_FLA,05/08/2025,Varejo,2,749.8,138.5,305.65,Venda
SKU_2113_NAV,05/08/2025,Atacado,6,989.4,346.32,107.18,Venda
SKU_1745_FOR,05/08/2025,E-commerce,2,819.8,214.4,302.7,Venda
SKU_1743_DEE,05/08/2025,Varejo,1,439.9,91.61,348.29,Venda
SKU_1724_PEA,05/08/2025,Varejo,2,2229.8,353.0,938.4,Venda
SKU_1800_SKY,05/08/2025,Atacado,5,1399.5,419.85,195.93,Venda
SKU_1698_SNO,05/08/2025,Atacado,4,1679.6,503.88,293.93,Venda
SKU_1527_TEA,05/08/2025,Varejo,1,909.9,138.57,771.33,Venda
SKU_1752_SPA,05/08/2025,Varejo,1,429.9,122.64,307.26,Venda
SKU_1925_PIN,05/08/2025,Varejo,2,729.8,0.0,364.9,Venda
SKU_1751_MIN,05/08/2025,Varejo,1,329.9,52.79,277.11,Venda
SKU_1758_CLO,05/08/2025,Atacado,6,1079.4,485.76,98.94,Venda
SKU_1502_VAN,05/08/2025,Varejo,1,209.9,41.36,168.54,Venda
SKU_1417_BIR,05/08/2025,Varejo,2,559.8,152.78,203.51,Venda
SKU_1708_FLA,05/08/2025,E-commerce,1,169.9,38.92,130.98,Venda
SKU_1412_BAB,05/08/2025,Atacado,12,10738.8,3758.52,581.69,Venda
SKU_1625_DUS,05/08/2025,Varejo,2,409.8,96.46,156.67,Venda
SKU_1771_EME,05/08/2025,Atacado,4,1059.6,423.84,158.94,Venda
SKU_1714_DEE,05/08/2025,Atacado,3,914.7,320.13,198.19,Venda
SKU_1767_PRI,05/08/2025,Atacado,5,1024.5,409.8,122.94,Venda
SKU_1872_FRE,05/08/2025,Varejo,1,854.9,0.0,854.9,Venda
SKU_1701_BLU,05/08/2025,Atacado,5,1699.5,594.8,220.94,Venda
SKU_1746_NAV,05/08/2025,Varejo,1,179.9,40.43,139.47,Venda
SKU_1486_PAL,05/08/2025,E-commerce,1,289.9,79.42,210.48,Venda
SKU_2060_MEX,05/08/2025,Atacado,6,5609.4,1682.82,654.43,Venda
SKU_1774_COB,05/08/2025,E-commerce,1,204.9,56.27,148.63,Venda
SKU_1776_PAS,05/08/2025,Atacado,6,1979.4,692.76,214.44,Venda
SKU_1767_FUC,05/08/2025,Atacado,3,614.7,184.41,143.43,Venda
SKU_1747_TEA,05/08/2025,Varejo,2,349.8,79.58,135.11,Venda
SKU_1661_WHI,05/08/2025,Varejo,1,989.9,281.51,708.39,Venda
SKU_1793_WHI,05/08/2025,Varejo,1,189.9,44.31,145.59,Venda
SKU_1756_BUB,05/08/2025,Varejo,4,719.6,189.28,132.58,Venda
SKU_1417_BIR,05/08/2025,E-commerce,1,279.9,46.99,232.91,Venda
SKU_1787_BAB,05/08/2025,Atacado,12,3478.8,1217.52,188.44,Venda
SKU_1427_BLA,05/08/2025,Atacado,5,999.5,299.85,139.93,Venda
SKU_1731_ARM,05/08/2025,Varejo,2,1819.8,401.2,709.3,Venda
SKU_1704_BAB,05/08/2025,Varejo,1,334.9,66.08,268.82,Venda
SKU_1447_OLI,05/08/2025,Atacado,5,1199.5,359.85,167.93,Venda
SKU_1759_COB,05/08/2025,Atacado,4,1079.6,377.84,175.44,Venda
SKU_1714_DEE,05/08/2025,Varejo,2,609.8,141.78,234.01,Venda
SKU_1705_SER,05/08/2025,Atacado,4,1639.6,573.84,266.44,Venda
SKU_1903_PAS,05/08/2025,Varejo,1,329.9,0.0,329.9,Venda
SKU_1997_SPA,05/08/2025,Atacado,10,1899.0,664.6,123.44,Venda
SKU_1445_TEA,05/08/2025,Atacado,10,4099.0,1434.6,266.44,Venda
SKU_1406_PRI,05/08/2025,Atacado,2,699.8,244.92,227.44,Venda
SKU_1591_MYS,05/08/2025,Atacado,10,8899.0,2669.7,622.93,Venda
SKU_1736_JAD,05/08/2025,Varejo,1,324.9,86.65,238.25,Venda
SKU_1699_CLO,05/08/2025,Varejo,1,329.9,78.17,251.73,Venda
SKU_1548_CLO,05/08/2025,E-commerce,1,474.9,82.05,392.85,Venda
SKU_1834_MAG,05/08/2025,Atacado,6,2399.4,719.82,279.93,Venda
SKU_1744_EME,05/08/2025,Atacado,2,529.8,185.42,172.19,Venda
SKU_1531_SNO,05/08/2025,Atacado,12,6598.8,2309.52,357.44,Venda
SKU_1627_MOS,05/08/2025,Atacado,8,2639.2,791.76,230.93,Venda
SKU_1606_SEA,05/08/2025,Atacado,4,4339.6,1301.88,759.43,Venda
SKU_1718_DUS,05/08/2025,Atacado,6,2219.4,665.82,258.93,Venda
SKU_1396_FUC,05/08/2025,E-commerce,1,134.9,37.42,97.48,Venda
SKU_1788_EME,05/08/2025,Atacado,8,1999.2,799.68,149.94,Venda
SKU_1703_PAS,05/08/2025,Atacado,6,1619.4,485.82,188.93,Venda
SKU_1701_BLU,05/08/2025,Varejo,2,679.8,104.96,287.42,Venda
SKU_1700_HUN,05/08/2025,Atacado,5,3499.5,1049.85,489.93,Venda
SKU_1529_MIN,05/08/2025,Atacado,6,1469.4,514.32,159.18,Venda
SKU_1768_MIN,05/08/2025,Atacado,6,3749.4,1312.26,406.19,Venda
SKU_1643_PAS,05/08/2025,Atacado,5,1124.5,337.35,157.43,Venda
SKU_1763_MAR,05/08/2025,Atacado,2,599.8,239.92,179.94,Venda
SKU_1693_MEX,05/08/2025,E-commerce,1,204.9,47.42,157.48,Venda
SKU_1742_EME,05/08/2025,Atacado,5,1299.5,389.85,181.93,Venda
SKU_1725_OFF,05/08/2025,Varejo,3,734.7,112.44,207.42,Venda
SKU_1744_LIG,05/08/2025,Atacado,5,1324.5,463.55,172.19,Venda
SKU_1671_MIN,05/08/2025,Atacado,3,1049.7,367.38,227.44,Venda
SKU_1774_COB,05/08/2025,Atacado,2,409.8,143.44,133.18,Venda
SKU_1714_DEE,05/08/2025,Varejo,1,304.9,89.93,214.97,Venda
SKU_1498_OLI,05/08/2025,Atacado,6,2039.4,815.76,203.94,Venda
SKU_1482_SHO,05/08/2025,Varejo,1,444.9,108.01,336.89,Venda
SKU_1695_LIM,05/08/2025,Varejo,1,209.9,61.08,148.82,Venda
SKU_1730_OFF,05/08/2025,Varejo,1,319.9,84.27,235.63,Venda
SKU_1747_FUC,05/08/2025,Atacado,5,874.5,393.5,96.2,Venda
SKU_1791_IVO,05/08/2025,Varejo,3,794.7,131.49,221.07,Venda
SKU_1673_PEA,05/08/2025,Varejo,2,819.8,222.78,298.51,Venda
SKU_1755_AQU,05/08/2025,Varejo,1,334.9,83.27,251.63,Venda
SKU_2025_BAB,05/08/2025,Atacado,6,1379.4,413.82,160.93,Venda
SKU_1656_FUC,05/08/2025,E-commerce,2,469.8,83.76,193.02,Venda
SKU_1534_HUN,05/08/2025,Atacado,5,999.5,299.85,139.93,Venda
SKU_1430_JAD,05/08/2025,Varejo,2,359.8,80.82,139.49,Venda
SKU_1770_DEE,05/08/2025,Atacado,8,1759.2,703.68,131.94,Venda
SKU_1473_BAB,05/08/2025,Varejo,2,359.8,85.04,137.38,Venda
SKU_1738_ROY,05/08/2025,E-commerce,1,194.9,43.92,150.98,Venda
SKU_2001_DEN,05/08/2025,Atacado,5,1924.5,673.55,250.19,Venda
SKU_1409_PEA,05/08/2025,Varejo,2,419.8,119.42,150.19,Venda
SKU_1719_WHI,05/08/2025,Varejo,1,319.9,61.64,258.26,Venda
SKU_2024_LIG,05/08/2025,E-commerce,1,384.9,0.0,384.9,Venda
SKU_1787_BAB,05/08/2025,Varejo,1,289.9,74.15,215.75,Venda
SKU_1954_WHI,05/08/2025,Varejo,1,209.9,0.0,209.9,Venda
SKU_1728_EGR,05/08/2025,Varejo,1,329.9,65.91,263.99,Venda
SKU_1707_SAP,05/08/2025,Varejo,1,279.9,50.33,229.57,Venda
SKU_2104_PEA,05/08/2025,Atacado,8,1799.2,629.76,146.18,Venda
SKU_1592_SAG,05/08/2025,E-commerce,2,419.8,72.28,173.76,Venda
SKU_1720_PAL,05/08/2025,Varejo,1,224.9,43.21,181.69,Venda
SKU_1743_DEE,05/08/2025,Atacado,8,3519.2,1231.68,285.94,Venda
SKU_1749_SNO,05/08/2025,E-commerce,2,699.8,113.64,293.08,Venda
SKU_1790_ROY,05/08/2025,E-commerce,1,259.9,39.28,220.62,Venda
SKU_1718_DUS,05/08/2025,Varejo,3,1109.7,186.6,307.7,Venda
SKU_1612_PAL,05/08/2025,Atacado,6,1979.4,791.76,197.94,Venda
SKU_1755_BIR,05/08/2025,E-commerce,1,334.9,90.99,243.91,Venda
SKU_1895_PAS,05/08/2025,Atacado,6,1169.4,409.32,126.68,Venda
SKU_1754_IVO,05/08/2025,E-commerce,2,679.8,130.7,274.55,Venda
SKU_1581_COB,05/08/2025,Atacado,5,4274.5,1496.05,555.69,Venda
SKU_1724_PIN,05/08/2025,Atacado,6,6689.4,2341.32,724.68,Venda
SKU_1642_SAL,05/08/2025,Varejo,1,224.9,48.42,176.48,Venda
SKU_1777_TUR,05/08/2025,Atacado,5,1199.5,359.85,167.93,Venda
SKU_1738_BLU,05/08/2025,Atacado,6,1169.4,409.32,126.68,Venda
SKU_1407_EME,05/08/2025,Varejo,1,214.9,62.74,152.16,Venda
SKU_1850_PRI,05/08/2025,Atacado,3,614.7,245.88,122.94,Venda
SKU_1494_EGR,05/08/2025,Varejo,1,1084.9,231.79,853.11,Venda
SKU_1842_POW,05/08/2025,E-commerce,1,534.9,0.0,534.9,Venda
SKU_1786_TEA,05/08/2025,Varejo,1,179.9,30.88,149.02,Venda
SKU_1863_MOS,05/08/2025,Varejo,1,254.9,0.0,254.9,Venda
SKU_1680_SEA,05/08/2025,Varejo,1,334.9,58.85,276.05,Venda
SKU_1725_BAB,05/08/2025,Varejo,2,489.8,130.9,179.45,Venda
SKU_1794_LIG,05/08/2025,Atacado,10,2099.0,734.6,136.44,Venda
SKU_1427_BLA,05/08/2025,Atacado,6,1199.4,419.76,129.94,Venda
SKU_1781_AQU,05/08/2025,Atacado,3,389.7,116.91,90.93,Venda
SKU_1723_MOS,05/08/2025,Varejo,1,434.9,117.58,317.32,Venda
SKU_1885_MAG,05/08/2025,E-commerce,1,549.9,0.0,549.9,Venda
SKU_1450_JAD,05/08/2025,Atacado,6,2459.4,860.76,266.44,Venda
SKU_1682_BIR,05/08/2025,Atacado,10,2349.0,822.2,152.68,Venda
SKU_1797_GAR,05/08/2025,Atacado,3,1139.7,398.88,246.94,Venda
SKU_2054_SAL,05/08/2025,Atacado,2,819.8,286.92,266.44,Venda
SKU_1759_COB,05/08/2025,Varejo,2,539.8,88.22,225.79,Venda
SKU_1442_EME,05/08/2025,Atacado,2,579.8,202.92,188.44,Venda
SKU_1708_FRE,05/08/2025,Atacado,5,849.5,254.85,118.93,Venda
SKU_1629_CLO,05/08/2025,Varejo,1,254.9,69.74,185.16,Venda
SKU_1418_MOS,05/08/2025,Atacado,4,3379.6,1182.84,549.19,Venda
SKU_1749_SNO,05/08/2025,Varejo,1,349.9,56.66,293.24,Venda
SKU_1708_FLA,05/08/2025,Varejo,1,169.9,25.98,143.92,Venda
SKU_1745_PEA,05/08/2025,E-commerce,1,409.9,80.01,329.89,Venda
SKU_1731_ARM,05/08/2025,Varejo,1,909.9,157.32,752.58,Venda
SKU_1754_SER,05/08/2025,E-commerce,1,339.9,97.77,242.13,Venda
SKU_1776_PAS,05/08/2025,Varejo,1,329.9,49.79,280.11,Venda
SKU_1692_BLU,05/08/2025,Atacado,6,1319.4,527.76,131.94,Venda
SKU_1707_SAP,05/08/2025,Atacado,6,1679.4,503.82,195.93,Venda
SKU_1732_WHI,05/08/2025,Varejo,1,1114.9,268.83,846.07,Venda
SKU_1707_ARM,05/08/2025,E-commerce,1,279.9,59.56,220.34,Venda
SKU_1728_EGR,05/08/2025,E-commerce,1,329.9,72.41,257.49,Venda
SKU_1771_PIN,05/08/2025,Atacado,2,529.8,211.92,158.94,Venda
SKU_1659_MOS,05/08/2025,Atacado,12,12298.8,4304.64,666.18,Venda
SKU_1689_MAG,05/08/2025,Atacado,6,5789.4,2315.76,578.94,Venda
SKU_1392_LIM,05/08/2025,Atacado,5,1474.5,589.8,176.94,Venda
SKU_1671_SEA,05/08/2025,E-commerce,2,699.8,173.52,263.14,Venda
SKU_1757_TUR,05/08/2025,Varejo,1,264.9,55.97,208.93,Venda
SKU_1790_ROY,05/08/2025,Varejo,3,779.7,228.81,183.63,Venda
SKU_1691_HUN,05/08/2025,Atacado,3,929.7,325.38,201.44,Venda
SKU_1740_FRE,05/08/2025,Atacado,4,859.6,257.88,150.43,Venda
SKU_1725_OFF,05/08/2025,Atacado,4,979.6,293.88,171.43,Venda
SKU_1790_EGR,05/08/2025,Atacado,3,779.7,311.88,155.94,Venda
SKU_1684_SHO,05/08/2025,Varejo,1,184.9,29.83,155.07,Venda
SKU_1555_FUC,05/08/2025,Atacado,4,759.6,227.88,132.93,Venda
SKU_1771_PIN,05/08/2025,Varejo,1,264.9,64.79,200.11,Venda
SKU_1749_SNO,05/08/2025,Varejo,1,349.9,88.58,261.32,Venda
SKU_1776_PAS,05/08/2025,E-commerce,1,329.9,75.84,254.06,Venda
SKU_1745_FOR,05/08/2025,Atacado,6,2459.4,983.76,245.94,Venda
SKU_1714_MID,05/08/2025,Varejo,1,304.9,48.94,255.96,Venda
SKU_1671_MIN,05/08/2025,Varejo,1,349.9,81.68,268.22,Venda
SKU_1782_NAV,05/08/2025,Varejo,1,249.9,51.7,198.2,Venda
SKU_1702_LIG,05/08/2025,Atacado,10,6199.0,1859.7,433.93,Venda
SKU_2063_POW,05/08/2025,Atacado,3,659.7,197.91,153.93,Venda
SKU_1765_PAS,05/08/2025,Atacado,2,519.8,181.92,168.94,Venda
SKU_1724_PIN,05/08/2025,Varejo,1,1114.9,302.71,812.19,Venda
SKU_1797_BLU,05/08/2025,Atacado,4,1519.6,455.88,265.93,Venda
SKU_1765_MYS,05/08/2025,Atacado,5,1299.5,389.85,181.93,Venda
SKU_1750_SNO,05/08/2025,Atacado,6,2219.4,776.76,240.44,Venda
SKU_1777_TUR,05/08/2025,E-commerce,1,239.9,69.55,170.35,Venda
SKU_1744_EME,05/08/2025,Varejo,1,264.9,59.91,204.99,Venda
SKU_1417_BIR,05/08/2025,Varejo,1,279.9,70.6,209.3,Venda
SKU_1756_FLA,05/08/2025,Varejo,1,179.9,41.54,138.36,Venda
SKU_1730_MIN,05/08/2025,Varejo,1,319.9,55.82,264.08,Venda
SKU_1801_MOS,05/08/2025,Varejo,1,374.9,56.64,318.26,Venda
SKU_1703_BLU,05/08/2025,Varejo,1,269.9,80.04,189.86,Venda
SKU_2095_SEA,05/08/2025,Varejo,2,479.8,0.0,239.9,Venda
SKU_1431_CRE,05/08/2025,Atacado,6,2219.4,887.76,221.94,Venda
SKU_1749_SNO,05/08/2025,Varejo,2,699.8,111.0,294.4,Venda
SKU_1780_LIG,05/08/2025,Varejo,1,334.9,59.46,275.44,Venda
SKU_1705_JAD,05/08/2025,Atacado,2,819.8,327.92,245.94,Venda
SKU_1809_SHO,05/08/2025,Varejo,1,239.9,0.0,239.9,Venda
SKU_1725_BAB,05/08/2025,Atacado,8,1959.2,587.76,171.43,Venda
SKU_1796_OLI,05/08/2025,Atacado,5,2524.5,757.35,353.43,Venda
SKU_1716_SAL,05/08/2025,Atacado,5,824.5,247.35,115.43,Venda
SKU_1719_WHI,05/08/2025,Atacado,4,1279.6,447.84,207.94,Venda
SKU_1710_MEX,05/08/2025,Atacado,6,4859.4,1457.82,566.93,Venda
SKU_1684_HON,05/08/2025,E-commerce,1,184.9,48.63,136.27,Venda
SKU_1776_BIR,05/08/2025,Atacado,5,1649.5,742.25,181.45,Venda
SKU_1653_BAB,05/08/2025,Varejo,1,359.9,107.81,252.09,Venda
SKU_1777_TUR,05/08/2025,Atacado,5,1199.5,359.85,167.93,Venda
SKU_1704_BAB,05/08/2025,Atacado,2,669.8,234.42,217.69,Venda
SKU_1681_PIS,05/08/2025,Varejo,2,469.8,85.7,192.05,Venda
SKU_1767_FUC,05/08/2025,Varejo,1,204.9,44.75,160.15,Venda
SKU_1708_FLA,05/08/2025,Varejo,1,169.9,41.07,128.83,Venda
SKU_1765_PAS,05/08/2025,Atacado,6,1559.4,623.76,155.94,Venda
SKU_1749_SNO,05/08/2025,Varejo,1,349.9,90.73,259.17,Venda
SKU_1616_SER,05/08/2025,Atacado,5,5124.5,1793.6,666.18,Venda
SKU_1763_MAR,05/08/2025,Atacado,6,1799.4,539.82,209.93,Venda
SKU_2066_BLA,05/08/2025,Atacado,3,1424.7,427.41,332.43,Venda
SKU_1773_OLI,05/08/2025,E-commerce,2,649.8,179.02,235.39,Venda
SKU_1599_CER,05/08/2025,Varejo,1,469.9,109.27,360.63,Venda
SKU_1782_NAV,05/08/2025,Varejo,1,249.9,52.39,197.51,Venda
SKU_1749_BIR,05/08/2025,Atacado,5,1749.5,699.8,209.94,Venda
SKU_1676_NAV,05/08/2025,Varejo,1,169.9,25.5,144.4,Venda
SKU_1690_MYS,05/08/2025,Varejo,1,539.9,144.09,395.81,Venda
SKU_1752_SPA,05/08/2025,Varejo,1,429.9,127.8,302.1,Venda
SKU_1739_AQU,05/08/2025,E-commerce,2,509.8,122.64,193.58,Venda
SKU_1680_NAV,05/08/2025,E-commerce,1,334.9,93.34,241.56,Venda
SKU_1777_TUR,05/08/2025,Atacado,5,1199.5,419.8,155.94,Venda
SKU_1786_TEA,05/08/2025,Atacado,6,1079.4,377.76,116.94,Venda
SKU_1721_FRE,05/08/2025,Varejo,2,839.8,215.76,312.02,Venda
SKU_1699_COB,05/08/2025,Atacado,4,1319.6,461.84,214.44,Venda
SKU_1755_BIR,05/08/2025,Varejo,1,334.9,85.21,249.69,Venda
SKU_1954_WHI,05/08/2025,Atacado,4,839.6,251.88,146.93,Venda
SKU_1436_PAS,05/08/2025,Varejo,1,279.9,80.98,198.92,Venda
SKU_1777_FRE,05/08/2025,Varejo,1,239.9,41.66,198.24,Venda
SKU_1789_SNO,05/08/2025,E-commerce,1,269.9,50.78,219.12,Venda
SKU_1595_MYS,05/08/2025,Atacado,6,1799.4,719.76,179.94,Venda
SKU_1751_BLU,05/08/2025,E-commerce,1,329.9,72.74,257.16,Venda
SKU_1752_SNO,05/08/2025,Atacado,3,1289.7,386.91,300.93,Venda
SKU_1797_BLU,05/08/2025,Atacado,5,1899.5,664.8,246.94,Venda
SKU_1686_SKY,05/08/2025,E-commerce,1,214.9,52.48,162.42,Venda
SKU_1935_DEN,05/08/2025,Varejo,1,179.9,0.0,179.9,Venda
SKU_1727_WHI,05/08/2025,Atacado,3,464.7,162.66,100.68,Venda
SKU_1782_HUN,05/08/2025,E-commerce,1,249.9,70.24,179.66,Venda
SKU_1930_GAR,05/08/2025,E-commerce,3,1979.7,138.57,613.71,Venda
SKU_1510_ROS,05/08/2025,Varejo,1,834.9,172.49,662.41,Venda
SKU_1417_BIR,05/08/2025,Atacado,3,839.7,251.91,195.93,Venda
SKU_1726_PAS,05/08/2025,Varejo,2,859.8,185.04,337.38,Venda
SKU_1753_PAL,05/08/2025,Varejo,1,789.9,155.01,634.89,Venda
SKU_1739_MOS,05/08/2025,E-commerce,1,254.9,74.28,180.62,Venda
SKU_1900_FRE,05/08/2025,E-commerce,1,424.9,0.0,424.9,Venda
SKU_1711_ARM,05/08/2025,Atacado,8,7959.2,3183.68,596.94,Venda
SKU_1975_MYS,05/08/2025,Atacado,3,1334.7,467.13,289.19,Venda
SKU_1531_TEA,05/08/2025,Atacado,4,2199.6,769.84,357.44,Venda
SKU_1703_PAS,05/08/2025,Varejo,1,269.9,54.76,215.14,Venda
SKU_1494_EGR,05/08/2025,Varejo,1,1084.9,242.87,842.03,Venda
SKU_1738_BLU,05/08/2025,Atacado,5,974.5,292.35,136.43,Venda
SKU_1737_DEE,05/08/2025,Varejo,1,769.9,147.78,622.12,Venda
SKU_2045_AQU,05/08/2025,Atacado,3,584.7,233.88,116.94,Venda
SKU_1685_COB,05/08/2025,Varejo,1,664.9,162.0,502.9,Venda
SKU_1728_EGR,05/08/2025,Varejo,1,329.9,90.02,239.88,Venda
SKU_1801_MOS,05/08/2025,Atacado,4,1499.6,449.88,262.43,Venda
SKU_1748_BAB,05/08/2025,Varejo,2,619.8,95.44,262.18,Venda
SKU_1729_CLE,05/08/2025,Varejo,1,174.9,47.0,127.9,Venda
SKU_1521_FRE,05/08/2025,Varejo,1,189.9,33.88,156.02,Venda
SKU_1544_PEA,05/08/2025,E-commerce,2,399.8,65.14,167.33,Venda
SKU_1800_MOS,05/08/2025,Varejo,2,559.8,93.82,232.99,Venda
SKU_1492_BIR,05/08/2025,Varejo,1,374.9,101.95,272.95,Venda
SKU_1725_BAB,05/08/2025,Varejo,2,489.8,146.92,171.44,Venda
SKU_1609_LIM,05/08/2025,E-commerce,1,269.9,44.22,225.68,Venda
SKU_1772_BLU,05/08/2025,Atacado,8,3319.2,995.76,290.43,Venda
SKU_1702_COR,05/08/2025,Atacado,2,1239.8,371.94,433.93,Venda
SKU_1626_DEN,05/08/2025,Varejo,1,539.9,85.13,454.77,Venda
SKU_1766_CLE,05/08/2025,Atacado,4,1579.6,552.84,256.69,Venda
SKU_1732_OFF,05/08/2025,Atacado,10,11149.0,3344.7,780.43,Venda
SKU_2019_TUR,05/08/2025,Atacado,5,2749.5,824.85,384.93,Venda
SKU_1586_JAD,05/08/2025,Atacado,8,2439.2,975.68,182.94,Venda
SKU_1555_RAS,05/08/2025,Varejo,1,189.9,49.37,140.53,Venda
SKU_1417_BIR,05/08/2025,Atacado,4,1119.6,391.84,181.94,Venda
SKU_1699_CLO,05/08/2025,Varejo,2,659.8,166.12,246.84,Venda
SKU_1547_IVO,05/08/2025,Atacado,4,1319.6,527.84,197.94,Venda
SKU_1701_SPA,05/08/2025,Varejo,1,339.9,71.34,268.56,Venda
SKU_1742_DEN,05/08/2025,Atacado,4,1039.6,363.84,168.94,Venda
SKU_1705_SER,05/08/2025,Varejo,1,409.9,88.45,321.45,Venda
SKU_1752_SPA,05/08/2025,Atacado,2,859.8,257.94,300.93,Venda
SKU_1568_PIN,05/08/2025,Varejo,1,234.9,41.05,193.85,Venda
SKU_1711_ARM,05/08/2025,Varejo,1,994.9,296.18,698.72,Venda
SKU_1408_PAS,05/08/2025,Atacado,3,2759.7,965.88,597.94,Venda
SKU_1761_MOS,05/08/2025,Varejo,1,1104.9,212.25,892.65,Venda
SKU_1533_CER,05/08/2025,Atacado,3,494.7,148.41,115.43,Venda
SKU_1726_BUB,05/08/2025,Atacado,10,4299.0,1719.6,257.94,Venda
SKU_2029_BAB,05/08/2025,Varejo,1,964.9,0.0,964.9,Venda
SKU_1764_MAR,05/08/2025,Varejo,1,234.9,37.41,197.49,Venda
SKU_1797_GAR,05/08/2025,Varejo,1,379.9,64.83,315.07,Venda
SKU_1764_MAR,05/08/2025,E-commerce,1,234.9,48.7,186.2,Venda
SKU_1477_EME,05/08/2025,E-commerce,1,224.9,41.45,183.45,Venda
SKU_1725_BAB,05/08/2025,Varejo,1,244.9,71.1,173.8,Venda
SKU_1562_CLO,05/08/2025,Atacado,8,2479.2,743.76,216.93,Venda
SKU_1554_SKY,05/08/2025,Varejo,3,3104.7,636.69,822.67,Venda
SKU_1737_SAG,05/08/2025,Varejo,1,769.9,198.14,571.76,Venda
SKU_1765_PAS,05/08/2025,E-commerce,1,259.9,69.96,189.94,Venda
SKU_1546_PAS,05/08/2025,Varejo,4,699.6,206.64,123.24,Venda
SKU_1732_WHI,05/08/2025,Varejo,1,1114.9,293.31,821.59,Venda
SKU_1728_EGR,05/08/2025,Varejo,1,329.9,89.98,239.92,Venda
SKU_1498_OLI,05/08/2025,Varejo,1,339.9,52.98,286.92,Venda
SKU_1681_PIS,05/08/2025,Atacado,5,1174.5,352.35,164.43,Venda
SKU_1962_FRE,05/08/2025,Atacado,12,2578.8,773.64,150.43,Venda
SKU_1617_MIN,05/08/2025,Atacado,5,824.5,329.8,98.94,Venda
SKU_1773_OLI,05/08/2025,Varejo,1,324.9,95.56,229.34,Venda
SKU_1414_CLO,05/08/2025,Atacado,3,1019.7,407.88,203.94,Venda
SKU_1703_BLU,05/08/2025,Atacado,3,809.7,242.91,188.93,Venda
SKU_1418_MOS,05/08/2025,E-commerce,1,844.9,206.9,638.0,Venda
SKU_1691_ROS,05/08/2025,Varejo,1,309.9,73.97,235.93,Venda
SKU_1689_IVO,05/08/2025,Varejo,2,1929.8,477.6,726.1,Venda
SKU_1785_HUN,05/08/2025,Varejo,1,244.9,59.87,185.03,Venda
SKU_1762_DEN,05/08/2025,Varejo,2,509.8,117.88,195.96,Venda
SKU_1692_OLI,05/08/2025,Atacado,5,1099.5,329.85,153.93,Venda
SKU_1712_NAV,05/08/2025,Varejo,1,179.9,48.18,131.72,Venda
SKU_1513_RAS,05/08/2025,Varejo,1,214.9,40.89,174.01,Venda
SKU_1781_AQU,05/08/2025,E-commerce,1,129.9,35.29,94.61,Venda
SKU_1713_SNO,05/08/2025,E-commerce,1,504.9,138.5,366.4,Venda
SKU_1662_LIG,05/08/2025,Varejo,1,199.9,32.54,167.36,Venda
SKU_1516_CRE,05/08/2025,Varejo,1,349.9,87.99,261.91,Venda
SKU_1530_HON,05/08/2025,Varejo,1,129.9,27.64,102.26,Venda
SKU_1422_PIN,05/08/2025,Atacado,4,1259.6,377.88,220.43,Venda
SKU_1773_OLI,05/08/2025,Varejo,2,649.8,194.14,227.83,Venda
SKU_1686_MOS,05/08/2025,Atacado,4,859.6,300.88,139.68,Venda
SKU_1609_SAP,05/08/2025,Atacado,2,539.8,215.92,161.94,Venda
SKU_1781_CLE,05/08/2025,E-commerce,1,129.9,35.79,94.11,Venda
SKU_1799_POW,05/08/2025,Varejo,2,539.8,156.12,191.84,Venda
SKU_1814_PAS,05/08/2025,Atacado,5,1899.5,569.85,265.93,Venda
SKU_1631_SNO,05/08/2025,Varejo,1,179.9,46.87,133.03,Venda
SKU_1729_CLE,05/08/2025,Atacado,10,1749.0,699.6,104.94,Venda
SKU_1764_FUC,05/08/2025,Varejo,2,469.8,96.28,186.76,Venda
SKU_1703_PAS,05/08/2025,E-commerce,1,269.9,76.87,193.03,Venda
SKU_1764_MAR,05/08/2025,Varejo,1,234.9,59.75,175.15,Venda
SKU_1693_MEX,05/08/2025,Varejo,1,204.9,45.05,159.85,Venda
SKU_1814_PRI,05/08/2025,E-commerce,1,379.9,0.0,379.9,Venda
SKU_1742_EME,05/08/2025,Atacado,6,1559.4,467.82,181.93,Venda
SKU_1716_AQU,05/08/2025,Atacado,5,824.5,371.0,90.7,Venda
SKU_1950_BLU,05/08/2025,Atacado,5,2074.5,622.35,290.43,Venda
SKU_1863_MOS,05/08/2025,Atacado,10,2549.0,764.7,178.43,Venda
SKU_1442_EME,05/08/2025,Varejo,1,289.9,84.93,204.97,Venda
SKU_1797_GAR,05/08/2025,Atacado,6,2279.4,911.76,227.94,Venda
SKU_1789_EME,05/08/2025,Atacado,5,1349.5,472.3,175.44,Venda
SKU_1458_PEA,05/08/2025,Varejo,1,349.9,87.24,262.66,Venda
SKU_1731_MIN,05/08/2025,Varejo,4,3639.6,1069.08,642.63,Venda
SKU_1759_COB,05/08/2025,Varejo,1,269.9,57.8,212.1,Venda
SKU_1475_VAN,05/08/2025,Atacado,8,1999.2,599.76,174.93,Venda
SKU_1565_LIG,05/08/2025,E-commerce,1,359.9,86.0,273.9,Venda
SKU_1699_COB,05/08/2025,Atacado,6,1979.4,791.76,197.94,Venda
SKU_1760_PAS,05/08/2025,Varejo,1,249.9,49.06,200.84,Venda
SKU_1644_BAB,05/08/2025,Atacado,3,959.7,431.85,175.95,Venda
SKU_1729_CLE,05/08/2025,Varejo,2,349.8,60.7,144.55,Venda
SKU_1640_IVO,05/08/2025,Varejo,1,219.9,65.19,154.71,Venda
SKU_1645_MIN,05/08/2025,Varejo,1,399.9,90.5,309.4,Venda
SKU_1779_LIG,05/08/2025,Atacado,8,1719.2,687.68,128.94,Venda
SKU_1741_PIN,05/08/2025,Varejo,2,479.8,78.34,200.73,Venda
SKU_1785_HUN,05/08/2025,E-commerce,1,244.9,44.68,200.22,Venda
SKU_1708_FRE,05/08/2025,Varejo,4,679.6,150.6,132.25,Venda
SKU_1728_EGR,05/08/2025,E-commerce,1,329.9,80.2,249.7,Venda
SKU_1787_BAB,05/08/2025,Varejo,1,289.9,51.07,238.83,Venda
SKU_1489_TEA,05/08/2025,Varejo,1,369.9,87.53,282.37,Venda
SKU_1493_CLO,05/08/2025,Atacado,8,2639.2,791.76,230.93,Venda
SKU_1802_DEN,05/08/2025,E-commerce,1,744.9,52.14,692.76,Venda
SKU_2091_BIR,05/08/2025,Varejo,1,239.9,0.0,239.9,Venda
SKU_1735_MOS,05/08/2025,Varejo,1,269.9,49.05,220.85,Venda
SKU_1718_DUS,05/08/2025,Atacado,2,739.8,258.92,240.44,Venda
SKU_2054_ROY,05/08/2025,Varejo,2,819.8,0.0,409.9,Venda
SKU_1684_SHO,05/08/2025,Atacado,3,554.7,166.41,129.43,Venda
SKU_1708_FRE,05/08/2025,Atacado,5,849.5,254.85,118.93,Venda
SKU_1491_CER,05/08/2025,E-commerce,3,404.7,84.42,106.76,Venda
SKU_1722_PAS,05/08/2025,Atacado,6,1949.4,682.26,211.19,Venda
SKU_1801_MOS,05/08/2025,Varejo,1,374.9,97.84,277.06,Venda
SKU_1792_AQU,05/08/2025,Varejo,1,439.9,126.93,312.97,Venda
SKU_1579_DEN,05/08/2025,Varejo,1,229.9,54.04,175.86,Venda
SKU_1698_PRI,05/08/2025,Atacado,5,2099.5,734.8,272.94,Venda
SKU_1876_CLO,05/08/2025,Varejo,1,199.9,0.0,199.9,Venda
SKU_1649_GAR,05/08/2025,Atacado,3,704.7,246.66,152.68,Venda
SKU_1441_COB,05/08/2025,Atacado,4,4619.6,1847.84,692.94,Venda
SKU_1830_NAV,05/08/2025,Atacado,3,779.7,233.91,181.93,Venda
SKU_1753_WHI,05/08/2025,Atacado,5,3949.5,1184.85,552.93,Venda
SKU_1693_MEX,05/08/2025,Atacado,2,409.8,122.94,143.43,Venda
SKU_1705_SER,05/08/2025,Atacado,3,1229.7,430.38,266.44,Venda
SKU_1733_SAG,05/08/2025,Varejo,4,1399.6,338.16,265.36,Venda
SKU_1603_BUB,05/08/2025,Varejo,1,744.9,167.16,577.74,Venda
SKU_1789_EME,05/08/2025,E-commerce,1,269.9,80.91,188.99,Venda
SKU_1857_IVO,05/08/2025,Varejo,1,239.9,0.0,239.9,Venda
SKU_1762_BRI,05/08/2025,E-commerce,1,254.9,62.09,192.81,Venda
SKU_1714_MID,05/08/2025,E-commerce,1,304.9,46.27,258.63,Venda
SKU_1754_SER,05/08/2025,Varejo,1,339.9,72.13,267.77,Venda
SKU_1454_BUB,05/08/2025,Atacado,5,749.5,224.85,104.93,Venda
SKU_1659_SNO,05/08/2025,Atacado,5,5124.5,2049.8,614.94,Venda
SKU_1574_COB,05/08/2025,Varejo,1,604.9,102.42,502.48,Venda
SKU_1541_POW,05/08/2025,Atacado,4,2699.6,809.88,472.43,Venda
SKU_1751_MIN,05/08/2025,Varejo,2,659.8,175.06,242.37,Venda
SKU_1479_FUC,05/08/2025,Atacado,10,5549.0,2219.6,332.94,Venda
SKU_1832_MIN,05/08/2025,Varejo,1,294.9,0.0,294.9,Venda
SKU_1772_BLU,05/08/2025,E-commerce,1,414.9,109.78,305.12,Venda
SKU_2027_MAR,05/08/2025,Atacado,5,1749.5,524.85,244.93,Venda
SKU_1687_WHI,05/08/2025,Varejo,1,899.9,167.83,732.07,Venda
SKU_1747_TEA,05/08/2025,Atacado,4,699.6,244.88,113.68,Venda
SKU_1725_BAB,05/08/2025,Atacado,3,734.7,257.16,159.18,Venda
SKU_1467_FUC,05/08/2025,Atacado,6,1229.4,430.32,133.18,Venda
SKU_1723_COB,05/08/2025,E-commerce,1,434.9,115.95,318.95,Venda
SKU_2094_MYS,05/08/2025,Varejo,1,184.9,0.0,184.9,Venda
SKU_1682_OLI,05/08/2025,Varejo,1,234.9,39.38,195.52,Venda
SKU_1557_TUR,05/08/2025,Varejo,1,199.9,50.68,149.22,Venda
SKU_1731_ARM,05/08/2025,Varejo,1,909.9,238.77,671.13,Venda
SKU_1470_MAR,05/08/2025,Varejo,1,919.9,251.66,668.24,Venda
SKU_1757_TUR,05/08/2025,Varejo,3,794.7,157.44,212.42,Venda
SKU_1600_LIG,05/08/2025,Varejo,1,394.9,83.12,311.78,Venda
SKU_1697_MIN,05/08/2025,Atacado,5,1099.5,329.85,153.93,Venda
SKU_1688_WHI,05/08/2025,E-commerce,1,429.9,76.0,353.9,Venda
SKU_1748_BAB,05/08/2025,Atacado,3,929.7,325.38,201.44,Venda
SKU_1697_PIS,05/08/2025,E-commerce,2,439.8,117.9,160.95,Venda
SKU_1781_AQU,05/08/2025,Varejo,4,519.6,150.28,92.33,Venda
SKU_1794_FLA,05/08/2025,E-commerce,1,209.9,45.86,164.04,Venda
SKU_1699_CLO,05/08/2025,Atacado,8,2639.2,791.76,230.93,Venda
SKU_1869_AQU,05/08/2025,Atacado,5,2449.5,734.85,342.93,Venda
SKU_1779_LIG,05/08/2025,Atacado,8,1719.2,515.76,150.43,Venda
SKU_1487_BRI,05/08/2025,Varejo,1,334.9,87.87,247.03,Venda
SKU_1764_MAR,05/08/2025,E-commerce,1,234.9,54.97,179.93,Venda
SKU_2102_WHI,05/08/2025,E-commerce,3,2234.7,0.0,744.9,Venda
SKU_1651_PAS,05/08/2025,Atacado,4,1059.6,370.84,172.19,Venda
SKU_1413_SAG,05/08/2025,Varejo,1,184.9,39.11,145.79,Venda
SKU_1481_BLA,05/08/2025,Atacado,2,1619.8,647.92,485.94,Venda
SKU_1603_PEA,05/08/2025,Varejo,1,744.9,184.93,559.97,Venda
SKU_1743_CLO,05/08/2025,Varejo,1,439.9,127.98,311.92,Venda
SKU_1781_AQU,05/08/2025,Atacado,3,389.7,155.88,77.94,Venda
SKU_1725_BAB,05/08/2025,Varejo,1,244.9,58.61,186.29,Venda
SKU_1694_SER,05/08/2025,Atacado,8,2239.2,671.76,195.93,Venda
SKU_1745_FOR,05/08/2025,E-commerce,1,409.9,88.43,321.47,Venda
SKU_1706_BLA,05/08/2025,Varejo,1,184.9,45.65,139.25,Venda
SKU_1790_ROY,05/08/2025,Atacado,8,2079.2,935.68,142.94,Venda
SKU_1705_SER,05/08/2025,Atacado,3,1229.7,368.91,286.93,Venda
SKU_1391_SEA,05/08/2025,Atacado,5,1424.5,427.35,199.43,Venda
SKU_1711_VAN,05/08/2025,Varejo,1,994.9,285.24,709.66,Venda
SKU_1410_JAD,05/08/2025,Varejo,1,1139.9,266.62,873.28,Venda
SKU_1725_OFF,05/08/2025,Varejo,1,244.9,56.41,188.49,Venda
SKU_1623_EGR,05/08/2025,Varejo,4,3659.6,868.08,697.88,Venda
SKU_1806_ROS,05/08/2025,Varejo,2,389.8,0.0,194.9,Venda
SKU_1682_OLI,05/08/2025,Atacado,8,1879.2,657.76,152.68,Venda
SKU_1745_FOR,05/08/2025,Atacado,4,1639.6,491.88,286.93,Venda
SKU_1748_COB,05/08/2025,Atacado,4,1239.6,433.84,201.44,Venda
SKU_1586_EGR,05/08/2025,Atacado,5,1524.5,609.8,182.94,Venda
SKU_1709_CRE,05/08/2025,Varejo,1,209.9,34.0,175.9,Venda
SKU_1738_ROY,05/08/2025,Varejo,1,194.9,45.93,148.97,Venda
SKU_1695_CRE,05/08/2025,Varejo,2,419.8,63.86,177.97,Venda
SKU_1762_DEN,05/08/2025,Varejo,1,254.9,73.24,181.66,Venda
SKU_1775_PAS,05/08/2025,Varejo,1,279.9,57.63,222.27,Venda
SKU_1684_SHO,05/08/2025,Varejo,1,184.9,44.18,140.72,Venda
SKU_1748_COB,05/08/2025,Varejo,1,309.9,85.74,224.16,Venda
SKU_1707_SAP,05/08/2025,E-commerce,1,279.9,48.63,231.27,Venda
SKU_1753_PAL,05/08/2025,Atacado,4,3159.6,947.88,552.93,Venda
SKU_1704_PEA,05/08/2025,Atacado,6,2009.4,602.82,234.43,Venda
SKU_1740_FRE,05/08/2025,Atacado,5,1074.5,376.1,139.68,Venda
SKU_1959_WHI,05/08/2025,Varejo,2,1479.8,0.0,739.9,Venda
SKU_1754_IVO,05/08/2025,Atacado,8,2719.2,951.68,220.94,Venda
SKU_1719_OFF,05/08/2025,Varejo,1,319.9,75.73,244.17,Venda
SKU_2076_MIN,05/08/2025,Varejo,1,474.9,0.0,474.9,Venda
SKU_1730_MIN,05/08/2025,E-commerce,1,319.9,63.48,256.42,Venda
SKU_1947_SKY,05/08/2025,Varejo,2,879.8,61.58,409.11,Venda
SKU_1756_BUB,05/08/2025,Atacado,3,539.7,188.88,116.94,Venda
SKU_1629_CLO,05/08/2025,Atacado,5,1274.5,382.35,178.43,Venda
SKU_1497_VAN,05/08/2025,E-commerce,1,134.9,28.92,105.98,Venda
SKU_1684_HON,05/08/2025,Atacado,4,739.6,295.84,110.94,Venda
SKU_1761_SAP,05/08/2025,Atacado,4,4419.6,1546.88,718.18,Venda
SKU_1567_PRI,05/08/2025,Atacado,5,3449.5,1379.8,413.94,Venda
SKU_1417_BIR,05/08/2025,E-commerce,1,279.9,54.6,225.3,Venda
SKU_1797_BLU,05/08/2025,E-commerce,1,379.9,107.11,272.79,Venda
SKU_1585_BLA,05/08/2025,Varejo,1,319.9,69.32,250.58,Venda
SKU_1589_TUR,05/08/2025,Atacado,6,4079.4,1427.76,441.94,Venda
SKU_1661_CER,05/08/2025,Atacado,6,5939.4,2078.76,643.44,Venda
SKU_1801_MOS,05/08/2025,Atacado,8,2999.2,1049.68,243.69,Venda
SKU_1833_NAV,05/08/2025,Atacado,5,1149.5,402.3,149.44,Venda
SKU_1777_FRE,05/08/2025,Varejo,1,239.9,63.48,176.42,Venda
SKU_1709_MAR,05/08/2025,E-commerce,1,209.9,53.09,156.81,Venda
SKU_1661_CER,05/08/2025,Atacado,3,2969.7,1039.38,643.44,Venda
SKU_1743_CLO,05/08/2025,Varejo,2,879.8,252.58,313.61,Venda
SKU_1727_LIG,05/08/2025,Varejo,3,464.7,115.41,116.43,Venda
SKU_1765_MYS,05/08/2025,Atacado,10,2599.0,909.6,168.94,Venda
SKU_1466_PRI,05/08/2025,Atacado,3,809.7,323.88,161.94,Venda
SKU_1595_FLA,05/08/2025,Atacado,3,899.7,404.85,164.95,Venda
SKU_1685_COB,05/08/2025,Varejo,1,664.9,172.03,492.87,Venda
SKU_1800_SKY,05/08/2025,Atacado,5,1399.5,419.85,195.93,Venda
SKU_1451_WHI,05/08/2025,Varejo,3,734.7,205.53,176.39,Venda
SKU_1723_COB,05/08/2025,Varejo,1,434.9,120.59,314.31,Venda
SKU_1547_IVO,05/08/2025,Varejo,1,329.9,71.97,257.93,Venda
SKU_1681_OFF,05/08/2025,Atacado,4,939.6,328.88,152.68,Venda
SKU_1782_NAV,05/08/2025,Atacado,5,1249.5,499.8,149.94,Venda
SKU_1784_EGR,05/08/2025,Atacado,4,1239.6,371.88,216.93,Venda
SKU_1541_POW,05/08/2025,E-commerce,1,674.9,115.89,559.01,Venda
SKU_1734_FRE,05/08/2025,Atacado,4,1399.6,419.88,244.93,Venda
SKU_1736_PAS,05/08/2025,Varejo,1,324.9,93.19,231.71,Venda
SKU_1800_MOS,05/08/2025,Varejo,1,279.9,59.75,220.15,Venda
SKU_1713_SAL,05/08/2025,Varejo,3,1514.7,286.68,409.34,Venda
SKU_1796_SHO,05/08/2025,Varejo,1,504.9,111.01,393.89,Venda
SKU_1721_FRE,05/08/2025,Atacado,8,3359.2,1511.68,230.94,Venda
SKU_1716_SAL,05/08/2025,Atacado,5,824.5,288.6,107.18,Venda
SKU_1801_MOS,05/08/2025,Varejo,1,374.9,71.11,303.79,Venda
SKU_1680_SEA,05/08/2025,Atacado,5,1674.5,502.35,234.43,Venda
SKU_1733_SAG,05/08/2025,Atacado,6,2099.4,629.82,244.93,Venda
SKU_1766_CLE,05/08/2025,Varejo,3,1184.7,353.97,276.91,Venda
SKU_1444_HUN,05/08/2025,Varejo,1,239.9,71.69,168.21,Venda
SKU_1769_EME,05/08/2025,E-commerce,2,649.8,181.88,233.96,Venda
SKU_1769_WHI,05/08/2025,Atacado,5,1624.5,649.8,194.94,Venda
SKU_1770_JAD,05/08/2025,Varejo,1,219.9,48.91,170.99,Venda
SKU_1774_MOS,05/08/2025,Varejo,1,204.9,34.9,170.0,Venda
SKU_1680_NAV,05/08/2025,Atacado,4,1339.6,535.84,200.94,Venda
SKU_1690_MAG,05/08/2025,Varejo,2,1079.8,265.34,407.23,Venda
SKU_1799_POW,05/08/2025,E-commerce,1,269.9,65.39,204.51,Venda
SKU_1785_HUN,05/08/2025,Atacado,6,1469.4,514.32,159.18,Venda
SKU_1789_SNO,05/08/2025,Varejo,2,539.8,85.14,227.33,Venda
SKU_1787_BAB,05/08/2025,Atacado,4,1159.6,405.84,188.44,Venda
SKU_1683_PAL,05/08/2025,Atacado,6,1889.4,755.76,188.94,Venda
SKU_1401_GAR,05/08/2025,Varejo,2,479.8,134.26,172.77,Venda
SKU_1727_WHI,05/08/2025,Atacado,4,619.6,185.88,108.43,Venda
SKU_1730_OFF,05/08/2025,Atacado,3,959.7,335.88,207.94,Venda
SKU_1545_HOT,05/08/2025,E-commerce,1,259.9,76.44,183.46,Venda
SKU_1878_SEA,05/08/2025,Atacado,2,879.8,263.94,307.93,Venda
SKU_1787_BAB,05/08/2025,Varejo,1,289.9,56.37,233.53,Venda
SKU_1784_BLA,05/08/2025,Varejo,1,309.9,49.64,260.26,Venda
SKU_1774_MOS,05/08/2025,Atacado,4,819.6,327.84,122.94,Venda
SKU_1708_FRE,05/08/2025,Atacado,8,1359.2,543.68,101.94,Venda
SKU_1775_PAS,05/08/2025,E-commerce,1,279.9,73.7,206.2,Venda
SKU_1970_PEA,05/08/2025,Varejo,1,769.9,0.0,769.9,Venda
SKU_1742_DEN,05/08/2025,E-commerce,1,259.9,71.85,188.05,Venda
SKU_1783_EGR,05/08/2025,Atacado,4,4799.6,1919.84,719.94,Venda
SKU_1532_BRI,05/08/2025,E-commerce,1,979.9,229.58,750.32,Venda
SKU_1759_CLE,05/08/2025,Varejo,1,269.9,65.95,203.95,Venda
SKU_1737_DEE,05/08/2025,E-commerce,1,769.9,203.85,566.05,Venda
SKU_1504_EME,05/08/2025,Varejo,1,339.9,63.05,276.85,Venda
SKU_1798_OFF,05/08/2025,Atacado,10,4199.0,1259.7,293.93,Venda
SKU_1735_MOS,05/08/2025,Atacado,2,539.8,188.92,175.44,Venda
SKU_1754_IVO,05/08/2025,Varejo,1,339.9,73.69,266.21,Venda
SKU_1954_WHI,05/08/2025,Varejo,2,419.8,0.0,209.9,Venda
SKU_1694_PIS,05/08/2025,E-commerce,1,279.9,70.27,209.63,Venda
SKU_1434_MIN,05/08/2025,Varejo,1,209.9,40.78,169.12,Venda
SKU_1781_CLE,05/08/2025,Atacado,2,259.8,90.92,84.44,Venda
SKU_1763_MAR,05/08/2025,Varejo,2,599.8,174.32,212.74,Venda
SKU_1769_EME,05/08/2025,Varejo,1,324.9,56.98,267.92,Venda
SKU_1529_HUN,05/08/2025,E-commerce,1,244.9,57.16,187.74,Venda
SKU_1831_HOT,05/08/2025,Atacado,5,1674.5,669.8,200.94,Venda
SKU_1399_CRE,05/08/2025,E-commerce,1,269.9,48.08,221.82,Venda
SKU_1919_COB,05/08/2025,Varejo,2,1359.8,95.18,632.31,Venda
SKU_1528_DEN,05/08/2025,Atacado,6,1289.4,386.82,150.43,Venda
SKU_1775_PAS,05/08/2025,Atacado,2,559.8,195.92,181.94,Venda
SKU_1682_BIR,05/08/2025,Varejo,3,704.7,183.12,173.86,Venda
SKU_1794_LIG,05/08/2025,Varejo,1,209.9,45.66,164.24,Venda
SKU_1719_WHI,05/08/2025,Atacado,4,1279.6,383.88,223.93,Venda
SKU_1769_WHI,05/08/2025,Atacado,4,1299.6,454.84,211.19,Venda
SKU_1469_ARM,05/08/2025,Atacado,6,1769.4,619.26,191.69,Venda
SKU_1459_CRE,05/08/2025,Atacado,2,419.8,188.92,115.44,Venda
SKU_1707_SAP,05/08/2025,E-commerce,1,279.9,47.27,232.63,Venda
SKU_1713_SNO,05/08/2025,Atacado,10,5049.0,1767.1,328.19,Venda
SKU_1882_SPA,05/08/2025,Atacado,10,2399.0,839.6,155.94,Venda
SKU_1553_DEN,05/08/2025,Varejo,3,764.7,219.33,181.79,Venda
SKU_1722_AQU,05/08/2025,Atacado,2,649.8,194.94,227.43,Venda
SKU_1787_BAB,05/08/2025,Varejo,3,869.7,204.36,221.78,Venda
SKU_1762_DEN,05/08/2025,Varejo,2,509.8,144.74,182.53,Venda
SKU_1752_SNO,05/08/2025,Varejo,2,859.8,143.7,358.05,Venda
SKU_1707_SAP,05/08/2025,Varejo,2,559.8,137.86,210.97,Venda
SKU_1521_MOS,05/08/2025,Atacado,5,949.5,379.8,113.94,Venda
SKU_1693_FLA,05/08/2025,Atacado,6,1229.4,430.32,133.18,Venda
SKU_1774_MOS,05/08/2025,Atacado,4,819.6,245.88,143.43,Venda
SKU_1722_PAS,05/08/2025,Atacado,2,649.8,259.92,194.94,Venda
SKU_1795_HUN,05/08/2025,Varejo,1,299.9,74.29,225.61,Venda
SKU_1770_DEE,05/08/2025,Atacado,4,879.6,307.84,142.94,Venda
SKU_1652_MOS,05/08/2025,Varejo,1,219.9,54.87,165.03,Venda
SKU_1777_TUR,05/08/2025,Atacado,6,1439.4,503.76,155.94,Venda
SKU_1509_MAG,05/08/2025,E-commerce,1,319.9,87.92,231.98,Venda
SKU_1764_FUC,05/08/2025,E-commerce,2,469.8,111.5,179.15,Venda
SKU_1465_CLE,05/08/2025,Varejo,1,314.9,84.29,230.61,Venda
SKU_1847_MYS,05/08/2025,Atacado,3,809.7,242.91,188.93,Venda
SKU_1769_WHI,05/08/2025,E-commerce,1,324.9,67.72,257.18,Venda
SKU_1782_NAV,05/08/2025,Varejo,1,249.9,40.9,209.0,Venda
SKU_1918_SKY,05/08/2025,Atacado,8,1599.2,639.68,119.94,Venda
SKU_1626_BAB,05/08/2025,Atacado,10,5399.0,1889.6,350.94,Venda
SKU_1756_FLA,05/08/2025,Varejo,1,179.9,27.05,152.85,Venda
SKU_1720_PAL,05/08/2025,Varejo,1,224.9,44.88,180.02,Venda
SKU_2003_BAL,05/08/2025,Varejo,1,239.9,0.0,239.9,Venda
SKU_1781_AQU,05/08/2025,Atacado,3,389.7,155.88,77.94,Venda
SKU_1787_BAB,05/08/2025,E-commerce,1,289.9,47.69,242.21,Venda
SKU_1701_SPA,05/08/2025,Atacado,2,679.8,203.94,237.93,Venda
SKU_1763_MAR,05/08/2025,Atacado,2,599.8,239.92,179.94,Venda
SKU_1762_BRI,05/08/2025,Atacado,6,1529.4,458.82,178.43,Venda
SKU_1576_AQU,05/08/2025,Varejo,2,489.8,96.78,196.51,Venda
SKU_1713_SAL,05/08/2025,Varejo,2,1009.8,234.86,387.47,Venda
SKU_1520_GAR,05/08/2025,Atacado,10,2249.0,674.7,157.43,Venda
SKU_1785_PAS,05/08/2025,Atacado,6,1469.4,440.82,171.43,Venda
SKU_1656_FUC,05/08/2025,Atacado,4,939.6,281.88,164.43,Venda
SKU_1779_MIN,05/08/2025,Atacado,3,644.7,225.66,139.68,Venda
SKU_1609_SAP,05/08/2025,Atacado,5,1349.5,607.3,148.44,Venda
SKU_1712_NAV,05/08/2025,Varejo,1,179.9,44.98,134.92,Venda
SKU_1969_SNO,05/08/2025,Varejo,1,409.9,0.0,409.9,Venda
SKU_1766_MYS,05/08/2025,Varejo,1,394.9,116.04,278.86,Venda
SKU_1754_IVO,05/08/2025,Varejo,2,679.8,189.04,245.38,Venda
SKU_1772_BLU,05/08/2025,Atacado,2,829.8,331.92,248.94,Venda
SKU_1741_PIN,05/08/2025,Varejo,1,239.9,70.03,169.87,Venda
SKU_1784_EGR,05/08/2025,Atacado,6,1859.4,557.82,216.93,Venda
SKU_1699_COB,05/08/2025,Varejo,1,329.9,72.39,257.51,Venda
SKU_1789_SNO,05/08/2025,Varejo,1,269.9,42.29,227.61,Venda
SKU_1781_CLE,05/08/2025,Atacado,2,259.8,90.92,84.44,Venda
SKU_1422_PIN,05/08/2025,Varejo,1,314.9,76.76,238.14,Venda
SKU_1647_ARM,05/08/2025,Varejo,1,339.9,95.86,244.04,Venda
SKU_1794_LIG,05/08/2025,Varejo,1,209.9,35.57,174.33,Venda
SKU_2033_RAS,05/08/2025,Atacado,5,1549.5,464.85,216.93,Venda
SKU_1899_SAG,05/08/2025,Atacado,6,1349.4,539.76,134.94,Venda
SKU_2086_SHO,05/08/2025,E-commerce,1,324.9,0.0,324.9,Venda
SKU_1773_FRE,05/08/2025,Atacado,6,1949.4,779.76,194.94,Venda
SKU_1658_MYS,05/08/2025,Varejo,1,879.9,261.16,618.74,Venda
SKU_1678_LIG,05/08/2025,Varejo,1,714.9,212.7,502.2,Venda
SKU_1684_SHO,05/08/2025,Varejo,1,184.9,52.91,131.99,Venda
SKU_1431_TEA,05/08/2025,Atacado,4,1479.6,517.84,240.44,Venda
SKU_1735_COR,05/08/2025,Varejo,2,539.8,134.34,202.73,Venda
SKU_1737_DEE,05/08/2025,Varejo,3,2309.7,385.59,641.37,Venda
SKU_1779_MIN,05/08/2025,Atacado,3,644.7,257.88,128.94,Venda
SKU_1706_BLA,05/08/2025,Atacado,4,739.6,221.88,129.43,Venda
SKU_1745_FOR,05/08/2025,Varejo,1,409.9,102.87,307.03,Venda
SKU_1398_SPA,05/08/2025,E-commerce,2,1349.8,275.84,536.98,Venda
SKU_1792_MIN,05/08/2025,Varejo,1,439.9,128.47,311.43,Venda
SKU_1747_FUC,05/08/2025,Varejo,1,174.9,38.81,136.09,Venda
SKU_1765_MYS,05/08/2025,Atacado,6,1559.4,701.76,142.94,Venda
SKU_1999_COB,05/08/2025,Atacado,4,939.6,281.88,164.43,Venda
SKU_1875_BAB,05/08/2025,Varejo,1,174.9,0.0,174.9,Venda
SKU_1994_LIM,05/08/2025,Varejo,1,269.9,0.0,269.9,Venda
SKU_1866_DUS,05/08/2025,Varejo,1,324.9,0.0,324.9,Venda
SKU_1701_SPA,05/08/2025,Atacado,5,1699.5,509.85,237.93,Venda
SKU_1686_SKY,05/08/2025,Varejo,1,214.9,42.32,172.58,Venda
SKU_1752_SNO,05/08/2025,Varejo,1,429.9,87.95,341.95,Venda
SKU_1985_WHI,05/08/2025,Varejo,2,819.8,0.0,409.9,Venda
SKU_1682_OLI,05/08/2025,Varejo,1,234.9,64.23,170.67,Venda
SKU_1741_PEA,05/08/2025,Varejo,3,719.7,192.6,175.7,Venda
SKU_1746_NAV,05/08/2025,Atacado,5,899.5,314.8,116.94,Venda
SKU_1649_GAR,05/08/2025,Atacado,6,1409.4,563.76,140.94,Venda
SKU_1728_EGR,05/08/2025,Varejo,1,329.9,56.26,273.64,Venda
SKU_1683_SHO,05/08/2025,Atacado,6,1889.4,566.82,220.43,Venda
SKU_1798_OFF,05/08/2025,E-commerce,1,419.9,72.6,347.3,Venda
SKU_1733_SAG,05/08/2025,Varejo,1,349.9,60.78,289.12,Venda
SKU_1996_SHO,05/08/2025,Atacado,8,1959.2,587.76,171.43,Venda
SKU_1951_COR,05/08/2025,E-commerce,1,254.9,0.0,254.9,Venda
SKU_1790_ROY,05/08/2025,Atacado,2,519.8,155.94,181.93,Venda
SKU_1710_MEX,05/08/2025,Varejo,3,2429.7,469.14,653.52,Venda
SKU_1688_WHI,05/08/2025,Atacado,3,1289.7,386.91,300.93,Venda
SKU_2106_FUC,05/08/2025,Atacado,10,2349.0,704.7,164.43,Venda
SKU_1409_PEA,05/08/2025,Atacado,10,2099.0,629.7,146.93,Venda
SKU_1703_PAS,05/08/2025,Atacado,4,1079.6,377.84,175.44,Venda
SKU_1780_LIG,05/08/2025,Varejo,1,334.9,60.51,274.39,Venda
SKU_1548_HOT,05/08/2025,Varejo,1,474.9,86.0,388.9,Venda
SKU_1681_PIS,05/08/2025,Varejo,1,234.9,57.07,177.83,Venda
SKU_1736_PAS,05/08/2025,Varejo,4,1299.6,294.92,251.17,Venda
SKU_1739_MOS,05/08/2025,E-commerce,1,254.9,43.84,211.06,Venda
SKU_1897_JAD,05/08/2025,Atacado,6,1409.4,493.32,152.68,Venda
SKU_1782_HUN,05/08/2025,Atacado,5,1249.5,437.3,162.44,Venda
SKU_1774_MOS,05/08/2025,Atacado,6,1229.4,430.32,133.18,Venda
SKU_1690_MAG,05/08/2025,Atacado,3,1619.7,566.88,350.94,Venda
SKU_1691_HUN,05/08/2025,Varejo,2,619.8,116.76,251.52,Venda
SKU_1734_FRE,05/08/2025,Varejo,1,349.9,95.42,254.48,Venda
SKU_1742_DEN,05/08/2025,Varejo,1,259.9,42.89,217.01,Venda
SKU_1718_DUS,05/08/2025,Varejo,4,1479.6,234.52,311.27,Venda
SKU_1786_POW,05/08/2025,Varejo,2,359.8,99.32,130.24,Venda
SKU_1814_PRI,05/08/2025,Varejo,1,379.9,0.0,379.9,Venda
SKU_1772_BLU,05/08/2025,Varejo,2,829.8,213.82,307.99,Venda
SKU_1767_PRI,05/08/2025,Atacado,12,2458.8,1106.4,112.7,Venda
SKU_1785_PAS,05/08/2025,Atacado,4,979.6,293.88,171.43,Venda
SKU_1681_PIS,05/08/2025,Atacado,8,1879.2,657.76,152.68,Venda
SKU_1699_CLO,05/08/2025,Atacado,8,2639.2,923.68,214.44,Venda
SKU_1691_ROS,05/08/2025,Atacado,6,1859.4,650.76,201.44,Venda
SKU_1991_GAR,05/08/2025,Atacado,5,1499.5,524.8,194.94,Venda
SKU_1702_LIG,05/08/2025,Atacado,5,3099.5,1239.8,371.94,Venda
SKU_1708_FRE,05/08/2025,Varejo,1,169.9,31.7,138.2,Venda
SKU_1704_PEA,05/08/2025,E-commerce,1,334.9,55.77,279.13,Venda
SKU_1717_CRE,05/08/2025,Atacado,8,2079.2,727.68,168.94,Venda
SKU_1778_MIN,05/08/2025,E-commerce,1,284.9,50.33,234.57,Venda
SKU_2023_MID,05/08/2025,Atacado,10,1599.0,639.6,95.94,Venda
SKU_1711_VAN,05/08/2025,Varejo,2,1989.8,470.6,759.6,Venda
SKU_1492_SKY,05/08/2025,Varejo,3,1124.7,231.96,297.58,Venda
SKU_1745_PEA,05/08/2025,Varejo,1,409.9,107.84,302.06,Venda
SKU_1597_FLA,05/08/2025,Varejo,1,529.9,90.33,439.57,Venda
SKU_1681_OFF,05/08/2025,Varejo,1,234.9,51.59,183.31,Venda
SKU_1756_FLA,05/08/2025,Varejo,1,179.9,35.74,144.16,Venda
SKU_1539_PEA,05/08/2025,Atacado,5,1749.5,612.3,227.44,Venda
SKU_1506_PAL,05/08/2025,Varejo,1,229.9,45.93,183.97,Venda
SKU_1961_LIG,05/08/2025,Varejo,1,414.9,29.04,385.86,Venda
SKU_1758_CLO,05/08/2025,Varejo,1,179.9,43.65,136.25,Venda
SKU_1767_FUC,05/08/2025,Varejo,2,409.8,69.24,170.28,Venda
SKU_1707_SAP,05/08/2025,Varejo,1,279.9,72.63,207.27,Venda
SKU_1720_PAS,05/08/2025,Varejo,1,224.9,38.63,186.27,Venda
SKU_1460_OLI,05/08/2025,Varejo,1,174.9,28.84,146.06,Venda
SKU_1724_PEA,05/08/2025,Atacado,3,3344.7,1337.88,668.94,Venda
SKU_1685_COB,05/08/2025,Varejo,1,664.9,129.23,535.67,Venda
SKU_1755_AQU,05/08/2025,Varejo,2,669.8,179.5,245.15,Venda
SKU_1661_WHI,05/08/2025,Atacado,8,7919.2,2771.68,643.44,Venda
SKU_1704_PEA,05/08/2025,Varejo,2,669.8,158.7,255.55,Venda
SKU_2076_SAG,05/08/2025,Atacado,3,1424.7,498.63,308.69,Venda
SKU_1463_DUS,05/08/2025,Varejo,1,259.9,56.06,203.84,Venda
SKU_1511_CLE,05/08/2025,Varejo,3,2804.7,499.68,768.34,Venda
SKU_1455_TEA,05/08/2025,Atacado,6,2009.4,803.76,200.94,Venda
SKU_2052_NAV,05/08/2025,E-commerce,1,299.9,0.0,299.9,Venda
SKU_1756_FLA,05/08/2025,Varejo,2,359.8,66.16,146.82,Venda
SKU_1772_BLU,05/08/2025,Atacado,3,1244.7,497.88,248.94,Venda
SKU_1722_PAS,05/08/2025,Atacado,4,1299.6,519.84,194.94,Venda
SKU_1693_FLA,05/08/2025,E-commerce,1,204.9,37.29,167.61,Venda
SKU_1620_SAG,05/08/2025,E-commerce,1,264.9,66.63,198.27,Venda
SKU_1715_HON,05/08/2025,E-commerce,1,219.9,64.46,155.44,Venda
SKU_1773_FRE,05/08/2025,Varejo,2,649.8,167.54,241.13,Venda
SKU_1706_BLA,05/08/2025,E-commerce,1,184.9,27.9,157.0,Venda
SKU_1799_DEN,05/08/2025,Varejo,1,269.9,58.99,210.91,Venda
SKU_1455_TEA,05/08/2025,Varejo,2,669.8,125.84,271.98,Venda
SKU_1772_SNO,05/08/2025,Atacado,4,1659.6,497.88,290.43,Venda
SKU_1787_BAB,05/08/2025,Atacado,3,869.7,304.38,188.44,Venda
SKU_1547_FUC,05/08/2025,Atacado,8,2639.2,923.68,214.44,Venda
SKU_1789_EME,05/08/2025,Atacado,2,539.8,215.92,161.94,Venda
SKU_1448_SEA,05/08/2025,Atacado,3,539.7,188.88,116.94,Venda
SKU_1764_FUC,05/08/2025,Varejo,1,234.9,41.14,193.76,Venda
SKU_1778_MIN,05/08/2025,Varejo,1,284.9,43.48,241.42,Venda
SKU_1414_DUS,05/08/2025,Atacado,2,679.8,271.92,203.94,Venda
SKU_1567_POW,05/08/2025,Atacado,6,4139.4,1448.76,448.44,Venda
SKU_1406_SHO,05/08/2025,Varejo,2,699.8,137.86,280.97,Venda
SKU_1730_MIN,05/08/2025,E-commerce,1,319.9,49.56,270.34,Venda
SKU_2034_DUS,05/08/2025,Varejo,1,169.9,0.0,169.9,Venda
SKU_1727_LIG,05/08/2025,Varejo,1,154.9,41.41,113.49,Venda
SKU_1841_LIM,05/08/2025,Atacado,2,289.8,101.44,94.18,Venda
SKU_1718_DUS,05/08/2025,Varejo,1,369.9,58.47,311.43,Venda
SKU_1913_PIS,05/08/2025,Atacado,2,389.8,116.94,136.43,Venda
SKU_1739_AQU,05/08/2025,E-commerce,1,254.9,45.16,209.74,Venda
SKU_2043_WHI,05/08/2025,Atacado,10,3499.0,1574.5,192.45,Venda
SKU_1609_SAP,05/08/2025,Varejo,1,269.9,80.18,189.72,Venda
SKU_1708_FLA,05/08/2025,Varejo,2,339.8,60.18,139.81,Venda
SKU_1709_CRE,05/08/2025,E-commerce,1,209.9,38.33,171.57,Venda
SKU_1704_BAB,05/08/2025,E-commerce,1,334.9,62.34,272.56,Venda
SKU_1687_WHI,05/08/2025,Atacado,4,3599.6,1439.84,539.94,Venda
SKU_1518_CLE,05/08/2025,Varejo,1,234.9,61.13,173.77,Venda
SKU_1746_EME,05/08/2025,Varejo,2,359.8,100.68,129.56,Venda
SKU_1651_PAS,05/08/2025,Varejo,1,264.9,50.32,214.58,Venda
SKU_1532_EME,05/08/2025,Varejo,1,979.9,247.14,732.76,Venda
SKU_1780_LIG,05/08/2025,E-commerce,1,334.9,79.46,255.44,Venda
SKU_1791_IVO,05/08/2025,Atacado,5,1324.5,529.8,158.94,Venda
SKU_1557_TUR,05/08/2025,Varejo,1,199.9,51.66,148.24,Venda
SKU_1781_CLE,05/08/2025,Atacado,2,259.8,90.92,84.44,Venda
SKU_1717_MIN,05/08/2025,Varejo,1,259.9,42.72,217.18,Venda
SKU_1751_BLU,05/08/2025,Atacado,6,1979.4,692.76,214.44,Venda
SKU_1769_EME,05/08/2025,E-commerce,1,324.9,81.71,243.19,Venda
SKU_1527_TEA,05/08/2025,Atacado,3,2729.7,955.38,591.44,Venda
SKU_2104_LIG,05/08/2025,Varejo,1,224.9,0.0,224.9,Venda
SKU_1735_COR,05/08/2025,Varejo,2,539.8,143.84,197.98,Venda
SKU_1794_LIG,05/08/2025,E-commerce,1,209.9,52.79,157.11,Venda
SKU_1399_CRE,05/08/2025,Atacado,6,1619.4,485.82,188.93,Venda
SKU_1724_PEA,05/08/2025,Varejo,1,1114.9,333.56,781.34,Venda
SKU_1849_GAR,05/08/2025,Atacado,12,3958.8,1583.52,197.94,Venda
SKU_1978_ROS,05/08/2025,Varejo,1,249.9,0.0,249.9,Venda
SKU_1462_OFF,05/08/2025,Atacado,5,1824.5,547.35,255.43,Venda
SKU_1691_HUN,05/08/2025,Atacado,3,929.7,325.38,201.44,Venda
SKU_1749_SNO,05/08/2025,Atacado,5,1749.5,699.8,209.94,Venda
SKU_1788_EME,05/08/2025,Varejo,1,249.9,41.57,208.33,Venda
SKU_1570_HON,05/08/2025,Varejo,1,714.9,188.22,526.68,Venda
SKU_1774_COB,05/08/2025,Atacado,3,614.7,184.41,143.43,Venda
SKU_1798_MOS,05/08/2025,Atacado,8,3359.2,1175.68,272.94,Venda
SKU_1752_SPA,05/08/2025,Varejo,1,429.9,73.7,356.2,Venda
SKU_1781_AQU,05/08/2025,E-commerce,1,129.9,31.52,98.38,Venda
SKU_1761_MOS,05/08/2025,Varejo,3,3314.7,776.64,846.02,Venda
SKU_1686_MOS,05/08/2025,Atacado,8,1719.2,515.76,150.43,Venda
SKU_1500_PAS,05/08/2025,Varejo,1,259.9,66.24,193.66,Venda
SKU_1707_SAP,05/08/2025,Varejo,2,559.8,108.1,225.85,Venda
SKU_2035_AQU,05/08/2025,Atacado,5,1124.5,449.8,134.94,Venda
SKU_1747_TEA,05/08/2025,Atacado,5,874.5,262.35,122.43,Venda
SKU_1411_BLU,05/08/2025,E-commerce,1,224.9,62.96,161.94,Venda
SKU_1702_COR,05/08/2025,Varejo,2,1239.8,319.26,460.27,Venda
SKU_1785_PAS,05/08/2025,Varejo,2,489.8,118.94,185.43,Venda
SKU_1767_FUC,05/08/2025,Varejo,1,204.9,35.53,169.37,Venda
SKU_1557_SAG,05/08/2025,Atacado,4,799.6,279.84,129.94,Venda
SKU_1652_MOS,05/08/2025,Atacado,2,439.8,131.94,153.93,Venda
SKU_1961_SHO,05/08/2025,Varejo,1,414.9,29.04,385.86,Venda
SKU_1717_CRE,05/08/2025,Varejo,1,259.9,72.85,187.05,Venda
SKU_1801_MOS,05/08/2025,Varejo,1,374.9,83.58,291.32,Venda
SKU_1692_BLU,05/08/2025,Atacado,5,1099.5,384.8,142.94,Venda
SKU_1548_CLO,05/08/2025,Varejo,4,1899.6,353.28,386.58,Venda
SKU_1654_CRE,05/08/2025,Varejo,1,309.9,90.78,219.12,Venda
SKU_1695_LIM,05/08/2025,Varejo,1,209.9,48.39,161.51,Venda
SKU_1680_NAV,05/08/2025,E-commerce,1,334.9,93.15,241.75,Venda
SKU_1602_AQU,05/08/2025,E-commerce,1,229.9,51.22,178.68,Venda
SKU_1700_HUN,05/08/2025,Varejo,1,699.9,174.06,525.84,Venda
SKU_1482_SHO,05/08/2025,Atacado,10,4449.0,1334.7,311.43,Venda
SKU_1722_PAS,05/08/2025,E-commerce,1,324.9,63.12,261.78,Venda
SKU_1608_WHI,05/08/2025,Varejo,1,304.9,89.12,215.78,Venda
SKU_1550_PAL,05/08/2025,Atacado,8,1319.2,461.76,107.18,Venda
SKU_1724_PIN,05/08/2025,E-commerce,1,1114.9,261.55,853.35,Venda
SKU_1716_AQU,05/08/2025,Atacado,4,659.6,230.88,107.18,Venda
SKU_1748_COB,05/08/2025,Varejo,1,309.9,68.08,241.82,Venda
SKU_1800_SKY,05/08/2025,Varejo,2,559.8,110.62,224.59,Venda
SKU_1521_MOS,05/08/2025,Atacado,10,1899.0,664.6,123.44,Venda
SKU_1758_HON,05/08/2025,Varejo,1,179.9,40.77,139.13,Venda
SKU_1781_AQU,05/08/2025,Varejo,1,129.9,34.64,95.26,Venda
SKU_1389_BAB,05/08/2025,Varejo,1,139.9,24.98,114.92,Venda
SKU_1779_LIG,05/08/2025,Atacado,6,1289.4,386.82,150.43,Venda
SKU_2017_FRE,05/08/2025,Varejo,1,284.9,0.0,284.9,Venda
SKU_1743_DEE,05/08/2025,E-commerce,1,439.9,111.67,328.23,Venda
SKU_1791_IVO,05/08/2025,Atacado,10,2649.0,1059.6,158.94,Venda
SKU_1800_SKY,05/08/2025,Varejo,2,559.8,137.7,211.05,Venda
SKU_1461_NAV,05/08/2025,Atacado,5,5349.5,2139.8,641.94,Venda
SKU_1618_SAP,05/08/2025,Atacado,5,899.5,269.85,125.93,Venda
SKU_1730_MIN,05/08/2025,E-commerce,1,319.9,61.06,258.84,Venda
SKU_1662_PIS,05/08/2025,Varejo,2,399.8,118.94,140.43,Venda
SKU_1713_SNO,05/08/2025,Varejo,1,504.9,92.03,412.87,Venda
SKU_1612_SNO,05/08/2025,Varejo,1,329.9,75.15,254.75,Venda
SKU_1719_OFF,05/08/2025,Atacado,6,1919.4,863.7,175.95,Venda
SKU_1789_SNO,05/08/2025,Varejo,1,269.9,47.35,222.55,Venda
SKU_1748_BAB,05/08/2025,Atacado,10,3099.0,1394.5,170.45,Venda
SKU_1764_FUC,05/08/2025,Varejo,1,234.9,53.27,181.63,Venda
SKU_1755_AQU,05/08/2025,Varejo,1,334.9,67.2,267.7,Venda
SKU_1760_OFF,05/08/2025,Atacado,8,1999.2,699.68,162.44,Venda
SKU_1706_JAD,05/08/2025,Varejo,1,184.9,41.7,143.2,Venda
SKU_1716_AQU,05/08/2025,Atacado,4,659.6,197.88,115.43,Venda
SKU_1460_FUC,05/08/2025,Atacado,6,1049.4,367.32,113.68,Venda
SKU_1704_BAB,05/08/2025,Varejo,1,334.9,93.71,241.19,Venda
SKU_1791_IVO,05/08/2025,E-commerce,2,529.8,152.92,188.44,Venda
SKU_1744_LIG,05/08/2025,E-commerce,3,794.7,234.03,186.89,Venda
SKU_1770_DEE,05/08/2025,Atacado,6,1319.4,461.76,142.94,Venda
SKU_1655_SNO,05/08/2025,Atacado,5,3224.5,967.35,451.43,Venda
SKU_1661_WHI,05/08/2025,Varejo,2,1979.8,426.82,776.49,Venda
SKU_1696_SHO,05/08/2025,Atacado,5,1399.5,489.8,181.94,Venda
SKU_1719_WHI,05/08/2025,Atacado,4,1279.6,447.84,207.94,Venda
SKU_1694_SER,05/08/2025,Atacado,3,839.7,251.91,195.93,Venda
SKU_1721_COR,05/08/2025,Varejo,1,419.9,108.62,311.28,Venda
SKU_1787_BAB,05/08/2025,Varejo,2,579.8,133.1,223.35,Venda
SKU_1751_MIN,05/08/2025,Varejo,1,329.9,53.61,276.29,Venda
SKU_1687_FOR,05/08/2025,Atacado,6,5399.4,1619.82,629.93,Venda
SKU_1408_FUC,05/08/2025,Varejo,3,2759.7,661.32,699.46,Venda
SKU_1789_SNO,05/08/2025,Atacado,4,1079.6,377.84,175.44,Venda
SKU_1744_LIG,05/08/2025,Varejo,1,264.9,43.36,221.54,Venda
SKU_1715_JAD,05/08/2025,Atacado,2,439.8,197.92,120.94,Venda
SKU_1572_BAL,05/08/2025,Varejo,1,139.9,35.56,104.34,Venda
SKU_1733_SAG,05/08/2025,Varejo,1,349.9,86.74,263.16,Venda
SKU_1747_TEA,05/08/2025,Atacado,6,1049.4,367.32,113.68,Venda
SKU_1688_LIG,05/08/2025,Atacado,8,3439.2,1031.76,300.93,Venda
SKU_1801_FLA,05/08/2025,Atacado,5,1874.5,656.05,243.69,Venda
SKU_1795_RAS,05/08/2025,Varejo,1,299.9,58.88,241.02,Venda
SKU_1795_HUN,05/08/2025,E-commerce,1,299.9,84.33,215.57,Venda
SKU_1701_SPA,05/08/2025,Varejo,1,339.9,74.94,264.96,Venda
SKU_1742_DEN,05/08/2025,Atacado,3,779.7,233.91,181.93,Venda
SKU_1961_LIG,05/08/2025,Atacado,2,829.8,248.94,290.43,Venda
SKU_1793_WHI,05/08/2025,Varejo,2,379.8,86.06,146.87,Venda
SKU_1405_FLA,05/08/2025,Atacado,2,429.8,171.92,128.94,Venda
SKU_1834_MAG,05/08/2025,Varejo,1,399.9,0.0,399.9,Venda
SKU_1597_SHO,05/08/2025,Atacado,12,6358.8,1907.64,370.93,Venda
SKU_1781_AQU,05/08/2025,Atacado,5,649.5,259.8,77.94,Venda
SKU_1600_LIG,05/08/2025,Atacado,12,4738.8,1658.52,256.69,Venda
SKU_1711_VAN,05/08/2025,Varejo,1,994.9,268.84,726.06,Venda
SKU_1715_JAD,05/08/2025,Varejo,1,219.9,53.53,166.37,Venda
SKU_1596_BIR,05/08/2025,Atacado,4,1099.6,329.88,192.43,Venda
SKU_1626_DEN,05/08/2025,Atacado,3,1619.7,485.91,377.93,Venda
SKU_1693_MEX,05/08/2025,E-commerce,1,204.9,43.44,161.46,Venda
SKU_1702_COR,05/08/2025,Varejo,2,1239.8,300.54,469.63,Venda
SKU_1691_HUN,05/08/2025,Varejo,1,309.9,70.87,239.03,Venda
SKU_1663_FLA,05/08/2025,Atacado,8,6359.2,1907.76,556.43,Venda
SKU_1611_BRI,05/08/2025,Varejo,1,219.9,54.77,165.13,Venda
SKU_1785_HUN,05/08/2025,Atacado,5,1224.5,489.8,146.94,Venda
SKU_1705_SER,05/08/2025,E-commerce,2,819.8,138.54,340.63,Venda
SKU_1774_MOS,05/08/2025,E-commerce,1,204.9,39.47,165.43,Venda
SKU_1654_NAV,05/08/2025,E-commerce,1,309.9,52.9,257.0,Venda
SKU_1769_WHI,05/08/2025,E-commerce,1,324.9,57.98,266.92,Venda
SKU_1797_BLU,05/08/2025,Atacado,5,1899.5,664.8,246.94,Venda
SKU_1776_PAS,05/08/2025,Atacado,12,3958.8,1385.52,214.44,Venda
SKU_1667_MID,05/08/2025,Varejo,1,209.9,41.88,168.02,Venda
SKU_1857_PAS,05/08/2025,Atacado,6,1439.4,503.76,155.94,Venda
SKU_1936_WHI,05/08/2025,Atacado,8,1039.2,311.76,90.93,Venda
SKU_1750_SNO,05/08/2025,Atacado,4,1479.6,443.88,258.93,Venda
SKU_1534_MYS,05/08/2025,Atacado,3,599.7,209.88,129.94,Venda
SKU_1735_COR,05/08/2025,Atacado,6,1619.4,647.76,161.94,Venda
SKU_1530_HON,05/08/2025,Atacado,8,1039.2,363.68,84.44,Venda
SKU_1661_CER,05/08/2025,Atacado,4,3959.6,1385.84,643.44,Venda
SKU_1627_BAB,05/08/2025,Varejo,2,659.8,121.5,269.15,Venda
SKU_1994_COB,05/08/2025,Atacado,6,1619.4,485.82,188.93,Venda
SKU_1734_FRE,05/08/2025,Varejo,2,699.8,181.1,259.35,Venda
SKU_1700_PIS,05/08/2025,Varejo,2,1399.8,293.5,553.15,Venda
SKU_1422_PIN,05/08/2025,Atacado,6,1889.4,755.76,188.94,Venda
SKU_1713_SNO,05/08/2025,Varejo,1,504.9,94.61,410.29,Venda
SKU_2011_TUR,05/08/2025,Varejo,2,509.8,0.0,254.9,Venda
SKU_1742_DEN,05/08/2025,Varejo,1,259.9,61.82,198.08,Venda
SKU_1534_MYS,05/08/2025,Atacado,5,999.5,349.8,129.94,Venda
SKU_2025_BAB,05/08/2025,E-commerce,1,229.9,16.09,213.81,Venda
SKU_1682_OLI,05/08/2025,Atacado,5,1174.5,411.1,152.68,Venda
SKU_1800_SKY,05/08/2025,Varejo,1,279.9,50.75,229.15,Venda
SKU_1730_OFF,05/08/2025,E-commerce,2,639.8,135.38,252.21,Venda
SKU_1637_BLU,05/08/2025,Varejo,1,919.9,195.85,724.05,Venda
SKU_1799_DEN,05/08/2025,Atacado,8,2159.2,755.68,175.44,Venda
SKU_1784_BLA,05/08/2025,Atacado,2,619.8,185.94,216.93,Venda
SKU_1783_BAB,06/08/2025,E-commerce,1,1199.9,306.85,893.05,Venda
SKU_1730_OFF,06/08/2025,Atacado,10,3199.0,959.7,223.93,Venda
SKU_1561_LIM,06/08/2025,Varejo,3,1049.7,242.52,269.06,Venda
SKU_1751_MIN,06/08/2025,Varejo,1,329.9,87.63,242.27,Venda
SKU_1735_COR,06/08/2025,Atacado,4,1079.6,431.84,161.94,Venda
SKU_1638_SAP,06/08/2025,E-commerce,1,1139.9,265.27,874.63,Venda
SKU_1752_SPA,06/08/2025,Varejo,1,429.9,96.99,332.91,Venda
SKU_1529_HUN,06/08/2025,Atacado,4,979.6,342.88,159.18,Venda
SKU_1602_AQU,06/08/2025,Atacado,6,1379.4,413.82,160.93,Venda
SKU_1729_FUC,06/08/2025,E-commerce,1,174.9,32.88,142.02,Venda
SKU_1702_COR,06/08/2025,Atacado,6,3719.4,1301.76,402.94,Venda
SKU_1715_HON,06/08/2025,Atacado,8,1759.2,703.68,131.94,Venda
SKU_1457_MAG,06/08/2025,Varejo,3,479.7,100.17,126.51,Venda
SKU_1686_SKY,06/08/2025,E-commerce,1,214.9,48.84,166.06,Venda
SKU_1788_EME,06/08/2025,Atacado,2,499.8,199.92,149.94,Venda
SKU_1742_DEN,06/08/2025,Varejo,1,259.9,75.52,184.38,Venda
SKU_1756_BUB,06/08/2025,E-commerce,1,179.9,48.72,131.18,Venda
SKU_1619_IVO,06/08/2025,Varejo,1,199.9,47.88,152.02,Venda
SKU_2036_SPA,06/08/2025,Varejo,2,479.8,0.0,239.9,Venda
SKU_1746_EME,06/08/2025,Atacado,6,1079.4,323.82,125.93,Venda
SKU_2035_AQU,06/08/2025,Varejo,1,224.9,0.0,224.9,Venda
SKU_1795_HUN,06/08/2025,E-commerce,1,299.9,86.96,212.94,Venda
SKU_1797_BLU,06/08/2025,E-commerce,1,379.9,65.58,314.32,Venda
SKU_1787_BAB,06/08/2025,Atacado,4,1159.6,347.88,202.93,Venda
SKU_1711_VAN,06/08/2025,Varejo,1,994.9,207.19,787.71,Venda
SKU_1705_JAD,06/08/2025,Varejo,1,409.9,68.92,340.98,Venda
SKU_1893_TEA,06/08/2025,E-commerce,1,629.9,0.0,629.9,Venda
SKU_1499_RAS,06/08/2025,Varejo,1,259.9,39.2,220.7,Venda
SKU_1797_BLU,06/08/2025,Varejo,1,379.9,103.2,276.7,Venda
SKU_1741_PEA,06/08/2025,Atacado,2,479.8,191.92,143.94,Venda
SKU_1764_MAR,06/08/2025,Varejo,3,704.7,121.71,194.33,Venda
SKU_1712_NAV,06/08/2025,Atacado,5,899.5,269.85,125.93,Venda
SKU_1753_PAL,06/08/2025,Atacado,5,3949.5,1184.85,552.93,Venda
SKU_1880_DUS,06/08/2025,Varejo,1,849.9,0.0,849.9,Venda
SKU_1748_BAB,06/08/2025,Varejo,1,309.9,65.44,244.46,Venda
SKU_1704_BAB,06/08/2025,Varejo,1,334.9,96.24,238.66,Venda
SKU_1699_CLO,06/08/2025,Atacado,5,1649.5,494.85,230.93,Venda
SKU_1772_SNO,06/08/2025,Varejo,1,414.9,75.44,339.46,Venda
SKU_1747_TEA,06/08/2025,Atacado,3,524.7,157.41,122.43,Venda
SKU_1705_JAD,06/08/2025,Varejo,2,819.8,178.24,320.78,Venda
SKU_1466_PRI,06/08/2025,Atacado,6,1619.4,566.76,175.44,Venda
SKU_1699_COB,06/08/2025,Atacado,5,1649.5,577.3,214.44,Venda
SKU_1713_SNO,06/08/2025,Varejo,1,504.9,84.61,420.29,Venda
SKU_1537_SAP,06/08/2025,E-commerce,1,254.9,73.92,180.98,Venda
SKU_1632_SPA,06/08/2025,Atacado,6,1109.4,332.82,129.43,Venda
SKU_1760_PAS,06/08/2025,Varejo,1,249.9,71.76,178.14,Venda
SKU_1730_MIN,06/08/2025,Atacado,10,3199.0,1279.6,191.94,Venda
SKU_1801_MOS,06/08/2025,Atacado,4,1499.6,674.8,206.2,Venda
SKU_1684_SHO,06/08/2025,Varejo,2,369.8,75.64,147.08,Venda
SKU_1694_PIS,06/08/2025,E-commerce,1,279.9,60.83,219.07,Venda
SKU_1680_NAV,06/08/2025,Atacado,6,2009.4,803.76,200.94,Venda
SKU_1579_SAG,06/08/2025,Atacado,4,919.6,275.88,160.93,Venda
SKU_2004_AQU,06/08/2025,Varejo,2,449.8,31.48,209.16,Venda
SKU_1413_JAD,06/08/2025,Varejo,1,184.9,42.6,142.3,Venda
SKU_1683_PAL,06/08/2025,Atacado,4,1259.6,440.84,204.69,Venda
SKU_1543_BAB,06/08/2025,E-commerce,1,734.9,157.4,577.5,Venda
SKU_1658_BAB,06/08/2025,Atacado,4,3519.6,1055.88,615.93,Venda
SKU_1518_CLE,06/08/2025,Atacado,2,469.8,140.94,164.43,Venda
SKU_1458_MIN,06/08/2025,E-commerce,1,349.9,56.51,293.39,Venda
SKU_1801_MOS,06/08/2025,Varejo,1,374.9,61.1,313.8,Venda
SKU_1731_ARM,06/08/2025,Varejo,1,909.9,144.72,765.18,Venda
SKU_1776_PAS,06/08/2025,Varejo,1,329.9,81.66,248.24,Venda
SKU_1646_CLE,06/08/2025,Varejo,1,204.9,39.16,165.74,Venda
SKU_1682_BIR,06/08/2025,E-commerce,1,234.9,51.46,183.44,Venda
SKU_1889_BIR,06/08/2025,E-commerce,1,269.9,0.0,269.9,Venda
SKU_1769_EME,06/08/2025,Atacado,5,1624.5,649.8,194.94,Venda
SKU_1778_MIN,06/08/2025,Varejo,1,284.9,43.12,241.78,Venda
SKU_1604_CLE,06/08/2025,Varejo,1,604.9,108.13,496.77,Venda
SKU_1695_LIM,06/08/2025,Varejo,1,209.9,47.61,162.29,Venda
SKU_1778_TEA,06/08/2025,Varejo,1,284.9,70.85,214.05,Venda
SKU_1767_FUC,06/08/2025,Atacado,2,409.8,122.94,143.43,Venda
SKU_1746_NAV,06/08/2025,E-commerce,1,179.9,38.12,141.78,Venda
SKU_1899_SAP,06/08/2025,Atacado,5,1124.5,393.6,146.18,Venda
SKU_1787_BAB,06/08/2025,Atacado,8,2319.2,811.68,188.44,Venda
SKU_1681_PIS,06/08/2025,Atacado,4,939.6,328.88,152.68,Venda
SKU_1791_ARM,06/08/2025,E-commerce,1,264.9,59.8,205.1,Venda
SKU_1448_SEA,06/08/2025,Atacado,10,1799.0,539.7,125.93,Venda
SKU_1620_SAG,06/08/2025,Varejo,1,264.9,59.87,205.03,Venda
SKU_1436_PAS,06/08/2025,Varejo,2,559.8,139.38,210.21,Venda
SKU_1767_FUC,06/08/2025,Varejo,2,409.8,63.18,173.31,Venda
SKU_1793_MIN,06/08/2025,Atacado,3,569.7,199.38,123.44,Venda
SKU_1786_POW,06/08/2025,Varejo,1,179.9,51.34,128.56,Venda
SKU_1800_MOS,06/08/2025,Atacado,5,1399.5,419.85,195.93,Venda
SKU_1754_SER,06/08/2025,Atacado,12,4078.8,1223.64,237.93,Venda
SKU_1742_DEN,06/08/2025,Varejo,4,1039.6,255.04,196.14,Venda
SKU_1799_DEN,06/08/2025,Varejo,4,1079.6,214.96,216.16,Venda
SKU_1785_PAS,06/08/2025,Atacado,4,979.6,342.88,159.18,Venda
SKU_1770_JAD,06/08/2025,Atacado,5,1099.5,439.8,131.94,Venda
SKU_1759_CLE,06/08/2025,Atacado,3,809.7,283.38,175.44,Venda
SKU_1759_COB,06/08/2025,Atacado,8,2159.2,647.76,188.93,Venda
SKU_1775_PAS,06/08/2025,Atacado,10,2799.0,979.6,181.94,Venda
SKU_1689_MAG,06/08/2025,Atacado,12,11578.8,3473.64,675.43,Venda
SKU_1747_FUC,06/08/2025,Atacado,4,699.6,244.88,113.68,Venda
SKU_1391_SEA,06/08/2025,Atacado,12,3418.8,1025.64,199.43,Venda
SKU_1733_SAG,06/08/2025,Varejo,1,349.9,96.6,253.3,Venda
SKU_1755_BIR,06/08/2025,Atacado,5,1674.5,502.35,234.43,Venda
SKU_1700_PIS,06/08/2025,Atacado,3,2099.7,734.88,454.94,Venda
SKU_1717_CRE,06/08/2025,Atacado,3,779.7,272.88,168.94,Venda
SKU_1727_WHI,06/08/2025,Varejo,4,619.6,183.68,108.98,Venda
SKU_1778_TEA,06/08/2025,Varejo,2,569.8,152.46,208.67,Venda
SKU_2076_MIN,06/08/2025,Atacado,10,4749.0,1662.1,308.69,Venda
SKU_1791_ARM,06/08/2025,Varejo,1,264.9,53.73,211.17,Venda
SKU_2061_POW,06/08/2025,E-commerce,1,209.9,0.0,209.9,Venda
SKU_1793_MIN,06/08/2025,Atacado,3,569.7,227.88,113.94,Venda
SKU_1751_MIN,06/08/2025,Atacado,4,1319.6,461.84,214.44,Venda
SKU_1619_PAS,06/08/2025,Varejo,4,799.6,208.76,147.71,Venda
SKU_1714_DEE,06/08/2025,Varejo,2,609.8,162.36,223.72,Venda
SKU_1794_FLA,06/08/2025,Atacado,4,839.6,335.84,125.94,Venda
SKU_1556_HUN,06/08/2025,Atacado,10,2049.0,614.7,143.43,Venda
SKU_1700_HUN,06/08/2025,Atacado,6,4199.4,1469.76,454.94,Venda
SKU_1395_TUR,06/08/2025,Varejo,1,289.9,86.38,203.52,Venda
SKU_1682_BIR,06/08/2025,Varejo,1,234.9,58.5,176.4,Venda
SKU_1619_PAS,06/08/2025,Atacado,2,399.8,139.92,129.94,Venda
SKU_1716_SAL,06/08/2025,Atacado,4,659.6,197.88,115.43,Venda
SKU_1775_PAS,06/08/2025,Varejo,1,279.9,57.08,222.82,Venda
SKU_1689_MAG,06/08/2025,Varejo,3,2894.7,552.66,780.68,Venda
SKU_1715_HON,06/08/2025,Varejo,1,219.9,64.15,155.75,Venda
SKU_1688_WHI,06/08/2025,Varejo,1,429.9,86.87,343.03,Venda
SKU_1422_PIN,06/08/2025,Varejo,1,314.9,79.5,235.4,Venda
SKU_1430_PEA,06/08/2025,Atacado,5,899.5,314.8,116.94,Venda
SKU_1712_NAV,06/08/2025,Atacado,5,899.5,314.8,116.94,Venda
SKU_1605_VAN,06/08/2025,Varejo,1,219.9,57.38,162.52,Venda
SKU_1732_OFF,06/08/2025,E-commerce,1,1114.9,293.38,821.52,Venda
SKU_1400_PAL,06/08/2025,Atacado,6,1259.4,503.76,125.94,Venda
SKU_1749_BIR,06/08/2025,Varejo,1,349.9,88.55,261.35,Venda
SKU_1725_BAB,06/08/2025,Varejo,1,244.9,46.57,198.33,Venda
SKU_1480_SNO,06/08/2025,Varejo,1,369.9,56.6,313.3,Venda
SKU_1780_AQU,06/08/2025,Atacado,10,3349.0,1172.1,217.69,Venda
SKU_1731_ARM,06/08/2025,Atacado,10,9099.0,2729.7,636.93,Venda
SKU_1761_MOS,06/08/2025,Atacado,5,5524.5,1933.6,718.18,Venda
SKU_1403_DUS,06/08/2025,Atacado,4,1539.6,538.84,250.19,Venda
SKU_1739_AQU,06/08/2025,Atacado,6,1529.4,611.76,152.94,Venda
SKU_1814_PAS,06/08/2025,Varejo,1,379.9,0.0,379.9,Venda
SKU_1493_CLO,06/08/2025,Atacado,3,989.7,346.38,214.44,Venda
SKU_1626_DEN,06/08/2025,Varejo,1,539.9,90.51,449.39,Venda
SKU_1740_OLI,06/08/2025,Atacado,4,859.6,300.88,139.68,Venda
SKU_1755_BIR,06/08/2025,Atacado,4,1339.6,468.84,217.69,Venda
SKU_1790_ROY,06/08/2025,Atacado,8,2079.2,727.68,168.94,Venda
SKU_1541_AQU,06/08/2025,Varejo,1,674.9,188.74,486.16,Venda
SKU_1713_SAL,06/08/2025,Atacado,4,2019.6,605.88,353.43,Venda
SKU_1700_HUN,06/08/2025,Varejo,2,1399.8,317.32,541.24,Venda
SKU_1686_SKY,06/08/2025,Varejo,1,214.9,41.66,173.24,Venda
SKU_1397_SNO,06/08/2025,Varejo,1,234.9,58.8,176.1,Venda
SKU_1772_SNO,06/08/2025,E-commerce,1,414.9,119.21,295.69,Venda
SKU_1547_IVO,06/08/2025,Atacado,8,2639.2,923.68,214.44,Venda
SKU_1550_PAL,06/08/2025,Atacado,4,659.6,263.84,98.94,Venda
SKU_1682_BIR,06/08/2025,Atacado,5,1174.5,411.1,152.68,Venda
SKU_1662_PIS,06/08/2025,Atacado,12,2398.8,959.52,119.94,Venda
SKU_1466_PRI,06/08/2025,Varejo,1,269.9,48.59,221.31,Venda
SKU_1726_PAS,06/08/2025,E-commerce,3,1289.7,205.95,361.25,Venda
SKU_1738_BLU,06/08/2025,E-commerce,1,194.9,45.31,149.59,Venda
SKU_1791_IVO,06/08/2025,Varejo,2,529.8,88.28,220.76,Venda
SKU_1659_SNO,06/08/2025,Atacado,3,3074.7,1076.16,666.18,Venda
SKU_1985_WHI,06/08/2025,Atacado,2,819.8,286.92,266.44,Venda
SKU_1686_MOS,06/08/2025,Atacado,10,2149.0,752.2,139.68,Venda
SKU_1758_HON,06/08/2025,Varejo,1,179.9,40.1,139.8,Venda
SKU_1675_DEN,06/08/2025,Varejo,1,764.9,217.4,547.5,Venda
SKU_1728_EGR,06/08/2025,Atacado,3,989.7,296.91,230.93,Venda
SKU_1778_MIN,06/08/2025,Atacado,4,1139.6,455.84,170.94,Venda
SKU_1788_MYS,06/08/2025,Varejo,1,249.9,50.56,199.34,Venda
SKU_1583_WHI,06/08/2025,Atacado,5,1274.5,446.1,165.68,Venda
SKU_1680_NAV,06/08/2025,Atacado,8,2679.2,937.68,217.69,Venda
SKU_1786_POW,06/08/2025,Atacado,5,899.5,314.8,116.94,Venda
SKU_1748_BAB,06/08/2025,Atacado,2,619.8,216.92,201.44,Venda
SKU_1709_MAR,06/08/2025,Varejo,3,629.7,100.41,176.43,Venda
SKU_1750_MIN,06/08/2025,Atacado,10,3699.0,1109.7,258.93,Venda
SKU_1760_OFF,06/08/2025,Varejo,1,249.9,46.43,203.47,Venda
SKU_1719_OFF,06/08/2025,Varejo,1,319.9,88.66,231.24,Venda
SKU_1852_FOR,06/08/2025,Varejo,1,499.9,0.0,499.9,Venda
SKU_1782_HUN,06/08/2025,E-commerce,1,249.9,61.48,188.42,Venda
SKU_1566_PEA,06/08/2025,Atacado,6,6209.4,2173.32,672.68,Venda
SKU_1736_PAS,06/08/2025,Atacado,2,649.8,194.94,227.43,Venda
SKU_2080_FLA,06/08/2025,Atacado,6,1439.4,503.76,155.94,Venda
SKU_1798_MOS,06/08/2025,Atacado,2,839.8,293.92,272.94,Venda
SKU_1687_FOR,06/08/2025,Atacado,2,1799.8,539.94,629.93,Venda
SKU_1784_BLA,06/08/2025,Varejo,4,1239.6,234.56,251.26,Venda
SKU_1463_DUS,06/08/2025,E-commerce,1,259.9,47.55,212.35,Venda
SKU_1771_EME,06/08/2025,Atacado,6,1589.4,556.26,172.19,Venda
SKU_1752_SNO,06/08/2025,E-commerce,1,429.9,87.38,342.52,Venda
SKU_1752_SNO,06/08/2025,Varejo,1,429.9,70.17,359.73,Venda
SKU_1797_GAR,06/08/2025,Atacado,3,1139.7,341.91,265.93,Venda
SKU_1681_OFF,06/08/2025,Atacado,2,469.8,164.44,152.68,Venda
SKU_1696_SER,06/08/2025,Varejo,1,279.9,81.74,198.16,Venda
SKU_1622_CLO,06/08/2025,Varejo,1,269.9,79.72,190.18,Venda
SKU_1944_PIS,06/08/2025,Varejo,1,399.9,0.0,399.9,Venda
SKU_1703_BLU,06/08/2025,E-commerce,1,269.9,60.16,209.74,Venda
SKU_1769_WHI,06/08/2025,Atacado,3,974.7,341.13,211.19,Venda
SKU_1728_EGR,06/08/2025,Atacado,10,3299.0,1154.6,214.44,Venda
SKU_1794_LIG,06/08/2025,Atacado,3,629.7,251.88,125.94,Venda
SKU_1681_OFF,06/08/2025,Atacado,6,1409.4,422.82,164.43,Venda
SKU_1888_SEA,06/08/2025,Atacado,12,2398.8,719.64,139.93,Venda
SKU_1800_SKY,06/08/2025,E-commerce,1,279.9,56.94,222.96,Venda
SKU_1793_MIN,06/08/2025,E-commerce,1,189.9,56.21,133.69,Venda
SKU_1680_SEA,06/08/2025,Varejo,1,334.9,98.97,235.93,Venda
SKU_1700_HUN,06/08/2025,Varejo,2,1399.8,331.8,534.0,Venda
SKU_1758_HON,06/08/2025,Varejo,1,179.9,39.06,140.84,Venda
SKU_1601_AQU,06/08/2025,Atacado,5,3674.5,1286.05,477.69,Venda
SKU_1709_MAR,06/08/2025,Varejo,2,419.8,93.5,163.15,Venda
SKU_1769_WHI,06/08/2025,Atacado,6,1949.4,682.26,211.19,Venda
SKU_1727_LIG,06/08/2025,Varejo,3,464.7,131.64,111.02,Venda
SKU_1759_CLE,06/08/2025,Atacado,8,2159.2,863.68,161.94,Venda
SKU_1398_AQU,06/08/2025,Atacado,2,1349.8,539.92,404.94,Venda
SKU_1783_BAB,06/08/2025,E-commerce,1,1199.9,348.76,851.14,Venda
SKU_1710_MEX,06/08/2025,Atacado,8,6479.2,2591.68,485.94,Venda
SKU_1702_LIG,06/08/2025,Atacado,12,7438.8,2975.52,371.94,Venda
SKU_1881_SNO,06/08/2025,Varejo,1,244.9,17.14,227.76,Venda
SKU_1800_MOS,06/08/2025,E-commerce,1,279.9,78.78,201.12,Venda
SKU_1689_MAG,06/08/2025,Varejo,3,2894.7,486.57,802.71,Venda
SKU_1692_OLI,06/08/2025,Varejo,1,219.9,44.91,174.99,Venda
SKU_1681_PIS,06/08/2025,E-commerce,3,704.7,137.46,189.08,Venda
SKU_1797_GAR,06/08/2025,E-commerce,1,379.9,58.13,321.77,Venda
SKU_1746_EME,06/08/2025,Atacado,2,359.8,143.92,107.94,Venda
SKU_1708_FLA,06/08/2025,E-commerce,1,169.9,30.23,139.67,Venda
SKU_1693_FLA,06/08/2025,Atacado,4,819.6,286.88,133.18,Venda
SKU_1681_PIS,06/08/2025,Atacado,12,2818.8,986.64,152.68,Venda
SKU_1535_NAV,06/08/2025,Varejo,4,1219.6,277.88,235.43,Venda
SKU_1737_DEE,06/08/2025,Atacado,5,3849.5,1154.85,538.93,Venda
SKU_1435_OLI,06/08/2025,Atacado,6,6059.4,1817.82,706.93,Venda
SKU_2108_BLU,06/08/2025,Atacado,6,1799.4,719.76,179.94,Venda
SKU_1755_BIR,06/08/2025,Atacado,2,669.8,200.94,234.43,Venda
SKU_1779_LIG,06/08/2025,Varejo,1,214.9,49.49,165.41,Venda
SKU_1695_LIM,06/08/2025,Atacado,6,1259.4,377.82,146.93,Venda
SKU_1739_MOS,06/08/2025,Varejo,1,254.9,45.18,209.72,Venda
SKU_1713_SAL,06/08/2025,Varejo,4,2019.6,566.8,363.2,Venda
SKU_1710_OLI,06/08/2025,Varejo,2,1619.8,279.24,670.28,Venda
SKU_1628_PEA,06/08/2025,Atacado,12,6598.8,1979.64,384.93,Venda
SKU_1779_MIN,06/08/2025,Varejo,1,214.9,49.18,165.72,Venda
SKU_1798_MOS,06/08/2025,Varejo,1,419.9,84.77,335.13,Venda
SKU_1690_MAG,06/08/2025,Atacado,5,2699.5,809.85,377.93,Venda
SKU_1706_JAD,06/08/2025,Atacado,8,1479.2,591.68,110.94,Venda
SKU_1633_DEN,06/08/2025,Atacado,8,1879.2,657.76,152.68,Venda
SKU_1458_PEA,06/08/2025,E-commerce,1,349.9,76.98,272.92,Venda
SKU_1781_AQU,06/08/2025,Atacado,5,649.5,194.85,90.93,Venda
SKU_1764_FUC,06/08/2025,Varejo,1,234.9,38.51,196.39,Venda
SKU_2029_PRI,06/08/2025,Atacado,10,9649.0,3377.2,627.18,Venda
SKU_1771_PIN,06/08/2025,Atacado,4,1059.6,370.84,172.19,Venda
SKU_1723_MOS,06/08/2025,Varejo,1,434.9,67.15,367.75,Venda
SKU_1759_CLE,06/08/2025,Varejo,1,269.9,52.65,217.25,Venda
SKU_1769_EME,06/08/2025,Atacado,10,3249.0,1299.6,194.94,Venda
SKU_1976_SKY,06/08/2025,Atacado,4,2159.6,755.84,350.94,Venda
SKU_1694_SER,06/08/2025,Atacado,5,1399.5,419.85,195.93,Venda
SKU_1506_BRI,06/08/2025,Atacado,2,459.8,137.94,160.93,Venda
SKU_1450_JAD,06/08/2025,Atacado,6,2459.4,860.76,266.44,Venda
SKU_1756_BUB,06/08/2025,Varejo,1,179.9,41.02,138.88,Venda
SKU_1787_BAB,06/08/2025,Atacado,4,1159.6,463.84,173.94,Venda
SKU_1721_COR,06/08/2025,Varejo,1,419.9,112.78,307.12,Venda
SKU_1701_BLU,06/08/2025,Atacado,2,679.8,237.92,220.94,Venda
SKU_1760_OFF,06/08/2025,Varejo,1,249.9,37.73,212.17,Venda
SKU_1390_SAP,06/08/2025,Atacado,8,1839.2,643.68,149.44,Venda
SKU_1795_HUN,06/08/2025,E-commerce,1,299.9,60.42,239.48,Venda
SKU_1790_ROY,06/08/2025,Varejo,1,259.9,61.11,198.79,Venda
SKU_1693_MEX,06/08/2025,Varejo,1,204.9,55.98,148.92,Venda
SKU_1741_PIN,06/08/2025,Varejo,1,239.9,67.4,172.5,Venda
SKU_1749_BIR,06/08/2025,Varejo,1,349.9,104.78,245.12,Venda
SKU_1671_SEA,06/08/2025,Varejo,1,349.9,91.26,258.64,Venda
SKU_1513_RAS,06/08/2025,E-commerce,2,429.8,65.52,182.14,Venda
SKU_1885_MAG,06/08/2025,Atacado,5,2749.5,824.85,384.93,Venda
SKU_1564_NAV,06/08/2025,Atacado,2,1179.8,471.92,353.94,Venda
SKU_1716_AQU,06/08/2025,E-commerce,2,329.8,65.94,131.93,Venda
SKU_1681_OFF,06/08/2025,Varejo,1,234.9,52.71,182.19,Venda
SKU_1797_GAR,06/08/2025,Varejo,3,1139.7,248.61,297.03,Venda
SKU_1618_SAL,06/08/2025,Varejo,4,719.6,163.08,139.13,Venda
SKU_1729_FUC,06/08/2025,E-commerce,1,174.9,40.85,134.05,Venda
SKU_1755_AQU,06/08/2025,Atacado,2,669.8,234.42,217.69,Venda
SKU_1791_ARM,06/08/2025,Varejo,3,794.7,122.49,224.07,Venda
SKU_1763_MAR,06/08/2025,Varejo,4,1199.6,195.16,251.11,Venda
SKU_1767_PRI,06/08/2025,Varejo,1,204.9,34.8,170.1,Venda
SKU_1800_SKY,06/08/2025,Atacado,4,1119.6,335.88,195.93,Venda
SKU_1706_BLA,06/08/2025,Atacado,10,1849.0,554.7,129.43,Venda
SKU_1685_COB,06/08/2025,Varejo,3,1994.7,307.74,562.32,Venda
SKU_1615_MOS,06/08/2025,Varejo,1,464.9,114.09,350.81,Venda
SKU_1531_SNO,06/08/2025,Atacado,10,5499.0,1649.7,384.93,Venda
SKU_1461_NAV,06/08/2025,Varejo,1,1069.9,245.29,824.61,Venda
SKU_1774_MOS,06/08/2025,E-commerce,1,204.9,57.56,147.34,Venda
SKU_1724_PIN,06/08/2025,Atacado,10,11149.0,3902.2,724.68,Venda
SKU_1708_FLA,06/08/2025,Atacado,10,1699.0,679.6,101.94,Venda
SKU_1779_LIG,06/08/2025,Varejo,1,214.9,58.55,156.35,Venda
SKU_1763_MAR,06/08/2025,Varejo,1,299.9,83.82,216.08,Venda
SKU_1540_BAL,06/08/2025,Atacado,6,1019.4,305.82,118.93,Venda
SKU_1745_FOR,06/08/2025,Atacado,8,3279.2,1147.68,266.44,Venda
SKU_1735_MOS,06/08/2025,Atacado,6,1619.4,647.76,161.94,Venda
SKU_1714_DEE,06/08/2025,Atacado,10,3049.0,1219.6,182.94,Venda
SKU_1416_AQU,06/08/2025,Varejo,2,559.8,144.14,207.83,Venda
SKU_1797_GAR,06/08/2025,Atacado,6,2279.4,911.76,227.94,Venda
SKU_1763_HOT,06/08/2025,E-commerce,1,299.9,83.48,216.42,Venda
SKU_1744_EME,06/08/2025,Atacado,8,2119.2,741.68,172.19,Venda
SKU_1741_PEA,06/08/2025,Atacado,5,1199.5,479.8,143.94,Venda
SKU_1784_EGR,06/08/2025,Atacado,4,1239.6,433.84,201.44,Venda
SKU_1473_BLU,06/08/2025,Atacado,4,719.6,251.84,116.94,Venda
SKU_1798_OFF,06/08/2025,Atacado,6,2519.4,1007.76,251.94,Venda
SKU_1783_BAB,06/08/2025,Varejo,2,2399.8,632.24,883.78,Venda
SKU_1701_SPA,06/08/2025,Atacado,4,1359.6,475.84,220.94,Venda
SKU_1681_PIS,06/08/2025,Atacado,5,1174.5,411.1,152.68,Venda
SKU_1781_AQU,06/08/2025,Atacado,10,1299.0,584.6,71.44,Venda
SKU_1648_FLA,06/08/2025,Atacado,12,8398.8,2939.52,454.94,Venda
SKU_1838_DEN,06/08/2025,Atacado,8,2559.2,767.76,223.93,Venda
SKU_1725_BAB,06/08/2025,Varejo,2,489.8,116.44,186.68,Venda
SKU_1709_CRE,06/08/2025,Varejo,1,209.9,42.65,167.25,Venda
SKU_1625_DUS,06/08/2025,Atacado,5,1024.5,409.8,122.94,Venda
SKU_1727_LIG,06/08/2025,Atacado,3,464.7,139.41,108.43,Venda
SKU_1750_MIN,06/08/2025,Atacado,8,2959.2,887.76,258.93,Venda
SKU_1688_WHI,06/08/2025,Varejo,1,429.9,120.24,309.66,Venda
SKU_1731_ARM,06/08/2025,Atacado,10,9099.0,2729.7,636.93,Venda
SKU_1776_BIR,06/08/2025,Atacado,12,3958.8,1385.52,214.44,Venda
SKU_1785_PAS,06/08/2025,Varejo,1,244.9,56.3,188.6,Venda
SKU_1768_MIN,06/08/2025,Atacado,2,1249.8,437.42,406.19,Venda
SKU_1710_MEX,06/08/2025,E-commerce,1,809.9,239.76,570.14,Venda
SKU_1457_MAG,06/08/2025,Atacado,4,639.6,223.84,103.94,Venda
SKU_1614_VAN,06/08/2025,Varejo,2,889.8,220.46,334.67,Venda
SKU_1725_BAB,06/08/2025,Atacado,12,2938.8,1028.64,159.18,Venda
SKU_1775_PAS,06/08/2025,Atacado,6,1679.4,503.82,195.93,Venda
SKU_1784_BLA,06/08/2025,Varejo,1,309.9,53.08,256.82,Venda
SKU_1588_PAS,06/08/2025,Varejo,2,979.8,292.74,343.53,Venda
SKU_1620_SAG,06/08/2025,Atacado,6,1589.4,556.26,172.19,Venda
SKU_1753_WHI,06/08/2025,Varejo,1,789.9,229.72,560.18,Venda
SKU_1728_MID,06/08/2025,Varejo,1,329.9,65.47,264.43,Venda
SKU_1741_PEA,06/08/2025,Varejo,2,479.8,75.32,202.24,Venda
SKU_1723_MOS,06/08/2025,Varejo,2,869.8,209.58,330.11,Venda
SKU_1684_HON,06/08/2025,Atacado,8,1479.2,443.76,129.43,Venda
SKU_1539_BLA,06/08/2025,Atacado,4,1399.6,489.84,227.44,Venda
SKU_1896_ARM,06/08/2025,Atacado,8,8079.2,2827.68,656.44,Venda
SKU_1471_ROS,06/08/2025,Atacado,10,2049.0,717.2,133.18,Venda
SKU_1579_SAG,06/08/2025,Atacado,6,1379.4,413.82,160.93,Venda
SKU_1775_PAL,06/08/2025,Atacado,4,1119.6,447.84,167.94,Venda
SKU_1772_BLU,06/08/2025,Varejo,1,414.9,110.3,304.6,Venda
SKU_1801_FLA,06/08/2025,Atacado,2,749.8,262.42,243.69,Venda
SKU_1728_EGR,06/08/2025,Atacado,4,1319.6,395.88,230.93,Venda
SKU_1689_MAG,06/08/2025,E-commerce,1,964.9,270.8,694.1,Venda
SKU_2098_EME,06/08/2025,Varejo,2,589.8,0.0,294.9,Venda
SKU_1769_WHI,06/08/2025,Atacado,10,3249.0,1299.6,194.94,Venda
SKU_1777_FRE,06/08/2025,Atacado,5,1199.5,419.8,155.94,Venda
SKU_2066_BLA,06/08/2025,Atacado,6,2849.4,997.26,308.69,Venda
SKU_2059_SNO,06/08/2025,Varejo,1,639.9,44.79,595.11,Venda
SKU_1778_TEA,06/08/2025,Varejo,1,284.9,56.67,228.23,Venda
SKU_1729_CLE,06/08/2025,Varejo,3,524.7,135.99,129.57,Venda
SKU_1734_FRE,06/08/2025,E-commerce,1,349.9,74.27,275.63,Venda
SKU_1692_OLI,06/08/2025,Varejo,1,219.9,61.38,158.52,Venda
SKU_1687_WHI,06/08/2025,Atacado,8,7199.2,2519.68,584.94,Venda
SKU_1751_MIN,06/08/2025,Atacado,6,1979.4,692.76,214.44,Venda
SKU_1772_BLU,06/08/2025,Varejo,1,414.9,91.06,323.84,Venda
SKU_1733_NAV,06/08/2025,Varejo,1,349.9,63.92,285.98,Venda
SKU_1727_LIG,06/08/2025,Atacado,5,774.5,232.35,108.43,Venda
SKU_1784_EGR,06/08/2025,Atacado,2,619.8,185.94,216.93,Venda
SKU_1776_PAS,06/08/2025,Atacado,2,659.8,230.92,214.44,Venda
SKU_1776_BIR,06/08/2025,Atacado,2,659.8,197.94,230.93,Venda
SKU_1692_BLU,06/08/2025,Atacado,8,1759.2,527.76,153.93,Venda
SKU_1694_SER,06/08/2025,Atacado,5,1399.5,559.8,167.94,Venda
SKU_1558_CLE,06/08/2025,Varejo,1,329.9,49.6,280.3,Venda
SKU_1714_MID,06/08/2025,Atacado,2,609.8,213.42,198.19,Venda
SKU_1786_POW,06/08/2025,Atacado,2,359.8,107.94,125.93,Venda
SKU_1726_PAS,06/08/2025,Varejo,1,429.9,84.23,345.67,Venda
SKU_1548_HOT,06/08/2025,E-commerce,1,474.9,123.63,351.27,Venda
SKU_1694_SER,06/08/2025,Atacado,12,3358.8,1343.52,167.94,Venda
SKU_1406_SHO,06/08/2025,Atacado,3,1049.7,367.38,227.44,Venda
SKU_1767_PRI,06/08/2025,E-commerce,1,204.9,52.35,152.55,Venda
SKU_1711_ARM,06/08/2025,Varejo,1,994.9,199.12,795.78,Venda
SKU_1742_EME,06/08/2025,Atacado,3,779.7,233.91,181.93,Venda
SKU_1688_WHI,06/08/2025,Atacado,6,2579.4,902.76,279.44,Venda
SKU_1749_SNO,06/08/2025,E-commerce,1,349.9,62.32,287.58,Venda
SKU_1796_SHO,06/08/2025,Atacado,8,4039.2,1413.68,328.19,Venda
SKU_1483_POW,06/08/2025,Varejo,2,649.8,113.8,268.0,Venda
SKU_1471_ROS,06/08/2025,Atacado,4,819.6,245.88,143.43,Venda
SKU_1704_PEA,06/08/2025,E-commerce,1,334.9,95.69,239.21,Venda
SKU_2079_WHI,06/08/2025,E-commerce,2,2139.8,0.0,1069.9,Venda
SKU_1639_FRE,06/08/2025,Varejo,1,189.9,44.14,145.76,Venda
SKU_1491_GAR,06/08/2025,E-commerce,2,269.8,47.38,111.21,Venda
SKU_1752_SNO,06/08/2025,Atacado,5,2149.5,752.3,279.44,Venda
SKU_1761_SAP,06/08/2025,Varejo,1,1104.9,212.23,892.67,Venda
SKU_1773_FRE,06/08/2025,Atacado,2,649.8,259.92,194.94,Venda
SKU_1801_MOS,06/08/2025,Atacado,10,3749.0,1687.0,206.2,Venda
SKU_1732_WHI,06/08/2025,Varejo,2,2229.8,634.1,797.85,Venda
SKU_1697_PIS,06/08/2025,E-commerce,1,219.9,38.08,181.82,Venda
SKU_1745_PEA,06/08/2025,Atacado,5,2049.5,717.3,266.44,Venda
SKU_1597_SHO,06/08/2025,E-commerce,1,529.9,135.17,394.73,Venda
SKU_1724_PEA,06/08/2025,Varejo,1,1114.9,329.12,785.78,Venda
SKU_1555_FUC,06/08/2025,Atacado,2,379.8,113.94,132.93,Venda
SKU_1465_CLE,06/08/2025,Varejo,1,314.9,74.07,240.83,Venda
SKU_1681_OFF,06/08/2025,Atacado,4,939.6,328.88,152.68,Venda
SKU_1405_CLO,06/08/2025,E-commerce,1,214.9,59.15,155.75,Venda
SKU_1745_FOR,06/08/2025,Atacado,12,4918.8,1475.64,286.93,Venda
SKU_1757_PIN,06/08/2025,Varejo,1,264.9,59.07,205.83,Venda
SKU_1965_GAR,06/08/2025,Atacado,10,2349.0,704.7,164.43,Venda
SKU_1794_LIG,06/08/2025,Varejo,1,209.9,49.65,160.25,Venda
SKU_1714_MID,06/08/2025,Varejo,1,304.9,73.97,230.93,Venda
SKU_1731_MIN,06/08/2025,Varejo,1,909.9,221.4,688.5,Venda
SKU_1704_BAB,06/08/2025,Atacado,8,2679.2,1071.68,200.94,Venda
SKU_1679_GAR,06/08/2025,E-commerce,1,919.9,272.87,647.03,Venda
SKU_1797_GAR,06/08/2025,Varejo,1,379.9,112.54,267.36,Venda
SKU_1747_TEA,06/08/2025,E-commerce,1,174.9,37.26,137.64,Venda
SKU_1724_PIN,06/08/2025,Varejo,1,1114.9,199.17,915.73,Venda
SKU_1731_MIN,06/08/2025,Atacado,10,9099.0,3639.6,545.94,Venda
SKU_1501_SAL,06/08/2025,Atacado,6,1019.4,356.76,110.44,Venda
SKU_1709_CRE,06/08/2025,E-commerce,3,629.7,95.1,178.2,Venda
SKU_1791_IVO,06/08/2025,Atacado,5,1324.5,463.55,172.19,Venda
SKU_1798_OFF,06/08/2025,Varejo,1,419.9,98.63,321.27,Venda
SKU_1921_VAN,06/08/2025,Varejo,1,249.9,0.0,249.9,Venda
SKU_1572_MAR,06/08/2025,Varejo,1,139.9,26.57,113.33,Venda
SKU_1696_SHO,06/08/2025,Varejo,1,279.9,59.43,220.47,Venda
SKU_1711_ARM,06/08/2025,Varejo,1,994.9,266.42,728.48,Venda
SKU_1751_BLU,06/08/2025,E-commerce,1,329.9,53.58,276.32,Venda
SKU_1697_PIS,06/08/2025,Atacado,8,1759.2,791.68,120.94,Venda
SKU_1740_OLI,06/08/2025,Varejo,1,214.9,34.49,180.41,Venda
SKU_1531_SNO,06/08/2025,Atacado,8,4399.2,1539.68,357.44,Venda
SKU_1737_SAG,06/08/2025,E-commerce,1,769.9,131.31,638.59,Venda
SKU_1792_AQU,06/08/2025,Varejo,1,439.9,107.34,332.56,Venda
SKU_1494_EGR,06/08/2025,Atacado,5,5424.5,2169.8,650.94,Venda
SKU_1902_BLU,06/08/2025,E-commerce,2,1659.8,0.0,829.9,Venda
SKU_1743_DEE,06/08/2025,Varejo,1,439.9,113.26,326.64,Venda
SKU_1777_FRE,06/08/2025,Atacado,5,1199.5,479.8,143.94,Venda
SKU_1489_TEA,06/08/2025,Atacado,3,1109.7,443.88,221.94,Venda
SKU_1697_PIS,06/08/2025,Varejo,2,439.8,126.64,156.58,Venda
SKU_1797_BLU,06/08/2025,Atacado,4,1519.6,531.84,246.94,Venda
SKU_1629_ARM,06/08/2025,Atacado,4,1019.6,356.88,165.68,Venda
SKU_1744_EME,06/08/2025,E-commerce,1,264.9,48.32,216.58,Venda
SKU_1749_SNO,06/08/2025,E-commerce,2,699.8,131.14,284.33,Venda
SKU_1765_MYS,06/08/2025,Atacado,3,779.7,233.91,181.93,Venda
SKU_1983_GAR,06/08/2025,E-commerce,1,224.9,15.74,209.16,Venda
SKU_1792_MIN,06/08/2025,Varejo,1,439.9,99.99,339.91,Venda
SKU_1460_FUC,06/08/2025,Varejo,1,174.9,31.52,143.38,Venda
SKU_1742_EME,06/08/2025,Atacado,3,779.7,311.88,155.94,Venda
SKU_1788_MYS,06/08/2025,Atacado,8,1999.2,699.68,162.44,Venda
SKU_1723_MOS,06/08/2025,Atacado,3,1304.7,456.63,282.69,Venda
SKU_1514_SPA,06/08/2025,Varejo,1,829.9,205.23,624.67,Venda
SKU_1853_ROS,06/08/2025,Varejo,1,899.9,0.0,899.9,Venda
SKU_1671_MIN,06/08/2025,E-commerce,1,349.9,65.56,284.34,Venda
SKU_1795_RAS,06/08/2025,Atacado,4,1199.6,419.84,194.94,Venda
SKU_1777_FRE,06/08/2025,E-commerce,1,239.9,60.75,179.15,Venda
SKU_1691_ROS,06/08/2025,Atacado,6,1859.4,557.82,216.93,Venda
SKU_1800_SKY,06/08/2025,Varejo,2,559.8,108.08,225.86,Venda
SKU_1700_PIS,06/08/2025,E-commerce,2,1399.8,243.74,578.03,Venda
SKU_1700_HUN,06/08/2025,Atacado,8,5599.2,1959.68,454.94,Venda
SKU_1581_COB,06/08/2025,E-commerce,1,854.9,145.16,709.74,Venda
SKU_1772_BLU,06/08/2025,Atacado,8,3319.2,995.76,290.43,Venda
SKU_1523_HOT,06/08/2025,Atacado,3,1124.7,393.63,243.69,Venda
SKU_1698_PRI,06/08/2025,Atacado,10,4199.0,1259.7,293.93,Venda
SKU_1740_FRE,06/08/2025,Atacado,5,1074.5,322.35,150.43,Venda
SKU_1742_DEN,06/08/2025,Atacado,4,1039.6,311.88,181.93,Venda
SKU_1768_PEA,06/08/2025,E-commerce,1,624.9,109.24,515.66,Venda
SKU_1744_LIG,06/08/2025,E-commerce,1,264.9,41.76,223.14,Venda
SKU_1758_HON,06/08/2025,Varejo,1,179.9,40.32,139.58,Venda
SKU_1585_BLA,06/08/2025,Varejo,1,319.9,91.25,228.65,Venda
SKU_1704_PEA,06/08/2025,Atacado,10,3349.0,1004.7,234.43,Venda
SKU_1747_FUC,06/08/2025,E-commerce,1,174.9,49.37,125.53,Venda
SKU_1632_SPA,06/08/2025,Varejo,2,369.8,69.66,150.07,Venda
SKU_1489_TEA,06/08/2025,Atacado,5,1849.5,647.3,240.44,Venda
SKU_1622_CLO,06/08/2025,Varejo,1,269.9,68.23,201.67,Venda
SKU_1795_RAS,06/08/2025,Varejo,2,599.8,165.72,217.04,Venda
SKU_1716_SAL,06/08/2025,Varejo,3,494.7,111.3,127.8,Venda
SKU_1547_FUC,06/08/2025,Varejo,2,659.8,141.24,259.28,Venda
SKU_1792_MIN,06/08/2025,Atacado,2,879.8,351.92,263.94,Venda
SKU_1734_BRI,06/08/2025,Varejo,1,349.9,55.35,294.55,Venda
SKU_1797_GAR,06/08/2025,Atacado,3,1139.7,341.91,265.93,Venda
SKU_1763_MAR,06/08/2025,E-commerce,1,299.9,60.22,239.68,Venda
SKU_1877_SAP,06/08/2025,Atacado,4,2299.6,804.84,373.69,Venda
SKU_1724_PEA,06/08/2025,Varejo,1,1114.9,264.51,850.39,Venda
SKU_1762_DEN,06/08/2025,E-commerce,1,254.9,75.18,179.72,Venda
SKU_1412_BAB,06/08/2025,Atacado,2,1789.8,626.42,581.69,Venda
SKU_1713_SAL,06/08/2025,E-commerce,1,504.9,109.13,395.77,Venda
SKU_1567_POW,06/08/2025,E-commerce,2,1379.8,301.04,539.38,Venda
SKU_1767_FUC,06/08/2025,Varejo,3,614.7,155.13,153.19,Venda
SKU_1680_NAV,06/08/2025,Atacado,3,1004.7,351.63,217.69,Venda
SKU_1688_LIG,06/08/2025,Atacado,4,1719.6,515.88,300.93,Venda
SKU_2016_PEA,06/08/2025,Varejo,1,224.9,0.0,224.9,Venda
SKU_1756_FLA,06/08/2025,Atacado,5,899.5,314.8,116.94,Venda
SKU_1738_ROY,06/08/2025,Atacado,6,1169.4,350.82,136.43,Venda
SKU_1755_BIR,06/08/2025,Varejo,2,669.8,190.14,239.83,Venda
SKU_1789_SNO,06/08/2025,Atacado,10,2699.0,944.6,175.44,Venda
SKU_1952_TUR,06/08/2025,E-commerce,3,614.7,0.0,204.9,Venda
SKU_1800_MOS,06/08/2025,E-commerce,1,279.9,78.29,201.61,Venda
SKU_1726_PAS,06/08/2025,Varejo,1,429.9,98.88,331.02,Venda
SKU_1570_HON,06/08/2025,Atacado,4,2859.6,1000.84,464.69,Venda
SKU_1985_WHI,06/08/2025,Varejo,1,409.9,0.0,409.9,Venda
SKU_1765_MYS,06/08/2025,Varejo,2,519.8,113.96,202.92,Venda
SKU_1586_EGR,06/08/2025,Varejo,1,304.9,51.87,253.03,Venda
SKU_1709_CRE,06/08/2025,Atacado,4,839.6,335.84,125.94,Venda
SKU_1741_PIN,06/08/2025,Atacado,10,2399.0,839.6,155.94,Venda
SKU_1708_FRE,06/08/2025,Atacado,4,679.6,237.84,110.44,Venda
SKU_1590_HOT,06/08/2025,Varejo,1,189.9,52.71,137.19,Venda
SKU_1763_MAR,06/08/2025,Atacado,4,1199.6,419.84,194.94,Venda
SKU_1507_FLA,06/08/2025,Varejo,1,179.9,49.65,130.25,Venda
SKU_1721_FRE,06/08/2025,Atacado,2,839.8,335.92,251.94,Venda
SKU_1732_OFF,06/08/2025,Varejo,1,1114.9,300.55,814.35,Venda
SKU_1465_CLE,06/08/2025,Atacado,12,3778.8,1322.52,204.69,Venda
SKU_1741_PEA,06/08/2025,Atacado,4,959.6,287.88,167.93,Venda
SKU_1737_SAG,06/08/2025,Varejo,1,769.9,182.12,587.78,Venda
SKU_1489_TEA,06/08/2025,Varejo,3,1109.7,179.64,310.02,Venda
SKU_1710_OLI,06/08/2025,E-commerce,1,809.9,187.47,622.43,Venda
SKU_1771_EME,06/08/2025,Varejo,1,264.9,51.49,213.41,Venda
SKU_1743_DEE,06/08/2025,E-commerce,2,879.8,204.12,337.84,Venda
SKU_1425_LIG,06/08/2025,Atacado,8,1679.2,671.68,125.94,Venda
SKU_1759_COB,06/08/2025,Atacado,6,1619.4,485.82,188.93,Venda
SKU_1719_OFF,06/08/2025,Varejo,1,319.9,82.92,236.98,Venda
SKU_1697_PIS,06/08/2025,Atacado,10,2199.0,879.6,131.94,Venda
SKU_1708_FRE,06/08/2025,Atacado,2,339.8,101.94,118.93,Venda
SKU_1799_DEN,06/08/2025,Varejo,1,269.9,49.0,220.9,Venda
SKU_1715_JAD,06/08/2025,Atacado,2,439.8,153.92,142.94,Venda
SKU_1801_MOS,06/08/2025,Atacado,8,2999.2,1199.68,224.94,Venda
SKU_1817_PRI,06/08/2025,Atacado,4,879.6,307.84,142.94,Venda
SKU_1637_BLU,06/08/2025,E-commerce,1,919.9,155.42,764.48,Venda
SKU_1797_BLU,06/08/2025,Varejo,1,379.9,100.11,279.79,Venda
SKU_1402_WHI,06/08/2025,Varejo,2,469.8,126.86,171.47,Venda
SKU_1425_LIG,06/08/2025,Atacado,4,839.6,293.84,136.44,Venda
SKU_1795_HUN,06/08/2025,Atacado,2,599.8,239.92,179.94,Venda
SKU_1758_HON,06/08/2025,Atacado,12,2158.8,647.64,125.93,Venda
SKU_1697_PIS,06/08/2025,Varejo,2,439.8,122.1,158.85,Venda
SKU_1764_FUC,06/08/2025,Atacado,4,939.6,281.88,164.43,Venda
SKU_1389_SHO,06/08/2025,Atacado,5,699.5,244.8,90.94,Venda
SKU_1796_SHO,06/08/2025,Varejo,2,1009.8,229.28,390.26,Venda
SKU_1738_ROY,06/08/2025,Atacado,3,584.7,175.41,136.43,Venda
SKU_1700_HUN,06/08/2025,Atacado,3,2099.7,629.91,489.93,Venda
SKU_1748_BAB,06/08/2025,Varejo,1,309.9,85.93,223.97,Venda
SKU_1437_ROY,06/08/2025,Atacado,8,1319.2,395.76,115.43,Venda
SKU_1682_BIR,06/08/2025,E-commerce,1,234.9,66.12,168.78,Venda
SKU_1747_FUC,06/08/2025,Atacado,3,524.7,183.66,113.68,Venda
SKU_1801_FLA,06/08/2025,Atacado,4,1499.6,524.84,243.69,Venda
SKU_1412_BAB,06/08/2025,Varejo,1,894.9,142.7,752.2,Venda
SKU_1430_JAD,06/08/2025,Atacado,6,1079.4,323.82,125.93,Venda
SKU_1587_LIG,06/08/2025,Atacado,3,689.7,206.91,160.93,Venda
SKU_1711_VAN,06/08/2025,Varejo,1,994.9,208.96,785.94,Venda
SKU_1754_SER,06/08/2025,Varejo,1,339.9,62.96,276.94,Venda
SKU_1726_PAS,06/08/2025,Atacado,3,1289.7,386.91,300.93,Venda
SKU_1682_BIR,06/08/2025,Varejo,1,234.9,41.8,193.1,Venda
SKU_1631_SNO,06/08/2025,Atacado,4,719.6,287.84,107.94,Venda
SKU_1735_COR,06/08/2025,Varejo,1,269.9,73.36,196.54,Venda
SKU_1690_MYS,06/08/2025,Varejo,1,539.9,92.03,447.87,Venda
SKU_1914_SNO,06/08/2025,E-commerce,1,199.9,0.0,199.9,Venda
SKU_1751_BLU,06/08/2025,Atacado,6,1979.4,692.76,214.44,Venda
SKU_1783_BAB,06/08/2025,Atacado,3,3599.7,1079.91,839.93,Venda
SKU_1646_BLU,06/08/2025,E-commerce,1,204.9,53.87,151.03,Venda
SKU_1776_PAS,06/08/2025,Varejo,1,329.9,74.82,255.08,Venda
SKU_1643_PAS,06/08/2025,Varejo,2,449.8,110.78,169.51,Venda
SKU_1745_FOR,06/08/2025,Atacado,3,1229.7,368.91,286.93,Venda
SKU_1739_AQU,06/08/2025,Varejo,1,254.9,73.72,181.18,Venda
SKU_1460_FUC,06/08/2025,Varejo,1,174.9,35.19,139.71,Venda
SKU_1490_EME,06/08/2025,Atacado,12,3778.8,1322.52,204.69,Venda
SKU_1715_JAD,06/08/2025,Varejo,3,659.7,119.25,180.15,Venda
SKU_1885_BLA,06/08/2025,Varejo,2,1099.8,76.98,511.41,Venda
SKU_1737_SAG,06/08/2025,Varejo,1,769.9,155.17,614.73,Venda
SKU_1717_CRE,06/08/2025,Varejo,1,259.9,64.66,195.24,Venda
SKU_1604_CLE,06/08/2025,Atacado,3,1814.7,725.88,362.94,Venda
SKU_2036_SPA,06/08/2025,Atacado,10,2399.0,839.6,155.94,Venda
SKU_1490_VAN,06/08/2025,Atacado,5,1574.5,472.35,220.43,Venda
SKU_1715_JAD,06/08/2025,Varejo,1,219.9,55.69,164.21,Venda
SKU_1708_FRE,06/08/2025,E-commerce,2,339.8,57.06,141.37,Venda
SKU_1728_EGR,06/08/2025,Varejo,3,989.7,168.45,273.75,Venda
SKU_1748_COB,06/08/2025,Varejo,1,309.9,59.74,250.16,Venda
SKU_1735_COR,06/08/2025,E-commerce,1,269.9,61.03,208.87,Venda
SKU_1694_PIS,06/08/2025,Varejo,3,839.7,225.12,204.86,Venda
SKU_1689_MAG,06/08/2025,Varejo,2,1929.8,578.44,675.68,Venda
SKU_1467_FUC,06/08/2025,Varejo,2,409.8,81.26,164.27,Venda
SKU_1687_FOR,06/08/2025,Varejo,1,899.9,238.14,661.76,Venda
SKU_2041_POW,06/08/2025,E-commerce,1,219.9,15.39,204.51,Venda
SKU_1640_IVO,06/08/2025,Atacado,5,1099.5,384.8,142.94,Venda
SKU_1735_COR,06/08/2025,Atacado,3,809.7,283.38,175.44,Venda
SKU_1670_PEA,06/08/2025,Atacado,10,1449.0,507.2,94.18,Venda
SKU_1510_ROS,06/08/2025,Atacado,3,2504.7,876.63,542.69,Venda
SKU_1727_LIG,06/08/2025,Atacado,4,619.6,185.88,108.43,Venda
SKU_1749_BIR,06/08/2025,Varejo,3,1049.7,218.43,277.09,Venda
SKU_1758_CLO,06/08/2025,Atacado,4,719.6,215.88,125.93,Venda
SKU_1723_COB,06/08/2025,Varejo,3,1304.7,216.24,362.82,Venda
SKU_2067_MIN,06/08/2025,Atacado,3,1049.7,314.91,244.93,Venda
SKU_1752_SPA,06/08/2025,Varejo,1,429.9,89.18,340.72,Venda
SKU_1716_SAL,06/08/2025,E-commerce,2,329.8,76.64,126.58,Venda
SKU_1775_PAS,06/08/2025,Varejo,1,279.9,78.61,201.29,Venda
SKU_1728_MID,06/08/2025,E-commerce,1,329.9,68.45,261.45,Venda
SKU_1639_WHI,06/08/2025,Atacado,8,1519.2,455.76,132.93,Venda
SKU_1732_OFF,06/08/2025,E-commerce,1,1114.9,231.51,883.39,Venda
SKU_1443_BLU,06/08/2025,Atacado,2,539.8,161.94,188.93,Venda
SKU_1842_SAG,06/08/2025,Atacado,4,2139.6,855.84,320.94,Venda
SKU_1728_MID,06/08/2025,Varejo,1,329.9,49.53,280.37,Venda
SKU_1746_EME,06/08/2025,Varejo,1,179.9,44.93,134.97,Venda
SKU_1712_MOS,06/08/2025,Atacado,4,719.6,251.84,116.94,Venda
SKU_1785_HUN,06/08/2025,Atacado,8,1959.2,685.76,159.18,Venda
SKU_1452_DEE,06/08/2025,Atacado,3,434.7,195.6,79.7,Venda
SKU_1727_LIG,06/08/2025,Atacado,12,1858.8,557.64,108.43,Venda
SKU_1683_PAL,06/08/2025,Varejo,1,314.9,84.68,230.22,Venda
SKU_1916_HOT,06/08/2025,Varejo,1,254.9,17.84,237.06,Venda
SKU_1577_FLA,06/08/2025,Atacado,10,1599.0,559.6,103.94,Venda
SKU_1868_ARM,06/08/2025,Atacado,4,3159.6,1105.84,513.44,Venda
SKU_1690_MAG,06/08/2025,Varejo,1,539.9,90.6,449.3,Venda
SKU_1874_GAR,06/08/2025,Atacado,8,1759.2,615.68,142.94,Venda
SKU_1781_AQU,06/08/2025,Atacado,2,259.8,103.92,77.94,Venda
SKU_1737_SAG,06/08/2025,Atacado,8,6159.2,2463.68,461.94,Venda
SKU_2087_CER,06/08/2025,Varejo,3,749.7,0.0,249.9,Venda
SKU_1772_BLU,06/08/2025,Atacado,10,4149.0,1244.7,290.43,Venda
SKU_1613_BIR,06/08/2025,Varejo,1,189.9,49.49,140.41,Venda
SKU_1704_BAB,06/08/2025,Atacado,5,1674.5,586.05,217.69,Venda
SKU_1798_OFF,06/08/2025,Atacado,12,5038.8,1763.52,272.94,Venda
SKU_1745_FOR,06/08/2025,Atacado,4,1639.6,573.84,266.44,Venda
SKU_1796_SHO,06/08/2025,Atacado,8,4039.2,1413.68,328.19,Venda
SKU_1972_PAS,06/08/2025,E-commerce,1,344.9,0.0,344.9,Venda
SKU_1742_EME,06/08/2025,Atacado,5,1299.5,389.85,181.93,Venda
SKU_1780_AQU,06/08/2025,Varejo,1,334.9,86.91,247.99,Venda
SKU_1782_NAV,06/08/2025,Atacado,5,1249.5,499.8,149.94,Venda
SKU_1716_SAL,06/08/2025,E-commerce,1,164.9,34.13,130.77,Venda
SKU_1682_BIR,06/08/2025,Varejo,4,939.6,214.32,181.32,Venda
SKU_1796_SHO,06/08/2025,Varejo,1,504.9,91.71,413.19,Venda
SKU_1763_MAR,06/08/2025,Varejo,1,299.9,56.15,243.75,Venda
SKU_1717_MIN,06/08/2025,E-commerce,1,259.9,43.21,216.69,Venda
SKU_1760_PAS,06/08/2025,Varejo,2,499.8,106.06,196.87,Venda
SKU_1779_LIG,06/08/2025,Atacado,6,1289.4,386.82,150.43,Venda
SKU_1531_TEA,06/08/2025,Varejo,1,549.9,121.49,428.41,Venda
SKU_1526_POW,06/08/2025,Varejo,1,169.9,39.45,130.45,Venda
SKU_1534_MYS,06/08/2025,Atacado,6,1199.4,479.76,119.94,Venda
SKU_1695_CRE,06/08/2025,Atacado,10,2099.0,944.6,115.44,Venda
SKU_1717_CRE,06/08/2025,Varejo,1,259.9,47.01,212.89,Venda
SKU_1561_LIM,06/08/2025,Atacado,4,1399.6,419.88,244.93,Venda
SKU_1405_CLO,06/08/2025,Varejo,1,214.9,48.37,166.53,Venda
SKU_1743_DEE,06/08/2025,E-commerce,1,439.9,83.43,356.47,Venda
SKU_1815_WHI,06/08/2025,Atacado,3,1319.7,395.91,307.93,Venda
SKU_1681_PIS,06/08/2025,Atacado,8,1879.2,563.76,164.43,Venda
SKU_1514_SPA,06/08/2025,Varejo,1,829.9,132.29,697.61,Venda
SKU_1752_SPA,06/08/2025,Varejo,1,429.9,101.38,328.52,Venda
SKU_1702_LIG,06/08/2025,Atacado,5,3099.5,929.85,433.93,Venda
SKU_1792_AQU,06/08/2025,E-commerce,1,439.9,79.84,360.06,Venda
SKU_1692_OLI,06/08/2025,Varejo,2,439.8,78.7,180.55,Venda
SKU_1604_SNO,06/08/2025,Atacado,4,2419.6,967.84,362.94,Venda
SKU_1787_BAB,06/08/2025,Atacado,3,869.7,347.88,173.94,Venda
SKU_1664_PIN,06/08/2025,Varejo,1,329.9,85.34,244.56,Venda
SKU_1756_BUB,06/08/2025,Atacado,6,1079.4,377.76,116.94,Venda
SKU_1658_BAB,06/08/2025,Atacado,4,3519.6,1583.84,483.94,Venda
SKU_1576_BLU,06/08/2025,Atacado,4,979.6,293.88,171.43,Venda
SKU_1732_OFF,06/08/2025,Atacado,5,5574.5,1672.35,780.43,Venda
SKU_1442_EME,06/08/2025,Varejo,1,289.9,51.75,238.15,Venda
SKU_1707_ARM,06/08/2025,Atacado,4,1119.6,391.84,181.94,Venda
SKU_1437_AQU,06/08/2025,Atacado,3,494.7,222.6,90.7,Venda
SKU_1681_PIS,06/08/2025,Atacado,5,1174.5,528.5,129.2,Venda
SKU_1710_MEX,06/08/2025,Varejo,3,2429.7,552.96,625.58,Venda
SKU_2080_VAN,06/08/2025,Atacado,10,2399.0,839.6,155.94,Venda
SKU_1889_MAR,06/08/2025,Varejo,1,269.9,0.0,269.9,Venda
SKU_1793_WHI,06/08/2025,Varejo,1,189.9,38.37,151.53,Venda
SKU_1771_PIN,06/08/2025,Varejo,1,264.9,73.73,191.17,Venda
SKU_2018_BAB,06/08/2025,E-commerce,1,479.9,0.0,479.9,Venda
SKU_1734_FRE,06/08/2025,Atacado,8,2799.2,839.76,244.93,Venda
SKU_1743_CLO,06/08/2025,Atacado,12,5278.8,1847.52,285.94,Venda
SKU_1761_MOS,06/08/2025,Atacado,4,4419.6,1325.88,773.43,Venda
SKU_1549_PAS,06/08/2025,Atacado,4,739.6,258.88,120.18,Venda
SKU_1910_MID,06/08/2025,Atacado,8,5999.2,2099.68,487.44,Venda
SKU_1658_MYS,06/08/2025,Atacado,8,7039.2,2463.68,571.94,Venda
SKU_2025_SAP,06/08/2025,Atacado,6,1379.4,413.82,160.93,Venda
SKU_1801_FLA,06/08/2025,Atacado,6,2249.4,674.82,262.43,Venda
SKU_1512_TEA,06/08/2025,Varejo,1,224.9,60.03,164.87,Venda
SKU_1793_MIN,06/08/2025,Atacado,4,759.6,227.88,132.93,Venda
SKU_1684_SHO,06/08/2025,Varejo,1,184.9,45.85,139.05,Venda
SKU_1698_SNO,06/08/2025,Atacado,5,2099.5,629.85,293.93,Venda
SKU_1737_SAG,06/08/2025,Varejo,1,769.9,143.45,626.45,Venda
SKU_1593_LIG,06/08/2025,Atacado,3,434.7,130.41,101.43,Venda
SKU_1430_JAD,06/08/2025,E-commerce,1,179.9,30.37,149.53,Venda
SKU_1752_SNO,06/08/2025,Varejo,1,429.9,117.8,312.1,Venda
SKU_1756_FLA,06/08/2025,Atacado,6,1079.4,431.76,107.94,Venda
SKU_1713_SNO,06/08/2025,Atacado,4,2019.6,706.84,328.19,Venda
SKU_1831_HOT,06/08/2025,Atacado,5,1674.5,586.05,217.69,Venda
SKU_1778_TEA,06/08/2025,Varejo,1,284.9,72.98,211.92,Venda
SKU_1733_SAG,06/08/2025,Varejo,3,1049.7,241.5,269.4,Venda
SKU_1692_OLI,06/08/2025,Atacado,3,659.7,197.91,153.93,Venda
SKU_1705_JAD,06/08/2025,Varejo,1,409.9,65.11,344.79,Venda
SKU_1710_OLI,06/08/2025,Atacado,8,6479.2,2267.68,526.44,Venda
SKU_1468_BAB,06/08/2025,Varejo,4,2119.6,599.32,380.07,Venda
SKU_1728_EGR,06/08/2025,Varejo,1,329.9,53.7,276.2,Venda
SKU_1690_MYS,06/08/2025,E-commerce,1,539.9,106.48,433.42,Venda
SKU_1404_ARM,06/08/2025,Varejo,1,1019.9,237.07,782.83,Venda
SKU_1722_AQU,06/08/2025,Atacado,4,1299.6,389.88,227.43,Venda
SKU_1695_LIM,06/08/2025,Atacado,10,2099.0,734.6,136.44,Venda
SKU_1724_PIN,06/08/2025,Varejo,1,1114.9,320.42,794.48,Venda
SKU_1864_VAN,06/08/2025,E-commerce,1,169.9,0.0,169.9,Venda
SKU_1416_CLE,06/08/2025,Atacado,4,1119.6,335.88,195.93,Venda
SKU_1774_COB,06/08/2025,E-commerce,1,204.9,45.24,159.66,Venda
SKU_1754_SER,06/08/2025,Varejo,3,1019.7,287.76,243.98,Venda
SKU_1655_TEA,06/08/2025,Varejo,1,644.9,173.76,471.14,Venda
SKU_1437_AQU,06/08/2025,E-commerce,1,164.9,48.1,116.8,Venda
SKU_1701_SPA,06/08/2025,Varejo,2,679.8,124.3,277.75,Venda
SKU_1751_BLU,06/08/2025,Varejo,1,329.9,77.12,252.78,Venda
SKU_1680_NAV,06/08/2025,Atacado,10,3349.0,1172.1,217.69,Venda
SKU_1883_ARM,06/08/2025,Atacado,3,674.7,202.41,157.43,Venda
SKU_2050_BLU,06/08/2025,Atacado,6,2729.4,818.82,318.43,Venda
SKU_1946_PEA,06/08/2025,Varejo,2,809.8,0.0,404.9,Venda
SKU_1617_MIN,06/08/2025,Varejo,1,164.9,31.39,133.51,Venda
SKU_1512_TEA,06/08/2025,Atacado,3,674.7,236.16,146.18,Venda
SKU_1692_BLU,06/08/2025,E-commerce,2,439.8,100.02,169.89,Venda
SKU_2033_RAS,06/08/2025,E-commerce,1,309.9,0.0,309.9,Venda
SKU_1791_ARM,06/08/2025,Atacado,5,1324.5,463.55,172.19,Venda
SKU_1575_AQU,06/08/2025,Varejo,1,864.9,196.75,668.15,Venda
SKU_1549_BAL,06/08/2025,Varejo,1,184.9,47.9,137.0,Venda
SKU_1580_MOS,06/08/2025,E-commerce,1,189.9,38.18,151.72,Venda
SKU_1783_BAB,06/08/2025,Varejo,1,1199.9,318.95,880.95,Venda
SKU_1527_TEA,06/08/2025,Varejo,1,909.9,246.82,663.08,Venda
SKU_1784_BLA,06/08/2025,Varejo,3,929.7,167.37,254.11,Venda
SKU_2044_COB,06/08/2025,Varejo,1,249.9,0.0,249.9,Venda
SKU_1453_SAP,06/08/2025,Atacado,8,1879.2,657.76,152.68,Venda
SKU_1757_TUR,06/08/2025,E-commerce,1,264.9,71.73,193.17,Venda
SKU_1469_ARM,06/08/2025,E-commerce,1,294.9,81.13,213.77,Venda
SKU_1767_FUC,06/08/2025,E-commerce,1,204.9,57.8,147.1,Venda
SKU_1634_NAV,06/08/2025,Varejo,1,979.9,274.59,705.31,Venda
SKU_1795_RAS,06/08/2025,Varejo,2,599.8,113.54,243.13,Venda
SKU_1571_WHI,06/08/2025,Varejo,1,249.9,66.57,183.33,Venda
SKU_1717_MIN,06/08/2025,Varejo,1,259.9,59.5,200.4,Venda
SKU_1598_NAV,06/08/2025,Atacado,3,1469.7,440.91,342.93,Venda
SKU_1748_BAB,06/08/2025,E-commerce,1,309.9,52.68,257.22,Venda
SKU_1697_MIN,06/08/2025,Atacado,8,1759.2,615.68,142.94,Venda
SKU_1727_WHI,06/08/2025,Varejo,1,154.9,25.35,129.55,Venda
SKU_1691_ROS,06/08/2025,Varejo,1,309.9,51.15,258.75,Venda
SKU_1513_RAS,06/08/2025,E-commerce,1,214.9,37.09,177.81,Venda
SKU_1566_PEA,06/08/2025,Atacado,2,2069.8,827.92,620.94,Venda
SKU_1730_MIN,06/08/2025,Atacado,8,2559.2,895.68,207.94,Venda
SKU_1701_BLU,06/08/2025,Atacado,5,1699.5,679.8,203.94,Venda
SKU_1484_EGR,06/08/2025,E-commerce,1,459.9,127.68,332.22,Venda
SKU_1774_MOS,06/08/2025,Varejo,1,204.9,44.68,160.22,Venda
SKU_1692_OLI,06/08/2025,Atacado,4,879.6,263.88,153.93,Venda
SKU_1764_MAR,06/08/2025,Varejo,1,234.9,44.62,190.28,Venda
SKU_1739_AQU,06/08/2025,Varejo,1,254.9,75.17,179.73,Venda
SKU_1689_IVO,06/08/2025,Varejo,1,964.9,211.79,753.11,Venda
SKU_1793_WHI,06/08/2025,Atacado,6,1139.4,398.76,123.44,Venda
SKU_1659_SNO,06/08/2025,E-commerce,1,1024.9,180.99,843.91,Venda
SKU_1666_FUC,06/08/2025,Atacado,4,3199.6,1279.84,479.94,Venda
SKU_1756_FLA,06/08/2025,Varejo,1,179.9,51.87,128.03,Venda
SKU_1502_VAN,06/08/2025,Varejo,1,209.9,39.32,170.58,Venda
SKU_1528_PAS,06/08/2025,Atacado,4,859.6,257.88,150.43,Venda
SKU_1477_CLE,06/08/2025,Atacado,5,1124.5,337.35,157.43,Venda
SKU_1654_CRE,06/08/2025,E-commerce,1,309.9,71.1,238.8,Venda
SKU_1688_LIG,06/08/2025,Atacado,4,1719.6,515.88,300.93,Venda
SKU_1775_PAL,06/08/2025,Varejo,3,839.7,134.49,235.07,Venda
SKU_1620_BLU,06/08/2025,Varejo,3,794.7,136.14,219.52,Venda
SKU_1772_BLU,06/08/2025,Varejo,3,1244.7,269.85,324.95,Venda
SKU_1761_SAP,06/08/2025,Atacado,6,6629.4,2651.76,662.94,Venda
SKU_1501_OLI,06/08/2025,Atacado,5,849.5,297.3,110.44,Venda
SKU_1681_PIS,06/08/2025,Varejo,1,234.9,45.15,189.75,Venda
SKU_1782_HUN,06/08/2025,Varejo,2,499.8,133.46,183.17,Venda
SKU_1647_ARM,06/08/2025,Varejo,1,339.9,53.94,285.96,Venda
SKU_1711_VAN,06/08/2025,Atacado,12,11938.8,4775.52,596.94,Venda
SKU_1664_MIN,06/08/2025,E-commerce,1,329.9,59.26,270.64,Venda
SKU_1699_CLO,06/08/2025,Atacado,3,989.7,296.91,230.93,Venda
SKU_1679_GAR,06/08/2025,E-commerce,1,919.9,176.93,742.97,Venda
SKU_1544_PEA,06/08/2025,Atacado,4,799.6,279.84,129.94,Venda
SKU_1728_MID,06/08/2025,Atacado,4,1319.6,527.84,197.94,Venda
SKU_1561_VAN,06/08/2025,Varejo,3,1049.7,158.19,297.17,Venda
SKU_1860_BLA,06/08/2025,Atacado,6,1919.4,671.76,207.94,Venda
SKU_1734_FRE,06/08/2025,Atacado,4,1399.6,489.84,227.44,Venda
SKU_1899_SAP,06/08/2025,Varejo,1,224.9,0.0,224.9,Venda
SKU_1978_ROS,06/08/2025,Atacado,2,499.8,174.92,162.44,Venda
SKU_1611_MID,06/08/2025,Atacado,5,1099.5,329.85,153.93,Venda
SKU_1501_OLI,06/08/2025,Atacado,10,1699.0,509.7,118.93,Venda
SKU_1669_TEA,06/08/2025,Atacado,5,999.5,399.8,119.94,Venda
SKU_1626_BAB,06/08/2025,E-commerce,2,1079.8,312.9,383.45,Venda
SKU_1685_BIR,06/08/2025,E-commerce,1,664.9,172.07,492.83,Venda
SKU_1612_SNO,06/08/2025,Atacado,5,1649.5,494.85,230.93,Venda
SKU_1734_BRI,06/08/2025,Varejo,2,699.8,179.36,260.22,Venda
SKU_1783_EGR,06/08/2025,E-commerce,1,1199.9,298.8,901.1,Venda
SKU_1684_HON,06/08/2025,Atacado,3,554.7,194.16,120.18,Venda
SKU_1476_WHI,06/08/2025,Varejo,2,549.8,159.3,195.25,Venda
SKU_1643_PAS,06/08/2025,E-commerce,1,224.9,53.89,171.01,Venda
SKU_1775_PAS,06/08/2025,Varejo,4,1119.6,317.32,200.57,Venda
SKU_1655_TEA,06/08/2025,Atacado,4,2579.6,902.84,419.19,Venda
SKU_1544_PEA,06/08/2025,Atacado,5,999.5,349.8,129.94,Venda
SKU_1765_MYS,06/08/2025,Atacado,2,519.8,181.92,168.94,Venda
SKU_1964_BRI,06/08/2025,Varejo,1,294.9,0.0,294.9,Venda
SKU_1735_MOS,06/08/2025,Varejo,3,809.7,178.41,210.43,Venda
SKU_1790_ROY,06/08/2025,E-commerce,1,259.9,74.0,185.9,Venda
SKU_1728_EGR,06/08/2025,Atacado,6,1979.4,791.76,197.94,Venda
SKU_1765_PAS,06/08/2025,Atacado,8,2079.2,623.76,181.93,Venda
SKU_1789_SNO,06/08/2025,Atacado,8,2159.2,755.68,175.44,Venda
SKU_1728_EGR,06/08/2025,E-commerce,1,329.9,58.04,271.86,Venda
SKU_1465_CLE,06/08/2025,Varejo,1,314.9,73.08,241.82,Venda
SKU_1758_CLO,06/08/2025,Varejo,1,179.9,52.18,127.72,Venda
SKU_1796_OLI,06/08/2025,Varejo,1,504.9,94.82,410.08,Venda
SKU_1499_RAS,06/08/2025,Varejo,1,259.9,76.89,183.01,Venda
SKU_1738_ROY,06/08/2025,Atacado,2,389.8,136.44,126.68,Venda
SKU_1723_MOS,06/08/2025,Varejo,1,434.9,95.3,339.6,Venda
SKU_1680_SEA,06/08/2025,E-commerce,1,334.9,91.17,243.73,Venda
SKU_1733_SAG,06/08/2025,Atacado,2,699.8,244.92,227.44,Venda
SKU_1759_CLE,06/08/2025,E-commerce,1,269.9,41.56,228.34,Venda
SKU_1478_COB,06/08/2025,Atacado,6,1169.4,409.32,126.68,Venda
SKU_1786_TEA,06/08/2025,Atacado,10,1799.0,719.6,107.94,Venda
SKU_1787_BAB,06/08/2025,Varejo,1,289.9,78.34,211.56,Venda
SKU_1749_BIR,06/08/2025,Atacado,4,1399.6,629.8,192.45,Venda
SKU_1426_SEA,06/08/2025,Atacado,5,649.5,227.3,84.44,Venda
SKU_1729_CLE,06/08/2025,Varejo,1,174.9,47.48,127.42,Venda
SKU_1625_DUS,06/08/2025,Varejo,1,204.9,45.03,159.87,Venda
SKU_1713_SNO,06/08/2025,E-commerce,1,504.9,139.0,365.9,Venda
SKU_1393_SKY,06/08/2025,Atacado,2,619.8,216.92,201.44,Venda
SKU_1719_OFF,06/08/2025,Atacado,2,639.8,191.94,223.93,Venda
SKU_1734_BRI,06/08/2025,Atacado,8,2799.2,979.68,227.44,Venda
SKU_1746_EME,06/08/2025,Varejo,1,179.9,44.18,135.72,Venda
SKU_1726_BUB,06/08/2025,Atacado,3,1289.7,515.88,257.94,Venda
SKU_1979_MAR,06/08/2025,Atacado,2,389.8,136.44,126.68,Venda
SKU_1654_CRE,06/08/2025,Varejo,1,309.9,90.5,219.4,Venda
SKU_1704_PEA,06/08/2025,Atacado,3,1004.7,401.88,200.94,Venda
SKU_1458_PEA,06/08/2025,Varejo,1,349.9,73.9,276.0,Venda
SKU_1704_PEA,06/08/2025,E-commerce,1,334.9,88.72,246.18,Venda
SKU_1688_LIG,06/08/2025,Varejo,1,429.9,101.5,328.4,Venda
SKU_1748_BAB,06/08/2025,Varejo,1,309.9,54.39,255.51,Venda
SKU_1744_EME,06/08/2025,Varejo,1,264.9,40.24,224.66,Venda
SKU_2051_FOR,06/08/2025,Varejo,1,769.9,0.0,769.9,Venda
SKU_1782_HUN,06/08/2025,Varejo,1,249.9,73.81,176.09,Venda
SKU_1707_SAP,06/08/2025,Varejo,2,559.8,88.64,235.58,Venda
SKU_1683_SHO,06/08/2025,Varejo,1,314.9,89.76,225.14,Venda
SKU_1769_EME,06/08/2025,Varejo,3,974.7,259.77,238.31,Venda
SKU_1693_FLA,06/08/2025,Atacado,4,819.6,327.84,122.94,Venda
SKU_1720_PAL,06/08/2025,E-commerce,2,449.8,80.0,184.9,Venda
SKU_1796_SHO,06/08/2025,Atacado,5,2524.5,757.35,353.43,Venda
SKU_1568_FRE,06/08/2025,Atacado,6,1409.4,493.32,152.68,Venda
SKU_1586_JAD,06/08/2025,Atacado,5,1524.5,686.0,167.7,Venda
SKU_1762_BRI,06/08/2025,Atacado,6,1529.4,535.32,165.68,Venda
SKU_1439_SHO,06/08/2025,Atacado,5,924.5,323.6,120.18,Venda
SKU_1510_ROS,06/08/2025,Atacado,6,5009.4,2003.76,500.94,Venda
SKU_1428_SKY,06/08/2025,Varejo,1,489.9,135.33,354.57,Venda
SKU_1664_MIN,06/08/2025,Varejo,3,989.7,274.02,238.56,Venda
SKU_1708_FLA,06/08/2025,Atacado,3,509.7,203.88,101.94,Venda
SKU_1686_SKY,06/08/2025,E-commerce,2,429.8,91.96,168.92,Venda
SKU_1785_HUN,06/08/2025,Atacado,3,734.7,257.16,159.18,Venda
SKU_1732_OFF,06/08/2025,E-commerce,1,1114.9,291.42,823.48,Venda
SKU_1750_MIN,06/08/2025,Varejo,1,369.9,96.84,273.06,Venda
SKU_1461_NAV,06/08/2025,Atacado,4,4279.6,1283.88,748.93,Venda
SKU_1733_SAG,06/08/2025,Atacado,10,3499.0,1224.6,227.44,Venda
SKU_1790_EGR,06/08/2025,Varejo,1,259.9,76.29,183.61,Venda
SKU_1415_MID,06/08/2025,E-commerce,1,354.9,95.42,259.48,Venda
SKU_1759_COB,06/08/2025,E-commerce,1,269.9,64.99,204.91,Venda
SKU_1503_CER,06/08/2025,E-commerce,1,229.9,57.7,172.2,Venda
SKU_1713_SAL,06/08/2025,Atacado,4,2019.6,908.8,277.7,Venda
SKU_1752_SPA,06/08/2025,Atacado,3,1289.7,451.38,279.44,Venda
SKU_1594_BAL,06/08/2025,Varejo,1,499.9,92.74,407.16,Venda
SKU_1409_PEA,06/08/2025,Atacado,6,1259.4,440.76,136.44,Venda
SKU_1498_LIG,06/08/2025,Varejo,2,679.8,178.98,250.41,Venda
SKU_1800_SKY,06/08/2025,Varejo,1,279.9,65.31,214.59,Venda
SKU_1725_OFF,06/08/2025,Varejo,1,244.9,48.68,196.22,Venda
SKU_1785_HUN,06/08/2025,Atacado,10,2449.0,734.7,171.43,Venda
SKU_1702_COR,06/08/2025,E-commerce,1,619.9,99.93,519.97,Venda
SKU_1754_SER,06/08/2025,Atacado,8,2719.2,815.76,237.93,Venda
SKU_1708_FRE,06/08/2025,Varejo,1,169.9,34.71,135.19,Venda
SKU_1744_EME,06/08/2025,Varejo,1,264.9,70.49,194.41,Venda
SKU_1681_OFF,06/08/2025,Atacado,4,939.6,281.88,164.43,Venda
SKU_1729_CLE,06/08/2025,Atacado,6,1049.4,314.82,122.43,Venda
SKU_1652_MOS,06/08/2025,Varejo,1,219.9,41.14,178.76,Venda
SKU_1590_HOT,06/08/2025,Atacado,8,1519.2,455.76,132.93,Venda
SKU_1758_HON,06/08/2025,Varejo,1,179.9,27.53,152.37,Venda
SKU_1762_DEN,06/08/2025,Atacado,6,1529.4,535.32,165.68,Venda
SKU_1682_OLI,06/08/2025,Atacado,2,469.8,164.44,152.68,Venda
SKU_1420_LIM,06/08/2025,Varejo,1,989.9,264.72,725.18,Venda
SKU_1725_BAB,06/08/2025,Varejo,2,489.8,103.94,192.93,Venda
SKU_1712_NAV,06/08/2025,Varejo,1,179.9,51.03,128.87,Venda
SKU_1393_SKY,06/08/2025,Varejo,1,309.9,84.85,225.05,Venda
SKU_1393_COB,06/08/2025,Atacado,10,3099.0,1084.6,201.44,Venda
SKU_1760_OFF,06/08/2025,Atacado,4,999.6,349.84,162.44,Venda
SKU_1697_PIS,06/08/2025,Atacado,5,1099.5,384.8,142.94,Venda
SKU_1880_DUS,06/08/2025,Varejo,2,1699.8,0.0,849.9,Venda
SKU_2028_PAL,06/08/2025,Varejo,1,244.9,0.0,244.9,Venda
SKU_1716_AQU,06/08/2025,E-commerce,1,164.9,28.39,136.51,Venda
SKU_1989_HOT,06/08/2025,Varejo,1,349.9,24.49,325.41,Venda
SKU_1737_SAG,06/08/2025,Varejo,3,2309.7,650.94,552.92,Venda
SKU_1817_BUB,06/08/2025,Varejo,1,219.9,0.0,219.9,Venda
SKU_1556_SAL,06/08/2025,Atacado,4,819.6,245.88,143.43,Venda
SKU_1750_MIN,06/08/2025,Atacado,6,2219.4,776.76,240.44,Venda
SKU_1571_WHI,06/08/2025,Atacado,5,1249.5,437.3,162.44,Venda
SKU_1756_FLA,06/08/2025,Varejo,1,179.9,35.94,143.96,Venda
SKU_1730_OFF,06/08/2025,Atacado,4,1279.6,575.8,175.95,Venda
SKU_1696_SER,06/08/2025,Atacado,2,559.8,195.92,181.94,Venda
SKU_1895_BRI,06/08/2025,Varejo,1,194.9,0.0,194.9,Venda
SKU_1629_CLO,06/08/2025,Atacado,10,2549.0,892.2,165.68,Venda
SKU_1777_FRE,06/08/2025,Atacado,8,1919.2,767.68,143.94,Venda
SKU_1713_SAL,06/08/2025,E-commerce,1,504.9,92.01,412.89,Venda
SKU_1735_MOS,06/08/2025,E-commerce,1,269.9,40.71,229.19,Venda
SKU_1405_FLA,06/08/2025,Atacado,6,1289.4,386.82,150.43,Venda
SKU_1633_SER,06/08/2025,E-commerce,1,234.9,58.96,175.94,Venda
SKU_1689_MAG,06/08/2025,Varejo,1,964.9,177.8,787.1,Venda
SKU_1729_FUC,06/08/2025,Varejo,1,174.9,45.47,129.43,Venda
SKU_2091_BIR,06/08/2025,Atacado,4,959.6,335.84,155.94,Venda
SKU_1730_MIN,06/08/2025,E-commerce,1,319.9,92.74,227.16,Venda
SKU_1724_PEA,06/08/2025,Varejo,1,1114.9,250.14,864.76,Venda
SKU_1784_BLA,06/08/2025,Atacado,6,1859.4,650.76,201.44,Venda
SKU_1720_PAS,06/08/2025,Atacado,5,1124.5,449.8,134.94,Venda
SKU_1710_OLI,06/08/2025,Atacado,4,3239.6,971.88,566.93,Venda
SKU_1786_TEA,06/08/2025,Atacado,6,1079.4,431.76,107.94,Venda
SKU_1760_PAS,06/08/2025,E-commerce,1,249.9,44.81,205.09,Venda
SKU_1682_BIR,06/08/2025,Atacado,2,469.8,164.44,152.68,Venda
SKU_1961_SHO,06/08/2025,Atacado,4,1659.6,580.84,269.69,Venda
SKU_1790_ROY,06/08/2025,Atacado,3,779.7,233.91,181.93,Venda
SKU_1433_OLI,06/08/2025,E-commerce,1,314.9,58.26,256.64,Venda
SKU_1712_NAV,06/08/2025,Atacado,5,899.5,269.85,125.93,Venda
SKU_1884_FOR,06/08/2025,Varejo,2,679.8,0.0,339.9,Venda
SKU_1755_BIR,06/08/2025,Varejo,1,334.9,51.88,283.02,Venda
SKU_1721_COR,06/08/2025,E-commerce,1,419.9,123.43,296.47,Venda
SKU_1446_GAR,06/08/2025,Varejo,1,269.9,43.07,226.83,Venda
SKU_1772_SNO,06/08/2025,Varejo,1,414.9,84.37,330.53,Venda
SKU_1784_BLA,06/08/2025,Atacado,4,1239.6,371.88,216.93,Venda
SKU_1782_HUN,06/08/2025,Atacado,2,499.8,174.92,162.44,Venda
SKU_1766_CLE,06/08/2025,Varejo,1,394.9,81.3,313.6,Venda
SKU_1752_SNO,06/08/2025,Atacado,2,859.8,300.92,279.44,Venda
SKU_1736_JAD,06/08/2025,Atacado,6,1949.4,682.26,211.19,Venda
SKU_1728_MID,06/08/2025,Varejo,1,329.9,86.43,243.47,Venda
SKU_1796_OLI,06/08/2025,Varejo,2,1009.8,262.24,373.78,Venda
SKU_1785_HUN,06/08/2025,Atacado,8,1959.2,587.76,171.43,Venda
SKU_1758_CLO,06/08/2025,Varejo,1,179.9,32.1,147.8,Venda
SKU_1799_POW,06/08/2025,Varejo,2,539.8,120.62,209.59,Venda
SKU_1718_SEA,06/08/2025,Atacado,2,739.8,258.92,240.44,Venda
SKU_1988_WHI,06/08/2025,Atacado,10,4249.0,1699.6,254.94,Venda
SKU_1746_NAV,06/08/2025,Atacado,5,899.5,314.8,116.94,Venda
SKU_1583_WHI,06/08/2025,Atacado,4,1019.6,356.88,165.68,Venda
SKU_1703_BLU,06/08/2025,Varejo,1,269.9,78.9,191.0,Venda
SKU_1733_NAV,06/08/2025,Atacado,6,2099.4,839.76,209.94,Venda
SKU_1723_COB,06/08/2025,E-commerce,1,434.9,104.86,330.04,Venda
SKU_1801_FLA,06/08/2025,E-commerce,2,749.8,138.34,305.73,Venda
SKU_1740_OLI,06/08/2025,Varejo,1,214.9,34.67,180.23,Venda
SKU_1496_PEA,06/08/2025,Atacado,2,2269.8,794.44,737.68,Venda
SKU_2004_MIN,06/08/2025,Atacado,10,2249.0,787.2,146.18,Venda
SKU_1983_SAP,06/08/2025,Varejo,3,674.7,0.0,224.9,Venda
SKU_1465_OFF,06/08/2025,Atacado,6,1889.4,566.82,220.43,Venda
SKU_1797_GAR,06/08/2025,Varejo,2,759.8,167.08,296.36,Venda
SKU_2108_BLU,06/08/2025,E-commerce,1,299.9,0.0,299.9,Venda
SKU_1703_BLU,06/08/2025,Varejo,1,269.9,43.41,226.49,Venda
SKU_1709_MAR,06/08/2025,Varejo,1,209.9,50.31,159.59,Venda
SKU_1517_ROS,06/08/2025,Varejo,1,1199.9,309.43,890.47,Venda
SKU_1909_SPA,06/08/2025,Varejo,2,899.8,0.0,449.9,Venda
SKU_1735_COR,06/08/2025,Varejo,1,269.9,72.96,196.94,Venda
SKU_1718_DUS,06/08/2025,Varejo,3,1109.7,315.87,264.61,Venda
SKU_1764_MAR,06/08/2025,Atacado,6,1409.4,563.76,140.94,Venda
SKU_1681_OFF,06/08/2025,Varejo,1,234.9,40.98,193.92,Venda
SKU_1778_MIN,06/08/2025,Atacado,5,1424.5,498.55,185.19,Venda
SKU_1695_LIM,06/08/2025,Varejo,3,629.7,152.58,159.04,Venda
SKU_1402_WHI,06/08/2025,Atacado,6,1409.4,493.32,152.68,Venda
SKU_1755_BIR,06/08/2025,Varejo,1,334.9,89.08,245.82,Venda
SKU_1788_EME,06/08/2025,Atacado,6,1499.4,449.82,174.93,Venda
SKU_1572_BAL,06/08/2025,E-commerce,1,139.9,23.07,116.83,Venda
SKU_1931_MID,06/08/2025,Atacado,10,7449.0,2234.7,521.43,Venda
SKU_1714_DEE,06/08/2025,E-commerce,2,609.8,172.84,218.48,Venda
SKU_1779_MIN,06/08/2025,Varejo,2,429.8,75.16,177.32,Venda
SKU_1757_TUR,06/08/2025,E-commerce,1,264.9,64.13,200.77,Venda
SKU_1779_LIG,06/08/2025,Atacado,2,429.8,128.94,150.43,Venda
SKU_1418_CLE,06/08/2025,Atacado,10,8449.0,2957.1,549.19,Venda
SKU_1799_DEN,06/08/2025,Atacado,4,1079.6,431.84,161.94,Venda
SKU_1954_ROY,06/08/2025,Varejo,1,209.9,0.0,209.9,Venda
SKU_1698_SNO,06/08/2025,E-commerce,1,419.9,89.22,330.68,Venda
SKU_1707_SAP,06/08/2025,Varejo,2,559.8,121.46,219.17,Venda
SKU_2079_TUR,06/08/2025,Atacado,4,4279.6,1283.88,748.93,Venda
SKU_1544_OLI,06/08/2025,Atacado,6,1199.4,539.76,109.94,Venda
SKU_1609_SAP,06/08/2025,Atacado,10,2699.0,944.6,175.44,Venda
SKU_1635_SAG,06/08/2025,Varejo,2,1209.8,328.74,440.53,Venda
SKU_2105_LIG,06/08/2025,Varejo,3,1019.7,0.0,339.9,Venda
SKU_1550_PAL,06/08/2025,E-commerce,2,329.8,76.78,126.51,Venda
SKU_1602_AQU,06/08/2025,E-commerce,1,229.9,38.65,191.25,Venda
SKU_1716_AQU,06/08/2025,Varejo,1,164.9,34.75,130.15,Venda
SKU_1815_LIM,06/08/2025,Varejo,2,879.8,0.0,439.9,Venda
SKU_1703_PAS,06/08/2025,Atacado,12,3238.8,971.64,188.93,Venda
SKU_1526_FOR,06/08/2025,Varejo,1,169.9,31.26,138.64,Venda
SKU_1704_BAB,06/08/2025,Varejo,1,334.9,69.94,264.96,Venda
SKU_1722_PAS,06/08/2025,Atacado,5,1624.5,649.8,194.94,Venda
SKU_1743_CLO,06/08/2025,Atacado,8,3519.2,1055.76,307.93,Venda
SKU_1758_HON,06/08/2025,Atacado,8,1439.2,575.68,107.94,Venda
SKU_1695_LIM,06/08/2025,Varejo,1,209.9,46.5,163.4,Venda
SKU_1689_IVO,06/08/2025,Varejo,3,2894.7,554.61,780.03,Venda
SKU_1577_FLA,06/08/2025,Varejo,1,159.9,37.41,122.49,Venda
SKU_1440_BLU,06/08/2025,Atacado,3,3599.7,1259.88,779.94,Venda
SKU_1684_SHO,06/08/2025,E-commerce,1,184.9,30.64,154.26,Venda
SKU_1795_RAS,06/08/2025,Varejo,2,599.8,140.02,229.89,Venda
SKU_1772_SNO,06/08/2025,Varejo,1,414.9,104.48,310.42,Venda
SKU_1794_LIG,06/08/2025,Atacado,10,2099.0,839.6,125.94,Venda
SKU_1715_JAD,06/08/2025,Atacado,5,1099.5,439.8,131.94,Venda
SKU_1595_FLA,06/08/2025,Varejo,1,299.9,62.1,237.8,Venda
SKU_1695_LIM,06/08/2025,Varejo,2,419.8,63.78,178.01,Venda
SKU_2017_SHO,06/08/2025,E-commerce,1,284.9,0.0,284.9,Venda
SKU_1730_OFF,06/08/2025,Atacado,6,1919.4,863.7,175.95,Venda
SKU_2116_BLA,06/08/2025,Varejo,1,379.9,0.0,379.9,Venda
SKU_1688_LIG,06/08/2025,E-commerce,1,429.9,115.98,313.92,Venda
SKU_1786_TEA,06/08/2025,Atacado,8,1439.2,431.76,125.93,Venda
SKU_1745_PEA,06/08/2025,Atacado,5,2049.5,614.85,286.93,Venda
SKU_1701_BLU,06/08/2025,Varejo,1,339.9,92.46,247.44,Venda
SKU_1689_MAG,06/08/2025,Varejo,1,964.9,235.61,729.29,Venda
SKU_1783_BAB,06/08/2025,Atacado,12,14398.8,5039.52,779.94,Venda
SKU_1702_LIG,06/08/2025,E-commerce,1,619.9,102.35,517.55,Venda
SKU_1762_DEN,06/08/2025,Atacado,10,2549.0,764.7,178.43,Venda
SKU_1752_SNO,06/08/2025,Varejo,2,859.8,239.56,310.12,Venda
SKU_1732_WHI,06/08/2025,Varejo,1,1114.9,240.58,874.32,Venda
SKU_1741_PEA,06/08/2025,Varejo,2,479.8,102.96,188.42,Venda
SKU_1881_CLO,06/08/2025,Varejo,2,489.8,0.0,244.9,Venda
SKU_1713_SAL,06/08/2025,Atacado,10,5049.0,1767.1,328.19,Venda
SKU_1696_SER,06/08/2025,Varejo,1,279.9,76.52,203.38,Venda
SKU_1737_SAG,06/08/2025,Atacado,6,4619.4,1385.82,538.93,Venda
SKU_1723_MOS,06/08/2025,E-commerce,1,434.9,115.26,319.64,Venda
SKU_1683_SHO,06/08/2025,Varejo,1,314.9,89.16,225.74,Venda
SKU_1955_SAL,06/08/2025,Varejo,1,999.9,0.0,999.9,Venda
SKU_1787_BAB,06/08/2025,Atacado,4,1159.6,405.84,188.44,Venda
SKU_1729_CLE,06/08/2025,Atacado,8,1399.2,489.76,113.68,Venda
SKU_1711_ARM,06/08/2025,Varejo,1,994.9,229.35,765.55,Venda
SKU_1718_DUS,06/08/2025,Varejo,1,369.9,64.24,305.66,Venda
SKU_1781_AQU,06/08/2025,Atacado,12,1558.8,701.52,71.44,Venda
SKU_1510_SNO,06/08/2025,Varejo,1,834.9,230.63,604.27,Venda
SKU_1789_SNO,06/08/2025,Atacado,3,809.7,242.91,188.93,Venda
SKU_1747_TEA,06/08/2025,Varejo,1,174.9,31.76,143.14,Venda
SKU_1759_COB,06/08/2025,Varejo,1,269.9,68.43,201.47,Venda
SKU_1510_ROS,06/08/2025,Atacado,6,5009.4,1753.26,542.69,Venda
SKU_1768_PEA,06/08/2025,Varejo,1,624.9,174.81,450.09,Venda
SKU_1748_BAB,06/08/2025,Varejo,2,619.8,152.52,233.64,Venda
SKU_1708_FLA,06/08/2025,Varejo,1,169.9,30.81,139.09,Venda
SKU_1460_OLI,06/08/2025,Varejo,1,174.9,46.08,128.82,Venda
SKU_1476_WHI,06/08/2025,Atacado,4,1099.6,439.84,164.94,Venda
SKU_1712_MOS,06/08/2025,Atacado,2,359.8,125.92,116.94,Venda
SKU_1778_MIN,06/08/2025,Varejo,1,284.9,67.41,217.49,Venda
SKU_1688_LIG,06/08/2025,Varejo,1,429.9,104.56,325.34,Venda
SKU_1747_FUC,06/08/2025,Varejo,1,174.9,44.89,130.01,Venda
SKU_1787_BAB,06/08/2025,Varejo,1,289.9,51.93,237.97,Venda
SKU_1393_SKY,06/08/2025,Atacado,2,619.8,185.94,216.93,Venda
SKU_1735_MOS,06/08/2025,Atacado,4,1079.6,431.84,161.94,Venda
SKU_1700_HUN,06/08/2025,Varejo,1,699.9,165.04,534.86,Venda
SKU_1521_MOS,06/08/2025,Atacado,3,569.7,227.88,113.94,Venda
SKU_1678_MAG,06/08/2025,Atacado,2,1429.8,428.94,500.43,Venda
SKU_1498_OLI,06/08/2025,Varejo,1,339.9,92.33,247.57,Venda
SKU_1684_HON,06/08/2025,E-commerce,1,184.9,34.35,150.55,Venda
SKU_1757_PIN,06/08/2025,Atacado,5,1324.5,397.35,185.43,Venda
SKU_1943_FUC,06/08/2025,Varejo,3,839.7,0.0,279.9,Venda
SKU_1642_OFF,06/08/2025,Varejo,1,224.9,46.41,178.49,Venda
SKU_1706_JAD,06/08/2025,Varejo,1,184.9,53.46,131.44,Venda
SKU_2001_MAR,06/08/2025,Atacado,4,1539.6,461.88,269.43,Venda
SKU_1693_FLA,06/08/2025,Varejo,1,204.9,58.4,146.5,Venda
SKU_1761_MOS,06/08/2025,E-commerce,1,1104.9,216.51,888.39,Venda
SKU_1985_WHI,06/08/2025,Atacado,4,1639.6,491.88,286.93,Venda
SKU_1775_PAL,06/08/2025,Atacado,5,1399.5,559.8,167.94,Venda
SKU_1736_JAD,06/08/2025,Atacado,5,1624.5,487.35,227.43,Venda
SKU_1705_SER,06/08/2025,Varejo,1,409.9,93.26,316.64,Venda
SKU_1703_BLU,06/08/2025,E-commerce,1,269.9,78.05,191.85,Venda
SKU_1404_ARM,06/08/2025,Varejo,2,2039.8,309.7,865.05,Venda
SKU_1696_SHO,06/08/2025,Varejo,1,279.9,51.46,228.44,Venda
SKU_1783_BAB,06/08/2025,Varejo,2,2399.8,695.52,852.14,Venda
SKU_1741_PEA,06/08/2025,Atacado,3,719.7,251.88,155.94,Venda
SKU_1745_PEA,06/08/2025,Atacado,6,2459.4,737.82,286.93,Venda
SKU_1787_BAB,06/08/2025,Atacado,6,1739.4,608.76,188.44,Venda
SKU_1705_SER,06/08/2025,Varejo,1,409.9,64.78,345.12,Venda
SKU_1788_EME,06/08/2025,Atacado,10,2499.0,749.7,174.93,Venda
SKU_1867_LIG,06/08/2025,Varejo,1,199.9,0.0,199.9,Venda
SKU_1702_LIG,06/08/2025,Atacado,4,2479.6,743.88,433.93,Venda
SKU_1657_SPA,06/08/2025,Varejo,3,644.7,141.21,167.83,Venda
SKU_1775_PAS,06/08/2025,Varejo,1,279.9,68.44,211.46,Venda
SKU_1685_COB,06/08/2025,Varejo,1,664.9,137.28,527.62,Venda
SKU_1704_BAB,06/08/2025,Varejo,1,334.9,90.71,244.19,Venda
SKU_1416_AQU,06/08/2025,Varejo,1,279.9,50.92,228.98,Venda
SKU_1783_BAB,06/08/2025,Atacado,3,3599.7,1259.88,779.94,Venda
SKU_1751_MIN,06/08/2025,Atacado,2,659.8,230.92,214.44,Venda
SKU_1742_EME,06/08/2025,Atacado,2,519.8,155.94,181.93,Venda
SKU_1742_DEN,06/08/2025,Atacado,6,1559.4,545.76,168.94,Venda
SKU_1397_BUB,06/08/2025,Atacado,10,2349.0,704.7,164.43,Venda
SKU_1775_PAL,06/08/2025,Atacado,2,559.8,195.92,181.94,Venda
SKU_1510_SNO,06/08/2025,Varejo,4,3339.6,547.16,698.11,Venda
SKU_1733_SAG,06/08/2025,Varejo,1,349.9,59.82,290.08,Venda
SKU_1754_IVO,06/08/2025,Varejo,1,339.9,92.07,247.83,Venda
SKU_1680_SEA,06/08/2025,Varejo,3,1004.7,297.57,235.71,Venda
SKU_1746_NAV,06/08/2025,Varejo,1,179.9,33.88,146.02,Venda
SKU_1779_LIG,06/08/2025,Varejo,2,429.8,118.76,155.52,Venda
SKU_1425_WHI,06/08/2025,Varejo,2,419.8,63.3,178.25,Venda
SKU_1744_EME,06/08/2025,E-commerce,1,264.9,53.04,211.86,Venda
SKU_1760_OFF,06/08/2025,Atacado,2,499.8,174.92,162.44,Venda
SKU_1730_MIN,06/08/2025,Atacado,2,639.8,223.92,207.94,Venda
SKU_1778_MIN,06/08/2025,E-commerce,1,284.9,46.43,238.47,Venda
SKU_1613_BIR,06/08/2025,Atacado,8,1519.2,531.68,123.44,Venda
SKU_1726_BUB,06/08/2025,Varejo,1,429.9,73.11,356.79,Venda
SKU_1689_IVO,06/08/2025,Atacado,10,9649.0,3377.2,627.18,Venda
SKU_1749_BIR,06/08/2025,Varejo,1,349.9,53.93,295.97,Venda
SKU_1717_CRE,06/08/2025,Atacado,8,2079.2,727.68,168.94,Venda
SKU_1746_NAV,06/08/2025,Varejo,1,179.9,52.64,127.26,Venda
SKU_1687_WHI,06/08/2025,Varejo,2,1799.8,399.34,700.23,Venda
SKU_1630_LIM,06/08/2025,Atacado,10,3349.0,1172.1,217.69,Venda
SKU_1845_TUR,06/08/2025,Varejo,2,1639.8,0.0,819.9,Venda
SKU_1696_SHO,06/08/2025,Atacado,4,1119.6,335.88,195.93,Venda
SKU_1769_WHI,06/08/2025,Atacado,6,1949.4,682.26,211.19,Venda
SKU_1699_COB,06/08/2025,Atacado,6,1979.4,692.76,214.44,Venda
SKU_1697_PIS,06/08/2025,Varejo,1,219.9,39.7,180.2,Venda
SKU_2037_SNO,06/08/2025,Varejo,1,724.9,0.0,724.9,Venda
SKU_1850_PRI,06/08/2025,E-commerce,1,204.9,0.0,204.9,Venda
SKU_1796_OLI,06/08/2025,E-commerce,1,504.9,102.95,401.95,Venda
SKU_1698_SNO,06/08/2025,Atacado,6,2519.4,881.76,272.94,Venda
SKU_1624_ARM,06/08/2025,Varejo,1,209.9,54.13,155.77,Venda
SKU_1734_BRI,06/08/2025,Atacado,6,2099.4,734.76,227.44,Venda
SKU_1800_SKY,06/08/2025,Varejo,1,279.9,65.08,214.82,Venda
SKU_2000_SHO,06/08/2025,Varejo,1,214.9,0.0,214.9,Venda
SKU_1690_MYS,06/08/2025,Varejo,1,539.9,92.45,447.45,Venda
SKU_1782_NAV,06/08/2025,Atacado,5,1249.5,374.85,174.93,Venda
SKU_1484_MOS,06/08/2025,Atacado,4,1839.6,643.84,298.94,Venda
SKU_1724_PIN,06/08/2025,Atacado,6,6689.4,2341.32,724.68,Venda
SKU_1753_PAL,06/08/2025,E-commerce,1,789.9,175.14,614.76,Venda
SKU_1493_PEA,06/08/2025,E-commerce,1,329.9,89.72,240.18,Venda
SKU_1695_CRE,06/08/2025,Varejo,4,839.6,235.72,150.97,Venda
SKU_1775_PAL,06/08/2025,Varejo,1,279.9,80.3,199.6,Venda
SKU_1397_SNO,06/08/2025,Varejo,1,234.9,36.96,197.94,Venda
SKU_1753_WHI,06/08/2025,Varejo,1,789.9,191.56,598.34,Venda
SKU_1950_FLA,06/08/2025,Varejo,1,414.9,0.0,414.9,Venda
SKU_1696_SHO,06/08/2025,Atacado,4,1119.6,391.84,181.94,Venda
SKU_1715_JAD,06/08/2025,Varejo,2,439.8,110.36,164.72,Venda
SKU_1727_WHI,06/08/2025,Atacado,10,1549.0,542.2,100.68,Venda
SKU_1758_CLO,06/08/2025,Varejo,2,359.8,61.0,149.4,Venda
SKU_1731_MIN,06/08/2025,Varejo,2,1819.8,282.16,768.82,Venda
SKU_1783_BAB,06/08/2025,Atacado,4,4799.6,1679.84,779.94,Venda
SKU_1738_ROY,06/08/2025,E-commerce,1,194.9,34.06,160.84,Venda
SKU_1701_SPA,06/08/2025,Varejo,2,679.8,142.4,268.7,Venda
SKU_1706_JAD,06/08/2025,Atacado,4,739.6,295.84,110.94,Venda
SKU_1759_CLE,06/08/2025,Varejo,2,539.8,137.24,201.28,Venda
SKU_1709_CRE,06/08/2025,Varejo,3,629.7,162.3,155.8,Venda
SKU_1726_BUB,06/08/2025,Varejo,1,429.9,115.79,314.11,Venda
SKU_1460_OLI,06/08/2025,Varejo,1,174.9,31.0,143.9,Venda
SKU_1710_OLI,06/08/2025,E-commerce,1,809.9,213.95,595.95,Venda
SKU_1529_HUN,06/08/2025,Atacado,2,489.8,195.92,146.94,Venda
SKU_1683_SHO,06/08/2025,E-commerce,1,314.9,69.89,245.01,Venda
SKU_1719_WHI,06/08/2025,Atacado,3,959.7,287.91,223.93,Venda
SKU_1731_MIN,06/08/2025,Atacado,4,3639.6,1091.88,636.93,Venda
SKU_1392_LIM,06/08/2025,Atacado,6,1769.4,530.82,206.43,Venda
SKU_1693_MEX,06/08/2025,Atacado,6,1229.4,430.32,133.18,Venda
SKU_1780_AQU,06/08/2025,Atacado,4,1339.6,468.84,217.69,Venda
SKU_1620_SAG,06/08/2025,Atacado,8,2119.2,741.68,172.19,Venda
SKU_1745_PEA,06/08/2025,Atacado,5,2049.5,614.85,286.93,Venda
SKU_1683_SHO,06/08/2025,Atacado,4,1259.6,440.84,204.69,Venda
SKU_1932_NAV,06/08/2025,Atacado,4,779.6,233.88,136.43,Venda
SKU_1415_MID,06/08/2025,Atacado,8,2839.2,993.68,230.69,Venda
SKU_1693_FLA,06/08/2025,E-commerce,1,204.9,47.25,157.65,Venda
SKU_1759_CLE,06/08/2025,Atacado,2,539.8,188.92,175.44,Venda
SKU_1742_DEN,06/08/2025,E-commerce,1,259.9,39.42,220.48,Venda
SKU_2024_LIG,06/08/2025,Varejo,1,384.9,0.0,384.9,Venda
SKU_1769_EME,06/08/2025,Atacado,2,649.8,227.42,211.19,Venda
SKU_1752_SNO,06/08/2025,Atacado,3,1289.7,451.38,279.44,Venda
SKU_1689_IVO,06/08/2025,Atacado,5,4824.5,1688.6,627.18,Venda
SKU_1754_IVO,06/08/2025,Atacado,5,1699.5,509.85,237.93,Venda
SKU_1512_MYS,06/08/2025,Atacado,6,1349.4,472.32,146.18,Venda
SKU_1761_MOS,06/08/2025,Atacado,2,2209.8,773.44,718.18,Venda
SKU_1703_BLU,06/08/2025,Varejo,2,539.8,112.1,213.85,Venda
SKU_1781_AQU,06/08/2025,Varejo,1,129.9,21.37,108.53,Venda
SKU_1491_CER,06/08/2025,Atacado,4,539.6,215.84,80.94,Venda
SKU_1787_BAB,06/08/2025,Atacado,5,1449.5,579.8,173.94,Venda
SKU_1737_DEE,06/08/2025,Varejo,1,769.9,123.74,646.16,Venda
SKU_1694_SER,06/08/2025,E-commerce,2,559.8,139.46,210.17,Venda
SKU_1562_BLU,06/08/2025,Varejo,1,309.9,61.06,248.84,Venda
SKU_1695_LIM,06/08/2025,Varejo,1,209.9,57.4,152.5,Venda
SKU_1753_PAL,06/08/2025,Varejo,1,789.9,142.2,647.7,Venda
SKU_1544_PEA,06/08/2025,Varejo,2,399.8,89.68,155.06,Venda
SKU_1755_AQU,06/08/2025,Atacado,2,669.8,200.94,234.43,Venda
SKU_1747_TEA,06/08/2025,Varejo,1,174.9,31.69,143.21,Venda
SKU_1759_COB,06/08/2025,Atacado,6,1619.4,485.82,188.93,Venda
SKU_1745_FOR,06/08/2025,Varejo,2,819.8,152.08,333.86,Venda
SKU_1776_BIR,06/08/2025,Varejo,1,329.9,53.51,276.39,Venda
SKU_1942_SAL,06/08/2025,Varejo,1,1184.9,82.94,1101.96,Venda
SKU_1763_MAR,06/08/2025,E-commerce,1,299.9,54.1,245.8,Venda
SKU_1841_WHI,06/08/2025,Atacado,2,289.8,86.94,101.43,Venda
SKU_1979_DEN,06/08/2025,Varejo,1,194.9,13.64,181.26,Venda
SKU_1604_SNO,06/08/2025,Varejo,2,1209.8,276.72,466.54,Venda
SKU_1907_BLA,06/08/2025,Varejo,1,274.9,0.0,274.9,Venda
SKU_1695_LIM,06/08/2025,Atacado,6,1259.4,377.82,146.93,Venda
SKU_1896_PAS,06/08/2025,Varejo,3,3029.7,0.0,1009.9,Venda
SKU_1725_OFF,06/08/2025,Varejo,4,979.6,264.88,178.68,Venda
SKU_1787_BAB,06/08/2025,Atacado,3,869.7,304.38,188.44,Venda
SKU_1538_PAS,06/08/2025,Varejo,1,209.9,55.27,154.63,Venda
SKU_1697_MIN,06/08/2025,Atacado,5,1099.5,384.8,142.94,Venda
SKU_1505_BLU,06/08/2025,Varejo,1,234.9,39.9,195.0,Venda
SKU_1667_MID,06/08/2025,Atacado,6,1259.4,440.76,136.44,Venda
SKU_2033_RAS,06/08/2025,Atacado,5,1549.5,619.8,185.94,Venda
SKU_1749_SNO,06/08/2025,Varejo,2,699.8,205.54,247.13,Venda
SKU_1782_HUN,06/08/2025,Varejo,1,249.9,53.96,195.94,Venda
SKU_1493_CLO,06/08/2025,Atacado,4,1319.6,461.84,214.44,Venda
SKU_1751_MIN,06/08/2025,Varejo,1,329.9,72.48,257.42,Venda
SKU_1536_MOS,06/08/2025,E-commerce,1,344.9,103.38,241.52,Venda
SKU_1757_PIN,06/08/2025,Varejo,1,264.9,50.01,214.89,Venda
SKU_1466_PRI,06/08/2025,Atacado,3,809.7,242.91,188.93,Venda
SKU_1691_ROS,06/08/2025,Varejo,1,309.9,64.53,245.37,Venda
SKU_1739_AQU,06/08/2025,Atacado,6,1529.4,535.32,165.68,Venda
SKU_1642_SAL,06/08/2025,Varejo,1,224.9,65.36,159.54,Venda
SKU_1528_PAS,06/08/2025,Atacado,4,859.6,343.84,128.94,Venda
SKU_1511_SKY,06/08/2025,Varejo,1,934.9,229.62,705.28,Venda
SKU_1418_MOS,06/08/2025,Varejo,1,844.9,210.66,634.24,Venda
SKU_1680_NAV,06/08/2025,Atacado,6,2009.4,703.26,217.69,Venda
SKU_1702_LIG,06/08/2025,Varejo,3,1859.7,368.49,497.07,Venda
SKU_1535_MOS,06/08/2025,Varejo,2,609.8,163.84,222.98,Venda
SKU_1712_MOS,06/08/2025,Varejo,2,359.8,80.7,139.55,Venda
SKU_1699_CLO,06/08/2025,Atacado,5,1649.5,494.85,230.93,Venda
SKU_1860_SPA,06/08/2025,Atacado,5,1599.5,639.8,191.94,Venda
SKU_1720_PAL,06/08/2025,Varejo,2,449.8,83.34,183.23,Venda
SKU_1445_PRI,06/08/2025,Atacado,6,2459.4,737.82,286.93,Venda
SKU_1703_BLU,06/08/2025,Varejo,1,269.9,76.84,193.06,Venda
SKU_1680_NAV,06/08/2025,Atacado,5,1674.5,586.05,217.69,Venda
SKU_1735_MOS,06/08/2025,Atacado,5,1349.5,472.3,175.44,Venda
SKU_1702_COR,06/08/2025,Atacado,2,1239.8,371.94,433.93,Venda
SKU_1754_IVO,06/08/2025,Atacado,5,1699.5,594.8,220.94,Venda
SKU_1742_EME,06/08/2025,Atacado,8,2079.2,831.68,155.94,Venda
SKU_1720_PAS,06/08/2025,Varejo,1,224.9,59.08,165.82,Venda
SKU_1705_JAD,06/08/2025,E-commerce,1,409.9,116.67,293.23,Venda
SKU_1700_PIS,06/08/2025,Varejo,1,699.9,131.49,568.41,Venda
SKU_1786_TEA,06/08/2025,E-commerce,1,179.9,40.86,139.04,Venda
SKU_1723_COB,06/08/2025,Varejo,1,434.9,84.56,350.34,Venda
SKU_1933_SNO,06/08/2025,Varejo,1,224.9,0.0,224.9,Venda
SKU_1623_SER,06/08/2025,E-commerce,1,914.9,186.29,728.61,Venda
SKU_1773_FRE,06/08/2025,Varejo,1,324.9,70.11,254.79,Venda
SKU_1681_PIS,06/08/2025,Varejo,1,234.9,45.66,189.24,Venda
SKU_1605_VAN,06/08/2025,Varejo,1,219.9,38.37,181.53,Venda
SKU_1700_PIS,06/08/2025,E-commerce,1,699.9,136.57,563.33,Venda
SKU_1462_MID,06/08/2025,Atacado,2,729.8,291.92,218.94,Venda
SKU_1775_PAL,06/08/2025,Varejo,3,839.7,214.5,208.4,Venda
SKU_1784_EGR,06/08/2025,Atacado,2,619.8,185.94,216.93,Venda
SKU_1674_PAS,06/08/2025,Varejo,1,229.9,68.7,161.2,Venda
SKU_1693_FLA,06/08/2025,Varejo,1,204.9,35.16,169.74,Venda
SKU_1857_IVO,06/08/2025,Atacado,2,479.8,191.92,143.94,Venda
SKU_1592_SAG,06/08/2025,E-commerce,1,209.9,59.39,150.51,Venda
SKU_1724_PEA,06/08/2025,Atacado,3,3344.7,1170.66,724.68,Venda
SKU_2037_SNO,06/08/2025,E-commerce,2,1449.8,0.0,724.9,Venda
SKU_1779_LIG,06/08/2025,Atacado,5,1074.5,376.1,139.68,Venda
SKU_1763_HOT,06/08/2025,Varejo,1,299.9,87.92,211.98,Venda
SKU_1706_JAD,06/08/2025,Varejo,2,369.8,83.66,143.07,Venda
SKU_1798_MOS,06/08/2025,Atacado,5,2099.5,629.85,293.93,Venda
SKU_1681_OFF,06/08/2025,Atacado,5,1174.5,352.35,164.43,Venda
SKU_1687_WHI,06/08/2025,Varejo,1,899.9,240.68,659.22,Venda
SKU_1730_OFF,06/08/2025,Varejo,1,319.9,57.07,262.83,Venda
SKU_1512_MYS,06/08/2025,Varejo,3,674.7,191.58,161.04,Venda
SKU_1791_IVO,06/08/2025,Varejo,1,264.9,41.52,223.38,Venda
SKU_1529_HUN,06/08/2025,Varejo,1,244.9,51.6,193.3,Venda
SKU_1689_MAG,06/08/2025,Varejo,1,964.9,203.17,761.73,Venda
SKU_1695_CRE,06/08/2025,Varejo,2,419.8,78.26,170.77,Venda
SKU_1709_MAR,06/08/2025,Atacado,2,419.8,146.92,136.44,Venda
SKU_1782_NAV,06/08/2025,E-commerce,1,249.9,41.77,208.13,Venda
SKU_1535_NAV,06/08/2025,Varejo,1,304.9,51.34,253.56,Venda
SKU_1681_PIS,06/08/2025,E-commerce,2,469.8,128.38,170.71,Venda
SKU_1790_EGR,06/08/2025,E-commerce,1,259.9,77.9,182.0,Venda
SKU_1692_BLU,06/08/2025,Varejo,1,219.9,37.19,182.71,Venda
SKU_1796_SHO,06/08/2025,Varejo,1,504.9,118.25,386.65,Venda
SKU_1780_LIG,06/08/2025,Varejo,1,334.9,94.2,240.7,Venda
SKU_1784_BLA,06/08/2025,Varejo,2,619.8,100.24,259.78,Venda
SKU_1683_SHO,06/08/2025,E-commerce,2,629.8,94.74,267.53,Venda
SKU_1715_HON,06/08/2025,Atacado,6,1319.4,461.76,142.94,Venda
SKU_2038_COB,06/08/2025,E-commerce,1,1134.9,79.44,1055.46,Venda
SKU_1764_FUC,06/08/2025,Atacado,6,1409.4,563.76,140.94,Venda
SKU_1688_LIG,06/08/2025,Atacado,3,1289.7,451.38,279.44,Venda
SKU_1437_AQU,06/08/2025,Varejo,3,494.7,113.82,126.96,Venda
SKU_1665_SAG,06/08/2025,Varejo,1,249.9,62.67,187.23,Venda
SKU_1749_BIR,06/08/2025,E-commerce,1,349.9,59.79,290.11,Venda
SKU_1750_MIN,06/08/2025,Varejo,3,1109.7,170.64,313.02,Venda
SKU_1792_MIN,06/08/2025,Varejo,1,439.9,111.15,328.75,Venda
SKU_1705_SER,06/08/2025,Varejo,3,1229.7,234.9,331.6,Venda
SKU_1769_WHI,06/08/2025,Varejo,1,324.9,89.02,235.88,Venda
SKU_2113_NAV,06/08/2025,Atacado,3,494.7,148.41,115.43,Venda
SKU_1521_MOS,06/08/2025,Atacado,3,569.7,199.38,123.44,Venda
SKU_1543_BAB,06/08/2025,Atacado,8,5879.2,1763.76,514.43,Venda
SKU_1625_GAR,06/08/2025,Varejo,2,409.8,62.76,173.52,Venda
SKU_1768_MIN,06/08/2025,E-commerce,1,624.9,104.83,520.07,Venda
SKU_1930_SHO,06/08/2025,E-commerce,1,659.9,0.0,659.9,Venda
SKU_1717_MIN,06/08/2025,Varejo,1,259.9,45.37,214.53,Venda
SKU_1706_BLA,06/08/2025,Atacado,6,1109.4,388.32,120.18,Venda
SKU_1612_PAL,06/08/2025,Atacado,8,2639.2,923.68,214.44,Venda
SKU_1688_LIG,06/08/2025,Atacado,3,1289.7,515.88,257.94,Venda
SKU_1696_SHO,06/08/2025,E-commerce,1,279.9,70.86,209.04,Venda
SKU_1734_FRE,06/08/2025,Varejo,1,349.9,62.21,287.69,Venda
SKU_1689_IVO,06/08/2025,Varejo,1,964.9,234.46,730.44,Venda
SKU_1875_BIR,06/08/2025,Atacado,6,1049.4,314.82,122.43,Venda
SKU_1729_FUC,06/08/2025,E-commerce,1,174.9,34.7,140.2,Venda
SKU_1744_EME,06/08/2025,Varejo,1,264.9,60.56,204.34,Venda
SKU_1899_SAP,06/08/2025,Varejo,1,224.9,0.0,224.9,Venda
SKU_2022_SHO,06/08/2025,Atacado,2,559.8,223.92,167.94,Venda
SKU_2011_TUR,06/08/2025,Atacado,10,2549.0,764.7,178.43,Venda
SKU_1693_FLA,06/08/2025,Varejo,2,409.8,69.2,170.3,Venda
SKU_1716_AQU,06/08/2025,Atacado,8,1319.2,461.76,107.18,Venda
SKU_1712_MOS,06/08/2025,Varejo,2,359.8,60.04,149.88,Venda
SKU_1706_BLA,06/08/2025,Varejo,1,184.9,49.73,135.17,Venda
SKU_1494_HOT,06/08/2025,Atacado,2,2169.8,867.92,650.94,Venda
SKU_2069_TEA,06/08/2025,Atacado,3,659.7,263.88,131.94,Venda
SKU_1518_CLE,06/08/2025,Varejo,2,469.8,71.42,199.19,Venda
SKU_1523_HOT,06/08/2025,Atacado,6,2249.4,674.82,262.43,Venda
SKU_1719_OFF,06/08/2025,Atacado,2,639.8,223.92,207.94,Venda
SKU_1795_RAS,06/08/2025,Varejo,1,299.9,46.25,253.65,Venda
SKU_1750_SNO,06/08/2025,Atacado,2,739.8,258.92,240.44,Venda
SKU_1456_DEN,06/08/2025,Varejo,1,314.9,49.71,265.19,Venda
SKU_1647_BLA,06/08/2025,E-commerce,1,339.9,87.42,252.48,Venda
SKU_1780_AQU,06/08/2025,Atacado,4,1339.6,401.88,234.43,Venda
SKU_2105_LIG,06/08/2025,E-commerce,2,679.8,0.0,339.9,Venda
SKU_1492_SKY,06/08/2025,Atacado,2,749.8,224.94,262.43,Venda
SKU_1722_AQU,06/08/2025,Varejo,2,649.8,178.88,235.46,Venda
SKU_1689_MAG,06/08/2025,Varejo,1,964.9,179.38,785.52,Venda
SKU_1531_SNO,06/08/2025,Varejo,1,549.9,92.0,457.9,Venda
SKU_1800_SKY,06/08/2025,Atacado,6,1679.4,587.76,181.94,Venda
SKU_1701_BLU,06/08/2025,Varejo,1,339.9,54.16,285.74,Venda
SKU_1627_BAB,06/08/2025,Varejo,2,659.8,99.78,280.01,Venda
SKU_1760_PAS,06/08/2025,Varejo,1,249.9,48.49,201.41,Venda
SKU_1413_JAD,06/08/2025,Varejo,1,184.9,35.81,149.09,Venda
SKU_1720_PAL,06/08/2025,Atacado,6,1349.4,472.32,146.18,Venda
SKU_1604_CLE,06/08/2025,Atacado,4,2419.6,725.88,423.43,Venda
SKU_1717_MIN,06/08/2025,E-commerce,1,259.9,73.18,186.72,Venda
SKU_1507_FLA,06/08/2025,Atacado,6,1079.4,323.82,125.93,Venda
SKU_1770_DEE,06/08/2025,Atacado,6,1319.4,461.76,142.94,Venda
SKU_1744_EME,06/08/2025,Atacado,3,794.7,278.13,172.19,Venda
SKU_1792_AQU,06/08/2025,Atacado,6,2639.4,923.76,285.94,Venda
SKU_1783_EGR,06/08/2025,E-commerce,1,1199.9,207.55,992.35,Venda
SKU_1697_MIN,06/08/2025,Atacado,4,879.6,395.84,120.94,Venda
SKU_1784_EGR,07/08/2025,Varejo,1,309.9,77.36,232.54,Venda
SKU_1726_PAS,07/08/2025,E-commerce,1,429.9,91.8,338.1,Venda
SKU_1794_LIG,07/08/2025,Varejo,3,629.7,146.49,161.07,Venda
SKU_1755_AQU,07/08/2025,Atacado,4,1339.6,401.88,234.43,Venda
SKU_1737_SAG,07/08/2025,Atacado,2,1539.8,461.94,538.93,Venda
SKU_1978_BAL,07/08/2025,Varejo,3,749.7,0.0,249.9,Venda
SKU_1651_PAS,07/08/2025,Varejo,2,529.8,96.3,216.75,Venda
SKU_1736_PAS,07/08/2025,E-commerce,2,649.8,152.32,248.74,Venda
SKU_1718_SEA,07/08/2025,Atacado,2,739.8,221.94,258.93,Venda
SKU_1765_MYS,07/08/2025,Varejo,1,259.9,68.15,191.75,Venda
SKU_1790_EGR,07/08/2025,Varejo,1,259.9,47.32,212.58,Venda
SKU_1767_FUC,07/08/2025,Atacado,5,1024.5,409.8,122.94,Venda
SKU_1741_PIN,07/08/2025,Atacado,4,959.6,287.88,167.93,Venda
SKU_2021_NAV,07/08/2025,Atacado,8,1519.2,531.68,123.44,Venda
SKU_1788_EME,07/08/2025,Atacado,5,1249.5,437.3,162.44,Venda
SKU_1737_DEE,07/08/2025,Atacado,6,4619.4,1616.76,500.44,Venda
SKU_1770_JAD,07/08/2025,Atacado,8,1759.2,615.68,142.94,Venda
SKU_1710_MEX,07/08/2025,Varejo,3,2429.7,686.55,581.05,Venda
SKU_1747_FUC,07/08/2025,Varejo,1,174.9,43.19,131.71,Venda
SKU_1715_JAD,07/08/2025,Varejo,2,439.8,82.98,178.41,Venda
SKU_1787_BAB,07/08/2025,Atacado,8,2319.2,695.76,202.93,Venda
SKU_1753_WHI,07/08/2025,Atacado,3,2369.7,947.88,473.94,Venda
SKU_1737_SAG,07/08/2025,Atacado,2,1539.8,692.92,423.44,Venda
SKU_1495_BLA,07/08/2025,Atacado,5,1649.5,494.85,230.93,Venda
SKU_1484_MOS,07/08/2025,Varejo,1,459.9,130.95,328.95,Venda
SKU_1782_NAV,07/08/2025,E-commerce,1,249.9,51.63,198.27,Venda
SKU_1749_SNO,07/08/2025,Atacado,5,1749.5,524.85,244.93,Venda
SKU_1734_BRI,07/08/2025,E-commerce,1,349.9,84.59,265.31,Venda
SKU_1710_MEX,07/08/2025,E-commerce,1,809.9,178.54,631.36,Venda
SKU_1682_BIR,07/08/2025,Varejo,1,234.9,54.74,180.16,Venda
SKU_1544_PEA,07/08/2025,Atacado,3,599.7,209.88,129.94,Venda
SKU_1769_WHI,07/08/2025,Atacado,2,649.8,292.4,178.7,Venda
SKU_1638_SAP,07/08/2025,Varejo,1,1139.9,189.41,950.49,Venda
SKU_1734_BRI,07/08/2025,Atacado,3,1049.7,367.38,227.44,Venda
SKU_1662_LIG,07/08/2025,Varejo,2,399.8,87.68,156.06,Venda
SKU_1681_OFF,07/08/2025,Varejo,1,234.9,68.29,166.61,Venda
SKU_1757_PIN,07/08/2025,Atacado,6,1589.4,476.82,185.43,Venda
SKU_1587_DEE,07/08/2025,Varejo,1,229.9,64.33,165.57,Venda
SKU_1988_WHI,07/08/2025,Varejo,2,849.8,0.0,424.9,Venda
SKU_1685_BIR,07/08/2025,E-commerce,1,664.9,103.74,561.16,Venda
SKU_1643_PAS,07/08/2025,E-commerce,1,224.9,45.67,179.23,Venda
SKU_1745_PEA,07/08/2025,Atacado,6,2459.4,737.82,286.93,Venda
SKU_1656_FUC,07/08/2025,E-commerce,1,234.9,59.56,175.34,Venda
SKU_1398_SPA,07/08/2025,Atacado,10,6749.0,2699.6,404.94,Venda
SKU_1744_EME,07/08/2025,E-commerce,1,264.9,75.47,189.43,Venda
SKU_1797_BLU,07/08/2025,Atacado,3,1139.7,341.91,265.93,Venda
SKU_1414_CLO,07/08/2025,Atacado,10,3399.0,1189.6,220.94,Venda
SKU_1750_MIN,07/08/2025,Atacado,6,2219.4,776.76,240.44,Venda
SKU_1529_HUN,07/08/2025,E-commerce,1,244.9,64.32,180.58,Venda
SKU_1707_ARM,07/08/2025,Atacado,8,2239.2,671.76,195.93,Venda
SKU_1693_FLA,07/08/2025,Varejo,1,204.9,40.31,164.59,Venda
SKU_1723_MOS,07/08/2025,E-commerce,1,434.9,115.46,319.44,Venda
SKU_1704_PEA,07/08/2025,Atacado,4,1339.6,468.84,217.69,Venda
SKU_1463_LIG,07/08/2025,Varejo,1,259.9,66.61,193.29,Venda
SKU_1719_OFF,07/08/2025,E-commerce,1,319.9,68.11,251.79,Venda
SKU_1627_BAB,07/08/2025,Varejo,1,329.9,89.76,240.14,Venda
SKU_1757_PIN,07/08/2025,Varejo,1,264.9,56.8,208.1,Venda
SKU_1696_SER,07/08/2025,Atacado,12,3358.8,1175.52,181.94,Venda
SKU_1931_MID,07/08/2025,E-commerce,1,744.9,0.0,744.9,Venda
SKU_1802_OLI,07/08/2025,Atacado,4,2979.6,1191.84,446.94,Venda
SKU_1798_OFF,07/08/2025,Varejo,1,419.9,76.21,343.69,Venda
SKU_1399_CRE,07/08/2025,Atacado,12,3238.8,1133.52,175.44,Venda
SKU_1763_MAR,07/08/2025,Varejo,3,899.7,151.2,249.5,Venda
SKU_1726_BUB,07/08/2025,Atacado,8,3439.2,1547.68,236.44,Venda
SKU_2073_HUN,07/08/2025,Atacado,6,1739.4,521.82,202.93,Venda
SKU_1745_PEA,07/08/2025,Atacado,4,1639.6,655.84,245.94,Venda
SKU_1685_COB,07/08/2025,Atacado,3,1994.7,598.41,465.43,Venda
SKU_1723_MOS,07/08/2025,Varejo,1,434.9,122.13,312.77,Venda
SKU_1965_GAR,07/08/2025,Atacado,4,939.6,328.88,152.68,Venda
SKU_1749_BIR,07/08/2025,E-commerce,1,349.9,74.43,275.47,Venda
SKU_1703_BLU,07/08/2025,Atacado,3,809.7,283.38,175.44,Venda
SKU_1778_MIN,07/08/2025,Atacado,8,2279.2,683.76,199.43,Venda
SKU_1569_PAS,07/08/2025,Atacado,8,1759.2,615.68,142.94,Venda
SKU_1680_NAV,07/08/2025,Varejo,1,334.9,72.78,262.12,Venda
SKU_1617_DEN,07/08/2025,Varejo,1,164.9,29.91,134.99,Venda
SKU_1801_FLA,07/08/2025,Varejo,1,374.9,72.15,302.75,Venda
SKU_1389_SHO,07/08/2025,E-commerce,2,279.8,78.4,100.7,Venda
SKU_1932_COB,07/08/2025,Atacado,3,584.7,233.88,116.94,Venda
SKU_1736_JAD,07/08/2025,Varejo,2,649.8,140.52,254.64,Venda
SKU_1673_PEA,07/08/2025,Varejo,1,409.9,98.35,311.55,Venda
SKU_1457_SNO,07/08/2025,Atacado,3,479.7,167.88,103.94,Venda
SKU_1781_AQU,07/08/2025,Atacado,5,649.5,194.85,90.93,Venda
SKU_1770_JAD,07/08/2025,Atacado,3,659.7,230.88,142.94,Venda
SKU_1789_EME,07/08/2025,Varejo,1,269.9,79.17,190.73,Venda
SKU_1743_CLO,07/08/2025,E-commerce,1,439.9,92.29,347.61,Venda
SKU_1683_SHO,07/08/2025,E-commerce,1,314.9,60.0,254.9,Venda
SKU_1740_FRE,07/08/2025,Varejo,2,429.8,82.06,173.87,Venda
SKU_1541_POW,07/08/2025,Varejo,2,1349.8,298.32,525.74,Venda
SKU_1524_BLU,07/08/2025,Varejo,1,369.9,93.76,276.14,Venda
SKU_1694_SER,07/08/2025,Atacado,3,839.7,335.88,167.94,Venda
SKU_1751_MIN,07/08/2025,Varejo,1,329.9,88.55,241.35,Venda
SKU_1900_FRE,07/08/2025,Atacado,10,4249.0,1699.6,254.94,Venda
SKU_1728_MID,07/08/2025,Varejo,1,329.9,63.17,266.73,Venda
SKU_1759_COB,07/08/2025,Varejo,1,269.9,50.77,219.13,Venda
SKU_1650_OLI,07/08/2025,Varejo,1,1004.9,165.73,839.17,Venda
SKU_1656_FUC,07/08/2025,Varejo,1,234.9,57.29,177.61,Venda
SKU_1791_IVO,07/08/2025,Atacado,4,1059.6,423.84,158.94,Venda
SKU_1701_SPA,07/08/2025,Atacado,4,1359.6,543.84,203.94,Venda
SKU_2093_MYS,07/08/2025,Varejo,1,224.9,0.0,224.9,Venda
SKU_1645_MYS,07/08/2025,Varejo,3,1199.7,287.76,303.98,Venda
SKU_1912_MEX,07/08/2025,Varejo,2,769.8,0.0,384.9,Venda
SKU_1416_CLE,07/08/2025,Varejo,1,279.9,72.55,207.35,Venda
SKU_1783_BAB,07/08/2025,Atacado,8,9599.2,4319.68,659.94,Venda
SKU_1691_HUN,07/08/2025,Atacado,6,1859.4,557.82,216.93,Venda
SKU_1707_SAP,07/08/2025,E-commerce,1,279.9,61.84,218.06,Venda
SKU_1792_MIN,07/08/2025,E-commerce,1,439.9,77.55,362.35,Venda
SKU_1599_CER,07/08/2025,Varejo,1,469.9,118.84,351.06,Venda
SKU_1774_COB,07/08/2025,Atacado,4,819.6,245.88,143.43,Venda
SKU_1705_JAD,07/08/2025,Atacado,8,3279.2,983.76,286.93,Venda
SKU_1763_MAR,07/08/2025,E-commerce,1,299.9,60.69,239.21,Venda
SKU_1769_EME,07/08/2025,E-commerce,1,324.9,86.64,238.26,Venda
SKU_1684_HON,07/08/2025,E-commerce,1,184.9,42.34,142.56,Venda
SKU_1707_SAP,07/08/2025,Varejo,3,839.7,139.95,233.25,Venda
SKU_1714_MID,07/08/2025,Atacado,10,3049.0,1067.1,198.19,Venda
SKU_1737_DEE,07/08/2025,Atacado,2,1539.8,615.92,461.94,Venda
SKU_1775_PAS,07/08/2025,Varejo,2,559.8,142.98,208.41,Venda
SKU_1743_CLO,07/08/2025,Atacado,4,1759.6,615.84,285.94,Venda
SKU_1537_SAP,07/08/2025,Atacado,3,764.7,229.41,178.43,Venda
SKU_1702_LIG,07/08/2025,Varejo,1,619.9,151.48,468.42,Venda
SKU_1793_MIN,07/08/2025,E-commerce,1,189.9,38.85,151.05,Venda
SKU_1797_GAR,07/08/2025,Varejo,1,379.9,68.02,311.88,Venda
SKU_1780_AQU,07/08/2025,Varejo,2,669.8,110.54,279.63,Venda
SKU_1477_EME,07/08/2025,Varejo,4,899.6,170.2,182.35,Venda
SKU_1779_LIG,07/08/2025,Atacado,4,859.6,343.84,128.94,Venda
SKU_1781_AQU,07/08/2025,E-commerce,1,129.9,26.84,103.06,Venda
SKU_1757_TUR,07/08/2025,Atacado,3,794.7,278.13,172.19,Venda
SKU_1756_FLA,07/08/2025,E-commerce,1,179.9,30.63,149.27,Venda
SKU_1834_MAG,07/08/2025,E-commerce,1,399.9,0.0,399.9,Venda
SKU_1526_FOR,07/08/2025,Varejo,1,169.9,39.83,130.07,Venda
SKU_1652_TEA,07/08/2025,Varejo,2,439.8,67.56,186.12,Venda
SKU_1761_MOS,07/08/2025,Atacado,4,4419.6,1325.88,773.43,Venda
SKU_1471_LIG,07/08/2025,Varejo,2,409.8,62.6,173.6,Venda
SKU_1493_CLO,07/08/2025,Atacado,3,989.7,346.38,214.44,Venda
SKU_1692_BLU,07/08/2025,Atacado,4,879.6,351.84,131.94,Venda
SKU_1714_MID,07/08/2025,Atacado,3,914.7,365.88,182.94,Venda
SKU_1644_PEA,07/08/2025,Atacado,4,1279.6,383.88,223.93,Venda
SKU_1700_PIS,07/08/2025,E-commerce,1,699.9,204.2,495.7,Venda
SKU_1689_IVO,07/08/2025,Varejo,3,2894.7,845.76,682.98,Venda
SKU_1713_SAL,07/08/2025,Varejo,2,1009.8,168.9,420.45,Venda
SKU_1753_WHI,07/08/2025,Atacado,3,2369.7,710.91,552.93,Venda
SKU_1683_PAL,07/08/2025,Varejo,3,944.7,275.79,222.97,Venda
SKU_1735_MOS,07/08/2025,Varejo,1,269.9,62.95,206.95,Venda
SKU_1733_NAV,07/08/2025,Varejo,1,349.9,80.5,269.4,Venda
SKU_2097_SPA,07/08/2025,Atacado,2,399.8,139.92,129.94,Venda
SKU_1497_VAN,07/08/2025,Atacado,10,1349.0,472.2,87.68,Venda
SKU_1441_IVO,07/08/2025,Atacado,8,9239.2,2771.76,808.43,Venda
SKU_1759_COB,07/08/2025,Atacado,8,2159.2,647.76,188.93,Venda
SKU_1488_PEA,07/08/2025,E-commerce,1,339.9,52.04,287.86,Venda
SKU_1756_BUB,07/08/2025,Varejo,1,179.9,36.72,143.18,Venda
SKU_1783_EGR,07/08/2025,E-commerce,2,2399.8,595.7,902.05,Venda
SKU_1790_ROY,07/08/2025,Atacado,5,1299.5,389.85,181.93,Venda
SKU_1700_HUN,07/08/2025,Atacado,4,2799.6,839.88,489.93,Venda
SKU_1782_NAV,07/08/2025,E-commerce,1,249.9,55.49,194.41,Venda
SKU_1667_LIG,07/08/2025,Atacado,5,1049.5,314.85,146.93,Venda
SKU_1792_MIN,07/08/2025,Varejo,1,439.9,128.04,311.86,Venda
SKU_1770_JAD,07/08/2025,Atacado,4,879.6,351.84,131.94,Venda
SKU_1660_MAG,07/08/2025,Varejo,1,314.9,80.4,234.5,Venda
SKU_1449_BLA,07/08/2025,Varejo,1,324.9,86.73,238.17,Venda
SKU_1522_BIR,07/08/2025,Varejo,1,149.9,36.93,112.97,Venda
SKU_1740_OLI,07/08/2025,E-commerce,1,214.9,59.74,155.16,Venda
SKU_1748_COB,07/08/2025,Atacado,3,929.7,325.38,201.44,Venda
SKU_1779_MIN,07/08/2025,Atacado,10,2149.0,644.7,150.43,Venda
SKU_1785_HUN,07/08/2025,Varejo,1,244.9,55.89,189.01,Venda
SKU_1771_EME,07/08/2025,Varejo,1,264.9,72.72,192.18,Venda
SKU_1711_VAN,07/08/2025,Atacado,4,3979.6,1193.88,696.43,Venda
SKU_1469_ARM,07/08/2025,E-commerce,2,589.8,107.36,241.22,Venda
SKU_1682_BIR,07/08/2025,Atacado,5,1174.5,352.35,164.43,Venda
SKU_1770_JAD,07/08/2025,E-commerce,1,219.9,35.63,184.27,Venda
SKU_1675_DEN,07/08/2025,Varejo,1,764.9,189.28,575.62,Venda
SKU_1707_ARM,07/08/2025,E-commerce,1,279.9,44.21,235.69,Venda
SKU_1702_COR,07/08/2025,Atacado,2,1239.8,433.92,402.94,Venda
SKU_1925_PIN,07/08/2025,Atacado,12,4378.8,1751.52,218.94,Venda
SKU_1766_CLE,07/08/2025,Atacado,8,3159.2,1105.68,256.69,Venda
SKU_1703_PAS,07/08/2025,Atacado,4,1079.6,323.88,188.93,Venda
SKU_1792_MIN,07/08/2025,Atacado,8,3519.2,1231.68,285.94,Venda
SKU_1718_DUS,07/08/2025,Varejo,1,369.9,110.87,259.03,Venda
SKU_1749_BIR,07/08/2025,E-commerce,1,349.9,88.73,261.17,Venda
SKU_1729_FUC,07/08/2025,Varejo,2,349.8,90.42,129.69,Venda
SKU_1689_MAG,07/08/2025,Atacado,2,1929.8,675.44,627.18,Venda
SKU_1413_SAG,07/08/2025,Varejo,2,369.8,91.66,139.07,Venda
SKU_1495_BLA,07/08/2025,Atacado,3,989.7,346.38,214.44,Venda
SKU_1725_OFF,07/08/2025,Atacado,4,979.6,342.88,159.18,Venda
SKU_1617_MIN,07/08/2025,Atacado,4,659.6,197.88,115.43,Venda
SKU_1535_MOS,07/08/2025,Varejo,1,304.9,61.2,243.7,Venda
SKU_1679_GAR,07/08/2025,Atacado,5,4599.5,1609.8,597.94,Venda
SKU_1730_MIN,07/08/2025,Varejo,4,1279.6,277.24,250.59,Venda
SKU_1716_SAL,07/08/2025,Atacado,4,659.6,197.88,115.43,Venda
SKU_1790_EGR,07/08/2025,E-commerce,1,259.9,63.3,196.6,Venda
SKU_1682_BIR,07/08/2025,Varejo,1,234.9,44.86,190.04,Venda
SKU_1737_SAG,07/08/2025,Atacado,3,2309.7,1039.38,423.44,Venda
SKU_1588_PAS,07/08/2025,E-commerce,1,489.9,141.58,348.32,Venda
SKU_1785_PAS,07/08/2025,Atacado,8,1959.2,685.76,159.18,Venda
SKU_1701_BLU,07/08/2025,Atacado,4,1359.6,475.84,220.94,Venda
SKU_1702_COR,07/08/2025,E-commerce,1,619.9,113.11,506.79,Venda
SKU_1695_CRE,07/08/2025,Atacado,2,419.8,146.92,136.44,Venda
SKU_1685_BIR,07/08/2025,Varejo,1,664.9,130.5,534.4,Venda
SKU_1729_CLE,07/08/2025,E-commerce,1,174.9,37.4,137.5,Venda
SKU_1884_NAV,07/08/2025,Atacado,6,2039.4,713.76,220.94,Venda
SKU_1692_BLU,07/08/2025,Atacado,6,1319.4,395.82,153.93,Venda
SKU_1796_SHO,07/08/2025,Atacado,4,2019.6,807.84,302.94,Venda
SKU_1857_PAS,07/08/2025,Varejo,1,239.9,0.0,239.9,Venda
SKU_1484_MOS,07/08/2025,Varejo,2,919.8,264.78,327.51,Venda
SKU_1698_SNO,07/08/2025,E-commerce,1,419.9,120.26,299.64,Venda
SKU_1414_CLO,07/08/2025,Atacado,3,1019.7,356.88,220.94,Venda
SKU_1750_SNO,07/08/2025,Atacado,3,1109.7,332.91,258.93,Venda
SKU_1799_DEN,07/08/2025,Varejo,1,269.9,70.22,199.68,Venda
SKU_1733_SAG,07/08/2025,Atacado,4,1399.6,559.84,209.94,Venda
SKU_1537_SAP,07/08/2025,Atacado,6,1529.4,535.32,165.68,Venda
SKU_1742_EME,07/08/2025,Atacado,10,2599.0,909.6,168.94,Venda
SKU_1525_MYS,07/08/2025,E-commerce,1,289.9,71.13,218.77,Venda
SKU_1779_LIG,07/08/2025,Atacado,10,2149.0,752.2,139.68,Venda
SKU_1767_PRI,07/08/2025,Varejo,2,409.8,85.16,162.32,Venda
SKU_1497_FUC,07/08/2025,Varejo,1,134.9,37.28,97.62,Venda
SKU_1696_SHO,07/08/2025,Atacado,4,1119.6,391.84,181.94,Venda
SKU_1722_AQU,07/08/2025,Atacado,3,974.7,341.13,211.19,Venda
SKU_1692_BLU,07/08/2025,Atacado,6,1319.4,461.76,142.94,Venda
SKU_1730_MIN,07/08/2025,Atacado,2,639.8,191.94,223.93,Venda
SKU_1474_BRI,07/08/2025,Varejo,1,1059.9,200.51,859.39,Venda
SKU_1997_MID,07/08/2025,Atacado,5,949.5,332.3,123.44,Venda
SKU_1923_TUR,07/08/2025,Varejo,1,189.9,0.0,189.9,Venda
SKU_1729_FUC,07/08/2025,Varejo,1,174.9,41.46,133.44,Venda
SKU_1791_IVO,07/08/2025,Atacado,5,1324.5,463.55,172.19,Venda
SKU_1698_SNO,07/08/2025,Atacado,6,2519.4,881.76,272.94,Venda
SKU_1684_SHO,07/08/2025,Varejo,2,369.8,89.62,140.09,Venda
SKU_1460_OLI,07/08/2025,Varejo,2,349.8,55.46,147.17,Venda
SKU_1717_MIN,07/08/2025,Atacado,4,1039.6,415.84,155.94,Venda
SKU_1750_MIN,07/08/2025,Varejo,1,369.9,81.54,288.36,Venda
SKU_1765_MYS,07/08/2025,Atacado,5,1299.5,584.8,142.94,Venda
SKU_1801_FLA,07/08/2025,Varejo,3,1124.7,205.32,306.46,Venda
SKU_1742_EME,07/08/2025,Varejo,1,259.9,40.95,218.95,Venda
SKU_2000_SHO,07/08/2025,E-commerce,1,214.9,15.04,199.86,Venda
SKU_1434_MIN,07/08/2025,Varejo,4,839.6,208.72,157.72,Venda
SKU_1491_GAR,07/08/2025,Atacado,3,404.7,141.66,87.68,Venda
SKU_1652_MOS,07/08/2025,Varejo,1,219.9,64.83,155.07,Venda
SKU_1701_BLU,07/08/2025,Varejo,2,679.8,180.54,249.63,Venda
SKU_1796_OLI,07/08/2025,E-commerce,1,504.9,135.99,368.91,Venda
SKU_1540_MAG,07/08/2025,Varejo,1,169.9,29.1,140.8,Venda
SKU_1734_BRI,07/08/2025,Atacado,4,1399.6,489.84,227.44,Venda
SKU_1796_SHO,07/08/2025,Atacado,6,3029.4,908.82,353.43,Venda
SKU_1745_PEA,07/08/2025,Varejo,1,409.9,91.86,318.04,Venda
SKU_1700_HUN,07/08/2025,Varejo,1,699.9,176.19,523.71,Venda
SKU_1765_PAS,07/08/2025,E-commerce,1,259.9,51.86,208.04,Venda
SKU_1784_BLA,07/08/2025,Varejo,1,309.9,62.72,247.18,Venda
SKU_1755_BIR,07/08/2025,Varejo,1,334.9,84.86,250.04,Venda
SKU_1770_DEE,07/08/2025,Atacado,4,879.6,307.84,142.94,Venda
SKU_1701_BLU,07/08/2025,Varejo,1,339.9,93.42,246.48,Venda
SKU_1777_TUR,07/08/2025,E-commerce,1,239.9,62.32,177.58,Venda
SKU_1646_CLE,07/08/2025,Atacado,5,1024.5,307.35,143.43,Venda
SKU_1753_PAL,07/08/2025,E-commerce,1,789.9,205.36,584.54,Venda
SKU_1771_PIN,07/08/2025,Atacado,3,794.7,238.41,185.43,Venda
SKU_1608_MID,07/08/2025,Varejo,1,304.9,75.81,229.09,Venda
SKU_1758_CLO,07/08/2025,E-commerce,1,179.9,32.11,147.79,Venda
SKU_1746_EME,07/08/2025,Atacado,4,719.6,251.84,116.94,Venda
SKU_1698_PRI,07/08/2025,E-commerce,1,419.9,117.14,302.76,Venda
SKU_1814_PRI,07/08/2025,E-commerce,1,379.9,0.0,379.9,Venda
SKU_1756_BUB,07/08/2025,Atacado,6,1079.4,323.82,125.93,Venda
SKU_1769_WHI,07/08/2025,E-commerce,1,324.9,91.94,232.96,Venda
SKU_1724_PEA,07/08/2025,Varejo,2,2229.8,647.04,791.38,Venda
SKU_1636_LIG,07/08/2025,Varejo,2,879.8,144.56,367.62,Venda
SKU_1546_PAS,07/08/2025,Atacado,3,524.7,183.66,113.68,Venda
SKU_1545_TEA,07/08/2025,Atacado,3,779.7,272.88,168.94,Venda
SKU_1409_PEA,07/08/2025,E-commerce,1,209.9,49.92,159.98,Venda
SKU_1738_BLU,07/08/2025,Varejo,2,389.8,83.44,153.18,Venda
SKU_1702_LIG,07/08/2025,Atacado,5,3099.5,1239.8,371.94,Venda
SKU_1698_PRI,07/08/2025,Varejo,1,419.9,96.96,322.94,Venda
SKU_1475_MIN,07/08/2025,Atacado,6,1499.4,449.82,174.93,Venda
SKU_2111_SNO,07/08/2025,Atacado,4,939.6,328.88,152.68,Venda
SKU_2095_CLO,07/08/2025,Varejo,1,239.9,0.0,239.9,Venda
SKU_1890_TEA,07/08/2025,Varejo,1,254.9,0.0,254.9,Venda
SKU_1579_SAG,07/08/2025,Atacado,5,1149.5,402.3,149.44,Venda
SKU_1744_LIG,07/08/2025,Atacado,5,1324.5,463.55,172.19,Venda
SKU_1671_SEA,07/08/2025,Atacado,6,2099.4,734.76,227.44,Venda
SKU_1541_POW,07/08/2025,Varejo,1,674.9,178.82,496.08,Venda
SKU_1666_FUC,07/08/2025,Atacado,2,1599.8,559.92,519.94,Venda
SKU_1429_SPA,07/08/2025,Varejo,2,379.8,68.04,155.88,Venda
SKU_1747_TEA,07/08/2025,Atacado,4,699.6,279.84,104.94,Venda
SKU_2099_LIG,07/08/2025,E-commerce,1,269.9,0.0,269.9,Venda
SKU_1407_OFF,07/08/2025,Atacado,6,1289.4,451.32,139.68,Venda
SKU_1835_BAB,07/08/2025,Varejo,1,184.9,0.0,184.9,Venda
SKU_1771_PIN,07/08/2025,Atacado,5,1324.5,529.8,158.94,Venda
SKU_1755_BIR,07/08/2025,Varejo,1,334.9,69.08,265.82,Venda
SKU_1471_LIG,07/08/2025,Varejo,1,204.9,41.92,162.98,Venda
SKU_1635_SAG,07/08/2025,Atacado,10,6049.0,2419.6,362.94,Venda
SKU_1459_CRE,07/08/2025,Atacado,6,1259.4,377.82,146.93,Venda
SKU_1680_NAV,07/08/2025,Varejo,2,669.8,150.6,259.6,Venda
SKU_1687_WHI,07/08/2025,Varejo,2,1799.8,460.26,669.77,Venda
SKU_1607_GAR,07/08/2025,Varejo,2,599.8,90.24,254.78,Venda
SKU_1723_COB,07/08/2025,Atacado,10,4349.0,1522.1,282.69,Venda
SKU_1738_ROY,07/08/2025,E-commerce,1,194.9,44.99,149.91,Venda
SKU_1495_FUC,07/08/2025,Varejo,2,659.8,127.4,266.2,Venda
SKU_1756_FLA,07/08/2025,Atacado,4,719.6,251.84,116.94,Venda
SKU_1710_OLI,07/08/2025,E-commerce,1,809.9,163.44,646.46,Venda
SKU_1708_FLA,07/08/2025,Varejo,1,169.9,38.65,131.25,Venda
SKU_1455_TEA,07/08/2025,Varejo,1,334.9,77.97,256.93,Venda
SKU_1537_SAP,07/08/2025,Atacado,5,1274.5,446.1,165.68,Venda
SKU_1677_VAN,07/08/2025,Varejo,4,2279.6,433.36,461.56,Venda
SKU_1690_MAG,07/08/2025,Atacado,6,3239.4,1133.76,350.94,Venda
SKU_1718_DUS,07/08/2025,E-commerce,1,369.9,83.5,286.4,Venda
SKU_1759_COB,07/08/2025,E-commerce,2,539.8,131.74,204.03,Venda
SKU_1698_PRI,07/08/2025,Varejo,1,419.9,123.68,296.22,Venda
SKU_1802_OLI,07/08/2025,Atacado,3,2234.7,670.41,521.43,Venda
SKU_1779_MIN,07/08/2025,Atacado,5,1074.5,322.35,150.43,Venda
SKU_1719_OFF,07/08/2025,Atacado,3,959.7,335.88,207.94,Venda
SKU_1712_MOS,07/08/2025,Atacado,4,719.6,251.84,116.94,Venda
SKU_1410_JAD,07/08/2025,Atacado,5,5699.5,1994.8,740.94,Venda
SKU_1780_AQU,07/08/2025,Atacado,6,2009.4,803.76,200.94,Venda
SKU_1779_LIG,07/08/2025,Atacado,2,429.8,150.44,139.68,Venda
SKU_2022_ROY,07/08/2025,Atacado,2,559.8,223.92,167.94,Venda
SKU_1767_PRI,07/08/2025,Varejo,2,409.8,66.02,171.89,Venda
SKU_1572_MAR,07/08/2025,Varejo,1,139.9,28.18,111.72,Venda
SKU_1701_BLU,07/08/2025,Atacado,8,2719.2,815.76,237.93,Venda
SKU_1742_DEN,07/08/2025,Atacado,6,1559.4,545.76,168.94,Venda
SKU_1777_TUR,07/08/2025,Varejo,3,719.7,174.87,181.61,Venda
SKU_1693_MEX,07/08/2025,Atacado,4,819.6,286.88,133.18,Venda
SKU_1708_FRE,07/08/2025,Varejo,1,169.9,41.4,128.5,Venda
SKU_1713_SNO,07/08/2025,Varejo,1,504.9,120.05,384.85,Venda
SKU_1709_CRE,07/08/2025,E-commerce,1,209.9,37.7,172.2,Venda
SKU_1707_SAP,07/08/2025,Varejo,1,279.9,69.75,210.15,Venda
SKU_1400_FOR,07/08/2025,E-commerce,1,209.9,43.93,165.97,Venda
SKU_1723_MOS,07/08/2025,Atacado,3,1304.7,456.63,282.69,Venda
SKU_1740_FRE,07/08/2025,Varejo,1,214.9,34.0,180.9,Venda
SKU_1773_OLI,07/08/2025,Varejo,1,324.9,97.43,227.47,Venda
SKU_1468_BAB,07/08/2025,Atacado,4,2119.6,741.84,344.44,Venda
SKU_1728_MID,07/08/2025,Atacado,3,989.7,346.38,214.44,Venda
SKU_1564_NAV,07/08/2025,Atacado,6,3539.4,1238.76,383.44,Venda
SKU_1741_PIN,07/08/2025,Atacado,4,959.6,287.88,167.93,Venda
SKU_1703_BLU,07/08/2025,Varejo,1,269.9,58.76,211.14,Venda
SKU_1524_DEN,07/08/2025,Atacado,4,1479.6,517.84,240.44,Venda
SKU_1555_RAS,07/08/2025,Atacado,4,759.6,265.84,123.44,Venda
SKU_1767_FUC,07/08/2025,Varejo,2,409.8,90.56,159.62,Venda
SKU_1948_WHI,07/08/2025,Atacado,10,1999.0,699.6,129.94,Venda
SKU_1729_FUC,07/08/2025,E-commerce,1,174.9,49.46,125.44,Venda
SKU_1730_MIN,07/08/2025,Atacado,3,959.7,287.91,223.93,Venda
SKU_1654_NAV,07/08/2025,E-commerce,1,309.9,60.17,249.73,Venda
SKU_1496_PEA,07/08/2025,Varejo,1,1134.9,296.49,838.41,Venda
SKU_1697_MIN,07/08/2025,Atacado,2,439.8,153.92,142.94,Venda
SKU_1888_NAV,07/08/2025,Varejo,1,199.9,0.0,199.9,Venda
SKU_1771_PIN,07/08/2025,Atacado,10,2649.0,794.7,185.43,Venda
SKU_1778_TEA,07/08/2025,E-commerce,1,284.9,83.26,201.64,Venda
SKU_1759_CLE,07/08/2025,E-commerce,1,269.9,61.19,208.71,Venda
SKU_2007_LIG,07/08/2025,Varejo,1,209.9,0.0,209.9,Venda
SKU_1501_OLI,07/08/2025,Atacado,5,849.5,297.3,110.44,Venda
SKU_1684_SHO,07/08/2025,E-commerce,1,184.9,43.98,140.92,Venda
SKU_1469_SAL,07/08/2025,Varejo,1,294.9,83.62,211.28,Venda
SKU_1690_MAG,07/08/2025,Atacado,8,4319.2,1295.76,377.93,Venda
SKU_1709_MAR,07/08/2025,Varejo,2,419.8,121.56,149.12,Venda
SKU_1766_CLE,07/08/2025,Varejo,1,394.9,117.58,277.32,Venda
SKU_1645_MIN,07/08/2025,Varejo,1,399.9,83.01,316.89,Venda
SKU_1711_VAN,07/08/2025,Atacado,4,3979.6,1392.88,646.68,Venda
SKU_1737_SAG,07/08/2025,Atacado,2,1539.8,538.92,500.44,Venda
SKU_1433_OLI,07/08/2025,Atacado,3,944.7,283.41,220.43,Venda
SKU_1515_SEA,07/08/2025,Varejo,1,194.9,32.89,162.01,Venda
SKU_1690_MAG,07/08/2025,Atacado,4,2159.6,863.84,323.94,Venda
SKU_1692_OLI,07/08/2025,Varejo,1,219.9,62.94,156.96,Venda
SKU_1750_SNO,07/08/2025,Atacado,6,2219.4,665.82,258.93,Venda
SKU_1722_PAS,07/08/2025,Atacado,2,649.8,227.42,211.19,Venda
SKU_1705_JAD,07/08/2025,Atacado,10,4099.0,1229.7,286.93,Venda
SKU_1879_WHI,07/08/2025,Varejo,3,914.7,0.0,304.9,Venda
SKU_1729_FUC,07/08/2025,Atacado,6,1049.4,314.82,122.43,Venda
SKU_1698_SNO,07/08/2025,Varejo,1,419.9,90.81,329.09,Venda
SKU_1741_PIN,07/08/2025,Varejo,2,479.8,140.28,169.76,Venda
SKU_1435_OLI,07/08/2025,Atacado,4,4039.6,1211.88,706.93,Venda
SKU_1780_AQU,07/08/2025,Atacado,5,1674.5,586.05,217.69,Venda
SKU_1784_BLA,07/08/2025,Varejo,1,309.9,81.46,228.44,Venda
SKU_1706_JAD,07/08/2025,Atacado,5,924.5,277.35,129.43,Venda
SKU_2025_SAP,07/08/2025,Atacado,2,459.8,160.92,149.44,Venda
SKU_1792_MIN,07/08/2025,Atacado,6,2639.4,791.82,307.93,Venda
SKU_1753_WHI,07/08/2025,Atacado,6,4739.4,1421.82,552.93,Venda
SKU_1712_NAV,07/08/2025,Atacado,5,899.5,359.8,107.94,Venda
SKU_1732_WHI,07/08/2025,Varejo,1,1114.9,310.02,804.88,Venda
SKU_1691_HUN,07/08/2025,Varejo,3,929.7,255.36,224.78,Venda
SKU_1709_MAR,07/08/2025,Atacado,8,1679.2,503.76,146.93,Venda
SKU_1758_CLO,07/08/2025,Atacado,5,899.5,314.8,116.94,Venda
SKU_1725_BAB,07/08/2025,E-commerce,1,244.9,51.45,193.45,Venda
SKU_1695_LIM,07/08/2025,Varejo,3,629.7,141.3,162.8,Venda
SKU_1748_BAB,07/08/2025,E-commerce,1,309.9,92.31,217.59,Venda
SKU_2108_MAR,07/08/2025,Varejo,1,299.9,0.0,299.9,Venda
SKU_1693_FLA,07/08/2025,Varejo,1,204.9,48.84,156.06,Venda
SKU_1730_OFF,07/08/2025,Atacado,3,959.7,335.88,207.94,Venda
SKU_1725_BAB,07/08/2025,Varejo,1,244.9,55.45,189.45,Venda
SKU_1756_BUB,07/08/2025,Varejo,1,179.9,29.56,150.34,Venda
SKU_1760_OFF,07/08/2025,Atacado,4,999.6,349.84,162.44,Venda
SKU_1699_CLO,07/08/2025,Atacado,3,989.7,296.91,230.93,Venda
SKU_1709_CRE,07/08/2025,Atacado,10,2099.0,944.6,115.44,Venda
SKU_1511_CLE,07/08/2025,Atacado,3,2804.7,841.41,654.43,Venda
SKU_1799_POW,07/08/2025,E-commerce,1,269.9,45.42,224.48,Venda
SKU_1769_EME,07/08/2025,Varejo,1,324.9,49.9,275.0,Venda
SKU_1598_NAV,07/08/2025,Varejo,1,489.9,112.07,377.83,Venda
SKU_1761_MOS,07/08/2025,Atacado,3,3314.7,1160.16,718.18,Venda
SKU_1845_BAL,07/08/2025,Varejo,2,1639.8,0.0,819.9,Venda
SKU_1648_RAS,07/08/2025,Varejo,1,699.9,204.87,495.03,Venda
SKU_1707_SAP,07/08/2025,Varejo,1,279.9,48.77,231.13,Venda
SKU_1727_LIG,07/08/2025,E-commerce,1,154.9,33.42,121.48,Venda
SKU_1681_OFF,07/08/2025,Varejo,1,234.9,48.66,186.24,Venda
SKU_2116_SNO,07/08/2025,Atacado,5,1899.5,664.8,246.94,Venda
SKU_1725_OFF,07/08/2025,Atacado,8,1959.2,685.76,159.18,Venda
SKU_1592_CER,07/08/2025,Varejo,1,209.9,58.33,151.57,Venda
SKU_1756_BUB,07/08/2025,E-commerce,1,179.9,34.75,145.15,Venda
SKU_1700_PIS,07/08/2025,Varejo,2,1399.8,389.48,505.16,Venda
SKU_1759_CLE,07/08/2025,E-commerce,2,539.8,124.62,207.59,Venda
SKU_1695_LIM,07/08/2025,Varejo,1,209.9,49.13,160.77,Venda
SKU_1692_OLI,07/08/2025,Varejo,1,219.9,36.08,183.82,Venda
SKU_1712_MOS,07/08/2025,Varejo,2,359.8,87.0,136.4,Venda
SKU_1738_BLU,07/08/2025,Atacado,4,779.6,233.88,136.43,Venda
SKU_1715_JAD,07/08/2025,Atacado,10,2199.0,659.7,153.93,Venda
SKU_1764_MAR,07/08/2025,Atacado,4,939.6,328.88,152.68,Venda
SKU_2073_PAL,07/08/2025,Atacado,3,869.7,347.88,173.94,Venda
SKU_1781_AQU,07/08/2025,Atacado,2,259.8,90.92,84.44,Venda
SKU_2101_PAS,07/08/2025,Varejo,2,489.8,0.0,244.9,Venda
SKU_1560_PAL,07/08/2025,Varejo,1,224.9,41.37,183.53,Venda
SKU_1734_FRE,07/08/2025,Atacado,10,3499.0,1049.7,244.93,Venda
SKU_1737_DEE,07/08/2025,Varejo,2,1539.8,272.16,633.82,Venda
SKU_1491_CER,07/08/2025,Atacado,4,539.6,161.88,94.43,Venda
SKU_1734_FRE,07/08/2025,Atacado,4,1399.6,559.84,209.94,Venda
SKU_1785_HUN,07/08/2025,Varejo,4,979.6,264.12,178.87,Venda
SKU_1718_DUS,07/08/2025,Atacado,2,739.8,295.92,221.94,Venda
SKU_1688_LIG,07/08/2025,Atacado,6,2579.4,1031.76,257.94,Venda
SKU_1713_SNO,07/08/2025,Atacado,6,3029.4,1060.26,328.19,Venda
SKU_1770_DEE,07/08/2025,Varejo,2,439.8,84.0,177.9,Venda
SKU_1723_COB,07/08/2025,Varejo,1,434.9,66.84,368.06,Venda
SKU_1753_WHI,07/08/2025,Atacado,3,2369.7,710.91,552.93,Venda
SKU_1961_SHO,07/08/2025,Varejo,1,414.9,0.0,414.9,Venda
SKU_1527_TEA,07/08/2025,Varejo,1,909.9,177.16,732.74,Venda
SKU_1738_ROY,07/08/2025,Varejo,1,194.9,40.18,154.72,Venda
SKU_1577_FLA,07/08/2025,Atacado,5,799.5,319.8,95.94,Venda
SKU_1795_RAS,07/08/2025,Varejo,1,299.9,68.77,231.13,Venda
SKU_1859_LIG,07/08/2025,Atacado,3,1289.7,515.88,257.94,Venda
SKU_1684_SHO,07/08/2025,Varejo,1,184.9,43.52,141.38,Venda
SKU_1786_TEA,07/08/2025,E-commerce,2,359.8,79.98,139.91,Venda
SKU_2035_LIG,07/08/2025,Atacado,5,1124.5,337.35,157.43,Venda
SKU_1646_BLU,07/08/2025,Atacado,5,1024.5,358.6,133.18,Venda
SKU_1740_FRE,07/08/2025,Atacado,4,859.6,343.84,128.94,Venda
SKU_1752_SPA,07/08/2025,Atacado,4,1719.6,601.84,279.44,Venda
SKU_1791_IVO,07/08/2025,Atacado,2,529.8,185.42,172.19,Venda
SKU_1776_PAS,07/08/2025,Atacado,4,1319.6,461.84,214.44,Venda
SKU_1752_SNO,07/08/2025,Varejo,1,429.9,107.26,322.64,Venda
SKU_1728_MID,07/08/2025,E-commerce,1,329.9,66.67,263.23,Venda
SKU_1748_COB,07/08/2025,Varejo,1,309.9,68.92,240.98,Venda
SKU_1577_FLA,07/08/2025,Varejo,1,159.9,37.36,122.54,Venda
SKU_1734_FRE,07/08/2025,Varejo,3,1049.7,195.12,284.86,Venda
SKU_1727_WHI,07/08/2025,Varejo,1,154.9,26.62,128.28,Venda
SKU_1647_ARM,07/08/2025,E-commerce,1,339.9,86.39,253.51,Venda
SKU_1645_MYS,07/08/2025,Atacado,3,1199.7,359.91,279.93,Venda
SKU_1702_COR,07/08/2025,Atacado,2,1239.8,433.92,402.94,Venda
SKU_1703_PAS,07/08/2025,Atacado,6,1619.4,485.82,188.93,Venda
SKU_2083_VAN,07/08/2025,Varejo,4,939.6,0.0,234.9,Venda
SKU_1682_BIR,07/08/2025,E-commerce,1,234.9,65.82,169.08,Venda
SKU_1708_FRE,07/08/2025,Atacado,6,1019.4,356.76,110.44,Venda
SKU_1748_COB,07/08/2025,Atacado,6,1859.4,743.76,185.94,Venda
SKU_1683_PAL,07/08/2025,Varejo,1,314.9,68.39,246.51,Venda
SKU_1694_SER,07/08/2025,Atacado,6,1679.4,671.76,167.94,Venda
SKU_1749_BIR,07/08/2025,Varejo,1,349.9,92.97,256.93,Venda
SKU_1731_ARM,07/08/2025,Atacado,5,4549.5,1364.85,636.93,Venda
SKU_1729_FUC,07/08/2025,E-commerce,1,174.9,50.12,124.78,Venda
SKU_1646_CLE,07/08/2025,Varejo,1,204.9,43.66,161.24,Venda
SKU_1895_PAS,07/08/2025,Atacado,6,1169.4,350.82,136.43,Venda
SKU_1703_BLU,07/08/2025,Atacado,5,1349.5,539.8,161.94,Venda
SKU_1717_MIN,07/08/2025,Varejo,4,1039.6,217.0,205.65,Venda
SKU_1878_ROS,07/08/2025,Varejo,1,439.9,30.79,409.11,Venda
SKU_1659_MOS,07/08/2025,Atacado,4,4099.6,1639.84,614.94,Venda
SKU_1682_OLI,07/08/2025,Atacado,6,1409.4,493.32,152.68,Venda
SKU_1690_MAG,07/08/2025,Atacado,5,2699.5,944.8,350.94,Venda
SKU_1896_PAS,07/08/2025,Atacado,6,6059.4,1817.82,706.93,Venda
SKU_1738_BLU,07/08/2025,Atacado,3,584.7,175.41,136.43,Venda
SKU_1783_BAB,07/08/2025,E-commerce,1,1199.9,220.65,979.25,Venda
SKU_1548_HOT,07/08/2025,E-commerce,1,474.9,128.38,346.52,Venda
SKU_1466_SAP,07/08/2025,Varejo,1,269.9,53.65,216.25,Venda
SKU_2017_SHO,07/08/2025,Atacado,6,1709.4,512.82,199.43,Venda
SKU_1548_HOT,07/08/2025,Varejo,2,949.8,165.28,392.26,Venda
SKU_1953_IVO,07/08/2025,Atacado,5,1174.5,411.1,152.68,Venda
SKU_1725_BAB,07/08/2025,Varejo,1,244.9,52.32,192.58,Venda
SKU_1690_MYS,07/08/2025,Atacado,8,4319.2,1727.68,323.94,Venda
SKU_1539_BLA,07/08/2025,Atacado,4,1399.6,419.88,244.93,Venda
SKU_1800_SKY,07/08/2025,Varejo,1,279.9,47.93,231.97,Venda
SKU_1739_MOS,07/08/2025,Atacado,5,1274.5,382.35,178.43,Venda
SKU_1749_BIR,07/08/2025,Varejo,1,349.9,92.8,257.1,Venda
SKU_1515_AQU,07/08/2025,Atacado,6,1169.4,409.32,126.68,Venda
SKU_1742_DEN,07/08/2025,Atacado,3,779.7,272.88,168.94,Venda
SKU_1410_ROS,07/08/2025,Atacado,10,11399.0,3989.6,740.94,Venda
SKU_1798_OFF,07/08/2025,Varejo,1,419.9,99.23,320.67,Venda
SKU_1785_HUN,07/08/2025,Atacado,12,2938.8,1028.64,159.18,Venda
SKU_1737_DEE,07/08/2025,Varejo,2,1539.8,445.32,547.24,Venda
SKU_1425_LIG,07/08/2025,Atacado,5,1049.5,314.85,146.93,Venda
SKU_1485_PAS,07/08/2025,Atacado,3,1994.7,598.41,465.43,Venda
SKU_1755_AQU,07/08/2025,E-commerce,1,334.9,94.21,240.69,Venda
SKU_1422_PIN,07/08/2025,Atacado,4,1259.6,503.84,188.94,Venda
SKU_1718_SEA,07/08/2025,Varejo,1,369.9,100.46,269.44,Venda
SKU_1782_NAV,07/08/2025,Atacado,3,749.7,299.88,149.94,Venda
SKU_1463_LIG,07/08/2025,Atacado,5,1299.5,389.85,181.93,Venda
SKU_1476_CLO,07/08/2025,Atacado,5,1374.5,412.35,192.43,Venda
SKU_1614_IVO,07/08/2025,Atacado,6,2669.4,800.82,311.43,Venda
SKU_1727_WHI,07/08/2025,Varejo,1,154.9,29.76,125.14,Venda
SKU_1698_SNO,07/08/2025,Atacado,4,1679.6,671.84,251.94,Venda
SKU_1760_PAS,07/08/2025,Atacado,4,999.6,349.84,162.44,Venda
SKU_1704_PEA,07/08/2025,Varejo,3,1004.7,223.5,260.4,Venda
SKU_1766_MYS,07/08/2025,Varejo,1,394.9,87.13,307.77,Venda
SKU_1749_SNO,07/08/2025,Varejo,1,349.9,54.76,295.14,Venda
SKU_1573_MIN,07/08/2025,Varejo,2,2049.8,330.1,859.85,Venda
SKU_1736_PAS,07/08/2025,Atacado,3,974.7,341.13,211.19,Venda
SKU_1705_JAD,07/08/2025,Atacado,5,2049.5,717.3,266.44,Venda
SKU_1495_FUC,07/08/2025,Varejo,4,1319.6,368.04,237.89,Venda
SKU_1716_SAL,07/08/2025,E-commerce,1,164.9,39.46,125.44,Venda
SKU_1708_FRE,07/08/2025,Varejo,2,339.8,95.98,121.91,Venda
SKU_2078_ARM,07/08/2025,Varejo,1,239.9,0.0,239.9,Venda
SKU_1711_VAN,07/08/2025,Atacado,8,7959.2,2785.76,646.68,Venda
SKU_1766_CLE,07/08/2025,E-commerce,1,394.9,112.03,282.87,Venda
SKU_1681_OFF,07/08/2025,Varejo,2,469.8,91.46,189.17,Venda
SKU_1706_JAD,07/08/2025,Atacado,4,739.6,221.88,129.43,Venda
SKU_1532_EME,07/08/2025,Varejo,1,979.9,204.31,775.59,Venda
SKU_1777_FRE,07/08/2025,Atacado,6,1439.4,503.76,155.94,Venda
SKU_1761_SAP,07/08/2025,Atacado,6,6629.4,1988.82,773.43,Venda
SKU_1738_BLU,07/08/2025,E-commerce,1,194.9,34.81,160.09,Venda
SKU_1431_CRE,07/08/2025,Varejo,1,369.9,101.52,268.38,Venda
SKU_1714_MID,07/08/2025,Atacado,6,1829.4,548.82,213.43,Venda
SKU_1752_SPA,07/08/2025,Atacado,6,2579.4,902.76,279.44,Venda
SKU_1761_SAP,07/08/2025,Varejo,2,2209.8,476.32,866.74,Venda
SKU_1712_NAV,07/08/2025,Atacado,2,359.8,125.92,116.94,Venda
SKU_1789_SNO,07/08/2025,E-commerce,1,269.9,55.39,214.51,Venda
SKU_1736_PAS,07/08/2025,Atacado,2,649.8,227.42,211.19,Venda
SKU_2036_SPA,07/08/2025,Atacado,3,719.7,251.88,155.94,Venda
SKU_1749_BIR,07/08/2025,Atacado,4,1399.6,489.84,227.44,Venda
SKU_1793_MIN,07/08/2025,Atacado,3,569.7,170.91,132.93,Venda
SKU_1788_EME,07/08/2025,Atacado,3,749.7,299.88,149.94,Venda
SKU_1749_SNO,07/08/2025,Atacado,3,1049.7,367.38,227.44,Venda
SKU_1700_HUN,07/08/2025,Varejo,2,1399.8,263.02,568.39,Venda
SKU_1703_PAS,07/08/2025,Varejo,1,269.9,45.14,224.76,Venda
SKU_1759_COB,07/08/2025,Atacado,2,539.8,188.92,175.44,Venda
SKU_1767_PRI,07/08/2025,Atacado,4,819.6,245.88,143.43,Venda
SKU_1710_MEX,07/08/2025,E-commerce,1,809.9,147.84,662.06,Venda
SKU_1748_BAB,07/08/2025,Varejo,1,309.9,60.14,249.76,Venda
SKU_1778_MIN,07/08/2025,Atacado,8,2279.2,797.68,185.19,Venda
SKU_1742_DEN,07/08/2025,Atacado,6,1559.4,467.82,181.93,Venda
SKU_1695_LIM,07/08/2025,Atacado,6,1259.4,440.76,136.44,Venda
SKU_1775_PAL,07/08/2025,Varejo,1,279.9,43.46,236.44,Venda
SKU_1706_JAD,07/08/2025,Atacado,2,369.8,110.94,129.43,Venda
SKU_1735_COR,07/08/2025,Atacado,3,809.7,242.91,188.93,Venda
SKU_1722_AQU,07/08/2025,Atacado,4,1299.6,454.84,211.19,Venda
SKU_1773_OLI,07/08/2025,Atacado,4,1299.6,519.84,194.94,Venda
SKU_1750_SNO,07/08/2025,Atacado,6,2219.4,665.82,258.93,Venda
SKU_1725_BAB,07/08/2025,E-commerce,1,244.9,70.7,174.2,Venda
SKU_1631_BAL,07/08/2025,Atacado,6,1079.4,377.76,116.94,Venda
SKU_1425_LIG,07/08/2025,Atacado,5,1049.5,314.85,146.93,Venda
SKU_1749_SNO,07/08/2025,Varejo,1,349.9,97.85,252.05,Venda
SKU_1590_MYS,07/08/2025,Varejo,1,189.9,53.2,136.7,Venda
SKU_1716_SAL,07/08/2025,Varejo,2,329.8,62.72,133.54,Venda
SKU_1750_SNO,07/08/2025,E-commerce,1,369.9,94.14,275.76,Venda
SKU_1762_BRI,07/08/2025,E-commerce,1,254.9,50.95,203.95,Venda
SKU_1540_BAL,07/08/2025,Atacado,5,849.5,297.3,110.44,Venda
SKU_1766_MYS,07/08/2025,Varejo,1,394.9,69.72,325.18,Venda
SKU_1744_EME,07/08/2025,Varejo,1,264.9,42.94,221.96,Venda
SKU_1731_MIN,07/08/2025,Varejo,2,1819.8,448.12,685.84,Venda
SKU_1770_DEE,07/08/2025,Varejo,1,219.9,46.75,173.15,Venda
SKU_1773_FRE,07/08/2025,Atacado,10,3249.0,1137.1,211.19,Venda
SKU_1762_BRI,07/08/2025,E-commerce,1,254.9,41.94,212.96,Venda
SKU_1518_LIM,07/08/2025,Atacado,4,939.6,328.88,152.68,Venda
SKU_1470_MAR,07/08/2025,Varejo,1,919.9,220.79,699.11,Venda
SKU_1694_SER,07/08/2025,Varejo,3,839.7,130.71,236.33,Venda
SKU_1688_WHI,07/08/2025,Varejo,1,429.9,82.76,347.14,Venda
SKU_1735_COR,07/08/2025,Atacado,5,1349.5,539.8,161.94,Venda
SKU_1778_TEA,07/08/2025,Varejo,1,284.9,69.5,215.4,Venda
SKU_1529_HUN,07/08/2025,Atacado,4,979.6,391.84,146.94,Venda
SKU_1731_ARM,07/08/2025,Varejo,1,909.9,192.94,716.96,Venda
SKU_1793_MIN,07/08/2025,Varejo,1,189.9,38.63,151.27,Venda
SKU_1613_AQU,07/08/2025,Varejo,2,379.8,76.56,151.62,Venda
SKU_1693_MEX,07/08/2025,Atacado,10,2049.0,717.2,133.18,Venda
SKU_1789_SNO,07/08/2025,Varejo,1,269.9,64.77,205.13,Venda
SKU_1777_FRE,07/08/2025,Atacado,5,1199.5,479.8,143.94,Venda
SKU_1549_PAS,07/08/2025,Atacado,12,2218.8,776.64,120.18,Venda
SKU_1737_SAG,07/08/2025,E-commerce,1,769.9,203.2,566.7,Venda
SKU_1715_HON,07/08/2025,E-commerce,1,219.9,61.45,158.45,Venda
SKU_1696_SHO,07/08/2025,Varejo,1,279.9,63.99,215.91,Venda
SKU_1459_OFF,07/08/2025,Atacado,8,1679.2,503.76,146.93,Venda
SKU_1587_DEE,07/08/2025,Varejo,3,689.7,120.27,189.81,Venda
SKU_1705_SER,07/08/2025,E-commerce,2,819.8,196.48,311.66,Venda
SKU_1747_TEA,07/08/2025,Atacado,5,874.5,306.1,113.68,Venda
SKU_1689_MAG,07/08/2025,Atacado,5,4824.5,1688.6,627.18,Venda
SKU_1764_FUC,07/08/2025,Atacado,10,2349.0,704.7,164.43,Venda
SKU_1571_BIR,07/08/2025,E-commerce,1,249.9,74.95,174.95,Venda
SKU_1566_POW,07/08/2025,Atacado,5,5174.5,1552.35,724.43,Venda
SKU_1761_SAP,07/08/2025,E-commerce,1,1104.9,296.85,808.05,Venda
SKU_1406_SHO,07/08/2025,E-commerce,1,349.9,94.44,255.46,Venda
SKU_1699_COB,07/08/2025,Atacado,5,1649.5,494.85,230.93,Venda
SKU_1688_LIG,07/08/2025,E-commerce,1,429.9,104.5,325.4,Venda
SKU_1581_COB,07/08/2025,Varejo,1,854.9,220.74,634.16,Venda
SKU_2016_SAP,07/08/2025,Varejo,1,224.9,0.0,224.9,Venda
SKU_1684_SHO,07/08/2025,Atacado,4,739.6,332.8,101.7,Venda
SKU_1730_OFF,07/08/2025,Varejo,1,319.9,52.32,267.58,Venda
SKU_1694_SER,07/08/2025,Atacado,2,559.8,167.94,195.93,Venda
SKU_1767_PRI,07/08/2025,Varejo,1,204.9,35.85,169.05,Venda
SKU_1693_FLA,07/08/2025,Varejo,1,204.9,34.22,170.68,Venda
SKU_1691_HUN,07/08/2025,Varejo,1,309.9,46.61,263.29,Venda
SKU_1392_LIM,07/08/2025,Varejo,2,589.8,169.94,209.93,Venda
SKU_1693_MEX,07/08/2025,Varejo,1,204.9,60.36,144.54,Venda
SKU_1724_PIN,07/08/2025,Varejo,1,1114.9,174.67,940.23,Venda
SKU_1785_PAS,07/08/2025,Varejo,1,244.9,47.45,197.45,Venda
SKU_1957_CRE,07/08/2025,Atacado,10,1899.0,569.7,132.93,Venda
SKU_1732_WHI,07/08/2025,Varejo,1,1114.9,180.03,934.87,Venda
SKU_1762_DEN,07/08/2025,Varejo,3,764.7,226.92,179.26,Venda
SKU_1761_MOS,07/08/2025,Varejo,1,1104.9,214.22,890.68,Venda
SKU_2094_OLI,07/08/2025,Atacado,4,739.6,258.88,120.18,Venda
SKU_1785_HUN,07/08/2025,Atacado,4,979.6,342.88,159.18,Venda
SKU_1518_LIM,07/08/2025,E-commerce,1,234.9,65.66,169.24,Venda
SKU_1741_PEA,07/08/2025,Atacado,10,2399.0,959.6,143.94,Venda
SKU_1674_PAS,07/08/2025,Varejo,1,229.9,54.5,175.4,Venda
SKU_1651_SAL,07/08/2025,Atacado,10,2649.0,927.1,172.19,Venda
SKU_1708_FRE,07/08/2025,E-commerce,1,169.9,36.8,133.1,Venda
SKU_1681_OFF,07/08/2025,E-commerce,1,234.9,40.85,194.05,Venda
SKU_1750_SNO,07/08/2025,Varejo,1,369.9,68.75,301.15,Venda
SKU_1416_CLE,07/08/2025,Atacado,12,3358.8,1343.52,167.94,Venda
SKU_1751_BLU,07/08/2025,Varejo,1,329.9,71.62,258.28,Venda
SKU_1844_MOS,07/08/2025,Atacado,4,999.6,349.84,162.44,Venda
SKU_1793_MIN,07/08/2025,Atacado,6,1139.4,512.76,104.44,Venda
SKU_1891_MAR,07/08/2025,Atacado,5,1649.5,659.8,197.94,Venda
SKU_1573_MIN,07/08/2025,Atacado,8,8199.2,2869.76,666.18,Venda
SKU_1681_OFF,07/08/2025,Atacado,8,1879.2,657.76,152.68,Venda
SKU_1740_FRE,07/08/2025,Varejo,1,214.9,38.54,176.36,Venda
SKU_1729_CLE,07/08/2025,Atacado,4,699.6,244.88,113.68,Venda
SKU_1816_WHI,07/08/2025,Atacado,4,959.6,287.88,167.93,Venda
SKU_1758_HON,07/08/2025,Varejo,1,179.9,34.3,145.6,Venda
SKU_1537_SAP,07/08/2025,E-commerce,1,254.9,56.36,198.54,Venda
SKU_1662_PIS,07/08/2025,Atacado,6,1199.4,419.76,129.94,Venda
SKU_1735_MOS,07/08/2025,Atacado,8,2159.2,647.76,188.93,Venda
SKU_1752_SPA,07/08/2025,Varejo,1,429.9,105.19,324.71,Venda
SKU_1670_PEA,07/08/2025,Atacado,3,434.7,152.16,94.18,Venda
SKU_1721_COR,07/08/2025,Atacado,10,4199.0,1469.6,272.94,Venda
SKU_1689_IVO,07/08/2025,Varejo,1,964.9,236.74,728.16,Venda
SKU_1706_JAD,07/08/2025,Varejo,3,554.7,156.69,132.67,Venda
SKU_1865_CRE,07/08/2025,Varejo,1,249.9,0.0,249.9,Venda
SKU_1541_AQU,07/08/2025,Varejo,1,674.9,182.15,492.75,Venda
SKU_1530_PEA,07/08/2025,E-commerce,2,259.8,59.08,100.36,Venda
SKU_1628_POW,07/08/2025,Atacado,4,2199.6,769.84,357.44,Venda
SKU_1670_PEA,07/08/2025,Atacado,8,1159.2,347.76,101.43,Venda
SKU_1790_ROY,07/08/2025,Varejo,1,259.9,71.03,188.87,Venda
SKU_1641_SER,07/08/2025,Atacado,5,1624.5,568.55,211.19,Venda
SKU_1782_HUN,07/08/2025,Atacado,5,1249.5,437.3,162.44,Venda
SKU_1775_PAL,07/08/2025,Varejo,1,279.9,62.3,217.6,Venda
SKU_1729_FUC,07/08/2025,Varejo,2,349.8,92.44,128.68,Venda
SKU_1745_FOR,07/08/2025,Atacado,4,1639.6,573.84,266.44,Venda
SKU_1734_BRI,07/08/2025,Atacado,3,1049.7,367.38,227.44,Venda
SKU_1729_CLE,07/08/2025,Atacado,5,874.5,306.1,113.68,Venda
SKU_1762_DEN,07/08/2025,Varejo,2,509.8,139.62,185.09,Venda
SKU_2045_MID,07/08/2025,Atacado,5,974.5,341.1,126.68,Venda
SKU_1726_BUB,07/08/2025,Atacado,10,4299.0,1289.7,300.93,Venda
SKU_1710_OLI,07/08/2025,Varejo,1,809.9,183.03,626.87,Venda
SKU_1673_PEA,07/08/2025,Varejo,1,409.9,64.75,345.15,Venda
SKU_1720_PAL,07/08/2025,Varejo,4,899.6,199.04,175.14,Venda
SKU_1706_BLA,07/08/2025,Varejo,1,184.9,30.21,154.69,Venda
SKU_1719_WHI,07/08/2025,Atacado,4,1279.6,447.84,207.94,Venda
SKU_1793_MIN,07/08/2025,Varejo,2,379.8,95.96,141.92,Venda
SKU_2106_FUC,07/08/2025,E-commerce,1,234.9,0.0,234.9,Venda
SKU_1729_FUC,07/08/2025,Atacado,4,699.6,244.88,113.68,Venda
SKU_1703_BLU,07/08/2025,Varejo,1,269.9,41.53,228.37,Venda
SKU_1698_SNO,07/08/2025,Varejo,2,839.8,171.04,334.38,Venda
SKU_1771_EME,07/08/2025,Varejo,1,264.9,52.1,212.8,Venda
SKU_1793_WHI,07/08/2025,Atacado,6,1139.4,455.76,113.94,Venda
SKU_1790_EGR,07/08/2025,Varejo,3,779.7,131.55,216.05,Venda
SKU_1702_COR,07/08/2025,Atacado,2,1239.8,433.92,402.94,Venda
SKU_1698_SNO,07/08/2025,E-commerce,1,419.9,95.39,324.51,Venda
SKU_1744_LIG,07/08/2025,E-commerce,1,264.9,67.63,197.27,Venda
SKU_1770_JAD,07/08/2025,Varejo,2,439.8,117.7,161.05,Venda
SKU_1778_TEA,07/08/2025,Varejo,1,284.9,44.56,240.34,Venda
SKU_1748_COB,07/08/2025,Varejo,1,309.9,56.73,253.17,Venda
SKU_1626_DEN,07/08/2025,Atacado,4,2159.6,647.88,377.93,Venda
SKU_1687_WHI,07/08/2025,Varejo,1,899.9,186.95,712.95,Venda
SKU_1712_NAV,07/08/2025,Varejo,1,179.9,53.35,126.55,Venda
SKU_1708_FLA,07/08/2025,Varejo,2,339.8,88.46,125.67,Venda
SKU_1697_MIN,07/08/2025,Atacado,12,2638.8,1055.52,131.94,Venda
SKU_1798_OFF,07/08/2025,Atacado,3,1259.7,440.88,272.94,Venda
SKU_1644_BAB,07/08/2025,Varejo,1,319.9,67.83,252.07,Venda
SKU_1864_VAN,07/08/2025,Atacado,3,509.7,178.38,110.44,Venda
SKU_1791_IVO,07/08/2025,Atacado,4,1059.6,423.84,158.94,Venda
SKU_1731_ARM,07/08/2025,Atacado,5,4549.5,1592.3,591.44,Venda
SKU_1782_NAV,07/08/2025,E-commerce,1,249.9,67.2,182.7,Venda
SKU_1908_BLA,07/08/2025,Atacado,4,1259.6,440.84,204.69,Venda
SKU_1736_JAD,07/08/2025,Atacado,4,1299.6,454.84,211.19,Venda
SKU_1702_LIG,07/08/2025,Atacado,5,3099.5,1239.8,371.94,Venda
SKU_1493_CLO,07/08/2025,Varejo,3,989.7,149.55,280.05,Venda
SKU_1753_PAL,07/08/2025,Varejo,1,789.9,219.83,570.07,Venda
SKU_1735_COR,07/08/2025,Varejo,1,269.9,41.5,228.4,Venda
SKU_1468_MYS,07/08/2025,E-commerce,2,1059.8,283.56,388.12,Venda
SKU_1759_CLE,07/08/2025,Atacado,5,1349.5,539.8,161.94,Venda
SKU_1741_PEA,07/08/2025,Atacado,6,1439.4,503.76,155.94,Venda
SKU_1414_DUS,07/08/2025,Atacado,4,1359.6,543.84,203.94,Venda
SKU_1798_OFF,07/08/2025,Atacado,6,2519.4,755.82,293.93,Venda
SKU_1740_FRE,07/08/2025,Varejo,1,214.9,60.18,154.72,Venda
SKU_2114_DUS,07/08/2025,Atacado,4,1559.6,467.88,272.93,Venda
SKU_1427_AQU,07/08/2025,Atacado,5,999.5,349.8,129.94,Venda
SKU_1781_AQU,07/08/2025,E-commerce,1,129.9,26.41,103.49,Venda
SKU_1754_IVO,07/08/2025,Varejo,3,1019.7,157.29,287.47,Venda
SKU_1677_VAN,07/08/2025,Atacado,8,4559.2,1823.68,341.94,Venda
SKU_1788_MYS,07/08/2025,Atacado,6,1499.4,674.76,137.44,Venda
SKU_1694_PIS,07/08/2025,Varejo,1,279.9,55.78,224.12,Venda
SKU_1970_PEA,07/08/2025,E-commerce,1,769.9,0.0,769.9,Venda
SKU_1701_BLU,07/08/2025,Varejo,1,339.9,86.0,253.9,Venda
SKU_1685_COB,07/08/2025,Varejo,2,1329.8,306.9,511.45,Venda
SKU_1862_PAS,07/08/2025,Atacado,6,1349.4,404.82,157.43,Venda
SKU_1418_CLE,07/08/2025,E-commerce,1,844.9,202.64,642.26,Venda
SKU_1477_EME,07/08/2025,Atacado,10,2249.0,674.7,157.43,Venda
SKU_1759_CLE,07/08/2025,E-commerce,1,269.9,80.43,189.47,Venda
SKU_1801_MOS,07/08/2025,Varejo,1,374.9,89.36,285.54,Venda
SKU_1766_MYS,07/08/2025,Atacado,8,3159.2,1105.68,256.69,Venda
SKU_1759_CLE,07/08/2025,Atacado,4,1079.6,323.88,188.93,Venda
SKU_1781_CLE,07/08/2025,E-commerce,3,389.7,72.69,105.67,Venda
SKU_1719_OFF,07/08/2025,Varejo,1,319.9,90.87,229.03,Venda
SKU_1785_HUN,07/08/2025,Atacado,3,734.7,293.88,146.94,Venda
SKU_1682_BIR,07/08/2025,E-commerce,1,234.9,47.94,186.96,Venda
SKU_1683_SHO,07/08/2025,Varejo,1,314.9,65.01,249.89,Venda
SKU_1733_NAV,07/08/2025,E-commerce,1,349.9,99.93,249.97,Venda
SKU_1632_SAP,07/08/2025,Varejo,2,369.8,103.8,133.0,Venda
SKU_1720_PAS,07/08/2025,Varejo,1,224.9,64.91,159.99,Venda
SKU_1696_SER,07/08/2025,Atacado,5,1399.5,559.8,167.94,Venda
SKU_2046_MAR,07/08/2025,E-commerce,1,514.9,0.0,514.9,Venda
SKU_1723_MOS,07/08/2025,Varejo,1,434.9,115.38,319.52,Venda
SKU_1536_MOS,07/08/2025,Varejo,1,344.9,78.77,266.13,Venda
SKU_1694_SER,07/08/2025,Varejo,2,559.8,162.86,198.47,Venda
SKU_1689_MAG,07/08/2025,Atacado,6,5789.4,2026.32,627.18,Venda
SKU_2009_WHI,07/08/2025,E-commerce,1,249.9,0.0,249.9,Venda
SKU_1691_HUN,07/08/2025,E-commerce,1,309.9,62.0,247.9,Venda
SKU_1698_SNO,07/08/2025,Atacado,2,839.8,335.92,251.94,Venda
SKU_1407_EME,07/08/2025,Varejo,1,214.9,50.22,164.68,Venda
SKU_1726_BUB,07/08/2025,Varejo,1,429.9,123.81,306.09,Venda
SKU_1950_FLA,07/08/2025,Varejo,4,1659.6,116.16,385.86,Venda
SKU_1626_BAB,07/08/2025,Varejo,1,539.9,84.83,455.07,Venda
SKU_1756_FLA,07/08/2025,Varejo,1,179.9,35.19,144.71,Venda
SKU_1720_PAS,07/08/2025,Atacado,3,674.7,202.41,157.43,Venda
SKU_1392_LIM,07/08/2025,Varejo,1,294.9,79.05,215.85,Venda
SKU_1769_WHI,07/08/2025,Varejo,3,974.7,263.4,237.1,Venda
SKU_1786_POW,07/08/2025,E-commerce,1,179.9,38.86,141.04,Venda
SKU_1700_PIS,07/08/2025,E-commerce,1,699.9,156.72,543.18,Venda
SKU_1728_MID,07/08/2025,Varejo,1,329.9,65.93,263.97,Venda
SKU_1525_MYS,07/08/2025,Atacado,5,1449.5,507.3,188.44,Venda
SKU_1749_BIR,07/08/2025,E-commerce,1,349.9,87.07,262.83,Venda
SKU_1754_SER,07/08/2025,Atacado,6,2039.4,713.76,220.94,Venda
SKU_1725_BAB,07/08/2025,Varejo,3,734.7,176.76,185.98,Venda
SKU_1777_TUR,07/08/2025,Varejo,1,239.9,70.35,169.55,Venda
SKU_1738_ROY,07/08/2025,Varejo,1,194.9,52.56,142.34,Venda
SKU_1635_SAG,07/08/2025,Varejo,1,604.9,122.36,482.54,Venda
SKU_1795_HUN,07/08/2025,Varejo,1,299.9,86.6,213.3,Venda
SKU_1735_MOS,07/08/2025,Atacado,4,1079.6,377.84,175.44,Venda
SKU_2002_WHI,07/08/2025,Atacado,2,409.8,163.92,122.94,Venda
SKU_1587_LIG,07/08/2025,Atacado,8,1839.2,643.68,149.44,Venda
SKU_1769_WHI,07/08/2025,E-commerce,1,324.9,93.73,231.17,Venda
SKU_1798_OFF,07/08/2025,Atacado,6,2519.4,755.82,293.93,Venda
SKU_1718_SEA,07/08/2025,Varejo,2,739.8,115.58,312.11,Venda
SKU_1776_PAS,07/08/2025,Atacado,4,1319.6,395.88,230.93,Venda
SKU_1522_MOS,07/08/2025,Varejo,1,149.9,26.05,123.85,Venda
SKU_1708_FRE,07/08/2025,E-commerce,1,169.9,40.94,128.96,Venda
SKU_1752_SPA,07/08/2025,Atacado,8,3439.2,1031.76,300.93,Venda
SKU_1756_FLA,07/08/2025,Atacado,4,719.6,251.84,116.94,Venda
SKU_1902_BLU,07/08/2025,E-commerce,1,829.9,0.0,829.9,Venda
SKU_1761_MOS,07/08/2025,Varejo,1,1104.9,236.15,868.75,Venda
SKU_1686_MOS,07/08/2025,Varejo,1,214.9,61.82,153.08,Venda
SKU_1519_TEA,07/08/2025,E-commerce,1,629.9,144.78,485.12,Venda
SKU_1873_BAB,07/08/2025,Atacado,10,4499.0,1349.7,314.93,Venda
SKU_1680_SEA,07/08/2025,Atacado,5,1674.5,586.05,217.69,Venda
SKU_1708_FLA,07/08/2025,Atacado,4,679.6,203.88,118.93,Venda
SKU_1745_FOR,07/08/2025,Atacado,12,4918.8,1475.64,286.93,Venda
SKU_2110_SPA,07/08/2025,Varejo,1,219.9,15.39,204.51,Venda
SKU_1701_BLU,07/08/2025,Varejo,2,679.8,120.8,279.5,Venda
SKU_1517_FOR,07/08/2025,Varejo,1,1199.9,331.82,868.08,Venda
SKU_1747_TEA,07/08/2025,Atacado,10,1749.0,699.6,104.94,Venda
SKU_1746_NAV,07/08/2025,Atacado,6,1079.4,377.76,116.94,Venda
SKU_1439_CER,07/08/2025,Varejo,1,184.9,53.29,131.61,Venda
SKU_1744_LIG,07/08/2025,Atacado,10,2649.0,794.7,185.43,Venda
SKU_1762_DEN,07/08/2025,E-commerce,1,254.9,48.63,206.27,Venda
SKU_1817_BUB,07/08/2025,Varejo,1,219.9,0.0,219.9,Venda
SKU_1753_PAL,07/08/2025,E-commerce,1,789.9,180.25,609.65,Venda
SKU_1709_MAR,07/08/2025,Atacado,6,1259.4,440.76,136.44,Venda
SKU_1730_OFF,07/08/2025,Varejo,3,959.7,248.64,237.02,Venda
SKU_1563_WHI,07/08/2025,Atacado,8,1199.2,359.76,104.93,Venda
SKU_1768_MIN,07/08/2025,E-commerce,1,624.9,155.87,469.03,Venda
SKU_1868_ARM,07/08/2025,Atacado,2,1579.8,552.92,513.44,Venda
SKU_2112_TEA,07/08/2025,Atacado,4,1339.6,401.88,234.43,Venda
SKU_1392_LIM,07/08/2025,Varejo,1,294.9,55.75,239.15,Venda
SKU_1656_FUC,07/08/2025,Atacado,5,1174.5,411.1,152.68,Venda
SKU_1497_VAN,07/08/2025,E-commerce,1,134.9,37.52,97.38,Venda
SKU_1754_SER,07/08/2025,Atacado,4,1359.6,407.88,237.93,Venda
SKU_1585_COR,07/08/2025,Atacado,3,959.7,335.88,207.94,Venda
SKU_1717_CRE,07/08/2025,Atacado,2,519.8,155.94,181.93,Venda
SKU_1723_COB,07/08/2025,E-commerce,1,434.9,108.51,326.39,Venda
SKU_1775_PAS,07/08/2025,Varejo,1,279.9,51.16,228.74,Venda
SKU_1788_MYS,07/08/2025,Varejo,1,249.9,55.49,194.41,Venda
SKU_2024_MIN,07/08/2025,E-commerce,1,384.9,0.0,384.9,Venda
SKU_1789_SNO,07/08/2025,Atacado,6,1619.4,566.76,175.44,Venda
SKU_1701_SPA,07/08/2025,E-commerce,1,339.9,74.12,265.78,Venda
SKU_1781_CLE,07/08/2025,Varejo,2,259.8,43.3,108.25,Venda
SKU_1661_CER,07/08/2025,Varejo,1,989.9,199.72,790.18,Venda
SKU_1589_TUR,07/08/2025,Atacado,8,5439.2,1631.76,475.93,Venda
SKU_1422_MIN,07/08/2025,Atacado,4,1259.6,377.88,220.43,Venda
SKU_1773_OLI,07/08/2025,Varejo,1,324.9,74.91,249.99,Venda
SKU_1550_PAL,07/08/2025,Atacado,3,494.7,197.88,98.94,Venda
SKU_1724_PEA,07/08/2025,Atacado,5,5574.5,1951.1,724.68,Venda
SKU_1935_DEN,07/08/2025,Varejo,1,179.9,0.0,179.9,Venda
SKU_1747_FUC,07/08/2025,E-commerce,1,174.9,31.86,143.04,Venda
SKU_1766_CLE,07/08/2025,Atacado,5,1974.5,592.35,276.43,Venda
SKU_1637_BLU,07/08/2025,Atacado,4,3679.6,1103.88,643.93,Venda
SKU_1723_COB,07/08/2025,Varejo,1,434.9,74.1,360.8,Venda
SKU_1982_VAN,07/08/2025,Atacado,8,1799.2,539.76,157.43,Venda
SKU_1747_TEA,07/08/2025,Varejo,2,349.8,77.74,136.03,Venda
SKU_1720_PAS,07/08/2025,Atacado,2,449.8,157.44,146.18,Venda
SKU_1501_OLI,07/08/2025,Varejo,1,169.9,45.53,124.37,Venda
SKU_1732_OFF,07/08/2025,Varejo,4,4459.6,1241.68,804.48,Venda
SKU_1475_MIN,07/08/2025,Atacado,8,1999.2,799.68,149.94,Venda
SKU_1757_PIN,07/08/2025,Varejo,2,529.8,151.62,189.09,Venda
SKU_1701_SPA,07/08/2025,Atacado,5,1699.5,679.8,203.94,Venda
SKU_1782_HUN,07/08/2025,Atacado,6,1499.4,449.82,174.93,Venda
SKU_1789_EME,07/08/2025,Varejo,1,269.9,66.2,203.7,Venda
SKU_1442_OFF,07/08/2025,E-commerce,1,289.9,51.13,238.77,Venda
SKU_1784_BLA,07/08/2025,Atacado,2,619.8,185.94,216.93,Venda
SKU_1737_SAG,07/08/2025,Atacado,6,4619.4,1616.76,500.44,Venda
SKU_1798_OFF,07/08/2025,Atacado,3,1259.7,377.91,293.93,Venda
SKU_1753_WHI,07/08/2025,E-commerce,1,789.9,146.12,643.78,Venda
SKU_1689_IVO,07/08/2025,Varejo,1,964.9,213.81,751.09,Venda
SKU_1796_SHO,07/08/2025,Varejo,1,504.9,134.61,370.29,Venda
SKU_1761_SAP,07/08/2025,Varejo,3,3314.7,972.66,780.68,Venda
SKU_1694_PIS,07/08/2025,Atacado,4,1119.6,335.88,195.93,Venda
SKU_1715_JAD,07/08/2025,Varejo,1,219.9,44.57,175.33,Venda
SKU_1751_BLU,07/08/2025,Varejo,1,329.9,79.28,250.62,Venda
SKU_1656_SNO,07/08/2025,Varejo,3,704.7,148.17,185.51,Venda
SKU_1393_SKY,07/08/2025,E-commerce,1,309.9,71.75,238.15,Venda
SKU_1900_HON,07/08/2025,Atacado,5,2124.5,743.55,276.19,Venda
SKU_1735_COR,07/08/2025,Varejo,1,269.9,52.41,217.49,Venda
SKU_1789_EME,07/08/2025,Atacado,5,1349.5,404.85,188.93,Venda
SKU_1754_SER,07/08/2025,Atacado,3,1019.7,305.91,237.93,Venda
SKU_1741_PEA,07/08/2025,Atacado,3,719.7,323.88,131.94,Venda
SKU_1689_MAG,07/08/2025,Varejo,1,964.9,147.06,817.84,Venda
SKU_1753_PAL,07/08/2025,E-commerce,1,789.9,230.72,559.18,Venda
SKU_1765_MYS,07/08/2025,E-commerce,2,519.8,125.0,197.4,Venda
SKU_1687_FOR,07/08/2025,E-commerce,2,1799.8,505.38,647.21,Venda
SKU_1766_CLE,07/08/2025,Varejo,1,394.9,84.73,310.17,Venda
SKU_1794_LIG,07/08/2025,Atacado,6,1259.4,566.76,115.44,Venda
SKU_1562_BLU,07/08/2025,Varejo,1,309.9,76.04,233.86,Venda
SKU_1711_ARM,07/08/2025,Atacado,8,7959.2,2785.76,646.68,Venda
SKU_1757_TUR,07/08/2025,Varejo,2,529.8,133.94,197.93,Venda
SKU_1770_DEE,07/08/2025,Atacado,5,1099.5,329.85,153.93,Venda
SKU_1722_AQU,07/08/2025,Atacado,8,2599.2,779.76,227.43,Venda
SKU_1746_NAV,07/08/2025,Atacado,2,359.8,107.94,125.93,Venda
SKU_1542_DEE,07/08/2025,Atacado,2,939.8,375.92,281.94,Venda
SKU_1711_VAN,07/08/2025,Varejo,1,994.9,294.45,700.45,Venda
SKU_1797_BLU,07/08/2025,Varejo,1,379.9,108.21,271.69,Venda
SKU_1814_PAS,07/08/2025,Atacado,4,1519.6,455.88,265.93,Venda
SKU_1507_PAS,07/08/2025,Atacado,3,539.7,188.88,116.94,Venda
SKU_1559_BLU,07/08/2025,Varejo,2,2399.8,631.08,884.36,Venda
SKU_1720_PAL,07/08/2025,Atacado,4,899.6,359.84,134.94,Venda
SKU_1980_DEN,07/08/2025,Atacado,6,929.4,278.82,108.43,Venda
SKU_1448_SKY,07/08/2025,E-commerce,1,179.9,45.79,134.11,Venda
SKU_1752_SNO,07/08/2025,Varejo,1,429.9,91.85,338.05,Venda
SKU_1750_MIN,07/08/2025,Varejo,1,369.9,67.8,302.1,Venda
SKU_1727_WHI,07/08/2025,Varejo,1,154.9,35.44,119.46,Venda
SKU_1780_LIG,07/08/2025,Atacado,5,1674.5,502.35,234.43,Venda
SKU_1760_PAS,07/08/2025,Varejo,2,499.8,77.58,211.11,Venda
SKU_1692_OLI,07/08/2025,Varejo,1,219.9,65.05,154.85,Venda
SKU_1755_AQU,07/08/2025,Atacado,12,4018.8,1205.64,234.43,Venda
SKU_1527_TEA,07/08/2025,Varejo,1,909.9,161.3,748.6,Venda
SKU_1767_FUC,07/08/2025,Varejo,1,204.9,50.1,154.8,Venda
SKU_1757_TUR,07/08/2025,E-commerce,1,264.9,72.55,192.35,Venda
SKU_1736_PAS,07/08/2025,Atacado,6,1949.4,584.82,227.43,Venda
SKU_1685_BIR,07/08/2025,Varejo,1,664.9,134.38,530.52,Venda
SKU_1796_SHO,07/08/2025,Varejo,1,504.9,76.52,428.38,Venda
SKU_1788_EME,07/08/2025,Atacado,2,499.8,174.92,162.44,Venda
SKU_1690_MYS,07/08/2025,E-commerce,1,539.9,155.91,383.99,Venda
SKU_1762_DEN,07/08/2025,Atacado,5,1274.5,446.1,165.68,Venda
SKU_1716_SAL,07/08/2025,Varejo,1,164.9,34.98,129.92,Venda
SKU_1701_SPA,07/08/2025,E-commerce,1,339.9,62.11,277.79,Venda
SKU_1788_EME,07/08/2025,Atacado,6,1499.4,524.76,162.44,Venda
SKU_1730_OFF,07/08/2025,Atacado,3,959.7,335.88,207.94,Venda
SKU_1777_FRE,07/08/2025,Atacado,6,1439.4,503.76,155.94,Venda
SKU_1433_SAP,07/08/2025,Varejo,1,314.9,90.49,224.41,Venda
SKU_1468_BAB,07/08/2025,Atacado,6,3179.4,1112.76,344.44,Venda
SKU_1702_COR,07/08/2025,Varejo,1,619.9,94.8,525.1,Venda
SKU_2075_COR,07/08/2025,Varejo,1,239.9,16.79,223.11,Venda
SKU_1796_OLI,07/08/2025,Varejo,1,504.9,138.23,366.67,Venda
SKU_1414_CLO,07/08/2025,Atacado,4,1359.6,407.88,237.93,Venda
SKU_1780_AQU,07/08/2025,Atacado,2,669.8,267.92,200.94,Venda
SKU_1774_COB,07/08/2025,Varejo,1,204.9,32.87,172.03,Venda
SKU_1699_CLO,07/08/2025,E-commerce,2,659.8,133.58,263.11,Venda
SKU_1738_BLU,07/08/2025,Atacado,6,1169.4,409.32,126.68,Venda
SKU_1758_CLO,07/08/2025,Atacado,5,899.5,314.8,116.94,Venda
SKU_1715_HON,07/08/2025,Varejo,3,659.7,182.64,159.02,Venda
SKU_1768_MIN,07/08/2025,Varejo,1,624.9,144.33,480.57,Venda
SKU_1739_MOS,07/08/2025,Varejo,3,764.7,192.57,190.71,Venda
SKU_1793_WHI,07/08/2025,E-commerce,1,189.9,43.55,146.35,Venda
SKU_1790_ROY,07/08/2025,Atacado,4,1039.6,311.88,181.93,Venda
SKU_1418_CLE,07/08/2025,Varejo,3,2534.7,589.74,648.32,Venda
SKU_1706_JAD,07/08/2025,Varejo,1,184.9,47.46,137.44,Venda
SKU_1763_HOT,07/08/2025,Varejo,1,299.9,47.41,252.49,Venda
SKU_1402_WHI,07/08/2025,Atacado,6,1409.4,422.82,164.43,Venda
SKU_1771_EME,07/08/2025,Atacado,3,794.7,238.41,185.43,Venda
SKU_1796_SHO,07/08/2025,Atacado,8,4039.2,1413.68,328.19,Venda
SKU_1614_IVO,07/08/2025,Atacado,4,1779.6,533.88,311.43,Venda
SKU_1700_HUN,07/08/2025,Varejo,2,1399.8,391.32,504.24,Venda
SKU_1705_SER,07/08/2025,Varejo,1,409.9,71.32,338.58,Venda
SKU_1586_EGR,07/08/2025,Varejo,1,304.9,62.86,242.04,Venda
SKU_1923_PEA,07/08/2025,Varejo,1,189.9,0.0,189.9,Venda
SKU_1791_ARM,07/08/2025,Atacado,8,2119.2,741.68,172.19,Venda
SKU_1547_IVO,07/08/2025,Atacado,3,989.7,346.38,214.44,Venda
SKU_1427_AQU,07/08/2025,Atacado,4,799.6,239.88,139.93,Venda
SKU_1698_PRI,07/08/2025,Varejo,2,839.8,217.36,311.22,Venda
SKU_1698_SNO,07/08/2025,Atacado,10,4199.0,1259.7,293.93,Venda
SKU_1798_OFF,07/08/2025,Varejo,1,419.9,114.92,304.98,Venda
SKU_1397_SNO,07/08/2025,Varejo,1,234.9,62.91,171.99,Venda
SKU_1685_BIR,07/08/2025,E-commerce,1,664.9,138.51,526.39,Venda
SKU_1738_ROY,07/08/2025,Atacado,6,1169.4,350.82,136.43,Venda
SKU_1522_MOS,07/08/2025,Varejo,1,149.9,38.5,111.4,Venda
SKU_1731_MIN,07/08/2025,Atacado,10,9099.0,3639.6,545.94,Venda
SKU_1688_LIG,07/08/2025,Atacado,6,2579.4,1160.76,236.44,Venda
SKU_1704_PEA,07/08/2025,Varejo,3,1004.7,196.29,269.47,Venda
SKU_1734_BRI,07/08/2025,Atacado,3,1049.7,314.91,244.93,Venda
SKU_1739_AQU,07/08/2025,Varejo,3,764.7,170.49,198.07,Venda
SKU_2116_SNO,07/08/2025,Varejo,1,379.9,0.0,379.9,Venda
SKU_2059_WHI,07/08/2025,E-commerce,1,639.9,0.0,639.9,Venda
SKU_1639_FRE,07/08/2025,Varejo,3,569.7,113.07,152.21,Venda
SKU_1764_FUC,07/08/2025,Atacado,4,939.6,281.88,164.43,Venda
SKU_1754_IVO,07/08/2025,Atacado,2,679.8,237.92,220.94,Venda
SKU_1789_EME,07/08/2025,Varejo,1,269.9,41.5,228.4,Venda
SKU_1775_PAL,07/08/2025,Varejo,1,279.9,67.32,212.58,Venda
SKU_1767_FUC,07/08/2025,Varejo,1,204.9,31.07,173.83,Venda
SKU_1760_PAS,07/08/2025,Atacado,5,1249.5,437.3,162.44,Venda
SKU_1429_MAG,07/08/2025,Atacado,6,1139.4,341.82,132.93,Venda
SKU_1532_BRI,07/08/2025,Atacado,3,2939.7,1028.88,636.94,Venda
SKU_1979_DEN,07/08/2025,Atacado,3,584.7,233.88,116.94,Venda
SKU_1696_SER,07/08/2025,Atacado,4,1119.6,335.88,195.93,Venda
SKU_1711_VAN,07/08/2025,Atacado,5,4974.5,1492.35,696.43,Venda
SKU_2101_BUB,07/08/2025,Atacado,3,734.7,293.88,146.94,Venda
SKU_1706_BLA,07/08/2025,Atacado,5,924.5,369.8,110.94,Venda
SKU_1791_IVO,07/08/2025,Atacado,3,794.7,238.41,185.43,Venda
SKU_1684_HON,07/08/2025,Atacado,3,554.7,166.41,129.43,Venda
SKU_1697_PIS,07/08/2025,Varejo,1,219.9,52.4,167.5,Venda
SKU_1795_RAS,07/08/2025,Atacado,8,2399.2,719.76,209.93,Venda
SKU_1794_FLA,07/08/2025,Varejo,3,629.7,151.38,159.44,Venda
SKU_1714_DEE,07/08/2025,Varejo,1,304.9,52.4,252.5,Venda
SKU_1911_RAS,07/08/2025,Varejo,1,214.9,0.0,214.9,Venda
SKU_1570_MEX,07/08/2025,Atacado,5,3574.5,1429.8,428.94,Venda
SKU_1714_DEE,07/08/2025,Atacado,4,1219.6,365.88,213.43,Venda
SKU_1720_PAS,07/08/2025,E-commerce,1,224.9,39.97,184.93,Venda
SKU_1764_MAR,07/08/2025,Varejo,1,234.9,41.88,193.02,Venda
SKU_1526_POW,07/08/2025,Varejo,1,169.9,28.18,141.72,Venda
SKU_1558_MEX,07/08/2025,Varejo,1,329.9,97.73,232.17,Venda
SKU_1451_WHI,07/08/2025,Varejo,1,244.9,59.09,185.81,Venda
SKU_1796_SHO,07/08/2025,Varejo,1,504.9,150.52,354.38,Venda
SKU_1712_MOS,07/08/2025,Atacado,4,719.6,287.84,107.94,Venda
SKU_1748_BAB,07/08/2025,Atacado,10,3099.0,1084.6,201.44,Venda
SKU_1476_CLO,07/08/2025,Atacado,8,2199.2,769.68,178.69,Venda
SKU_1703_PAS,07/08/2025,Atacado,2,539.8,188.92,175.44,Venda
SKU_1687_FOR,07/08/2025,Atacado,4,3599.6,1079.88,629.93,Venda
SKU_1797_BLU,07/08/2025,Atacado,2,759.8,341.92,208.94,Venda
SKU_1835_BAB,07/08/2025,Varejo,2,369.8,0.0,184.9,Venda
SKU_1793_WHI,07/08/2025,Varejo,2,379.8,68.14,155.83,Venda
SKU_1576_BLU,07/08/2025,Varejo,1,244.9,46.31,198.59,Venda
SKU_1761_MOS,07/08/2025,Varejo,1,1104.9,167.8,937.1,Venda
SKU_1720_PAS,07/08/2025,Atacado,4,899.6,269.88,157.43,Venda
SKU_1480_MEX,07/08/2025,Varejo,2,739.8,134.5,302.65,Venda
SKU_1790_EGR,07/08/2025,Atacado,6,1559.4,545.76,168.94,Venda
SKU_1491_CER,07/08/2025,Atacado,3,404.7,141.66,87.68,Venda
SKU_1782_NAV,07/08/2025,Atacado,12,2998.8,1199.52,149.94,Venda
SKU_1801_MOS,07/08/2025,Atacado,5,1874.5,656.05,243.69,Venda
SKU_1797_BLU,07/08/2025,E-commerce,1,379.9,62.95,316.95,Venda
SKU_1792_MIN,07/08/2025,Atacado,12,5278.8,1583.64,307.93,Venda
SKU_1713_SAL,07/08/2025,Varejo,1,504.9,77.86,427.04,Venda
SKU_1631_BAL,07/08/2025,Varejo,1,179.9,36.03,143.87,Venda
SKU_1767_PRI,07/08/2025,E-commerce,1,204.9,51.86,153.04,Venda
SKU_1492_BIR,07/08/2025,Varejo,1,374.9,57.45,317.45,Venda
SKU_1687_FOR,07/08/2025,Varejo,1,899.9,214.42,685.48,Venda
SKU_1648_FLA,07/08/2025,Atacado,3,2099.7,839.88,419.94,Venda
SKU_1510_SNO,07/08/2025,Varejo,1,834.9,175.93,658.97,Venda
SKU_1788_EME,07/08/2025,Atacado,4,999.6,299.88,174.93,Venda
SKU_1737_DEE,07/08/2025,Atacado,8,6159.2,2463.68,461.94,Venda
SKU_1945_BRI,07/08/2025,Varejo,1,214.9,0.0,214.9,Venda
SKU_1399_PAL,07/08/2025,Atacado,6,1619.4,647.76,161.94,Venda
SKU_1473_BLU,07/08/2025,Varejo,4,719.6,138.92,145.17,Venda
SKU_1881_SNO,07/08/2025,Atacado,3,734.7,257.16,159.18,Venda
SKU_1789_SNO,07/08/2025,Varejo,3,809.7,231.48,192.74,Venda
SKU_1902_BLU,07/08/2025,E-commerce,1,829.9,0.0,829.9,Venda
SKU_1549_BAL,07/08/2025,Varejo,2,369.8,89.66,140.07,Venda
SKU_1703_BLU,07/08/2025,Varejo,1,269.9,78.51,191.39,Venda
SKU_1941_MIN,07/08/2025,E-commerce,1,1049.9,0.0,1049.9,Venda
SKU_1761_SAP,07/08/2025,E-commerce,1,1104.9,273.68,831.22,Venda
SKU_1756_BUB,07/08/2025,E-commerce,3,539.7,132.03,135.89,Venda
SKU_1731_MIN,07/08/2025,Varejo,1,909.9,145.0,764.9,Venda
SKU_1797_GAR,07/08/2025,Atacado,6,2279.4,1025.76,208.94,Venda
SKU_1694_SER,07/08/2025,Varejo,1,279.9,47.59,232.31,Venda
SKU_1736_JAD,07/08/2025,Varejo,1,324.9,63.87,261.03,Venda
SKU_1750_MIN,07/08/2025,Varejo,1,369.9,90.18,279.72,Venda
SKU_1538_MAG,07/08/2025,Atacado,4,839.6,335.84,125.94,Venda
SKU_1591_HON,07/08/2025,Varejo,1,889.9,162.85,727.05,Venda
SKU_1800_MOS,07/08/2025,E-commerce,2,559.8,108.6,225.6,Venda
SKU_1728_EGR,07/08/2025,Atacado,8,2639.2,791.76,230.93,Venda
SKU_1777_FRE,07/08/2025,Varejo,1,239.9,50.52,189.38,Venda
SKU_1667_MID,07/08/2025,Varejo,1,209.9,34.31,175.59,Venda
SKU_1674_PAS,07/08/2025,Varejo,2,459.8,95.88,181.96,Venda
SKU_1744_EME,07/08/2025,Atacado,4,1059.6,370.84,172.19,Venda
SKU_1707_ARM,07/08/2025,E-commerce,1,279.9,61.56,218.34,Venda
SKU_1691_HUN,07/08/2025,Atacado,12,3718.8,1115.64,216.93,Venda
SKU_1873_BLA,07/08/2025,Varejo,2,899.8,0.0,449.9,Venda
SKU_1787_BAB,07/08/2025,Atacado,4,1159.6,347.88,202.93,Venda
SKU_1593_FUC,07/08/2025,Atacado,4,579.6,231.84,86.94,Venda
SKU_1765_PAS,07/08/2025,Atacado,2,519.8,155.94,181.93,Venda
SKU_1758_CLO,07/08/2025,Varejo,1,179.9,34.05,145.85,Venda
SKU_1760_PAS,07/08/2025,Atacado,5,1249.5,437.3,162.44,Venda
SKU_1699_COB,07/08/2025,E-commerce,1,329.9,62.57,267.33,Venda
SKU_1917_LIG,07/08/2025,E-commerce,1,374.9,0.0,374.9,Venda
SKU_1777_TUR,07/08/2025,Atacado,4,959.6,287.88,167.93,Venda
SKU_1784_EGR,07/08/2025,Atacado,2,619.8,216.92,201.44,Venda
SKU_1753_PAL,07/08/2025,Varejo,1,789.9,154.93,634.97,Venda
SKU_1784_BLA,07/08/2025,Varejo,1,309.9,83.3,226.6,Venda
SKU_1629_CLO,07/08/2025,Varejo,3,764.7,189.63,191.69,Venda
SKU_1558_MEX,07/08/2025,Varejo,1,329.9,71.91,257.99,Venda
SKU_1733_SAG,07/08/2025,Atacado,6,2099.4,839.76,209.94,Venda
SKU_1631_BAL,07/08/2025,Atacado,5,899.5,359.8,107.94,Venda
SKU_1933_SNO,07/08/2025,Atacado,3,674.7,202.41,157.43,Venda
SKU_1494_HOT,07/08/2025,Varejo,1,1084.9,263.3,821.6,Venda
SKU_1770_JAD,07/08/2025,Atacado,3,659.7,197.91,153.93,Venda
SKU_1689_IVO,07/08/2025,Varejo,1,964.9,204.16,760.74,Venda
SKU_1671_MIN,07/08/2025,E-commerce,1,349.9,71.72,278.18,Venda
SKU_1665_RAS,07/08/2025,Atacado,5,1249.5,374.85,174.93,Venda
SKU_1765_MYS,07/08/2025,Varejo,2,519.8,153.3,183.25,Venda
SKU_1728_EGR,07/08/2025,Atacado,4,1319.6,461.84,214.44,Venda
SKU_1751_BLU,07/08/2025,E-commerce,1,329.9,79.87,250.03,Venda
SKU_1742_DEN,07/08/2025,Varejo,3,779.7,191.43,196.09,Venda
SKU_1748_BAB,07/08/2025,Atacado,4,1239.6,495.84,185.94,Venda
SKU_1770_JAD,07/08/2025,Varejo,1,219.9,65.63,154.27,Venda
SKU_1486_OLI,07/08/2025,Varejo,1,289.9,61.1,228.8,Venda
SKU_1699_COB,07/08/2025,Atacado,6,1979.4,593.82,230.93,Venda
SKU_1451_WHI,07/08/2025,Atacado,3,734.7,257.16,159.18,Venda
SKU_1488_IVO,07/08/2025,Atacado,3,1019.7,407.88,203.94,Venda
SKU_1688_WHI,07/08/2025,Atacado,2,859.8,257.94,300.93,Venda
SKU_1595_FLA,07/08/2025,Varejo,2,599.8,90.54,254.63,Venda
SKU_1776_BIR,07/08/2025,Varejo,2,659.8,192.14,233.83,Venda
SKU_1685_COB,07/08/2025,Varejo,1,664.9,167.56,497.34,Venda
SKU_1830_IVO,07/08/2025,Atacado,4,1039.6,467.84,142.94,Venda
SKU_1575_JAD,07/08/2025,Atacado,6,5189.4,1816.26,562.19,Venda
SKU_1501_SAL,07/08/2025,Atacado,10,1699.0,594.6,110.44,Venda
SKU_1801_MOS,07/08/2025,Varejo,1,374.9,99.03,275.87,Venda
SKU_1687_FOR,07/08/2025,Varejo,2,1799.8,514.28,642.76,Venda
SKU_1680_NAV,07/08/2025,E-commerce,3,1004.7,173.31,277.13,Venda
SKU_1710_MEX,07/08/2025,Varejo,1,809.9,124.17,685.73,Venda
SKU_1764_FUC,07/08/2025,Atacado,8,1879.2,657.76,152.68,Venda
SKU_1773_FRE,07/08/2025,Atacado,12,3898.8,1364.52,211.19,Venda
SKU_1744_LIG,07/08/2025,E-commerce,3,794.7,183.06,203.88,Venda
SKU_1912_MEX,07/08/2025,Atacado,12,4618.8,1616.52,250.19,Venda
SKU_1698_SNO,07/08/2025,Atacado,6,2519.4,1007.76,251.94,Venda
SKU_1783_BAB,07/08/2025,Atacado,3,3599.7,1259.88,779.94,Venda
SKU_1396_FUC,07/08/2025,Varejo,2,269.8,64.28,102.76,Venda
SKU_1777_TUR,07/08/2025,Varejo,2,479.8,96.62,191.59,Venda
SKU_1706_JAD,07/08/2025,Atacado,8,1479.2,443.76,129.43,Venda
SKU_1807_IVO,07/08/2025,E-commerce,1,454.9,0.0,454.9,Venda
SKU_1792_AQU,07/08/2025,Atacado,6,2639.4,923.76,285.94,Venda
SKU_1702_LIG,07/08/2025,Varejo,3,1859.7,388.02,490.56,Venda
SKU_1756_BUB,07/08/2025,Atacado,8,1439.2,503.68,116.94,Venda
SKU_1566_POW,07/08/2025,Varejo,1,1034.9,250.29,784.61,Venda
SKU_1480_SNO,07/08/2025,E-commerce,1,369.9,107.9,262.0,Venda
SKU_1774_MOS,07/08/2025,Atacado,6,1229.4,368.82,143.43,Venda
SKU_1789_SNO,07/08/2025,Atacado,8,2159.2,863.68,161.94,Venda
SKU_1758_HON,07/08/2025,Atacado,6,1079.4,431.76,107.94,Venda
SKU_1707_SAP,07/08/2025,E-commerce,1,279.9,42.46,237.44,Venda
SKU_1697_MIN,07/08/2025,Varejo,1,219.9,57.9,162.0,Venda
SKU_1752_SPA,07/08/2025,Atacado,6,2579.4,773.82,300.93,Venda
SKU_1704_BAB,07/08/2025,Atacado,5,1674.5,586.05,217.69,Venda
SKU_1724_PEA,07/08/2025,Atacado,5,5574.5,1672.35,780.43,Venda
SKU_1558_CLE,07/08/2025,Varejo,1,329.9,82.84,247.06,Venda
SKU_1786_TEA,07/08/2025,Varejo,1,179.9,48.28,131.62,Venda
SKU_1686_SKY,07/08/2025,Atacado,4,859.6,300.88,139.68,Venda
SKU_1575_JAD,07/08/2025,E-commerce,2,1729.8,484.36,622.72,Venda
SKU_1448_SKY,07/08/2025,E-commerce,1,179.9,34.24,145.66,Venda
SKU_1658_BAB,07/08/2025,Varejo,1,879.9,204.22,675.68,Venda
SKU_1469_ARM,07/08/2025,Atacado,5,1474.5,442.35,206.43,Venda
SKU_1554_PIS,07/08/2025,Varejo,1,1034.9,221.74,813.16,Venda
SKU_1684_HON,07/08/2025,Varejo,1,184.9,33.61,151.29,Venda
SKU_1579_SAG,07/08/2025,Atacado,12,2758.8,965.52,149.44,Venda
SKU_1506_PAL,07/08/2025,Varejo,1,229.9,64.04,165.86,Venda
SKU_1888_SEA,07/08/2025,Varejo,1,199.9,0.0,199.9,Venda
SKU_1482_MOS,07/08/2025,E-commerce,1,444.9,125.84,319.06,Venda
SKU_1784_EGR,07/08/2025,Varejo,2,619.8,99.08,260.36,Venda
SKU_1772_SNO,07/08/2025,E-commerce,1,414.9,90.45,324.45,Venda
SKU_1713_SNO,07/08/2025,Atacado,4,2019.6,908.8,277.7,Venda
SKU_1791_ARM,07/08/2025,Atacado,3,794.7,278.13,172.19,Venda
SKU_1681_PIS,07/08/2025,Varejo,1,234.9,55.25,179.65,Venda
SKU_1696_SER,07/08/2025,Varejo,2,559.8,115.66,222.07,Venda
SKU_2110_TEA,07/08/2025,Atacado,6,1319.4,395.82,153.93,Venda
SKU_1731_ARM,07/08/2025,Atacado,4,3639.6,1455.84,545.94,Venda
SKU_2056_SKY,07/08/2025,Atacado,3,3104.7,1086.66,672.68,Venda
SKU_1648_FLA,07/08/2025,E-commerce,1,699.9,187.43,512.47,Venda
SKU_1484_EGR,07/08/2025,Varejo,3,1379.7,310.44,356.42,Venda
SKU_1765_PAS,07/08/2025,E-commerce,1,259.9,71.11,188.79,Venda
SKU_1476_WHI,07/08/2025,Varejo,1,274.9,78.07,196.83,Venda
SKU_1391_SEA,07/08/2025,E-commerce,1,284.9,75.32,209.58,Venda
SKU_1730_OFF,07/08/2025,Varejo,1,319.9,73.73,246.17,Venda
SKU_1424_VAN,07/08/2025,Varejo,1,994.9,268.08,726.82,Venda
SKU_1714_DEE,07/08/2025,E-commerce,1,304.9,71.49,233.41,Venda
SKU_1707_ARM,07/08/2025,E-commerce,1,279.9,42.14,237.76,Venda
SKU_1672_FOR,07/08/2025,Atacado,3,884.7,265.41,206.43,Venda
SKU_1698_PRI,07/08/2025,Atacado,8,3359.2,1007.76,293.93,Venda
SKU_1694_PIS,07/08/2025,Varejo,1,279.9,76.09,203.81,Venda
SKU_1797_BLU,07/08/2025,E-commerce,1,379.9,61.48,318.42,Venda
SKU_1816_MOS,07/08/2025,Varejo,1,239.9,16.79,223.11,Venda
SKU_1734_BRI,07/08/2025,Varejo,4,1399.6,418.24,245.34,Venda
SKU_1780_LIG,07/08/2025,Atacado,5,1674.5,586.05,217.69,Venda
SKU_1618_SAL,07/08/2025,Atacado,12,2158.8,755.52,116.94,Venda
SKU_1709_MAR,07/08/2025,E-commerce,1,209.9,58.02,151.88,Venda
SKU_1771_PIN,07/08/2025,Varejo,1,264.9,46.55,218.35,Venda
SKU_1701_SPA,07/08/2025,Varejo,1,339.9,81.63,258.27,Venda
SKU_1724_PIN,07/08/2025,Atacado,5,5574.5,1951.1,724.68,Venda
SKU_1702_LIG,07/08/2025,Atacado,5,3099.5,929.85,433.93,Venda
SKU_1783_EGR,07/08/2025,Atacado,5,5999.5,2099.8,779.94,Venda
SKU_1726_PAS,07/08/2025,Varejo,1,429.9,77.68,352.22,Venda
SKU_1686_MOS,07/08/2025,Atacado,6,1289.4,451.32,139.68,Venda
SKU_1782_HUN,07/08/2025,Varejo,1,249.9,70.55,179.35,Venda
SKU_1429_MAG,07/08/2025,Varejo,1,189.9,39.18,150.72,Venda
SKU_1740_OLI,07/08/2025,Atacado,5,1074.5,376.1,139.68,Venda
SKU_1489_TEA,07/08/2025,Varejo,1,369.9,63.36,306.54,Venda
SKU_1686_MOS,07/08/2025,Atacado,2,429.8,128.94,150.43,Venda
SKU_1716_AQU,07/08/2025,Varejo,1,164.9,26.49,138.41,Venda
SKU_1792_AQU,07/08/2025,E-commerce,2,879.8,168.96,355.42,Venda
SKU_1727_WHI,07/08/2025,E-commerce,2,309.8,63.0,123.4,Venda
SKU_1712_NAV,07/08/2025,E-commerce,1,179.9,49.07,130.83,Venda
SKU_1710_MEX,07/08/2025,Varejo,1,809.9,136.18,673.72,Venda
SKU_1703_PAS,07/08/2025,Atacado,10,2699.0,944.6,175.44,Venda
SKU_1799_DEN,07/08/2025,Varejo,1,269.9,42.17,227.73,Venda
SKU_1752_SPA,07/08/2025,Varejo,1,429.9,85.66,344.24,Venda
SKU_1420_EGR,07/08/2025,Atacado,4,3959.6,1187.88,692.93,Venda
SKU_1981_FOR,07/08/2025,E-commerce,1,514.9,0.0,514.9,Venda
SKU_1754_SER,07/08/2025,Atacado,4,1359.6,543.84,203.94,Venda
SKU_1757_PIN,07/08/2025,Varejo,1,264.9,62.91,201.99,Venda
SKU_1681_OFF,07/08/2025,Atacado,5,1174.5,411.1,152.68,Venda
SKU_1646_CLE,07/08/2025,Varejo,1,204.9,44.92,159.98,Venda
SKU_1725_BAB,07/08/2025,E-commerce,3,734.7,167.82,188.96,Venda
SKU_1763_HOT,07/08/2025,Atacado,4,1199.6,419.84,194.94,Venda
SKU_1623_EGR,07/08/2025,Varejo,1,914.9,177.72,737.18,Venda
SKU_1768_PEA,07/08/2025,Varejo,1,624.9,94.79,530.11,Venda
SKU_1728_EGR,07/08/2025,Atacado,4,1319.6,527.84,197.94,Venda
SKU_1733_NAV,07/08/2025,E-commerce,1,349.9,97.91,251.99,Venda
SKU_1798_OFF,07/08/2025,Varejo,1,419.9,125.93,293.97,Venda
SKU_1910_MID,07/08/2025,Varejo,1,749.9,0.0,749.9,Venda
SKU_1709_MAR,07/08/2025,Varejo,1,209.9,54.99,154.91,Venda
SKU_2062_DUS,07/08/2025,Atacado,5,699.5,279.8,83.94,Venda
SKU_1740_FRE,07/08/2025,Varejo,1,214.9,43.23,171.67,Venda
SKU_1837_EGR,07/08/2025,Atacado,4,999.6,349.84,162.44,Venda
SKU_1500_PAS,07/08/2025,Varejo,1,259.9,77.52,182.38,Venda
SKU_1508_LIM,07/08/2025,Atacado,12,2518.8,755.64,146.93,Venda
SKU_1668_VAN,07/08/2025,E-commerce,1,269.9,80.93,188.97,Venda
SKU_1767_PRI,07/08/2025,Atacado,6,1229.4,430.32,133.18,Venda
SKU_1723_MOS,07/08/2025,Varejo,1,434.9,128.43,306.47,Venda
SKU_1794_FLA,07/08/2025,Atacado,4,839.6,293.84,136.44,Venda
SKU_1960_BAL,07/08/2025,Atacado,5,874.5,262.35,122.43,Venda
SKU_1909_PEA,07/08/2025,Varejo,1,449.9,0.0,449.9,Venda
SKU_1402_VAN,07/08/2025,Atacado,3,704.7,211.41,164.43,Venda
SKU_1769_EME,07/08/2025,Varejo,2,649.8,115.88,266.96,Venda
SKU_1690_MYS,07/08/2025,Varejo,1,539.9,81.89,458.01,Venda
SKU_1738_BLU,07/08/2025,Varejo,1,194.9,49.65,145.25,Venda
SKU_1427_AQU,07/08/2025,Atacado,8,1599.2,479.76,139.93,Venda
SKU_1730_MIN,07/08/2025,Atacado,2,639.8,255.92,191.94,Venda
SKU_1722_AQU,07/08/2025,Varejo,1,324.9,93.84,231.06,Venda
SKU_1480_MEX,07/08/2025,Atacado,8,2959.2,1035.68,240.44,Venda
SKU_1739_AQU,07/08/2025,Atacado,4,1019.6,356.88,165.68,Venda
SKU_1776_BIR,07/08/2025,Atacado,5,1649.5,494.85,230.93,Venda
SKU_1787_BAB,07/08/2025,Varejo,4,1159.6,179.04,245.14,Venda
SKU_1797_GAR,07/08/2025,Varejo,1,379.9,73.59,306.31,Venda
SKU_1773_OLI,07/08/2025,Atacado,5,1624.5,568.55,211.19,Venda
SKU_1945_BAB,07/08/2025,Atacado,6,1289.4,451.32,139.68,Venda
SKU_1609_LIM,07/08/2025,Atacado,3,809.7,283.38,175.44,Venda
SKU_1523_CRE,07/08/2025,E-commerce,3,1124.7,180.48,314.74,Venda
SKU_1783_EGR,07/08/2025,Atacado,2,2399.8,719.94,839.93,Venda
SKU_1719_WHI,07/08/2025,Atacado,5,1599.5,479.85,223.93,Venda
SKU_1872_FRE,07/08/2025,Varejo,1,854.9,0.0,854.9,Venda
SKU_1694_SER,07/08/2025,Varejo,1,279.9,48.01,231.89,Venda
SKU_1795_RAS,07/08/2025,Varejo,1,299.9,72.42,227.48,Venda
SKU_1728_MID,07/08/2025,E-commerce,1,329.9,57.39,272.51,Venda
SKU_2081_HUN,07/08/2025,Varejo,1,389.9,0.0,389.9,Venda
SKU_1485_PAS,07/08/2025,Atacado,4,2659.6,797.88,465.43,Venda
SKU_1777_FRE,07/08/2025,Varejo,1,239.9,68.21,171.69,Venda
SKU_1751_MIN,07/08/2025,Varejo,1,329.9,58.53,271.37,Venda
SKU_1755_AQU,07/08/2025,E-commerce,1,334.9,55.42,279.48,Venda
SKU_1618_SAP,07/08/2025,Atacado,4,719.6,251.84,116.94,Venda
SKU_2015_HUN,07/08/2025,Varejo,1,314.9,0.0,314.9,Venda
SKU_1697_PIS,07/08/2025,Varejo,1,219.9,37.0,182.9,Venda
SKU_1700_HUN,07/08/2025,E-commerce,1,699.9,197.36,502.54,Venda
SKU_1801_FLA,07/08/2025,Varejo,2,749.8,113.72,318.04,Venda
SKU_1560_CRE,07/08/2025,Varejo,1,224.9,62.03,162.87,Venda
SKU_1745_FOR,07/08/2025,Varejo,1,409.9,79.22,330.68,Venda
SKU_1727_WHI,07/08/2025,Atacado,8,1239.2,495.68,92.94,Venda
SKU_1732_WHI,07/08/2025,Varejo,3,3344.7,662.97,893.91,Venda
SKU_1617_MIN,07/08/2025,Atacado,10,1649.0,659.6,98.94,Venda
SKU_1703_BLU,07/08/2025,Varejo,1,269.9,59.47,210.43,Venda
SKU_1536_MOS,07/08/2025,Atacado,2,689.8,241.42,224.19,Venda
SKU_1689_IVO,07/08/2025,Varejo,1,964.9,154.32,810.58,Venda
SKU_1468_MYS,07/08/2025,Atacado,6,3179.4,1271.76,317.94,Venda
SKU_1717_MIN,07/08/2025,Varejo,2,519.8,108.18,205.81,Venda
SKU_1703_BLU,07/08/2025,Varejo,1,269.9,46.64,223.26,Venda
SKU_1458_MIN,07/08/2025,E-commerce,1,349.9,100.89,249.01,Venda
SKU_1391_LIG,07/08/2025,Varejo,1,284.9,58.4,226.5,Venda
SKU_1778_MIN,07/08/2025,Atacado,8,2279.2,683.76,199.43,Venda
SKU_1758_HON,07/08/2025,Varejo,2,359.8,55.62,152.09,Venda
SKU_1784_EGR,07/08/2025,Varejo,1,309.9,46.78,263.12,Venda
SKU_1526_FOR,07/08/2025,Varejo,1,169.9,39.14,130.76,Venda
SKU_1543_FLA,07/08/2025,Varejo,1,734.9,219.01,515.89,Venda
SKU_1770_DEE,07/08/2025,Atacado,4,879.6,307.84,142.94,Venda
SKU_1547_IVO,07/08/2025,Varejo,2,659.8,157.22,251.29,Venda
SKU_1586_JAD,07/08/2025,Varejo,1,304.9,47.36,257.54,Venda
SKU_1438_MOS,07/08/2025,Varejo,1,204.9,59.95,144.95,Venda
SKU_1681_OFF,07/08/2025,Atacado,2,469.8,164.44,152.68,Venda
SKU_1749_SNO,07/08/2025,Atacado,4,1399.6,489.84,227.44,Venda
SKU_1779_MIN,07/08/2025,Varejo,2,429.8,71.2,179.3,Venda
SKU_1724_PIN,07/08/2025,Varejo,2,2229.8,500.88,864.46,Venda
SKU_1862_PAS,07/08/2025,E-commerce,1,224.9,15.74,209.16,Venda
SKU_1741_PIN,07/08/2025,Atacado,6,1439.4,431.82,167.93,Venda
SKU_1637_BLU,07/08/2025,Atacado,3,2759.7,965.88,597.94,Venda
SKU_1785_PAS,07/08/2025,Varejo,1,244.9,65.81,179.09,Venda
SKU_1437_ROY,07/08/2025,Atacado,3,494.7,173.16,107.18,Venda
SKU_1646_BLU,07/08/2025,Atacado,2,409.8,122.94,143.43,Venda
SKU_1400_FOR,07/08/2025,Atacado,3,629.7,220.38,136.44,Venda
SKU_1933_GAR,07/08/2025,E-commerce,1,224.9,0.0,224.9,Venda
SKU_1490_EME,07/08/2025,Atacado,8,2519.2,1007.68,188.94,Venda
SKU_1787_BAB,07/08/2025,Atacado,6,1739.4,695.76,173.94,Venda
SKU_1784_BLA,07/08/2025,Atacado,5,1549.5,542.3,201.44,Venda
SKU_2032_WHI,07/08/2025,Atacado,4,1019.6,356.88,165.68,Venda
SKU_1613_BIR,07/08/2025,Varejo,1,189.9,43.46,146.44,Venda
SKU_1760_PAS,07/08/2025,Atacado,4,999.6,349.84,162.44,Venda
SKU_1441_IVO,07/08/2025,Varejo,2,2309.8,581.56,864.12,Venda
SKU_1642_SAL,07/08/2025,Atacado,6,1349.4,539.76,134.94,Venda
SKU_1720_PAL,07/08/2025,Varejo,1,224.9,49.2,175.7,Venda
SKU_1734_BRI,07/08/2025,Atacado,5,1749.5,524.85,244.93,Venda
SKU_1683_SHO,07/08/2025,E-commerce,1,314.9,75.6,239.3,Venda
SKU_1693_FLA,07/08/2025,Atacado,4,819.6,327.84,122.94,Venda
SKU_2113_NAV,07/08/2025,Atacado,10,1649.0,577.2,107.18,Venda
SKU_1686_MOS,07/08/2025,Atacado,6,1289.4,386.82,150.43,Venda
SKU_1561_LIM,07/08/2025,Varejo,1,349.9,92.49,257.41,Venda
SKU_1694_SER,07/08/2025,Atacado,8,2239.2,671.76,195.93,Venda
SKU_1506_BRI,07/08/2025,E-commerce,1,229.9,39.43,190.47,Venda
SKU_1707_SAP,07/08/2025,Atacado,5,1399.5,489.8,181.94,Venda
SKU_1583_WHI,07/08/2025,Atacado,4,1019.6,356.88,165.68,Venda
SKU_1731_ARM,07/08/2025,Atacado,4,3639.6,1091.88,636.93,Venda
SKU_1657_SPA,07/08/2025,Atacado,8,1719.2,687.68,128.94,Venda
SKU_1993_MEX,07/08/2025,Atacado,6,1229.4,491.76,122.94,Venda
SKU_1773_FRE,07/08/2025,E-commerce,2,649.8,191.92,228.94,Venda
SKU_1760_OFF,08/08/2025,Varejo,1,249.9,53.8,196.1,Venda
SKU_1779_MIN,08/08/2025,Atacado,3,644.7,225.66,139.68,Venda
SKU_1745_FOR,08/08/2025,Atacado,4,1639.6,573.84,266.44,Venda
SKU_1727_LIG,08/08/2025,Atacado,2,309.8,123.92,92.94,Venda
SKU_1752_SPA,08/08/2025,Atacado,4,1719.6,601.84,279.44,Venda
SKU_1646_CLE,08/08/2025,Varejo,2,409.8,110.92,149.44,Venda
SKU_1747_FUC,08/08/2025,Varejo,1,174.9,29.05,145.85,Venda
SKU_1727_WHI,08/08/2025,Atacado,2,309.8,108.44,100.68,Venda
SKU_1570_HON,08/08/2025,E-commerce,1,714.9,155.19,559.71,Venda
SKU_1776_PAS,08/08/2025,Atacado,4,1319.6,527.84,197.94,Venda
SKU_1773_FRE,08/08/2025,Varejo,1,324.9,97.37,227.53,Venda
SKU_2038_COB,08/08/2025,E-commerce,1,1134.9,0.0,1134.9,Venda
SKU_1796_SHO,08/08/2025,Varejo,1,504.9,127.59,377.31,Venda
SKU_1742_EME,08/08/2025,E-commerce,1,259.9,46.57,213.33,Venda
SKU_1764_MAR,08/08/2025,E-commerce,1,234.9,37.54,197.36,Venda
SKU_1769_WHI,08/08/2025,Atacado,6,1949.4,682.26,211.19,Venda
SKU_1727_LIG,08/08/2025,Varejo,1,154.9,42.57,112.33,Venda
SKU_1667_LIG,08/08/2025,Atacado,2,419.8,167.92,125.94,Venda
SKU_1690_MYS,08/08/2025,Atacado,3,1619.7,647.88,323.94,Venda
SKU_1749_SNO,08/08/2025,Atacado,4,1399.6,489.84,227.44,Venda
SKU_1399_CRE,08/08/2025,Varejo,1,269.9,72.65,197.25,Venda
SKU_1777_FRE,08/08/2025,E-commerce,1,239.9,45.14,194.76,Venda
SKU_1636_LIG,08/08/2025,E-commerce,1,439.9,125.38,314.52,Venda
SKU_1725_OFF,08/08/2025,Atacado,4,979.6,342.88,159.18,Venda
SKU_1717_MIN,08/08/2025,Atacado,5,1299.5,389.85,181.93,Venda
SKU_1746_NAV,08/08/2025,E-commerce,1,179.9,49.14,130.76,Venda
SKU_1734_FRE,08/08/2025,Atacado,3,1049.7,367.38,227.44,Venda
SKU_1696_SHO,08/08/2025,Atacado,10,2799.0,839.7,195.93,Venda
SKU_1770_DEE,08/08/2025,Varejo,1,219.9,58.67,161.23,Venda
SKU_1522_MOS,08/08/2025,E-commerce,3,449.7,113.31,112.13,Venda
SKU_1721_COR,08/08/2025,Varejo,1,419.9,100.61,319.29,Venda
SKU_1721_COR,08/08/2025,Atacado,4,1679.6,671.84,251.94,Venda
SKU_1514_SPA,08/08/2025,Atacado,5,4149.5,1659.8,497.94,Venda
SKU_1736_PAS,08/08/2025,Varejo,1,324.9,56.45,268.45,Venda
SKU_1720_PAS,08/08/2025,Varejo,2,449.8,116.46,166.67,Venda
SKU_1640_TEA,08/08/2025,Atacado,10,2199.0,989.6,120.94,Venda
SKU_1536_FRE,08/08/2025,Atacado,6,2069.4,827.76,206.94,Venda
SKU_1529_MIN,08/08/2025,Atacado,6,1469.4,514.32,159.18,Venda
SKU_1790_ROY,08/08/2025,Atacado,5,1299.5,389.85,181.93,Venda
SKU_1527_FUC,08/08/2025,Atacado,4,3639.6,1273.84,591.44,Venda
SKU_1969_SNO,08/08/2025,E-commerce,3,1229.7,0.0,409.9,Venda
SKU_1764_MAR,08/08/2025,Atacado,6,1409.4,422.82,164.43,Venda
SKU_1784_BLA,08/08/2025,Varejo,2,619.8,112.84,253.48,Venda
SKU_1719_WHI,08/08/2025,Varejo,1,319.9,84.59,235.31,Venda
SKU_1628_POW,08/08/2025,Atacado,5,2749.5,824.85,384.93,Venda
SKU_1755_BIR,08/08/2025,Varejo,1,334.9,97.72,237.18,Venda
SKU_1467_OLI,08/08/2025,E-commerce,1,204.9,53.19,151.71,Venda
SKU_1463_LIG,08/08/2025,Varejo,2,519.8,138.16,190.82,Venda
SKU_1763_MAR,08/08/2025,Atacado,3,899.7,269.91,209.93,Venda
SKU_1427_BLA,08/08/2025,Atacado,6,1199.4,359.82,139.93,Venda
SKU_1690_MYS,08/08/2025,Varejo,2,1079.8,190.5,444.65,Venda
SKU_1714_DEE,08/08/2025,E-commerce,1,304.9,70.58,234.32,Venda
SKU_2077_PIS,08/08/2025,E-commerce,1,204.9,0.0,204.9,Venda
SKU_1836_CRE,08/08/2025,Varejo,1,714.9,50.04,664.86,Venda
SKU_1743_DEE,08/08/2025,Atacado,2,879.8,307.92,285.94,Venda
SKU_1447_OLI,08/08/2025,Varejo,1,239.9,53.85,186.05,Venda
SKU_1772_BLU,08/08/2025,Atacado,5,2074.5,726.05,269.69,Venda
SKU_1705_SER,08/08/2025,Atacado,10,4099.0,1434.6,266.44,Venda
SKU_1584_FLA,08/08/2025,Atacado,5,924.5,323.6,120.18,Venda
SKU_1866_DUS,08/08/2025,Atacado,12,3898.8,1364.52,211.19,Venda
SKU_1746_EME,08/08/2025,E-commerce,1,179.9,51.33,128.57,Venda
SKU_1779_MIN,08/08/2025,E-commerce,1,214.9,44.25,170.65,Venda
SKU_1697_MIN,08/08/2025,E-commerce,1,219.9,47.58,172.32,Venda
SKU_1697_MIN,08/08/2025,Varejo,1,219.9,59.4,160.5,Venda
SKU_1788_MYS,08/08/2025,Varejo,1,249.9,49.67,200.23,Venda
SKU_1696_SHO,08/08/2025,E-commerce,1,279.9,58.58,221.32,Venda
SKU_1490_VAN,08/08/2025,Varejo,1,314.9,61.35,253.55,Venda
SKU_1699_COB,08/08/2025,Atacado,4,1319.6,395.88,230.93,Venda
SKU_1760_PAS,08/08/2025,Atacado,5,1249.5,374.85,174.93,Venda
SKU_1693_FLA,08/08/2025,Atacado,8,1639.2,491.76,143.43,Venda
SKU_1771_EME,08/08/2025,E-commerce,2,529.8,127.18,201.31,Venda
SKU_1466_PRI,08/08/2025,Varejo,1,269.9,44.88,225.02,Venda
SKU_1747_TEA,08/08/2025,Atacado,10,1749.0,524.7,122.43,Venda
SKU_1733_SAG,08/08/2025,Varejo,2,699.8,155.24,272.28,Venda
SKU_1707_ARM,08/08/2025,Atacado,10,2799.0,979.6,181.94,Venda
SKU_1763_MAR,08/08/2025,Varejo,1,299.9,77.11,222.79,Venda
SKU_1747_FUC,08/08/2025,E-commerce,1,174.9,29.56,145.34,Venda
SKU_1505_SNO,08/08/2025,Varejo,1,234.9,55.77,179.13,Venda
SKU_1391_SEA,08/08/2025,Varejo,4,1139.6,314.04,206.39,Venda
SKU_1746_NAV,08/08/2025,Varejo,1,179.9,41.9,138.0,Venda
SKU_1432_WHI,08/08/2025,Varejo,1,719.9,209.77,510.13,Venda
SKU_1788_MYS,08/08/2025,Atacado,8,1999.2,599.76,174.93,Venda
SKU_1750_SNO,08/08/2025,Varejo,3,1109.7,308.37,267.11,Venda
SKU_1902_HOT,08/08/2025,Atacado,6,4979.4,1742.76,539.44,Venda
SKU_1701_SPA,08/08/2025,Varejo,1,339.9,97.25,242.65,Venda
SKU_1753_WHI,08/08/2025,Varejo,2,1579.8,290.88,644.46,Venda
SKU_1724_PEA,08/08/2025,Atacado,3,3344.7,1003.41,780.43,Venda
SKU_1732_WHI,08/08/2025,Atacado,4,4459.6,1560.88,724.68,Venda
SKU_1595_FLA,08/08/2025,Varejo,1,299.9,71.8,228.1,Venda
SKU_1683_PAL,08/08/2025,E-commerce,1,314.9,70.26,244.64,Venda
SKU_1800_SKY,08/08/2025,Varejo,2,559.8,166.1,196.85,Venda
SKU_1437_AQU,08/08/2025,Atacado,8,1319.2,527.68,98.94,Venda
SKU_1726_PAS,08/08/2025,E-commerce,1,429.9,75.54,354.36,Venda
SKU_1618_SAL,08/08/2025,Varejo,1,179.9,42.3,137.6,Venda
SKU_1477_EME,08/08/2025,E-commerce,1,224.9,54.57,170.33,Venda
SKU_1730_OFF,08/08/2025,Atacado,6,1919.4,671.76,207.94,Venda
SKU_1791_IVO,08/08/2025,Varejo,1,264.9,68.99,195.91,Venda
SKU_1783_BAB,08/08/2025,E-commerce,1,1199.9,343.88,856.02,Venda
SKU_1636_LIG,08/08/2025,Varejo,1,439.9,67.91,371.99,Venda
SKU_1697_PIS,08/08/2025,E-commerce,1,219.9,42.0,177.9,Venda
SKU_1801_FLA,08/08/2025,Atacado,3,1124.7,393.63,243.69,Venda
SKU_1691_ROS,08/08/2025,Atacado,2,619.8,185.94,216.93,Venda
SKU_1707_ARM,08/08/2025,Varejo,1,279.9,53.37,226.53,Venda
SKU_1805_WHI,08/08/2025,Varejo,1,579.9,0.0,579.9,Venda
SKU_1429_SPA,08/08/2025,E-commerce,2,379.8,78.56,150.62,Venda
SKU_1773_FRE,08/08/2025,Atacado,5,1624.5,487.35,227.43,Venda
SKU_1778_TEA,08/08/2025,E-commerce,1,284.9,59.16,225.74,Venda
SKU_1441_COB,08/08/2025,Atacado,5,5774.5,2021.1,750.68,Venda
SKU_1684_HON,08/08/2025,Atacado,6,1109.4,388.32,120.18,Venda
SKU_1795_HUN,08/08/2025,Atacado,10,2999.0,899.7,209.93,Venda
SKU_1810_COB,08/08/2025,Atacado,5,799.5,239.85,111.93,Venda
SKU_1426_NAV,08/08/2025,Varejo,1,129.9,24.44,105.46,Venda
SKU_1786_TEA,08/08/2025,Atacado,5,899.5,314.8,116.94,Venda
SKU_1506_BRI,08/08/2025,Atacado,8,1839.2,643.68,149.44,Venda
SKU_1777_FRE,08/08/2025,E-commerce,1,239.9,43.47,196.43,Venda
SKU_1720_PAL,08/08/2025,Atacado,6,1349.4,404.82,157.43,Venda
SKU_1672_TEA,08/08/2025,Varejo,1,294.9,83.54,211.36,Venda
SKU_1779_MIN,08/08/2025,Atacado,2,429.8,150.44,139.68,Venda
SKU_1618_SAP,08/08/2025,Varejo,1,179.9,29.07,150.83,Venda
SKU_1422_PIN,08/08/2025,Varejo,4,1259.6,371.64,221.99,Venda
SKU_1895_BRI,08/08/2025,Atacado,6,1169.4,350.82,136.43,Venda
SKU_1680_SEA,08/08/2025,Atacado,2,669.8,200.94,234.43,Venda
SKU_1697_MIN,08/08/2025,Varejo,2,439.8,71.3,184.25,Venda
SKU_1798_OFF,08/08/2025,Varejo,1,419.9,72.94,346.96,Venda
SKU_1723_COB,08/08/2025,Varejo,1,434.9,84.46,350.44,Venda
SKU_1743_CLO,08/08/2025,Atacado,8,3519.2,1055.76,307.93,Venda
SKU_1589_CER,08/08/2025,Atacado,5,3399.5,1019.85,475.93,Venda
SKU_1721_FRE,08/08/2025,Atacado,8,3359.2,1007.76,293.93,Venda
SKU_1773_FRE,08/08/2025,Atacado,6,1949.4,584.82,227.43,Venda
SKU_1739_AQU,08/08/2025,Varejo,2,509.8,135.74,187.03,Venda
SKU_1737_DEE,08/08/2025,Atacado,8,6159.2,1847.76,538.93,Venda
SKU_1783_EGR,08/08/2025,Varejo,1,1199.9,336.78,863.12,Venda
SKU_1800_MOS,08/08/2025,Varejo,1,279.9,77.32,202.58,Venda
SKU_1779_LIG,08/08/2025,Atacado,6,1289.4,386.82,150.43,Venda
SKU_1755_BIR,08/08/2025,Varejo,2,669.8,134.54,267.63,Venda
SKU_1485_CER,08/08/2025,E-commerce,1,664.9,138.25,526.65,Venda
SKU_1455_ROY,08/08/2025,Varejo,1,334.9,58.0,276.9,Venda
SKU_1449_NAV,08/08/2025,Atacado,6,1949.4,584.82,227.43,Venda
SKU_1685_BIR,08/08/2025,Atacado,3,1994.7,698.13,432.19,Venda
SKU_1995_EME,08/08/2025,E-commerce,1,234.9,0.0,234.9,Venda
SKU_1470_MAR,08/08/2025,Varejo,1,919.9,153.09,766.81,Venda
SKU_1738_BLU,08/08/2025,E-commerce,1,194.9,39.51,155.39,Venda
SKU_1772_BLU,08/08/2025,Varejo,3,1244.7,195.27,349.81,Venda
SKU_1764_MAR,08/08/2025,Atacado,6,1409.4,493.32,152.68,Venda
SKU_1697_MIN,08/08/2025,Varejo,1,219.9,52.76,167.14,Venda
SKU_1787_BAB,08/08/2025,Atacado,8,2319.2,695.76,202.93,Venda
SKU_1701_BLU,08/08/2025,Varejo,1,339.9,84.74,255.16,Venda
SKU_1772_SNO,08/08/2025,Varejo,1,414.9,106.11,308.79,Venda
SKU_1760_OFF,08/08/2025,Varejo,1,249.9,69.31,180.59,Venda
SKU_1683_SHO,08/08/2025,Atacado,6,1889.4,755.76,188.94,Venda
SKU_1786_TEA,08/08/2025,Atacado,4,719.6,215.88,125.93,Venda
SKU_1703_PAS,08/08/2025,Atacado,10,2699.0,944.6,175.44,Venda
SKU_1735_COR,08/08/2025,E-commerce,1,269.9,49.89,220.01,Venda
SKU_1987_CLO,08/08/2025,Atacado,4,4479.6,1343.88,783.93,Venda
SKU_1437_AQU,08/08/2025,Atacado,5,824.5,247.35,115.43,Venda
SKU_1689_MAG,08/08/2025,Atacado,4,3859.6,1350.88,627.18,Venda
SKU_1735_COR,08/08/2025,Atacado,8,2159.2,647.76,188.93,Venda
SKU_1699_CLO,08/08/2025,E-commerce,2,659.8,165.46,247.17,Venda
SKU_1725_OFF,08/08/2025,Varejo,1,244.9,60.0,184.9,Venda
SKU_1716_SAL,08/08/2025,Atacado,12,1978.8,692.64,107.18,Venda
SKU_1482_SHO,08/08/2025,Varejo,1,444.9,110.08,334.82,Venda
SKU_1744_LIG,08/08/2025,E-commerce,1,264.9,52.26,212.64,Venda
SKU_2073_PAL,08/08/2025,Varejo,4,1159.6,0.0,289.9,Venda
SKU_1843_BIR,08/08/2025,Atacado,2,609.8,274.4,167.7,Venda
SKU_1940_BIR,08/08/2025,Varejo,1,1084.9,0.0,1084.9,Venda
SKU_1517_ROS,08/08/2025,Varejo,1,1199.9,227.5,972.4,Venda
SKU_1786_TEA,08/08/2025,Atacado,10,1799.0,719.6,107.94,Venda
SKU_1763_MAR,08/08/2025,Atacado,10,2999.0,1199.6,179.94,Venda
SKU_1718_SEA,08/08/2025,Atacado,4,1479.6,443.88,258.93,Venda
SKU_1760_OFF,08/08/2025,Atacado,8,1999.2,599.76,174.93,Venda
SKU_1617_MIN,08/08/2025,Varejo,1,164.9,25.87,139.03,Venda
SKU_1728_EGR,08/08/2025,Atacado,5,1649.5,577.3,214.44,Venda
SKU_1679_SHO,08/08/2025,Atacado,8,7359.2,2207.76,643.93,Venda
SKU_1782_NAV,08/08/2025,Varejo,4,999.6,261.44,184.54,Venda
SKU_1732_WHI,08/08/2025,Atacado,4,4459.6,1560.88,724.68,Venda
SKU_1594_BAL,08/08/2025,E-commerce,1,499.9,116.89,383.01,Venda
SKU_1755_BIR,08/08/2025,Varejo,1,334.9,50.55,284.35,Venda
SKU_1637_BLU,08/08/2025,Atacado,6,5519.4,1931.76,597.94,Venda
SKU_1625_DUS,08/08/2025,E-commerce,1,204.9,50.13,154.77,Venda
SKU_2031_SNO,08/08/2025,Atacado,4,1399.6,419.88,244.93,Venda
SKU_1691_ROS,08/08/2025,Atacado,12,3718.8,1673.4,170.45,Venda
SKU_1801_FLA,08/08/2025,Atacado,5,1874.5,562.35,262.43,Venda
SKU_1580_MOS,08/08/2025,Varejo,1,189.9,36.92,152.98,Venda
SKU_1682_OLI,08/08/2025,E-commerce,1,234.9,54.2,180.7,Venda
SKU_1735_COR,08/08/2025,Varejo,1,269.9,56.12,213.78,Venda
SKU_1498_LIG,08/08/2025,E-commerce,1,339.9,67.5,272.4,Venda
SKU_2094_OLI,08/08/2025,Varejo,1,184.9,0.0,184.9,Venda
SKU_1752_SNO,08/08/2025,Varejo,1,429.9,82.15,347.75,Venda
SKU_1393_COB,08/08/2025,Varejo,2,619.8,154.06,232.87,Venda
SKU_1760_OFF,08/08/2025,Varejo,1,249.9,56.72,193.18,Venda
SKU_1434_ARM,08/08/2025,Atacado,4,839.6,251.88,146.93,Venda
SKU_1739_MOS,08/08/2025,Varejo,1,254.9,43.1,211.8,Venda
SKU_1632_SPA,08/08/2025,Atacado,4,739.6,295.84,110.94,Venda
SKU_1404_ARM,08/08/2025,Atacado,5,5099.5,1784.8,662.94,Venda
SKU_1774_COB,08/08/2025,E-commerce,1,204.9,47.23,157.67,Venda
SKU_1741_PEA,08/08/2025,Atacado,4,959.6,383.84,143.94,Venda
SKU_1796_SHO,08/08/2025,Varejo,1,504.9,78.19,426.71,Venda
SKU_1711_ARM,08/08/2025,E-commerce,1,994.9,244.43,750.47,Venda
SKU_2070_COR,08/08/2025,Atacado,4,859.6,300.88,139.68,Venda
SKU_1746_EME,08/08/2025,Atacado,2,359.8,143.92,107.94,Venda
SKU_1692_OLI,08/08/2025,Varejo,1,219.9,58.89,161.01,Venda
SKU_1726_BUB,08/08/2025,Atacado,4,1719.6,601.84,279.44,Venda
SKU_1693_MEX,08/08/2025,E-commerce,1,204.9,41.48,163.42,Venda
SKU_1515_AQU,08/08/2025,Varejo,1,194.9,39.99,154.91,Venda
SKU_1734_BRI,08/08/2025,Varejo,1,349.9,96.54,253.36,Venda
SKU_1792_AQU,08/08/2025,Atacado,3,1319.7,395.91,307.93,Venda
SKU_1563_WHI,08/08/2025,E-commerce,1,149.9,39.34,110.56,Venda
SKU_1722_PAS,08/08/2025,E-commerce,1,324.9,83.9,241.0,Venda
SKU_1765_MYS,08/08/2025,Atacado,5,1299.5,389.85,181.93,Venda
SKU_1768_PEA,08/08/2025,Atacado,8,4999.2,1999.68,374.94,Venda
SKU_1689_IVO,08/08/2025,Atacado,4,3859.6,1157.88,675.43,Venda
SKU_1702_COR,08/08/2025,Atacado,8,4959.2,1735.68,402.94,Venda
SKU_1726_PAS,08/08/2025,Atacado,3,1289.7,451.38,279.44,Venda
SKU_1720_PAL,08/08/2025,Varejo,1,224.9,41.74,183.16,Venda
SKU_1691_ROS,08/08/2025,E-commerce,1,309.9,89.39,220.51,Venda
SKU_1705_JAD,08/08/2025,Varejo,2,819.8,167.32,326.24,Venda
SKU_1732_WHI,08/08/2025,Varejo,1,1114.9,290.76,824.14,Venda
SKU_1746_NAV,08/08/2025,Atacado,8,1439.2,431.76,125.93,Venda
SKU_1755_BIR,08/08/2025,Atacado,5,1674.5,502.35,234.43,Venda
SKU_1766_CLE,08/08/2025,Atacado,12,4738.8,1895.52,236.94,Venda
SKU_1647_ARM,08/08/2025,Atacado,6,2039.4,611.82,237.93,Venda
SKU_1781_CLE,08/08/2025,E-commerce,1,129.9,32.64,97.26,Venda
SKU_1711_ARM,08/08/2025,E-commerce,1,994.9,273.8,721.1,Venda
SKU_1483_WHI,08/08/2025,Varejo,1,324.9,49.85,275.05,Venda
SKU_1787_BAB,08/08/2025,Atacado,5,1449.5,507.3,188.44,Venda
SKU_1798_MOS,08/08/2025,Atacado,5,2099.5,629.85,293.93,Venda
SKU_1790_EGR,08/08/2025,Atacado,6,1559.4,467.82,181.93,Venda
SKU_1469_ARM,08/08/2025,Varejo,1,294.9,69.12,225.78,Venda
SKU_1488_PEA,08/08/2025,Varejo,1,339.9,95.25,244.65,Venda
SKU_1714_DEE,08/08/2025,Varejo,1,304.9,66.84,238.06,Venda
SKU_1723_COB,08/08/2025,Atacado,5,2174.5,652.35,304.43,Venda
SKU_1630_SNO,08/08/2025,Varejo,1,334.9,71.25,263.65,Venda
SKU_1703_PAS,08/08/2025,Atacado,12,3238.8,1295.52,161.94,Venda
SKU_1768_PEA,08/08/2025,Atacado,5,3124.5,1093.55,406.19,Venda
SKU_1811_BLU,08/08/2025,Varejo,1,689.9,0.0,689.9,Venda
SKU_1712_MOS,08/08/2025,Varejo,1,179.9,35.1,144.8,Venda
SKU_1767_FUC,08/08/2025,Varejo,1,204.9,38.63,166.27,Venda
SKU_1780_AQU,08/08/2025,Atacado,6,2009.4,703.26,217.69,Venda
SKU_1801_FLA,08/08/2025,Atacado,4,1499.6,599.84,224.94,Venda
SKU_2114_DUS,08/08/2025,Atacado,4,1559.6,467.88,272.93,Venda
SKU_1733_NAV,08/08/2025,E-commerce,1,349.9,92.56,257.34,Venda
SKU_1738_ROY,08/08/2025,Varejo,1,194.9,49.6,145.3,Venda
SKU_2028_PIS,08/08/2025,Atacado,5,1224.5,428.6,159.18,Venda
SKU_2031_NAV,08/08/2025,Varejo,2,699.8,0.0,349.9,Venda
SKU_1752_SNO,08/08/2025,Atacado,3,1289.7,451.38,279.44,Venda
SKU_1754_IVO,08/08/2025,Atacado,5,1699.5,509.85,237.93,Venda
SKU_1510_SNO,08/08/2025,Atacado,5,4174.5,1252.35,584.43,Venda
SKU_1517_FOR,08/08/2025,Atacado,10,11999.0,4199.6,779.94,Venda
SKU_1712_MOS,08/08/2025,Atacado,6,1079.4,323.82,125.93,Venda
SKU_1794_FLA,08/08/2025,Atacado,6,1259.4,377.82,146.93,Venda
SKU_1714_MID,08/08/2025,Atacado,6,1829.4,548.82,213.43,Venda
SKU_1727_WHI,08/08/2025,E-commerce,1,154.9,32.03,122.87,Venda
SKU_1506_PAL,08/08/2025,Atacado,4,919.6,321.84,149.44,Venda
SKU_1716_AQU,08/08/2025,Atacado,2,329.8,115.44,107.18,Venda
SKU_1559_SKY,08/08/2025,Atacado,5,5999.5,2099.8,779.94,Venda
SKU_1626_BAB,08/08/2025,E-commerce,1,539.9,103.79,436.11,Venda
SKU_1768_PEA,08/08/2025,Varejo,1,624.9,152.23,472.67,Venda
SKU_2002_VAN,08/08/2025,Varejo,1,204.9,0.0,204.9,Venda
SKU_1737_DEE,08/08/2025,Varejo,1,769.9,133.1,636.8,Venda
SKU_1701_BLU,08/08/2025,Varejo,1,339.9,88.41,251.49,Venda
SKU_1914_BIR,08/08/2025,E-commerce,1,199.9,0.0,199.9,Venda
SKU_1698_SNO,08/08/2025,Atacado,5,2099.5,839.8,251.94,Venda
SKU_1716_AQU,08/08/2025,E-commerce,1,164.9,48.7,116.2,Venda
SKU_1811_BLU,08/08/2025,Varejo,2,1379.8,0.0,689.9,Venda
SKU_1741_PEA,08/08/2025,E-commerce,3,719.7,125.34,198.12,Venda
SKU_1774_MOS,08/08/2025,Varejo,1,204.9,46.42,158.48,Venda
SKU_1725_BAB,08/08/2025,Varejo,1,244.9,51.47,193.43,Venda
SKU_1707_SAP,08/08/2025,Atacado,4,1119.6,391.84,181.94,Venda
SKU_1603_PEA,08/08/2025,Atacado,8,5959.2,1787.76,521.43,Venda
SKU_1761_SAP,08/08/2025,Atacado,5,5524.5,1657.35,773.43,Venda
SKU_1760_PAS,08/08/2025,E-commerce,2,499.8,110.08,194.86,Venda
SKU_1783_EGR,08/08/2025,E-commerce,2,2399.8,479.62,960.09,Venda
SKU_1734_FRE,08/08/2025,E-commerce,1,349.9,90.22,259.68,Venda
SKU_1572_BAL,08/08/2025,Atacado,4,559.6,195.84,90.94,Venda
SKU_1628_POW,08/08/2025,Atacado,10,5499.0,1924.6,357.44,Venda
SKU_1784_BLA,08/08/2025,Atacado,8,2479.2,743.76,216.93,Venda
SKU_1459_CRE,08/08/2025,Varejo,2,419.8,78.4,170.7,Venda
SKU_1406_SHO,08/08/2025,Varejo,1,349.9,90.42,259.48,Venda
SKU_1696_SHO,08/08/2025,Atacado,8,2239.2,783.68,181.94,Venda
SKU_1511_CLE,08/08/2025,Atacado,5,4674.5,1636.05,607.69,Venda
SKU_1622_VAN,08/08/2025,Varejo,2,539.8,82.46,228.67,Venda
SKU_1799_POW,08/08/2025,Varejo,1,269.9,56.31,213.59,Venda
SKU_1751_MIN,08/08/2025,Varejo,1,329.9,82.7,247.2,Venda
SKU_1767_PRI,08/08/2025,Atacado,4,819.6,286.88,133.18,Venda
SKU_1757_TUR,08/08/2025,Varejo,1,264.9,45.36,219.54,Venda
SKU_1797_GAR,08/08/2025,Atacado,4,1519.6,607.84,227.94,Venda
SKU_1704_BAB,08/08/2025,Atacado,8,2679.2,937.68,217.69,Venda
SKU_1612_PAL,08/08/2025,Varejo,2,659.8,106.06,276.87,Venda
SKU_1758_CLO,08/08/2025,Atacado,4,719.6,287.84,107.94,Venda
SKU_1705_SER,08/08/2025,Varejo,2,819.8,172.48,323.66,Venda
SKU_1405_CLO,08/08/2025,E-commerce,2,429.8,85.28,172.26,Venda
SKU_1717_CRE,08/08/2025,Atacado,6,1559.4,545.76,168.94,Venda
SKU_1532_EME,08/08/2025,Varejo,3,2939.7,462.06,825.88,Venda
SKU_2014_BLA,08/08/2025,Atacado,5,1599.5,479.85,223.93,Venda
SKU_1725_BAB,08/08/2025,Varejo,3,734.7,175.29,186.47,Venda
SKU_1741_PIN,08/08/2025,E-commerce,1,239.9,68.86,171.04,Venda
SKU_1563_WHI,08/08/2025,Varejo,1,149.9,40.3,109.6,Venda
SKU_1425_WHI,08/08/2025,Varejo,2,419.8,123.46,148.17,Venda
SKU_1674_WHI,08/08/2025,Varejo,2,459.8,126.54,166.63,Venda
SKU_1474_DEN,08/08/2025,Atacado,8,8479.2,2543.76,741.93,Venda
SKU_1722_AQU,08/08/2025,Varejo,2,649.8,138.3,255.75,Venda
SKU_1691_ROS,08/08/2025,E-commerce,1,309.9,87.18,222.72,Venda
SKU_1713_SNO,08/08/2025,Varejo,1,504.9,82.63,422.27,Venda
SKU_1687_FOR,08/08/2025,E-commerce,1,899.9,206.4,693.5,Venda
SKU_1608_WHI,08/08/2025,Varejo,1,304.9,67.44,237.46,Venda
SKU_1392_BLU,08/08/2025,Varejo,1,294.9,67.96,226.94,Venda
SKU_1744_LIG,08/08/2025,Atacado,8,2119.2,741.68,172.19,Venda
SKU_1773_OLI,08/08/2025,Varejo,1,324.9,92.32,232.58,Venda
SKU_1685_COB,08/08/2025,Atacado,3,1994.7,698.13,432.19,Venda
SKU_1760_PAS,08/08/2025,Atacado,3,749.7,224.91,174.93,Venda
SKU_1618_SAP,08/08/2025,Atacado,5,899.5,269.85,125.93,Venda
SKU_1861_SAP,08/08/2025,Varejo,1,194.9,13.64,181.26,Venda
SKU_1691_ROS,08/08/2025,Atacado,6,1859.4,650.76,201.44,Venda
SKU_1758_CLO,08/08/2025,Atacado,5,899.5,359.8,107.94,Venda
SKU_1795_HUN,08/08/2025,Varejo,1,299.9,61.56,238.34,Venda
SKU_1492_BIR,08/08/2025,Varejo,3,1124.7,172.62,317.36,Venda
SKU_1777_TUR,08/08/2025,Varejo,3,719.7,132.72,195.66,Venda
SKU_1726_PAS,08/08/2025,Varejo,1,429.9,86.64,343.26,Venda
SKU_1750_MIN,08/08/2025,Varejo,3,1109.7,168.81,313.63,Venda
SKU_1718_SEA,08/08/2025,Atacado,5,1849.5,739.8,221.94,Venda
SKU_1903_PAS,08/08/2025,Varejo,2,659.8,0.0,329.9,Venda
SKU_1749_SNO,08/08/2025,E-commerce,1,349.9,58.3,291.6,Venda
SKU_1617_MIN,08/08/2025,Atacado,2,329.8,98.94,115.43,Venda
SKU_1757_TUR,08/08/2025,Varejo,3,794.7,232.71,187.33,Venda
SKU_1424_BAB,08/08/2025,Varejo,2,1989.8,586.74,701.53,Venda
SKU_1674_PAS,08/08/2025,Atacado,2,459.8,137.94,160.93,Venda
SKU_1688_LIG,08/08/2025,Atacado,6,2579.4,902.76,279.44,Venda
SKU_1719_WHI,08/08/2025,E-commerce,1,319.9,49.72,270.18,Venda
SKU_1768_PEA,08/08/2025,Varejo,1,624.9,159.82,465.08,Venda
SKU_1795_RAS,08/08/2025,E-commerce,1,299.9,83.26,216.64,Venda
SKU_1614_VAN,08/08/2025,Atacado,4,1779.6,533.88,311.43,Venda
SKU_1801_FLA,08/08/2025,Varejo,1,374.9,86.9,288.0,Venda
SKU_1590_MYS,08/08/2025,E-commerce,1,189.9,35.78,154.12,Venda
SKU_1763_HOT,08/08/2025,Varejo,1,299.9,65.04,234.86,Venda
SKU_1688_WHI,08/08/2025,Varejo,3,1289.7,307.68,327.34,Venda
SKU_1793_WHI,08/08/2025,E-commerce,1,189.9,46.34,143.56,Venda
SKU_1681_PIS,08/08/2025,Varejo,1,234.9,43.1,191.8,Venda
SKU_1713_SAL,08/08/2025,E-commerce,1,504.9,107.31,397.59,Venda
SKU_1550_IVO,08/08/2025,Varejo,1,164.9,35.32,129.58,Venda
SKU_1754_SER,08/08/2025,Varejo,1,339.9,56.1,283.8,Venda
SKU_1556_HUN,08/08/2025,Atacado,12,2458.8,860.64,133.18,Venda
SKU_1769_EME,08/08/2025,Atacado,4,1299.6,454.84,211.19,Venda
SKU_1729_CLE,08/08/2025,Varejo,1,174.9,37.6,137.3,Venda
SKU_1532_EME,08/08/2025,E-commerce,1,979.9,243.7,736.2,Venda
SKU_1751_BLU,08/08/2025,Varejo,1,329.9,58.15,271.75,Venda
SKU_2057_VAN,08/08/2025,E-commerce,1,944.9,0.0,944.9,Venda
SKU_1745_FOR,08/08/2025,Varejo,1,409.9,117.64,292.26,Venda
SKU_1915_DUS,08/08/2025,Atacado,5,5824.5,1747.35,815.43,Venda
SKU_1689_IVO,08/08/2025,Varejo,1,964.9,228.88,736.02,Venda
SKU_1772_BLU,08/08/2025,Atacado,10,4149.0,1244.7,290.43,Venda
SKU_1709_MAR,08/08/2025,Varejo,1,209.9,31.49,178.41,Venda
SKU_1718_SEA,08/08/2025,Atacado,2,739.8,258.92,240.44,Venda
SKU_1767_PRI,08/08/2025,Varejo,1,204.9,50.42,154.48,Venda
SKU_1797_BLU,08/08/2025,Varejo,1,379.9,71.51,308.39,Venda
SKU_1710_OLI,08/08/2025,Varejo,1,809.9,170.87,639.03,Venda
SKU_1670_PEA,08/08/2025,Atacado,6,869.4,304.32,94.18,Venda
SKU_1737_DEE,08/08/2025,Varejo,1,769.9,125.08,644.82,Venda
SKU_1618_SAP,08/08/2025,Varejo,2,359.8,101.48,129.16,Venda
SKU_1787_BAB,08/08/2025,Varejo,3,869.7,191.97,225.91,Venda
SKU_1483_WHI,08/08/2025,Varejo,3,974.7,187.59,262.37,Venda
SKU_1800_MOS,08/08/2025,Atacado,6,1679.4,587.76,181.94,Venda
SKU_1462_MID,08/08/2025,Varejo,1,364.9,69.39,295.51,Venda
SKU_1758_CLO,08/08/2025,Varejo,1,179.9,42.37,137.53,Venda
SKU_1767_FUC,08/08/2025,Atacado,4,819.6,327.84,122.94,Venda
SKU_1680_SEA,08/08/2025,Varejo,2,669.8,139.72,265.04,Venda
SKU_2029_PRI,08/08/2025,Atacado,5,4824.5,1929.8,578.94,Venda
SKU_1746_EME,08/08/2025,Varejo,1,179.9,38.28,141.62,Venda
SKU_1773_FRE,08/08/2025,Atacado,5,1624.5,487.35,227.43,Venda
SKU_1716_AQU,08/08/2025,Varejo,3,494.7,134.19,120.17,Venda
SKU_1716_SAL,08/08/2025,Varejo,1,164.9,43.9,121.0,Venda
SKU_1746_NAV,08/08/2025,Varejo,1,179.9,47.81,132.09,Venda
SKU_1767_FUC,08/08/2025,Atacado,5,1024.5,307.35,143.43,Venda
SKU_1768_MIN,08/08/2025,Varejo,1,624.9,98.79,526.11,Venda
SKU_1778_TEA,08/08/2025,Atacado,6,1709.4,598.26,185.19,Venda
SKU_1537_BLA,08/08/2025,Varejo,1,254.9,57.36,197.54,Venda
SKU_1717_CRE,08/08/2025,Atacado,3,779.7,233.91,181.93,Venda
SKU_1724_PIN,08/08/2025,Atacado,3,3344.7,1337.88,668.94,Venda
SKU_1723_COB,08/08/2025,Atacado,2,869.8,304.42,282.69,Venda
SKU_1573_MIN,08/08/2025,Varejo,1,1024.9,217.58,807.32,Venda
SKU_1727_LIG,08/08/2025,Atacado,8,1239.2,433.76,100.68,Venda
SKU_1452_DEE,08/08/2025,Varejo,1,144.9,39.41,105.49,Venda
SKU_1704_PEA,08/08/2025,Varejo,3,1004.7,229.59,258.37,Venda
SKU_1769_WHI,08/08/2025,Varejo,1,324.9,58.4,266.5,Venda
SKU_1571_WHI,08/08/2025,Atacado,4,999.6,349.84,162.44,Venda
SKU_1645_MYS,08/08/2025,Atacado,4,1599.6,479.88,279.93,Venda
SKU_1741_PEA,08/08/2025,Varejo,1,239.9,69.66,170.24,Venda
SKU_1428_COB,08/08/2025,E-commerce,1,489.9,135.71,354.19,Venda
SKU_1629_ARM,08/08/2025,Varejo,1,254.9,38.32,216.58,Venda
SKU_1883_ARM,08/08/2025,Atacado,4,899.6,314.88,146.18,Venda
SKU_1427_BLA,08/08/2025,Varejo,3,599.7,98.76,166.98,Venda
SKU_1703_BLU,08/08/2025,Varejo,1,269.9,72.14,197.76,Venda
SKU_1718_DUS,08/08/2025,E-commerce,1,369.9,110.16,259.74,Venda
SKU_2059_SNO,08/08/2025,Atacado,5,3199.5,959.85,447.93,Venda
SKU_1694_SER,08/08/2025,Atacado,5,1399.5,489.8,181.94,Venda
SKU_1590_HOT,08/08/2025,E-commerce,1,189.9,43.31,146.59,Venda
SKU_1680_NAV,08/08/2025,Varejo,2,669.8,160.96,254.42,Venda
SKU_1718_SEA,08/08/2025,Varejo,1,369.9,63.76,306.14,Venda
SKU_1396_PAS,08/08/2025,Varejo,1,134.9,26.49,108.41,Venda
SKU_1765_PAS,08/08/2025,Atacado,6,1559.4,545.76,168.94,Venda
SKU_1683_PAL,08/08/2025,Atacado,3,944.7,377.88,188.94,Venda
SKU_1421_SER,08/08/2025,Atacado,2,459.8,160.92,149.44,Venda
SKU_1694_SER,08/08/2025,Atacado,10,2799.0,1119.6,167.94,Venda
SKU_1978_BAL,08/08/2025,Varejo,2,499.8,34.98,232.41,Venda
SKU_2011_PIN,08/08/2025,Atacado,5,1274.5,382.35,178.43,Venda
SKU_1749_BIR,08/08/2025,Varejo,1,349.9,93.75,256.15,Venda
SKU_1459_CRE,08/08/2025,Atacado,3,629.7,220.38,136.44,Venda
SKU_1711_VAN,08/08/2025,Varejo,1,994.9,247.04,747.86,Venda
SKU_1693_MEX,08/08/2025,Varejo,1,204.9,31.01,173.89,Venda
SKU_1753_PAL,08/08/2025,Atacado,3,2369.7,710.91,552.93,Venda
SKU_1440_PIS,08/08/2025,Atacado,3,3599.7,1079.91,839.93,Venda
SKU_1439_SHO,08/08/2025,Atacado,6,1109.4,332.82,129.43,Venda
SKU_1743_CLO,08/08/2025,Varejo,1,439.9,93.3,346.6,Venda
SKU_1778_TEA,08/08/2025,Atacado,12,3418.8,1367.52,170.94,Venda
SKU_1722_PAS,08/08/2025,Atacado,2,649.8,227.42,211.19,Venda
SKU_1688_WHI,08/08/2025,Varejo,2,859.8,158.9,350.45,Venda
SKU_1788_MYS,08/08/2025,Atacado,4,999.6,299.88,174.93,Venda
SKU_1776_BIR,08/08/2025,Varejo,1,329.9,69.95,259.95,Venda
SKU_1593_FUC,08/08/2025,Atacado,5,724.5,253.6,94.18,Venda
SKU_1719_OFF,08/08/2025,E-commerce,1,319.9,63.18,256.72,Venda
SKU_1709_CRE,08/08/2025,Atacado,3,629.7,220.38,136.44,Venda
SKU_1988_WHI,08/08/2025,Varejo,2,849.8,0.0,424.9,Venda
SKU_1420_LIM,08/08/2025,Atacado,10,9899.0,2969.7,692.93,Venda
SKU_1769_EME,08/08/2025,Varejo,1,324.9,97.37,227.53,Venda
SKU_1697_PIS,08/08/2025,Varejo,2,439.8,127.9,155.95,Venda
SKU_1743_DEE,08/08/2025,Varejo,1,439.9,97.53,342.37,Venda
SKU_1795_RAS,08/08/2025,Atacado,5,1499.5,524.8,194.94,Venda
SKU_1755_BIR,08/08/2025,Atacado,6,2009.4,803.76,200.94,Venda
SKU_1750_SNO,08/08/2025,Atacado,8,2959.2,887.76,258.93,Venda
SKU_1578_PAS,08/08/2025,Atacado,3,374.7,131.16,81.18,Venda
SKU_1756_FLA,08/08/2025,E-commerce,1,179.9,32.96,146.94,Venda
SKU_1743_CLO,08/08/2025,Atacado,4,1759.6,527.88,307.93,Venda
SKU_1702_LIG,08/08/2025,E-commerce,1,619.9,130.37,489.53,Venda
SKU_1767_FUC,08/08/2025,Atacado,8,1639.2,573.76,133.18,Venda
SKU_1798_MOS,08/08/2025,Varejo,1,419.9,72.94,346.96,Venda
SKU_1682_BIR,08/08/2025,Atacado,3,704.7,246.66,152.68,Venda
SKU_1702_LIG,08/08/2025,Varejo,2,1239.8,296.32,471.74,Venda
SKU_1693_FLA,08/08/2025,Atacado,4,819.6,286.88,133.18,Venda
SKU_1784_BLA,08/08/2025,E-commerce,1,309.9,83.54,226.36,Venda
SKU_1426_NAV,08/08/2025,Atacado,3,389.7,116.91,90.93,Venda
SKU_1554_PIS,08/08/2025,Atacado,4,4139.6,1448.88,672.68,Venda
SKU_1732_OFF,08/08/2025,Varejo,1,1114.9,306.66,808.24,Venda
SKU_1779_MIN,08/08/2025,Varejo,1,214.9,43.75,171.15,Venda
SKU_1548_CLO,08/08/2025,Varejo,1,474.9,106.32,368.58,Venda
SKU_1435_OLI,08/08/2025,Atacado,5,5049.5,1514.85,706.93,Venda
SKU_1714_MID,08/08/2025,Varejo,1,304.9,90.33,214.57,Venda
SKU_1705_JAD,08/08/2025,Atacado,5,2049.5,614.85,286.93,Venda
SKU_1747_FUC,08/08/2025,Atacado,2,349.8,122.44,113.68,Venda
SKU_1778_TEA,08/08/2025,Atacado,5,1424.5,427.35,199.43,Venda
SKU_1789_SNO,08/08/2025,Varejo,1,269.9,59.38,210.52,Venda
SKU_1689_MAG,08/08/2025,Varejo,1,964.9,273.29,691.61,Venda
SKU_1544_OLI,08/08/2025,Atacado,10,1999.0,599.7,139.93,Venda
SKU_1769_EME,08/08/2025,Atacado,5,1624.5,487.35,227.43,Venda
SKU_1682_BIR,08/08/2025,E-commerce,1,234.9,46.42,188.48,Venda
SKU_1696_SHO,08/08/2025,Atacado,6,1679.4,503.82,195.93,Venda
SKU_2102_CLO,08/08/2025,Atacado,10,7449.0,2607.1,484.19,Venda
SKU_1683_SHO,08/08/2025,Varejo,3,944.7,275.94,222.92,Venda
SKU_1757_PIN,08/08/2025,Varejo,1,264.9,48.66,216.24,Venda
SKU_1755_AQU,08/08/2025,Atacado,3,1004.7,351.63,217.69,Venda
SKU_1507_FLA,08/08/2025,E-commerce,2,359.8,68.08,145.86,Venda
SKU_1717_CRE,08/08/2025,Atacado,10,2599.0,909.6,168.94,Venda
SKU_1782_HUN,08/08/2025,Varejo,1,249.9,38.09,211.81,Venda
SKU_1502_VAN,08/08/2025,Varejo,3,629.7,123.96,168.58,Venda
SKU_2028_PAL,08/08/2025,E-commerce,1,244.9,0.0,244.9,Venda
SKU_1762_BRI,08/08/2025,Atacado,8,2039.2,713.76,165.68,Venda
SKU_1763_MAR,08/08/2025,Atacado,5,1499.5,449.85,209.93,Venda
SKU_1771_EME,08/08/2025,Varejo,1,264.9,74.92,189.98,Venda
SKU_1728_EGR,08/08/2025,Atacado,3,989.7,346.38,214.44,Venda
SKU_1749_SNO,08/08/2025,Atacado,12,4198.8,1259.64,244.93,Venda
SKU_1744_EME,08/08/2025,E-commerce,2,529.8,101.26,214.27,Venda
SKU_1642_OFF,08/08/2025,Atacado,6,1349.4,539.76,134.94,Venda
SKU_1620_BLU,08/08/2025,E-commerce,1,264.9,78.96,185.94,Venda
SKU_1787_BAB,08/08/2025,E-commerce,1,289.9,82.88,207.02,Venda
SKU_1793_WHI,08/08/2025,Atacado,3,569.7,199.38,123.44,Venda
SKU_1691_HUN,08/08/2025,Atacado,5,1549.5,619.8,185.94,Venda
SKU_1694_SER,08/08/2025,Atacado,4,1119.6,391.84,181.94,Venda
SKU_1445_PRI,08/08/2025,Atacado,3,1229.7,430.38,266.44,Venda
SKU_1719_OFF,08/08/2025,Atacado,3,959.7,383.88,191.94,Venda
SKU_1695_CRE,08/08/2025,Varejo,1,209.9,37.84,172.06,Venda
SKU_1524_BLU,08/08/2025,Atacado,2,739.8,258.92,240.44,Venda
SKU_1795_RAS,08/08/2025,Varejo,1,299.9,46.04,253.86,Venda
SKU_1780_LIG,08/08/2025,Atacado,2,669.8,234.42,217.69,Venda
SKU_1768_PEA,08/08/2025,E-commerce,1,624.9,181.44,443.46,Venda
SKU_2014_BRI,08/08/2025,E-commerce,1,319.9,0.0,319.9,Venda
SKU_1759_COB,08/08/2025,Varejo,1,269.9,48.55,221.35,Venda
SKU_1732_OFF,08/08/2025,Atacado,5,5574.5,1951.1,724.68,Venda
SKU_1509_MAG,08/08/2025,Varejo,1,319.9,78.7,241.2,Venda
SKU_1702_LIG,08/08/2025,E-commerce,3,1859.7,478.68,460.34,Venda
SKU_1681_OFF,08/08/2025,Atacado,4,939.6,328.88,152.68,Venda
SKU_1765_PAS,08/08/2025,Atacado,5,1299.5,454.8,168.94,Venda
SKU_1709_MAR,08/08/2025,Atacado,12,2518.8,881.52,136.44,Venda
SKU_1781_CLE,08/08/2025,Atacado,10,1299.0,454.6,84.44,Venda
SKU_1785_PAS,08/08/2025,Varejo,2,489.8,143.22,173.29,Venda
SKU_1738_ROY,08/08/2025,Varejo,1,194.9,31.18,163.72,Venda
SKU_1710_OLI,08/08/2025,Atacado,8,6479.2,2267.68,526.44,Venda
SKU_1702_COR,08/08/2025,Varejo,2,1239.8,306.26,466.77,Venda
SKU_1687_WHI,08/08/2025,Atacado,3,2699.7,809.91,629.93,Venda
SKU_1760_OFF,08/08/2025,Atacado,2,499.8,174.92,162.44,Venda
SKU_1697_PIS,08/08/2025,Varejo,1,219.9,43.51,176.39,Venda
SKU_1722_PAS,08/08/2025,Varejo,2,649.8,110.0,269.9,Venda
SKU_1784_EGR,08/08/2025,Varejo,1,309.9,87.1,222.8,Venda
SKU_2076_MIN,08/08/2025,E-commerce,1,474.9,0.0,474.9,Venda
SKU_1777_TUR,08/08/2025,Varejo,1,239.9,58.0,181.9,Venda
SKU_1731_ARM,08/08/2025,Atacado,3,2729.7,818.91,636.93,Venda
SKU_1695_LIM,08/08/2025,Atacado,3,629.7,220.38,136.44,Venda
SKU_1725_OFF,08/08/2025,Atacado,3,734.7,220.41,171.43,Venda
SKU_1705_SER,08/08/2025,Atacado,6,2459.4,737.82,286.93,Venda
SKU_1747_TEA,08/08/2025,Varejo,1,174.9,33.53,141.37,Venda
SKU_1910_MYS,08/08/2025,Varejo,1,749.9,52.49,697.41,Venda
SKU_1691_HUN,08/08/2025,Varejo,2,619.8,115.76,252.02,Venda
SKU_1718_SEA,08/08/2025,Atacado,8,2959.2,1035.68,240.44,Venda
SKU_1789_SNO,08/08/2025,Atacado,8,2159.2,647.76,188.93,Venda
SKU_1404_SAP,08/08/2025,Atacado,5,5099.5,1784.8,662.94,Venda
SKU_1713_SNO,08/08/2025,Atacado,8,4039.2,1413.68,328.19,Venda
SKU_1798_MOS,08/08/2025,Atacado,6,2519.4,1007.76,251.94,Venda
SKU_1576_BLU,08/08/2025,Varejo,1,244.9,73.27,171.63,Venda
SKU_1449_BLA,08/08/2025,E-commerce,2,649.8,154.74,247.53,Venda
SKU_1775_PAS,08/08/2025,E-commerce,1,279.9,72.97,206.93,Venda
SKU_1755_BIR,08/08/2025,E-commerce,1,334.9,98.1,236.8,Venda
SKU_1484_EGR,08/08/2025,Varejo,2,919.8,203.22,358.29,Venda
SKU_1470_WHI,08/08/2025,Varejo,1,919.9,213.12,706.78,Venda
SKU_1728_MID,08/08/2025,E-commerce,1,329.9,57.92,271.98,Venda
SKU_1717_CRE,08/08/2025,Varejo,1,259.9,54.6,205.3,Venda
SKU_1865_POW,08/08/2025,Atacado,5,1249.5,374.85,174.93,Venda
SKU_1797_BLU,08/08/2025,Atacado,3,1139.7,341.91,265.93,Venda
SKU_1720_PAL,08/08/2025,E-commerce,1,224.9,37.9,187.0,Venda
SKU_1721_COR,08/08/2025,Atacado,5,2099.5,839.8,251.94,Venda
SKU_1770_DEE,08/08/2025,Varejo,1,219.9,62.62,157.28,Venda
SKU_1734_BRI,08/08/2025,Atacado,6,2099.4,839.76,209.94,Venda
SKU_1797_GAR,08/08/2025,Varejo,1,379.9,90.28,289.62,Venda
SKU_1776_PAS,08/08/2025,Varejo,1,329.9,86.23,243.67,Venda
SKU_1761_SAP,08/08/2025,E-commerce,1,1104.9,179.82,925.08,Venda
SKU_1770_DEE,08/08/2025,Varejo,2,439.8,99.24,170.28,Venda
SKU_1708_FLA,08/08/2025,Atacado,5,849.5,297.3,110.44,Venda
SKU_1704_PEA,08/08/2025,Atacado,8,2679.2,803.76,234.43,Venda
SKU_1775_PAS,08/08/2025,Varejo,1,279.9,72.19,207.71,Venda
SKU_1502_PEA,08/08/2025,Varejo,1,209.9,49.9,160.0,Venda
SKU_1947_CLE,08/08/2025,Varejo,1,439.9,0.0,439.9,Venda
SKU_1718_SEA,08/08/2025,Varejo,1,369.9,63.11,306.79,Venda
SKU_1733_SAG,08/08/2025,Varejo,3,1049.7,302.49,249.07,Venda
SKU_1728_MID,08/08/2025,Varejo,1,329.9,98.93,230.97,Venda
SKU_1747_FUC,08/08/2025,Varejo,2,349.8,88.52,130.64,Venda
SKU_1784_BLA,08/08/2025,Atacado,5,1549.5,464.85,216.93,Venda
SKU_1793_MIN,08/08/2025,Varejo,1,189.9,45.7,144.2,Venda
SKU_1688_LIG,08/08/2025,Varejo,1,429.9,68.82,361.08,Venda
SKU_1698_PRI,08/08/2025,Atacado,3,1259.7,377.91,293.93,Venda
SKU_1787_BAB,08/08/2025,Varejo,2,579.8,110.18,234.81,Venda
SKU_1735_MOS,08/08/2025,Atacado,5,1349.5,404.85,188.93,Venda
SKU_1669_COR,08/08/2025,Varejo,1,199.9,37.93,161.97,Venda
SKU_1742_DEN,08/08/2025,Varejo,2,519.8,131.26,194.27,Venda
SKU_1979_MAR,08/08/2025,Varejo,2,389.8,0.0,194.9,Venda
SKU_1762_BRI,08/08/2025,Varejo,1,254.9,70.79,184.11,Venda
SKU_1752_SNO,08/08/2025,Atacado,2,859.8,257.94,300.93,Venda
SKU_1440_PIS,08/08/2025,Varejo,1,1199.9,197.76,1002.14,Venda
SKU_1717_CRE,08/08/2025,E-commerce,1,259.9,40.78,219.12,Venda
SKU_1569_PAS,08/08/2025,Atacado,5,1099.5,329.85,153.93,Venda
SKU_1764_MAR,08/08/2025,E-commerce,2,469.8,111.06,179.37,Venda
SKU_1693_MEX,08/08/2025,Atacado,3,614.7,215.16,133.18,Venda
SKU_1732_WHI,08/08/2025,Varejo,1,1114.9,329.52,785.38,Venda
SKU_1794_FLA,08/08/2025,Varejo,2,419.8,111.7,154.05,Venda
SKU_1436_PAS,08/08/2025,Varejo,1,279.9,75.24,204.66,Venda
SKU_2080_FLA,08/08/2025,Atacado,3,719.7,215.91,167.93,Venda
SKU_1700_PIS,08/08/2025,Varejo,1,699.9,204.61,495.29,Venda
SKU_1736_JAD,08/08/2025,E-commerce,1,324.9,73.8,251.1,Venda
SKU_1764_FUC,08/08/2025,Atacado,10,2349.0,1057.0,129.2,Venda
SKU_1450_JAD,08/08/2025,Varejo,1,409.9,101.11,308.79,Venda
SKU_1457_MAG,08/08/2025,Varejo,1,159.9,40.98,118.92,Venda
SKU_1779_MIN,08/08/2025,Varejo,1,214.9,42.42,172.48,Venda
SKU_1761_MOS,08/08/2025,Varejo,1,1104.9,327.65,777.25,Venda
SKU_1781_AQU,08/08/2025,Atacado,2,259.8,77.94,90.93,Venda
SKU_1691_ROS,08/08/2025,Varejo,2,619.8,104.2,257.8,Venda
SKU_1801_MOS,08/08/2025,Varejo,1,374.9,73.92,300.98,Venda
SKU_1695_CRE,08/08/2025,Varejo,1,209.9,33.75,176.15,Venda
SKU_1709_CRE,08/08/2025,Varejo,1,209.9,34.75,175.15,Venda
SKU_1463_LIG,08/08/2025,Atacado,6,1559.4,467.82,181.93,Venda
SKU_1905_PRI,08/08/2025,Atacado,4,1439.6,503.84,233.94,Venda
SKU_1742_EME,08/08/2025,E-commerce,1,259.9,60.67,199.23,Venda
SKU_1634_NAV,08/08/2025,Atacado,2,1959.8,587.94,685.93,Venda
SKU_1783_EGR,08/08/2025,E-commerce,2,2399.8,378.3,1010.75,Venda
SKU_1719_OFF,08/08/2025,Varejo,1,319.9,69.79,250.11,Venda
SKU_1741_PEA,08/08/2025,Atacado,6,1439.4,431.82,167.93,Venda
SKU_1571_WHI,08/08/2025,Varejo,2,499.8,78.52,210.64,Venda
SKU_1780_AQU,08/08/2025,Atacado,10,3349.0,1172.1,217.69,Venda
SKU_1502_PEA,08/08/2025,Atacado,5,1049.5,367.3,136.44,Venda
SKU_1771_EME,08/08/2025,Varejo,1,264.9,63.0,201.9,Venda
SKU_1705_SER,08/08/2025,Atacado,3,1229.7,368.91,286.93,Venda
SKU_1681_OFF,08/08/2025,Varejo,1,234.9,62.03,172.87,Venda
SKU_1393_SKY,08/08/2025,Atacado,5,1549.5,542.3,201.44,Venda
SKU_1512_MYS,08/08/2025,Atacado,8,1799.2,539.76,157.43,Venda
SKU_1570_HON,08/08/2025,Atacado,2,1429.8,500.42,464.69,Venda
SKU_1719_OFF,08/08/2025,Varejo,1,319.9,75.7,244.2,Venda
SKU_1782_NAV,08/08/2025,Atacado,4,999.6,299.88,174.93,Venda
SKU_1686_MOS,08/08/2025,E-commerce,1,214.9,59.02,155.88,Venda
SKU_1926_IVO,08/08/2025,Varejo,1,269.9,18.89,251.01,Venda
SKU_1703_BLU,08/08/2025,E-commerce,3,809.7,148.11,220.53,Venda
SKU_1745_FOR,08/08/2025,Varejo,1,409.9,118.56,291.34,Venda
SKU_1745_PEA,08/08/2025,Varejo,1,409.9,121.67,288.23,Venda
SKU_1724_PIN,08/08/2025,E-commerce,2,2229.8,660.16,784.82,Venda
SKU_1702_LIG,08/08/2025,E-commerce,2,1239.8,369.64,435.08,Venda
SKU_1700_HUN,08/08/2025,Atacado,3,2099.7,629.91,489.93,Venda
SKU_1825_MIN,08/08/2025,Atacado,8,1399.2,419.76,122.43,Venda
SKU_1745_PEA,08/08/2025,E-commerce,1,409.9,103.66,306.24,Venda
SKU_1683_SHO,08/08/2025,Varejo,1,314.9,58.24,256.66,Venda
SKU_2036_SPA,08/08/2025,Varejo,1,239.9,0.0,239.9,Venda
SKU_1765_MYS,08/08/2025,Atacado,3,779.7,272.88,168.94,Venda
SKU_1490_EME,08/08/2025,Atacado,4,1259.6,440.84,204.69,Venda
SKU_1586_EGR,08/08/2025,Atacado,8,2439.2,853.68,198.19,Venda
SKU_1699_CLO,08/08/2025,Varejo,1,329.9,53.04,276.86,Venda
SKU_1799_DEN,08/08/2025,Varejo,1,269.9,62.75,207.15,Venda
SKU_1675_CRE,08/08/2025,Varejo,1,764.9,163.8,601.1,Venda
SKU_1768_PEA,08/08/2025,Varejo,1,624.9,156.93,467.97,Venda
SKU_1788_EME,08/08/2025,Atacado,5,1249.5,437.3,162.44,Venda
SKU_1739_AQU,08/08/2025,E-commerce,3,764.7,177.99,195.57,Venda
SKU_1686_MOS,08/08/2025,Atacado,6,1289.4,386.82,150.43,Venda
SKU_1780_LIG,08/08/2025,Varejo,2,669.8,113.26,278.27,Venda
SKU_1744_EME,08/08/2025,Atacado,5,1324.5,397.35,185.43,Venda
SKU_1845_BAL,08/08/2025,Varejo,1,819.9,0.0,819.9,Venda
SKU_1597_SHO,08/08/2025,Varejo,1,529.9,116.85,413.05,Venda
SKU_1770_JAD,08/08/2025,E-commerce,1,219.9,43.26,176.64,Venda
SKU_1395_BLA,08/08/2025,Varejo,2,579.8,143.44,218.18,Venda
SKU_1555_RAS,08/08/2025,Varejo,1,189.9,46.67,143.23,Venda
SKU_2038_COB,08/08/2025,Varejo,3,3404.7,238.32,1055.46,Venda
SKU_1682_OLI,08/08/2025,Varejo,2,469.8,123.2,173.3,Venda
SKU_1526_POW,08/08/2025,Atacado,6,1019.4,356.76,110.44,Venda
SKU_1771_EME,08/08/2025,Atacado,6,1589.4,476.82,185.43,Venda
SKU_2106_FUC,08/08/2025,Varejo,1,234.9,0.0,234.9,Venda
SKU_1752_SNO,08/08/2025,Varejo,1,429.9,111.67,318.23,Venda
SKU_1682_BIR,08/08/2025,Atacado,10,2349.0,939.6,140.94,Venda
SKU_1546_IVO,08/08/2025,Varejo,1,174.9,27.35,147.55,Venda
SKU_1398_SPA,08/08/2025,Varejo,1,674.9,184.39,490.51,Venda
SKU_1707_SAP,08/08/2025,Varejo,1,279.9,81.56,198.34,Venda
SKU_1761_MOS,08/08/2025,Atacado,6,6629.4,2320.32,718.18,Venda
SKU_1736_PAS,08/08/2025,Varejo,1,324.9,94.88,230.02,Venda
SKU_1721_COR,08/08/2025,Varejo,2,839.8,170.68,334.56,Venda
SKU_1685_COB,08/08/2025,Atacado,8,5319.2,1861.68,432.19,Venda
SKU_1775_PAL,08/08/2025,Varejo,1,279.9,53.3,226.6,Venda
SKU_1475_MIN,08/08/2025,Varejo,1,249.9,62.3,187.6,Venda
SKU_1566_PEA,08/08/2025,Atacado,2,2069.8,620.94,724.43,Venda
SKU_1779_LIG,08/08/2025,Varejo,1,214.9,33.49,181.41,Venda
SKU_1727_WHI,08/08/2025,Varejo,1,154.9,36.66,118.24,Venda
SKU_1705_JAD,08/08/2025,Atacado,6,2459.4,737.82,286.93,Venda
SKU_1805_BLU,08/08/2025,Atacado,4,2319.6,811.84,376.94,Venda
SKU_1783_EGR,08/08/2025,Varejo,1,1199.9,278.26,921.64,Venda
SKU_1688_LIG,08/08/2025,Atacado,5,2149.5,644.85,300.93,Venda
SKU_1683_PAL,08/08/2025,Atacado,8,2519.2,1133.6,173.2,Venda
SKU_1983_SAP,08/08/2025,Atacado,3,674.7,236.16,146.18,Venda
SKU_1699_COB,08/08/2025,Atacado,5,1649.5,659.8,197.94,Venda
SKU_1398_SPA,08/08/2025,Varejo,1,674.9,199.76,475.14,Venda
SKU_1679_GAR,08/08/2025,Atacado,12,11038.8,3863.52,597.94,Venda
SKU_1719_WHI,08/08/2025,Atacado,5,1599.5,479.85,223.93,Venda
SKU_1764_FUC,08/08/2025,Atacado,2,469.8,164.44,152.68,Venda
SKU_1775_PAL,08/08/2025,E-commerce,1,279.9,44.93,234.97,Venda
SKU_1441_COB,08/08/2025,Atacado,5,5774.5,2309.8,692.94,Venda
SKU_1945_BRI,08/08/2025,E-commerce,1,214.9,0.0,214.9,Venda
SKU_1748_COB,08/08/2025,Atacado,3,929.7,278.91,216.93,Venda
SKU_1773_FRE,08/08/2025,Atacado,2,649.8,227.42,211.19,Venda
SKU_1778_MIN,08/08/2025,Atacado,8,2279.2,683.76,199.43,Venda
SKU_1681_PIS,08/08/2025,E-commerce,1,234.9,41.15,193.75,Venda
SKU_1767_FUC,08/08/2025,Atacado,6,1229.4,491.76,122.94,Venda
SKU_1570_MEX,08/08/2025,Varejo,2,1429.8,314.12,557.84,Venda
SKU_1481_BLA,08/08/2025,Atacado,4,3239.6,1133.84,526.44,Venda
SKU_1778_MIN,08/08/2025,Varejo,1,284.9,54.5,230.4,Venda
SKU_1698_SNO,08/08/2025,Atacado,5,2099.5,839.8,251.94,Venda
SKU_1702_COR,08/08/2025,E-commerce,1,619.9,94.0,525.9,Venda
SKU_1726_PAS,08/08/2025,Varejo,2,859.8,216.7,321.55,Venda
SKU_1743_DEE,08/08/2025,Atacado,4,1759.6,527.88,307.93,Venda
SKU_1719_WHI,08/08/2025,Varejo,1,319.9,51.64,268.26,Venda
SKU_1776_BIR,08/08/2025,Varejo,1,329.9,51.65,278.25,Venda
SKU_1541_AQU,08/08/2025,E-commerce,1,674.9,117.23,557.67,Venda
SKU_1760_PAS,08/08/2025,Atacado,10,2499.0,874.6,162.44,Venda
SKU_1674_PAS,08/08/2025,Varejo,1,229.9,35.37,194.53,Venda
SKU_1638_SAP,08/08/2025,Varejo,2,2279.8,355.84,961.98,Venda
SKU_1469_SAL,08/08/2025,Atacado,6,1769.4,707.76,176.94,Venda
SKU_1767_FUC,08/08/2025,Varejo,1,204.9,51.17,153.73,Venda
SKU_1499_HOT,08/08/2025,Atacado,10,2599.0,909.6,168.94,Venda
SKU_1572_BAL,08/08/2025,Atacado,5,699.5,279.8,83.94,Venda
SKU_1557_TUR,08/08/2025,Atacado,10,1999.0,599.7,139.93,Venda
SKU_1797_BLU,08/08/2025,Atacado,2,759.8,227.94,265.93,Venda
SKU_1742_EME,08/08/2025,Varejo,4,1039.6,222.28,204.33,Venda
SKU_1686_SKY,08/08/2025,Varejo,1,214.9,33.27,181.63,Venda
SKU_1794_LIG,08/08/2025,E-commerce,1,209.9,46.57,163.33,Venda
SKU_1714_DEE,08/08/2025,Varejo,2,609.8,142.4,233.7,Venda
SKU_1785_HUN,08/08/2025,Atacado,8,1959.2,685.76,159.18,Venda
SKU_1442_EME,08/08/2025,Varejo,1,289.9,52.93,236.97,Venda
SKU_1636_LIG,08/08/2025,E-commerce,1,439.9,95.46,344.44,Venda
SKU_1978_BAL,08/08/2025,Varejo,1,249.9,0.0,249.9,Venda
SKU_1546_IVO,08/08/2025,Atacado,4,699.6,209.88,122.43,Venda
SKU_1720_PAS,08/08/2025,Varejo,2,449.8,98.92,175.44,Venda
SKU_1650_OLI,08/08/2025,E-commerce,1,1004.9,294.19,710.71,Venda
SKU_1461_NAV,08/08/2025,Atacado,2,2139.8,641.94,748.93,Venda
SKU_1957_PEA,08/08/2025,Atacado,2,379.8,113.94,132.93,Venda
SKU_1513_PAS,08/08/2025,E-commerce,1,214.9,56.75,158.15,Venda
SKU_1399_CRE,08/08/2025,Atacado,4,1079.6,431.84,161.94,Venda
SKU_1749_BIR,08/08/2025,E-commerce,1,349.9,71.04,278.86,Venda
SKU_1936_HON,08/08/2025,Varejo,1,129.9,9.09,120.81,Venda
SKU_1752_SPA,08/08/2025,E-commerce,1,429.9,116.15,313.75,Venda
SKU_1615_SHO,08/08/2025,Varejo,2,929.8,175.06,377.37,Venda
SKU_1704_BAB,08/08/2025,Atacado,2,669.8,200.94,234.43,Venda
SKU_1727_LIG,08/08/2025,Atacado,6,929.4,278.82,108.43,Venda
SKU_1672_TEA,08/08/2025,Varejo,1,294.9,61.45,233.45,Venda
SKU_1790_ROY,08/08/2025,Varejo,1,259.9,62.66,197.24,Venda
SKU_1533_DUS,08/08/2025,Varejo,1,164.9,46.11,118.79,Venda
SKU_1700_PIS,08/08/2025,E-commerce,2,1399.8,259.82,569.99,Venda
SKU_1426_SEA,08/08/2025,Atacado,5,649.5,227.3,84.44,Venda
SKU_1735_MOS,08/08/2025,Atacado,3,809.7,242.91,188.93,Venda
SKU_1797_BLU,08/08/2025,Atacado,12,4558.8,1367.64,265.93,Venda
SKU_1694_SER,08/08/2025,Varejo,1,279.9,78.01,201.89,Venda
SKU_1667_LIG,08/08/2025,Varejo,2,419.8,114.44,152.68,Venda
SKU_1687_FOR,08/08/2025,E-commerce,1,899.9,190.28,709.62,Venda
SKU_1519_TEA,08/08/2025,Varejo,1,629.9,162.3,467.6,Venda
SKU_1771_EME,08/08/2025,Atacado,8,2119.2,741.68,172.19,Venda
SKU_1587_DEE,08/08/2025,Atacado,4,919.6,321.84,149.44,Venda
SKU_2046_MAR,08/08/2025,E-commerce,1,514.9,0.0,514.9,Venda
SKU_1786_POW,08/08/2025,Atacado,4,719.6,251.84,116.94,Venda
SKU_1677_VAN,08/08/2025,Atacado,5,2849.5,997.3,370.44,Venda
SKU_1689_MAG,08/08/2025,Varejo,1,964.9,165.32,799.58,Venda
SKU_1674_PAS,08/08/2025,Varejo,2,459.8,75.68,192.06,Venda
SKU_1507_PAS,08/08/2025,Atacado,3,539.7,161.91,125.93,Venda
SKU_1716_AQU,08/08/2025,E-commerce,1,164.9,34.96,129.94,Venda
SKU_1789_SNO,08/08/2025,E-commerce,1,269.9,79.99,189.91,Venda
SKU_1798_OFF,08/08/2025,Atacado,6,2519.4,755.82,293.93,Venda
SKU_1746_NAV,08/08/2025,Varejo,1,179.9,45.99,133.91,Venda
SKU_1726_BUB,08/08/2025,Varejo,2,859.8,198.94,330.43,Venda
SKU_1756_FLA,08/08/2025,Varejo,1,179.9,53.59,126.31,Venda
SKU_1553_DEN,08/08/2025,Varejo,1,254.9,49.25,205.65,Venda
SKU_1740_FRE,08/08/2025,Varejo,1,214.9,46.91,167.99,Venda
SKU_1764_FUC,08/08/2025,Varejo,1,234.9,55.59,179.31,Venda
SKU_1682_OLI,08/08/2025,Varejo,1,234.9,64.02,170.88,Venda
SKU_1792_AQU,08/08/2025,Atacado,5,2199.5,659.85,307.93,Venda
SKU_1469_ARM,08/08/2025,Atacado,4,1179.6,412.84,191.69,Venda
SKU_1763_MAR,08/08/2025,E-commerce,1,299.9,82.34,217.56,Venda
SKU_1589_CER,08/08/2025,Atacado,8,5439.2,1631.76,475.93,Venda
SKU_1772_BLU,08/08/2025,E-commerce,2,829.8,187.9,320.95,Venda
SKU_1768_PEA,08/08/2025,Atacado,8,4999.2,1999.68,374.94,Venda
SKU_1743_DEE,08/08/2025,Varejo,1,439.9,85.86,354.04,Venda
SKU_1777_FRE,08/08/2025,Atacado,6,1439.4,575.76,143.94,Venda
SKU_1810_OFF,08/08/2025,Atacado,4,639.6,191.88,111.93,Venda
SKU_1772_SNO,08/08/2025,Atacado,4,1659.6,580.84,269.69,Venda
SKU_1772_SNO,08/08/2025,Atacado,8,3319.2,1161.68,269.69,Venda
SKU_1548_CLO,08/08/2025,E-commerce,1,474.9,103.67,371.23,Venda
SKU_1700_PIS,08/08/2025,Atacado,2,1399.8,419.94,489.93,Venda
SKU_1703_BLU,08/08/2025,Atacado,5,1349.5,539.8,161.94,Venda
SKU_1787_BAB,08/08/2025,Varejo,2,579.8,120.94,229.43,Venda
SKU_1701_BLU,08/08/2025,Atacado,5,1699.5,594.8,220.94,Venda
SKU_1683_SHO,08/08/2025,Atacado,8,2519.2,755.76,220.43,Venda
SKU_1761_SAP,08/08/2025,Atacado,12,13258.8,4640.64,718.18,Venda
SKU_1748_BAB,08/08/2025,E-commerce,1,309.9,79.71,230.19,Venda
SKU_1767_PRI,08/08/2025,E-commerce,1,204.9,38.12,166.78,Venda
SKU_1744_EME,08/08/2025,Varejo,1,264.9,47.61,217.29,Venda
SKU_1618_SAL,08/08/2025,Varejo,1,179.9,38.97,140.93,Venda
SKU_1621_PAS,08/08/2025,Atacado,6,1409.4,422.82,164.43,Venda
SKU_1698_PRI,08/08/2025,Varejo,1,419.9,100.64,319.26,Venda
SKU_1790_ROY,08/08/2025,Varejo,1,259.9,59.55,200.35,Venda
SKU_1689_MAG,08/08/2025,Varejo,1,964.9,221.24,743.66,Venda
SKU_1840_LIM,08/08/2025,Varejo,3,644.7,0.0,214.9,Venda
SKU_1684_SHO,08/08/2025,Atacado,6,1109.4,332.82,129.43,Venda
SKU_1632_SAP,08/08/2025,Varejo,3,554.7,83.88,156.94,Venda
SKU_1462_MID,08/08/2025,Atacado,8,2919.2,1021.68,237.19,Venda
SKU_1684_SHO,08/08/2025,E-commerce,1,184.9,43.18,141.72,Venda
SKU_1798_OFF,08/08/2025,Varejo,1,419.9,86.36,333.54,Venda
SKU_1685_COB,08/08/2025,Atacado,2,1329.8,465.42,432.19,Venda
SKU_1735_COR,08/08/2025,E-commerce,1,269.9,48.03,221.87,Venda
SKU_2066_BLA,08/08/2025,Atacado,6,2849.4,997.26,308.69,Venda
SKU_1579_SAG,08/08/2025,E-commerce,1,229.9,58.36,171.54,Venda
SKU_1438_MOS,08/08/2025,Atacado,6,1229.4,368.82,143.43,Venda
SKU_1498_OLI,08/08/2025,Varejo,1,339.9,60.08,279.82,Venda
SKU_2003_BAL,08/08/2025,Atacado,4,959.6,383.84,143.94,Venda
SKU_1708_FRE,08/08/2025,Atacado,6,1019.4,305.82,118.93,Venda
SKU_1763_HOT,08/08/2025,E-commerce,1,299.9,67.86,232.04,Venda
SKU_1891_BUB,08/08/2025,Atacado,3,989.7,445.35,181.45,Venda
SKU_1780_LIG,08/08/2025,E-commerce,1,334.9,70.05,264.85,Venda
SKU_1612_SNO,08/08/2025,Varejo,3,989.7,280.11,236.53,Venda
SKU_1744_EME,08/08/2025,E-commerce,1,264.9,44.91,219.99,Venda
SKU_1744_LIG,08/08/2025,Varejo,1,264.9,53.44,211.46,Venda
SKU_1564_BLA,08/08/2025,Varejo,1,589.9,124.56,465.34,Venda
SKU_1402_WHI,08/08/2025,Varejo,2,469.8,81.66,194.07,Venda
SKU_1737_SAG,08/08/2025,Varejo,1,769.9,220.59,549.31,Venda
SKU_1978_BAL,08/08/2025,Atacado,4,999.6,349.84,162.44,Venda
SKU_1793_WHI,08/08/2025,Varejo,3,569.7,170.46,133.08,Venda
SKU_1771_PIN,08/08/2025,Atacado,2,529.8,185.42,172.19,Venda
SKU_1721_FRE,08/08/2025,Atacado,5,2099.5,734.8,272.94,Venda
SKU_1940_HUN,08/08/2025,Varejo,1,1084.9,0.0,1084.9,Venda
SKU_1701_SPA,08/08/2025,Varejo,2,679.8,123.28,278.26,Venda
SKU_1689_IVO,08/08/2025,Atacado,6,5789.4,2026.32,627.18,Venda
SKU_1801_MOS,08/08/2025,Varejo,3,1124.7,204.21,306.83,Venda
SKU_1727_LIG,08/08/2025,E-commerce,2,309.8,48.22,130.79,Venda
SKU_1698_PRI,08/08/2025,Varejo,1,419.9,111.66,308.24,Venda
SKU_1697_PIS,08/08/2025,Atacado,10,2199.0,659.7,153.93,Venda
SKU_1924_BIR,08/08/2025,Atacado,8,5159.2,1547.76,451.43,Venda
SKU_1796_SHO,08/08/2025,E-commerce,1,504.9,118.97,385.93,Venda
SKU_1675_CRE,08/08/2025,Varejo,2,1529.8,444.48,542.66,Venda
SKU_1752_SPA,08/08/2025,Varejo,1,429.9,80.75,349.15,Venda
SKU_1540_BAL,08/08/2025,Varejo,4,679.6,178.92,125.17,Venda
SKU_1778_MIN,08/08/2025,Atacado,10,2849.0,997.1,185.19,Venda
SKU_1749_SNO,08/08/2025,Atacado,8,2799.2,979.68,227.44,Venda
SKU_1721_FRE,08/08/2025,E-commerce,1,419.9,118.13,301.77,Venda
SKU_1714_DEE,08/08/2025,Atacado,10,3049.0,1067.1,198.19,Venda
SKU_1787_BAB,08/08/2025,Atacado,2,579.8,231.92,173.94,Venda
SKU_1781_AQU,08/08/2025,Varejo,1,129.9,23.8,106.1,Venda
SKU_1692_BLU,08/08/2025,Atacado,6,1319.4,395.82,153.93,Venda
SKU_2051_MEX,08/08/2025,Varejo,2,1539.8,0.0,769.9,Venda
SKU_1762_BRI,08/08/2025,Atacado,2,509.8,203.92,152.94,Venda
SKU_1739_MOS,08/08/2025,Varejo,1,254.9,48.72,206.18,Venda
SKU_1730_OFF,08/08/2025,E-commerce,1,319.9,78.75,241.15,Venda
SKU_1756_BUB,08/08/2025,Atacado,8,1439.2,647.68,98.94,Venda
SKU_1792_MIN,08/08/2025,Varejo,1,439.9,72.39,367.51,Venda
SKU_1684_HON,08/08/2025,Atacado,4,739.6,258.88,120.18,Venda
SKU_1750_SNO,08/08/2025,E-commerce,1,369.9,61.22,308.68,Venda
SKU_1694_PIS,08/08/2025,Atacado,3,839.7,293.88,181.94,Venda
SKU_1740_FRE,08/08/2025,Atacado,2,429.8,150.44,139.68,Venda
SKU_1724_PEA,08/08/2025,E-commerce,1,1114.9,169.59,945.31,Venda
SKU_1695_LIM,08/08/2025,E-commerce,1,209.9,53.32,156.58,Venda
SKU_1693_MEX,08/08/2025,Varejo,1,204.9,50.47,154.43,Venda
SKU_1412_BAB,08/08/2025,Atacado,3,2684.7,805.41,626.43,Venda
SKU_1787_BAB,08/08/2025,Atacado,3,869.7,391.35,159.45,Venda
SKU_1686_SKY,08/08/2025,Atacado,2,429.8,128.94,150.43,Venda
SKU_1788_MYS,08/08/2025,Varejo,1,249.9,66.26,183.64,Venda
SKU_1796_OLI,08/08/2025,Varejo,3,1514.7,242.88,423.94,Venda
SKU_1717_CRE,08/08/2025,E-commerce,1,259.9,46.82,213.08,Venda
SKU_1736_PAS,08/08/2025,Atacado,8,2599.2,909.68,211.19,Venda
SKU_1751_BLU,08/08/2025,Atacado,5,1649.5,494.85,230.93,Venda
SKU_1727_WHI,08/08/2025,Atacado,4,619.6,185.88,108.43,Venda
SKU_1795_HUN,08/08/2025,E-commerce,1,299.9,73.46,226.44,Venda
SKU_1680_NAV,08/08/2025,Varejo,1,334.9,73.5,261.4,Venda
SKU_1689_IVO,08/08/2025,Varejo,2,1929.8,289.88,819.96,Venda
SKU_2112_MID,08/08/2025,Varejo,1,334.9,23.44,311.46,Venda
SKU_1859_PEA,08/08/2025,Varejo,1,429.9,0.0,429.9,Venda
SKU_1897_SHO,08/08/2025,Varejo,2,469.8,0.0,234.9,Venda
SKU_1442_OFF,08/08/2025,Varejo,1,289.9,65.79,224.11,Venda
SKU_1478_TEA,08/08/2025,Varejo,1,194.9,45.79,149.11,Venda
SKU_1691_ROS,08/08/2025,Atacado,3,929.7,278.91,216.93,Venda
SKU_1487_BRI,08/08/2025,Varejo,2,669.8,133.0,268.4,Venda
SKU_1762_BRI,08/08/2025,Varejo,1,254.9,44.78,210.12,Venda
SKU_1540_BAL,08/08/2025,Atacado,6,1019.4,356.76,110.44,Venda
SKU_1392_BLU,08/08/2025,Varejo,1,294.9,85.11,209.79,Venda
SKU_1805_BLU,08/08/2025,Atacado,4,2319.6,811.84,376.94,Venda
SKU_1758_HON,08/08/2025,Atacado,6,1079.4,377.76,116.94,Venda
SKU_1759_CLE,08/08/2025,Varejo,1,269.9,71.59,198.31,Venda
SKU_1780_LIG,08/08/2025,E-commerce,1,334.9,63.18,271.72,Venda
SKU_1768_MIN,08/08/2025,E-commerce,1,624.9,175.54,449.36,Venda
SKU_1794_FLA,08/08/2025,Atacado,8,1679.2,587.68,136.44,Venda
SKU_1791_ARM,08/08/2025,Varejo,2,529.8,115.42,207.19,Venda
SKU_1713_SAL,08/08/2025,Varejo,1,504.9,124.87,380.03,Venda
SKU_1786_POW,08/08/2025,E-commerce,2,359.8,99.38,130.21,Venda
SKU_1764_MAR,08/08/2025,Atacado,12,2818.8,845.64,164.43,Venda
SKU_1466_SAP,08/08/2025,Atacado,6,1619.4,485.82,188.93,Venda
SKU_1602_AQU,08/08/2025,Atacado,6,1379.4,551.76,137.94,Venda
SKU_1731_MIN,08/08/2025,E-commerce,1,909.9,195.45,714.45,Venda
SKU_1710_MEX,08/08/2025,E-commerce,2,1619.8,418.42,600.69,Venda
SKU_1590_MYS,08/08/2025,Varejo,1,189.9,49.94,139.96,Venda
SKU_1694_PIS,08/08/2025,Atacado,5,1399.5,489.8,181.94,Venda
SKU_1604_SNO,08/08/2025,Atacado,5,3024.5,1058.55,393.19,Venda
SKU_1735_MOS,08/08/2025,Atacado,4,1079.6,431.84,161.94,Venda
SKU_1912_PAS,08/08/2025,Atacado,4,1539.6,615.84,230.94,Venda
SKU_1591_HON,08/08/2025,E-commerce,1,889.9,212.91,676.99,Venda
SKU_1757_PIN,08/08/2025,Varejo,3,794.7,227.52,189.06,Venda
SKU_2055_RAS,08/08/2025,Varejo,1,459.9,0.0,459.9,Venda
SKU_1632_SAP,08/08/2025,Atacado,6,1109.4,443.76,110.94,Venda
SKU_1681_OFF,08/08/2025,Varejo,1,234.9,50.32,184.58,Venda
SKU_1794_FLA,08/08/2025,Atacado,8,1679.2,503.76,146.93,Venda
SKU_1747_FUC,08/08/2025,E-commerce,1,174.9,40.87,134.03,Venda
SKU_1549_PAS,08/08/2025,Atacado,5,924.5,277.35,129.43,Venda
SKU_1465_OFF,08/08/2025,Atacado,6,1889.4,566.82,220.43,Venda
SKU_1622_VAN,08/08/2025,Varejo,3,809.7,187.59,207.37,Venda
SKU_1783_BAB,08/08/2025,E-commerce,1,1199.9,275.36,924.54,Venda
SKU_1533_CER,08/08/2025,Varejo,1,164.9,41.47,123.43,Venda
SKU_1471_LIG,08/08/2025,Atacado,3,614.7,184.41,143.43,Venda
SKU_1778_TEA,08/08/2025,Atacado,5,1424.5,427.35,199.43,Venda
SKU_1684_HON,08/08/2025,Varejo,2,369.8,69.12,150.34,Venda
SKU_1795_RAS,08/08/2025,Atacado,5,1499.5,599.8,179.94,Venda
SKU_1583_WHI,08/08/2025,Atacado,4,1019.6,356.88,165.68,Venda
SKU_1704_BAB,08/08/2025,E-commerce,1,334.9,95.31,239.59,Venda
SKU_1722_AQU,08/08/2025,Atacado,6,1949.4,584.82,227.43,Venda
SKU_1799_DEN,08/08/2025,Varejo,1,269.9,61.09,208.81,Venda
SKU_1766_MYS,08/08/2025,Atacado,6,2369.4,829.26,256.69,Venda
SKU_1448_SKY,08/08/2025,Atacado,6,1079.4,431.76,107.94,Venda
SKU_1411_BLU,08/08/2025,Atacado,5,1124.5,337.35,157.43,Venda
SKU_1747_FUC,08/08/2025,Varejo,2,349.8,73.08,138.36,Venda
SKU_1862_PIN,08/08/2025,Varejo,1,224.9,0.0,224.9,Venda
SKU_1440_PIS,08/08/2025,Varejo,1,1199.9,181.87,1018.03,Venda
SKU_1733_NAV,08/08/2025,Varejo,4,1399.6,293.4,276.55,Venda
SKU_1799_POW,08/08/2025,Atacado,10,2699.0,809.7,188.93,Venda
SKU_1701_SPA,08/08/2025,Varejo,1,339.9,95.49,244.41,Venda
SKU_2012_SKY,08/08/2025,Atacado,4,3279.6,1147.84,532.94,Venda
SKU_1440_PIS,08/08/2025,Varejo,1,1199.9,259.62,940.28,Venda
SKU_1486_PAL,08/08/2025,Atacado,6,1739.4,608.76,188.44,Venda
SKU_1770_DEE,08/08/2025,Atacado,10,2199.0,659.7,153.93,Venda
SKU_1473_BAB,08/08/2025,E-commerce,1,179.9,52.47,127.43,Venda
SKU_2034_PAS,08/08/2025,Atacado,8,1359.2,543.68,101.94,Venda
SKU_1820_SPA,08/08/2025,Varejo,1,289.9,0.0,289.9,Venda
SKU_1780_LIG,08/08/2025,E-commerce,1,334.9,99.73,235.17,Venda
SKU_2085_ARM,08/08/2025,Atacado,4,1819.6,727.84,272.94,Venda
SKU_1739_MOS,08/08/2025,Atacado,8,2039.2,815.68,152.94,Venda
SKU_1697_MIN,08/08/2025,Atacado,5,1099.5,384.8,142.94,Venda
SKU_1796_OLI,08/08/2025,E-commerce,1,504.9,119.23,385.67,Venda
SKU_1741_PIN,08/08/2025,Atacado,8,1919.2,671.68,155.94,Venda
SKU_1748_BAB,08/08/2025,Varejo,2,619.8,176.26,221.77,Venda
SKU_1811_BLU,08/08/2025,Atacado,4,2759.6,827.88,482.93,Venda
SKU_1688_WHI,08/08/2025,Atacado,4,1719.6,515.88,300.93,Venda
SKU_1457_SNO,08/08/2025,Varejo,3,479.7,123.6,118.7,Venda
SKU_1712_NAV,08/08/2025,Varejo,1,179.9,41.22,138.68,Venda
SKU_1687_FOR,08/08/2025,Varejo,1,899.9,247.33,652.57,Venda
SKU_1771_PIN,08/08/2025,Atacado,4,1059.6,370.84,172.19,Venda
SKU_1776_PAS,08/08/2025,E-commerce,1,329.9,83.71,246.19,Venda
SKU_1734_FRE,08/08/2025,Varejo,1,349.9,56.96,292.94,Venda
SKU_1686_MOS,08/08/2025,Varejo,1,214.9,32.29,182.61,Venda
SKU_1710_MEX,08/08/2025,Atacado,5,4049.5,1619.8,485.94,Venda
SKU_1686_MOS,08/08/2025,Atacado,4,859.6,300.88,139.68,Venda
SKU_1781_CLE,08/08/2025,Varejo,2,259.8,74.86,92.47,Venda
SKU_1511_CLE,08/08/2025,Atacado,8,7479.2,2617.68,607.69,Venda
SKU_1821_NAV,08/08/2025,Varejo,2,529.8,0.0,264.9,Venda
SKU_1501_OLI,08/08/2025,E-commerce,2,339.8,86.08,126.86,Venda
SKU_1766_MYS,08/08/2025,Atacado,8,3159.2,1263.68,236.94,Venda
SKU_1779_MIN,08/08/2025,Varejo,1,214.9,46.62,168.28,Venda
SKU_1695_CRE,08/08/2025,Varejo,1,209.9,47.71,162.19,Venda
SKU_1728_EGR,08/08/2025,Varejo,1,329.9,93.6,236.3,Venda
SKU_1751_BLU,08/08/2025,Atacado,6,1979.4,593.82,230.93,Venda
SKU_1685_COB,08/08/2025,Varejo,1,664.9,106.77,558.13,Venda
SKU_1928_COR,08/08/2025,Atacado,3,944.7,330.63,204.69,Venda
SKU_1775_PAL,08/08/2025,Varejo,1,279.9,79.93,199.97,Venda
SKU_1580_MOS,08/08/2025,Atacado,2,379.8,132.92,123.44,Venda
SKU_1926_IVO,08/08/2025,E-commerce,1,269.9,0.0,269.9,Venda
SKU_1697_PIS,08/08/2025,Atacado,5,1099.5,384.8,142.94,Venda
SKU_1799_DEN,08/08/2025,Varejo,1,269.9,58.8,211.1,Venda
SKU_1589_TUR,08/08/2025,Varejo,1,679.9,184.79,495.11,Venda
SKU_1767_FUC,08/08/2025,Atacado,10,2049.0,717.2,133.18,Venda
SKU_1776_BIR,08/08/2025,Varejo,1,329.9,75.2,254.7,Venda
SKU_1712_NAV,08/08/2025,Varejo,1,179.9,32.18,147.72,Venda
SKU_1394_EME,08/08/2025,Atacado,5,2349.5,704.85,328.93,Venda
SKU_1448_SEA,08/08/2025,Atacado,10,1799.0,629.6,116.94,Venda
SKU_1769_WHI,08/08/2025,Varejo,2,649.8,162.66,243.57,Venda
SKU_1412_SHO,08/08/2025,Atacado,8,7159.2,2147.76,626.43,Venda
SKU_1552_SAP,08/08/2025,Varejo,1,659.9,195.82,464.08,Venda
SKU_1438_MOS,08/08/2025,Varejo,1,204.9,38.13,166.77,Venda
SKU_1762_BRI,08/08/2025,E-commerce,1,254.9,46.18,208.72,Venda
SKU_1748_COB,08/08/2025,E-commerce,1,309.9,50.79,259.11,Venda
SKU_1583_BLU,08/08/2025,Atacado,2,509.8,178.44,165.68,Venda
SKU_1691_HUN,08/08/2025,Varejo,1,309.9,68.41,241.49,Venda
SKU_1791_IVO,08/08/2025,Atacado,3,794.7,278.13,172.19,Venda
SKU_1721_COR,08/08/2025,Atacado,3,1259.7,440.88,272.94,Venda
SKU_1757_PIN,08/08/2025,Varejo,1,264.9,44.07,220.83,Venda
SKU_1477_EME,08/08/2025,Varejo,1,224.9,49.51,175.39,Venda
SKU_1768_PEA,08/08/2025,Atacado,6,3749.4,1124.82,437.43,Venda
SKU_1663_SNO,08/08/2025,E-commerce,1,794.9,131.92,662.98,Venda
SKU_1771_PIN,08/08/2025,Varejo,1,264.9,61.52,203.38,Venda
SKU_1567_PRI,08/08/2025,Varejo,2,1379.8,261.4,559.2,Venda
SKU_2093_SKY,08/08/2025,Atacado,5,1124.5,393.6,146.18,Venda
SKU_1740_OLI,08/08/2025,Atacado,10,2149.0,644.7,150.43,Venda
SKU_1695_LIM,08/08/2025,Atacado,4,839.6,251.88,146.93,Venda
SKU_1787_BAB,08/08/2025,Varejo,1,289.9,85.39,204.51,Venda
SKU_1719_OFF,08/08/2025,Varejo,2,639.8,164.74,237.53,Venda
SKU_1612_SNO,08/08/2025,Varejo,1,329.9,60.94,268.96,Venda
SKU_1530_HON,08/08/2025,Atacado,2,259.8,77.94,90.93,Venda
SKU_1769_EME,08/08/2025,Atacado,8,2599.2,779.76,227.43,Venda
SKU_1770_JAD,08/08/2025,Varejo,3,659.7,104.82,184.96,Venda
SKU_1763_HOT,08/08/2025,Varejo,4,1199.6,313.88,221.43,Venda
SKU_1793_WHI,08/08/2025,Varejo,1,189.9,49.58,140.32,Venda
SKU_1763_MAR,08/08/2025,Varejo,1,299.9,60.18,239.72,Venda
SKU_1633_SER,08/08/2025,Varejo,2,469.8,84.64,192.58,Venda
SKU_1695_CRE,08/08/2025,Atacado,10,2099.0,629.7,146.93,Venda
SKU_1930_GAR,08/08/2025,Varejo,1,659.9,0.0,659.9,Venda
SKU_1729_CLE,08/08/2025,Varejo,3,524.7,129.84,131.62,Venda
SKU_1800_MOS,08/08/2025,E-commerce,1,279.9,55.8,224.1,Venda
SKU_1728_EGR,08/08/2025,Atacado,5,1649.5,577.3,214.44,Venda
SKU_1614_IVO,08/08/2025,Atacado,3,1334.7,400.41,311.43,Venda
SKU_1764_MAR,08/08/2025,Atacado,3,704.7,317.1,129.2,Venda
SKU_1750_SNO,08/08/2025,Varejo,1,369.9,65.73,304.17,Venda
SKU_1718_DUS,08/08/2025,E-commerce,2,739.8,208.52,265.64,Venda
SKU_1735_MOS,08/08/2025,Varejo,2,539.8,86.62,226.59,Venda
SKU_1760_PAS,08/08/2025,Atacado,5,1249.5,374.85,174.93,Venda
SKU_1542_PEA,08/08/2025,Varejo,1,469.9,92.01,377.89,Venda
SKU_1498_OLI,08/08/2025,Atacado,6,2039.4,611.82,237.93,Venda
SKU_1754_SER,08/08/2025,Atacado,10,3399.0,1189.6,220.94,Venda
SKU_1626_BAB,08/08/2025,Varejo,1,539.9,158.65,381.25,Venda
SKU_1798_MOS,08/08/2025,E-commerce,2,839.8,222.64,308.58,Venda
SKU_1652_MOS,08/08/2025,Varejo,1,219.9,47.95,171.95,Venda
SKU_1939_LIG,08/08/2025,Atacado,5,799.5,279.8,103.94,Venda
SKU_1470_WHI,08/08/2025,Atacado,4,3679.6,1471.84,551.94,Venda
SKU_1787_BAB,08/08/2025,Atacado,2,579.8,202.92,188.44,Venda
SKU_1776_PAS,08/08/2025,Atacado,3,989.7,296.91,230.93,Venda
SKU_1771_PIN,08/08/2025,Varejo,1,264.9,64.17,200.73,Venda
SKU_1691_ROS,08/08/2025,E-commerce,1,309.9,82.58,227.32,Venda
SKU_1732_WHI,08/08/2025,Atacado,8,8919.2,3121.76,724.68,Venda
SKU_1754_SER,08/08/2025,Atacado,4,1359.6,475.84,220.94,Venda
SKU_1710_OLI,08/08/2025,Varejo,1,809.9,172.29,637.61,Venda
SKU_1631_BAL,08/08/2025,Atacado,3,539.7,188.88,116.94,Venda
SKU_1592_SAG,08/08/2025,Varejo,1,209.9,54.54,155.36,Venda
SKU_1452_SKY,08/08/2025,Varejo,1,144.9,36.97,107.93,Venda
SKU_1626_DEN,08/08/2025,Varejo,1,539.9,113.47,426.43,Venda
SKU_1694_PIS,08/08/2025,Varejo,1,279.9,46.75,233.15,Venda
SKU_1513_RAS,08/08/2025,Atacado,2,429.8,128.94,150.43,Venda
SKU_1669_TEA,08/08/2025,Atacado,4,799.6,319.84,119.94,Venda
SKU_1789_SNO,08/08/2025,Varejo,1,269.9,78.21,191.69,Venda
SKU_1579_DEN,08/08/2025,E-commerce,2,459.8,136.26,161.77,Venda
SKU_1735_MOS,08/08/2025,E-commerce,1,269.9,78.61,191.29,Venda
SKU_1586_JAD,08/08/2025,Varejo,1,304.9,56.91,247.99,Venda
SKU_1695_CRE,08/08/2025,Atacado,2,419.8,146.92,136.44,Venda
SKU_1706_BLA,08/08/2025,Atacado,12,2218.8,665.64,129.43,Venda
SKU_1961_SHO,08/08/2025,Atacado,3,1244.7,373.41,290.43,Venda
SKU_1494_HOT,08/08/2025,Varejo,1,1084.9,303.24,781.66,Venda
SKU_1438_MOS,08/08/2025,Varejo,1,204.9,44.54,160.36,Venda
SKU_1564_BLA,08/08/2025,Varejo,1,589.9,141.11,448.79,Venda
SKU_1500_MOS,08/08/2025,Atacado,4,1039.6,415.84,155.94,Venda
SKU_1748_BAB,08/08/2025,Atacado,10,3099.0,1084.6,201.44,Venda
SKU_1692_OLI,08/08/2025,Atacado,6,1319.4,461.76,142.94,Venda
SKU_1720_PAL,08/08/2025,Atacado,5,1124.5,337.35,157.43,Venda
SKU_1795_HUN,08/08/2025,E-commerce,2,599.8,168.08,215.86,Venda
SKU_1398_SPA,08/08/2025,Varejo,2,1349.8,232.62,558.59,Venda
SKU_1684_SHO,08/08/2025,Atacado,10,1849.0,647.2,120.18,Venda
SKU_1790_EGR,08/08/2025,E-commerce,1,259.9,74.12,185.78,Venda
SKU_1721_FRE,08/08/2025,Varejo,1,419.9,63.67,356.23,Venda
SKU_1692_BLU,08/08/2025,Atacado,10,2199.0,659.7,153.93,Venda
SKU_1705_JAD,08/08/2025,Atacado,8,3279.2,983.76,286.93,Venda
SKU_1708_FLA,08/08/2025,Varejo,1,169.9,26.82,143.08,Venda
SKU_1705_JAD,08/08/2025,Atacado,6,2459.4,860.76,266.44,Venda
SKU_1654_CRE,08/08/2025,Varejo,1,309.9,86.98,222.92,Venda
SKU_1427_AQU,08/08/2025,Atacado,8,1599.2,639.68,119.94,Venda
SKU_1832_COR,08/08/2025,Varejo,1,294.9,0.0,294.9,Venda
SKU_1680_SEA,08/08/2025,Varejo,1,334.9,56.22,278.68,Venda
SKU_2083_VAN,08/08/2025,Atacado,3,704.7,211.41,164.43,Venda
SKU_1696_SHO,08/08/2025,Varejo,4,1119.6,293.12,206.62,Venda
SKU_1849_BAB,08/08/2025,E-commerce,1,329.9,0.0,329.9,Venda
SKU_1681_PIS,08/08/2025,Varejo,1,234.9,56.06,178.84,Venda
SKU_1765_MYS,08/08/2025,E-commerce,1,259.9,76.56,183.34,Venda
SKU_1659_SNO,08/08/2025,Varejo,1,1024.9,178.47,846.43,Venda
SKU_1969_SER,08/08/2025,Atacado,6,2459.4,983.76,245.94,Venda
SKU_1688_LIG,08/08/2025,Varejo,1,429.9,69.47,360.43,Venda
SKU_1721_FRE,08/08/2025,Atacado,3,1259.7,377.91,293.93,Venda
SKU_2003_FOR,08/08/2025,Atacado,6,1439.4,503.76,155.94,Venda
SKU_1778_MIN,08/08/2025,Atacado,5,1424.5,569.8,170.94,Venda
SKU_1613_AQU,08/08/2025,Varejo,2,379.8,110.64,134.58,Venda
SKU_1775_PAS,08/08/2025,Atacado,2,559.8,167.94,195.93,Venda
SKU_2011_TUR,08/08/2025,Varejo,2,509.8,0.0,254.9,Venda
SKU_1743_DEE,08/08/2025,Atacado,6,2639.4,791.82,307.93,Venda
SKU_1579_SAG,08/08/2025,Atacado,10,2299.0,689.7,160.93,Venda
SKU_1876_CLO,08/08/2025,E-commerce,1,199.9,0.0,199.9,Venda
SKU_1720_PAL,08/08/2025,E-commerce,1,224.9,65.31,159.59,Venda
SKU_1775_PAS,08/08/2025,Varejo,1,279.9,75.12,204.78,Venda
SKU_1650_OLI,08/08/2025,E-commerce,1,1004.9,227.11,777.79,Venda
SKU_1775_PAL,08/08/2025,Atacado,6,1679.4,587.76,181.94,Venda
SKU_1683_SHO,08/08/2025,Atacado,3,944.7,377.88,188.94,Venda
SKU_1449_NAV,08/08/2025,Atacado,3,974.7,341.13,211.19,Venda
SKU_1793_MIN,08/08/2025,Atacado,4,759.6,265.84,123.44,Venda
SKU_1777_FRE,08/08/2025,Atacado,2,479.8,167.92,155.94,Venda
SKU_1859_LIG,08/08/2025,E-commerce,1,429.9,30.09,399.81,Venda
SKU_1720_PAL,08/08/2025,Varejo,1,224.9,53.2,171.7,Venda
SKU_1751_MIN,08/08/2025,E-commerce,1,329.9,56.53,273.37,Venda
SKU_1713_SNO,08/08/2025,E-commerce,2,1009.8,162.52,423.64,Venda
SKU_1732_OFF,08/08/2025,Varejo,3,3344.7,732.48,870.74,Venda
SKU_1731_MIN,08/08/2025,Varejo,1,909.9,222.87,687.03,Venda
SKU_1798_OFF,08/08/2025,Atacado,5,2099.5,839.8,251.94,Venda
SKU_1469_SAL,08/08/2025,Varejo,1,294.9,84.81,210.09,Venda
SKU_1699_CLO,08/08/2025,Atacado,6,1979.4,791.76,197.94,Venda
SKU_2048_MAR,08/08/2025,Varejo,1,384.9,0.0,384.9,Venda
SKU_1688_WHI,08/08/2025,Varejo,1,429.9,107.02,322.88,Venda
SKU_1795_RAS,08/08/2025,Varejo,2,599.8,135.4,232.2,Venda
SKU_2037_SEA,08/08/2025,Atacado,4,2899.6,1014.84,471.19,Venda
SKU_1739_AQU,08/08/2025,Varejo,1,254.9,48.84,206.06,Venda
SKU_1739_MOS,08/08/2025,Atacado,10,2549.0,764.7,178.43,Venda
SKU_1861_DEE,08/08/2025,Varejo,1,194.9,0.0,194.9,Venda
SKU_1687_WHI,08/08/2025,Atacado,10,8999.0,2699.7,629.93,Venda
SKU_1728_EGR,08/08/2025,Varejo,1,329.9,86.21,243.69,Venda
SKU_1490_VAN,08/08/2025,Varejo,1,314.9,58.8,256.1,Venda
SKU_1749_SNO,08/08/2025,Atacado,3,1049.7,314.91,244.93,Venda
SKU_1734_BRI,08/08/2025,Varejo,3,1049.7,159.21,296.83,Venda
SKU_1660_NAV,08/08/2025,E-commerce,2,629.8,104.26,262.77,Venda
SKU_1734_FRE,08/08/2025,Varejo,2,699.8,166.6,266.6,Venda
SKU_1981_SEA,08/08/2025,Atacado,6,3089.4,926.82,360.43,Venda
SKU_1580_WHI,08/08/2025,Atacado,2,379.8,132.92,123.44,Venda
SKU_1703_BLU,08/08/2025,Atacado,4,1079.6,323.88,188.93,Venda
SKU_2028_PAL,08/08/2025,Varejo,1,244.9,0.0,244.9,Venda
SKU_1741_PEA,08/08/2025,Atacado,12,2878.8,863.64,167.93,Venda
SKU_1714_DEE,08/08/2025,Varejo,4,1219.6,280.6,234.75,Venda
SKU_1759_COB,08/08/2025,Atacado,5,1349.5,539.8,161.94,Venda
SKU_1772_SNO,08/08/2025,Atacado,4,1659.6,580.84,269.69,Venda
SKU_1755_BIR,08/08/2025,Atacado,10,3349.0,1004.7,234.43,Venda
SKU_1697_PIS,08/08/2025,E-commerce,1,219.9,36.16,183.74,Venda
SKU_1718_SEA,08/08/2025,Varejo,2,739.8,179.28,280.26,Venda
SKU_1739_MOS,08/08/2025,E-commerce,1,254.9,46.43,208.47,Venda
SKU_1699_COB,08/08/2025,Atacado,8,2639.2,791.76,230.93,Venda
SKU_1703_PAS,08/08/2025,E-commerce,1,269.9,70.42,199.48,Venda
SKU_1766_CLE,08/08/2025,Atacado,8,3159.2,1105.68,256.69,Venda
SKU_1756_FLA,08/08/2025,E-commerce,1,179.9,33.18,146.72,Venda
SKU_1713_SAL,08/08/2025,Atacado,10,5049.0,1514.7,353.43,Venda
SKU_2029_BAB,08/08/2025,Atacado,8,7719.2,2315.76,675.43,Venda
SKU_1756_BUB,08/08/2025,Varejo,1,179.9,49.77,130.13,Venda
SKU_1708_FLA,08/08/2025,Varejo,3,509.7,133.65,125.35,Venda
SKU_1711_ARM,08/08/2025,Atacado,8,7959.2,3183.68,596.94,Venda
SKU_2059_WHI,08/08/2025,Atacado,5,3199.5,1119.8,415.94,Venda
SKU_1699_CLO,08/08/2025,Atacado,10,3299.0,1154.6,214.44,Venda
SKU_1409_PEA,08/08/2025,Varejo,1,209.9,60.07,149.83,Venda
SKU_1569_WHI,08/08/2025,E-commerce,1,219.9,34.04,185.86,Venda
SKU_1687_WHI,08/08/2025,Varejo,1,899.9,249.68,650.22,Venda
SKU_1458_MIN,08/08/2025,Varejo,1,349.9,76.41,273.49,Venda
SKU_1684_HON,08/08/2025,Varejo,1,184.9,54.39,130.51,Venda
SKU_1780_LIG,08/08/2025,Varejo,2,669.8,176.68,246.56,Venda
SKU_1428_COB,08/08/2025,Atacado,6,2939.4,881.82,342.93,Venda
SKU_1790_EGR,08/08/2025,Varejo,2,519.8,83.72,218.04,Venda
SKU_1799_POW,08/08/2025,Varejo,1,269.9,46.36,223.54,Venda
SKU_1394_FOR,08/08/2025,Varejo,1,469.9,70.49,399.41,Venda
SKU_1514_PEA,08/08/2025,Varejo,2,1659.8,300.22,679.79,Venda
SKU_1751_BLU,08/08/2025,Varejo,4,1319.6,225.48,273.53,Venda
SKU_1711_ARM,08/08/2025,Atacado,5,4974.5,1492.35,696.43,Venda
SKU_1622_VAN,08/08/2025,Atacado,10,2699.0,1079.6,161.94,Venda
SKU_1776_PAS,08/08/2025,Varejo,2,659.8,164.34,247.73,Venda
SKU_1700_HUN,08/08/2025,Varejo,1,699.9,148.11,551.79,Venda
SKU_1751_MIN,08/08/2025,Varejo,2,659.8,133.88,262.96,Venda
SKU_1523_HOT,08/08/2025,Varejo,1,374.9,109.73,265.17,Venda
SKU_1526_FOR,08/08/2025,Atacado,2,339.8,118.92,110.44,Venda
SKU_1764_MAR,08/08/2025,Atacado,2,469.8,164.44,152.68,Venda
SKU_1708_FLA,08/08/2025,Atacado,12,2038.8,713.52,110.44,Venda
SKU_1706_JAD,08/08/2025,Atacado,2,369.8,129.44,120.18,Venda
SKU_1708_FRE,08/08/2025,Varejo,1,169.9,39.67,130.23,Venda
SKU_1686_MOS,08/08/2025,Atacado,6,1289.4,451.32,139.68,Venda
SKU_1394_FOR,08/08/2025,Atacado,8,3759.2,1127.76,328.93,Venda
SKU_1738_ROY,08/08/2025,E-commerce,1,194.9,50.31,144.59,Venda
SKU_1717_CRE,08/08/2025,Varejo,1,259.9,76.11,183.79,Venda
SKU_1778_MIN,08/08/2025,Varejo,1,284.9,51.5,233.4,Venda
SKU_1546_IVO,08/08/2025,Varejo,1,174.9,27.7,147.2,Venda
SKU_1710_OLI,08/08/2025,Atacado,6,4859.4,1457.82,566.93,Venda
SKU_1715_HON,08/08/2025,Varejo,1,219.9,35.23,184.67,Venda
SKU_1741_PIN,08/08/2025,Varejo,1,239.9,46.59,193.31,Venda
SKU_1497_FUC,08/08/2025,E-commerce,1,134.9,34.92,99.98,Venda
SKU_1794_LIG,08/08/2025,E-commerce,1,209.9,51.26,158.64,Venda
SKU_1764_MAR,08/08/2025,Varejo,1,234.9,64.7,170.2,Venda
SKU_1768_PEA,08/08/2025,Atacado,8,4999.2,1749.68,406.19,Venda
SKU_1479_FUC,08/08/2025,Atacado,10,5549.0,1942.1,360.69,Venda
SKU_1573_SAG,08/08/2025,Atacado,6,6149.4,1844.82,717.43,Venda
SKU_1733_SAG,08/08/2025,Varejo,1,349.9,91.61,258.29,Venda
SKU_1780_AQU,08/08/2025,Atacado,6,2009.4,703.26,217.69,Venda
SKU_1758_HON,08/08/2025,E-commerce,1,179.9,53.92,125.98,Venda
SKU_1752_SPA,08/08/2025,E-commerce,1,429.9,73.39,356.51,Venda
SKU_1478_COB,08/08/2025,Atacado,3,584.7,204.66,126.68,Venda
SKU_1506_BRI,08/08/2025,Varejo,1,229.9,40.02,189.88,Venda
SKU_1688_LIG,08/08/2025,Varejo,1,429.9,89.73,340.17,Venda
SKU_1740_OLI,08/08/2025,Atacado,4,859.6,257.88,150.43,Venda
SKU_1576_BLU,08/08/2025,Varejo,2,489.8,128.08,180.86,Venda
SKU_1645_MYS,08/08/2025,Varejo,1,399.9,67.53,332.37,Venda
SKU_1398_AQU,08/08/2025,Atacado,5,3374.5,1349.8,404.94,Venda
SKU_1761_MOS,08/08/2025,Varejo,1,1104.9,320.12,784.78,Venda
SKU_1731_ARM,08/08/2025,Atacado,12,10918.8,3821.52,591.44,Venda
SKU_1680_NAV,08/08/2025,Atacado,10,3349.0,1172.1,217.69,Venda
SKU_1564_BLA,08/08/2025,Atacado,3,1769.7,619.38,383.44,Venda
SKU_1749_BIR,08/08/2025,Varejo,1,349.9,100.61,249.29,Venda
SKU_1711_VAN,08/08/2025,Atacado,6,5969.4,2387.76,596.94,Venda
SKU_1782_HUN,08/08/2025,Varejo,1,249.9,37.55,212.35,Venda
SKU_1732_OFF,08/08/2025,Atacado,4,4459.6,1337.88,780.43,Venda
SKU_1771_EME,08/08/2025,Varejo,2,529.8,141.06,194.37,Venda
SKU_1664_MIN,08/08/2025,Varejo,2,659.8,135.94,261.93,Venda
SKU_1703_BLU,08/08/2025,E-commerce,1,269.9,58.49,211.41,Venda
SKU_1727_WHI,08/08/2025,Atacado,5,774.5,232.35,108.43,Venda
SKU_1778_MIN,08/08/2025,Atacado,5,1424.5,427.35,199.43,Venda
SKU_1700_HUN,08/08/2025,Varejo,2,1399.8,272.66,563.57,Venda
SKU_1738_BLU,08/08/2025,E-commerce,2,389.8,112.36,138.72,Venda
SKU_1706_BLA,08/08/2025,Atacado,3,554.7,194.16,120.18,Venda
SKU_1784_BLA,08/08/2025,Varejo,2,619.8,173.36,223.22,Venda
SKU_1701_SPA,08/08/2025,Atacado,8,2719.2,1087.68,203.94,Venda
SKU_1684_HON,08/08/2025,Varejo,1,184.9,43.14,141.76,Venda
SKU_1726_PAS,08/08/2025,Atacado,5,2149.5,752.3,279.44,Venda
SKU_1725_OFF,08/08/2025,Varejo,1,244.9,49.34,195.56,Venda
SKU_1961_LIG,08/08/2025,Atacado,4,1659.6,580.84,269.69,Venda
SKU_1801_FLA,08/08/2025,Varejo,1,374.9,65.16,309.74,Venda
SKU_1717_MIN,08/08/2025,Varejo,2,519.8,95.86,211.97,Venda
SKU_1768_MIN,08/08/2025,Varejo,2,1249.8,270.5,489.65,Venda
SKU_1794_LIG,08/08/2025,Varejo,1,209.9,45.32,164.58,Venda
SKU_1733_SAG,08/08/2025,Atacado,5,1749.5,612.3,227.44,Venda
SKU_1560_CRE,08/08/2025,Varejo,2,449.8,86.34,181.73,Venda
SKU_1687_WHI,08/08/2025,E-commerce,1,899.9,139.18,760.72,Venda
SKU_1498_OLI,08/08/2025,Varejo,1,339.9,59.48,280.42,Venda
SKU_1793_WHI,08/08/2025,Atacado,3,569.7,199.38,123.44,Venda
SKU_1412_BAB,08/08/2025,E-commerce,1,894.9,168.69,726.21,Venda
SKU_1738_BLU,08/08/2025,Varejo,1,194.9,53.55,141.35,Venda
SKU_1761_SAP,08/08/2025,Varejo,1,1104.9,223.65,881.25,Venda
SKU_1750_MIN,08/08/2025,E-commerce,1,369.9,79.86,290.04,Venda
SKU_1938_CRE,08/08/2025,Atacado,6,5399.4,1619.82,629.93,Venda
SKU_1704_BAB,08/08/2025,Varejo,1,334.9,73.48,261.42,Venda
SKU_1709_CRE,08/08/2025,E-commerce,3,629.7,167.07,154.21,Venda
SKU_1722_PAS,08/08/2025,Atacado,10,3249.0,974.7,227.43,Venda
SKU_1772_BLU,08/08/2025,E-commerce,1,414.9,98.67,316.23,Venda
SKU_1876_AQU,08/08/2025,E-commerce,1,199.9,0.0,199.9,Venda
SKU_1401_BLU,08/08/2025,Atacado,6,1439.4,503.76,155.94,Venda
SKU_1769_WHI,08/08/2025,Varejo,2,649.8,137.02,256.39,Venda
SKU_1728_MID,08/08/2025,Atacado,8,2639.2,791.76,230.93,Venda
SKU_1683_PAL,08/08/2025,Atacado,6,1889.4,661.26,204.69,Venda
SKU_1782_HUN,08/08/2025,Atacado,5,1249.5,374.85,174.93,Venda
SKU_1716_SAL,08/08/2025,Atacado,3,494.7,197.88,98.94,Venda
SKU_1780_AQU,08/08/2025,Atacado,10,3349.0,1172.1,217.69,Venda
SKU_1697_PIS,08/08/2025,Atacado,6,1319.4,527.76,131.94,Venda
SKU_1745_PEA,08/08/2025,Atacado,10,4099.0,1434.6,266.44,Venda
SKU_1781_AQU,08/08/2025,Atacado,12,1558.8,467.64,90.93,Venda
SKU_2033_RAS,08/08/2025,E-commerce,1,309.9,0.0,309.9,Venda
SKU_1786_TEA,08/08/2025,Atacado,3,539.7,161.91,125.93,Venda
SKU_1629_ARM,08/08/2025,Atacado,2,509.8,178.44,165.68,Venda
SKU_1701_SPA,08/08/2025,Varejo,3,1019.7,283.2,245.5,Venda
SKU_1764_FUC,08/08/2025,E-commerce,1,234.9,67.74,167.16,Venda
SKU_1792_MIN,08/08/2025,Atacado,3,1319.7,461.88,285.94,Venda
SKU_1827_BUB,08/08/2025,Atacado,10,1949.0,682.2,126.68,Venda
SKU_1719_OFF,08/08/2025,Atacado,2,639.8,191.94,223.93,Venda
SKU_1726_PAS,08/08/2025,Varejo,1,429.9,110.24,319.66,Venda
SKU_1792_MIN,08/08/2025,Varejo,2,879.8,256.44,311.68,Venda
SKU_1463_DUS,08/08/2025,Varejo,1,259.9,51.91,207.99,Venda
SKU_1713_SAL,08/08/2025,Varejo,3,1514.7,445.02,356.56,Venda
SKU_1553_HOT,08/08/2025,Varejo,1,254.9,70.87,184.03,Venda
SKU_1919_PEA,08/08/2025,E-commerce,1,679.9,0.0,679.9,Venda
SKU_1762_BRI,08/08/2025,Varejo,3,764.7,169.86,198.28,Venda
SKU_1683_SHO,08/08/2025,Varejo,1,314.9,74.86,240.04,Venda
SKU_1780_LIG,08/08/2025,Varejo,3,1004.7,252.72,250.66,Venda
SKU_2043_WHI,08/08/2025,Atacado,5,1749.5,612.3,227.44,Venda
SKU_1559_SKY,08/08/2025,Varejo,1,1199.9,218.03,981.87,Venda
SKU_1747_FUC,08/08/2025,E-commerce,1,174.9,38.03,136.87,Venda
SKU_1761_MOS,08/08/2025,Varejo,1,1104.9,296.37,808.53,Venda
SKU_1780_LIG,08/08/2025,Varejo,1,334.9,87.7,247.2,Venda
SKU_1391_LIG,08/08/2025,Varejo,1,284.9,61.69,223.21,Venda
SKU_1777_TUR,08/08/2025,Atacado,2,479.8,143.94,167.93,Venda
SKU_1739_AQU,08/08/2025,Atacado,4,1019.6,305.88,178.43,Venda
SKU_1684_HON,08/08/2025,Varejo,1,184.9,31.89,153.01,Venda
SKU_1760_OFF,08/08/2025,Varejo,1,249.9,37.86,212.04,Venda
SKU_1710_MEX,08/08/2025,Atacado,6,4859.4,1943.76,485.94,Venda
SKU_1745_PEA,08/08/2025,Varejo,1,409.9,91.4,318.5,Venda
SKU_1702_LIG,08/08/2025,Varejo,2,1239.8,304.94,467.43,Venda
SKU_1733_NAV,08/08/2025,Atacado,4,1399.6,419.88,244.93,Venda
SKU_1785_HUN,08/08/2025,E-commerce,1,244.9,40.06,204.84,Venda
SKU_1659_MOS,08/08/2025,Atacado,2,2049.8,614.94,717.43,Venda
SKU_1569_PAS,08/08/2025,Varejo,4,879.6,163.36,179.06,Venda
SKU_1472_EME,08/08/2025,Varejo,1,469.9,108.26,361.64,Venda
SKU_1798_MOS,08/08/2025,E-commerce,1,419.9,64.41,355.49,Venda
SKU_1756_FLA,08/08/2025,E-commerce,1,179.9,33.91,145.99,Venda
SKU_1490_VAN,08/08/2025,Varejo,1,314.9,84.97,229.93,Venda
SKU_1701_SPA,08/08/2025,Varejo,1,339.9,68.32,271.58,Venda
SKU_1956_PEA,08/08/2025,Atacado,3,629.7,220.38,136.44,Venda
SKU_1714_MID,08/08/2025,Atacado,12,3658.8,1280.52,198.19,Venda
SKU_1770_JAD,08/08/2025,Atacado,4,879.6,307.84,142.94,Venda
SKU_1979_MAR,08/08/2025,Varejo,1,194.9,0.0,194.9,Venda
SKU_1428_COB,08/08/2025,Varejo,1,489.9,74.46,415.44,Venda
SKU_1798_OFF,08/08/2025,Atacado,10,4199.0,1469.6,272.94,Venda
SKU_1743_CLO,08/08/2025,Atacado,4,1759.6,615.84,285.94,Venda
SKU_1797_GAR,08/08/2025,Varejo,1,379.9,65.18,314.72,Venda
SKU_1735_MOS,08/08/2025,Varejo,1,269.9,43.12,226.78,Venda
SKU_1435_SKY,08/08/2025,Atacado,4,4039.6,1413.84,656.44,Venda
SKU_1796_OLI,08/08/2025,Atacado,2,1009.8,403.92,302.94,Venda
SKU_1557_SAG,08/08/2025,Atacado,4,799.6,359.84,109.94,Venda
SKU_1694_PIS,08/08/2025,Varejo,3,839.7,192.09,215.87,Venda
SKU_1722_PAS,08/08/2025,E-commerce,1,324.9,76.7,248.2,Venda
SKU_2082_PAS,08/08/2025,Varejo,2,1019.8,0.0,509.9,Venda
SKU_1684_HON,08/08/2025,Varejo,2,369.8,58.62,155.59,Venda
SKU_1787_BAB,08/08/2025,Varejo,2,579.8,153.24,213.28,Venda
SKU_1420_EGR,08/08/2025,Atacado,4,3959.6,1583.84,593.94,Venda
SKU_1764_FUC,08/08/2025,Varejo,1,234.9,60.98,173.92,Venda
SKU_1797_GAR,08/08/2025,Varejo,1,379.9,89.54,290.36,Venda
SKU_1474_DEN,08/08/2025,Varejo,1,1059.9,289.5,770.4,Venda
SKU_1710_OLI,08/08/2025,E-commerce,1,809.9,122.68,687.22,Venda
SKU_1778_MIN,08/08/2025,Atacado,3,854.7,299.13,185.19,Venda
SKU_1399_CRE,08/08/2025,Varejo,4,1079.6,256.64,205.74,Venda
SKU_1765_PAS,08/08/2025,Atacado,3,779.7,233.91,181.93,Venda
SKU_1591_MYS,08/08/2025,Varejo,1,889.9,172.29,717.61,Venda
SKU_1718_SEA,08/08/2025,Varejo,2,739.8,124.0,307.9,Venda
SKU_1531_TEA,08/08/2025,Atacado,3,1649.7,659.88,329.94,Venda
SKU_1579_DEN,08/08/2025,Atacado,4,919.6,321.84,149.44,Venda
SKU_1712_MOS,08/08/2025,Varejo,1,179.9,38.38,141.52,Venda
SKU_1683_PAL,08/08/2025,Varejo,1,314.9,83.43,231.47,Venda
SKU_1720_PAL,08/08/2025,Atacado,5,1124.5,337.35,157.43,Venda
SKU_1688_LIG,08/08/2025,Varejo,1,429.9,120.97,308.93,Venda
SKU_1775_PAL,08/08/2025,E-commerce,1,279.9,42.84,237.06,Venda
SKU_1754_IVO,08/08/2025,Atacado,3,1019.7,356.88,220.94,Venda
SKU_1697_MIN,08/08/2025,Atacado,12,2638.8,791.64,153.93,Venda
SKU_1441_COB,08/08/2025,Atacado,4,4619.6,1847.84,692.94,Venda
SKU_1687_WHI,08/08/2025,Atacado,2,1799.8,629.92,584.94,Venda
SKU_1769_WHI,08/08/2025,E-commerce,2,649.8,113.92,267.94,Venda
SKU_1470_WHI,08/08/2025,Varejo,1,919.9,212.05,707.85,Venda
SKU_1795_HUN,08/08/2025,E-commerce,1,299.9,46.09,253.81,Venda
SKU_2033_PRI,08/08/2025,Varejo,1,309.9,0.0,309.9,Venda
SKU_1818_BRI,08/08/2025,Varejo,3,614.7,0.0,204.9,Venda
SKU_1776_BIR,08/08/2025,Atacado,5,1649.5,577.3,214.44,Venda
SKU_1733_SAG,08/08/2025,Varejo,1,349.9,70.59,279.31,Venda
SKU_2113_NAV,08/08/2025,Atacado,4,659.6,230.88,107.18,Venda
SKU_1409_PEA,08/08/2025,Atacado,4,839.6,293.84,136.44,Venda
SKU_1531_TEA,09/08/2025,E-commerce,1,549.9,109.08,440.82,Venda
SKU_1796_SHO,09/08/2025,Varejo,2,1009.8,237.88,385.96,Venda
SKU_1781_CLE,09/08/2025,Varejo,1,129.9,33.88,96.02,Venda
SKU_1851_BLU,09/08/2025,E-commerce,1,214.9,0.0,214.9,Venda
SKU_1788_MYS,09/08/2025,Atacado,5,1249.5,374.85,174.93,Venda
SKU_1611_MID,09/08/2025,Atacado,10,2199.0,659.7,153.93,Venda
SKU_1730_OFF,09/08/2025,E-commerce,1,319.9,71.88,248.02,Venda
SKU_1713_SAL,09/08/2025,E-commerce,1,504.9,97.05,407.85,Venda
SKU_1564_BLA,09/08/2025,Varejo,1,589.9,107.98,481.92,Venda
SKU_1757_TUR,09/08/2025,E-commerce,2,529.8,156.62,186.59,Venda
SKU_1767_PRI,09/08/2025,Atacado,10,2049.0,614.7,143.43,Venda
SKU_1789_EME,09/08/2025,Varejo,1,269.9,55.65,214.25,Venda
SKU_1705_JAD,09/08/2025,E-commerce,1,409.9,93.57,316.33,Venda
SKU_1719_WHI,09/08/2025,E-commerce,1,319.9,86.84,233.06,Venda
SKU_1699_CLO,09/08/2025,Varejo,3,989.7,288.93,233.59,Venda
SKU_1680_SEA,09/08/2025,Atacado,5,1674.5,502.35,234.43,Venda
SKU_1935_HOT,09/08/2025,Varejo,1,179.9,0.0,179.9,Venda
SKU_1423_JAD,09/08/2025,Varejo,1,1199.9,347.17,852.73,Venda
SKU_1723_COB,09/08/2025,Atacado,12,5218.8,2087.52,260.94,Venda
SKU_1735_COR,09/08/2025,Atacado,4,1079.6,431.84,161.94,Venda
SKU_1784_BLA,09/08/2025,Varejo,1,309.9,84.07,225.83,Venda
SKU_1769_EME,09/08/2025,Varejo,2,649.8,109.44,270.18,Venda
SKU_1795_RAS,09/08/2025,E-commerce,1,299.9,74.31,225.59,Venda
SKU_1722_PAS,09/08/2025,Atacado,4,1299.6,454.84,211.19,Venda
SKU_1749_BIR,09/08/2025,Atacado,5,1749.5,787.25,192.45,Venda
SKU_1758_CLO,09/08/2025,Varejo,1,179.9,41.76,138.14,Venda
SKU_1998_COR,09/08/2025,Varejo,1,354.9,24.84,330.06,Venda
SKU_1602_PAS,09/08/2025,E-commerce,1,229.9,42.64,187.26,Venda
SKU_1760_PAS,09/08/2025,Varejo,1,249.9,50.1,199.8,Venda
SKU_2112_MID,09/08/2025,Varejo,1,334.9,0.0,334.9,Venda
SKU_2111_SNO,09/08/2025,Varejo,2,469.8,0.0,234.9,Venda
SKU_1622_CLO,09/08/2025,Varejo,1,269.9,80.87,189.03,Venda
SKU_1724_PEA,09/08/2025,Atacado,6,6689.4,2341.32,724.68,Venda
SKU_1974_MIN,09/08/2025,Varejo,1,199.9,0.0,199.9,Venda
SKU_1687_WHI,09/08/2025,Atacado,5,4499.5,1574.8,584.94,Venda
SKU_1454_BUB,09/08/2025,Atacado,2,299.8,104.92,97.44,Venda
SKU_1782_HUN,09/08/2025,Varejo,1,249.9,73.86,176.04,Venda
SKU_1800_MOS,09/08/2025,Varejo,1,279.9,61.87,218.03,Venda
SKU_1714_MID,09/08/2025,Atacado,5,1524.5,609.8,182.94,Venda
SKU_1702_COR,09/08/2025,Varejo,1,619.9,127.59,492.31,Venda
SKU_1461_NAV,09/08/2025,Atacado,3,3209.7,1123.38,695.44,Venda
SKU_1733_NAV,09/08/2025,Atacado,8,2799.2,979.68,227.44,Venda
SKU_1782_HUN,09/08/2025,Atacado,10,2499.0,874.6,162.44,Venda
SKU_1762_DEN,09/08/2025,Varejo,1,254.9,46.03,208.87,Venda
SKU_1728_EGR,09/08/2025,Varejo,1,329.9,95.83,234.07,Venda
SKU_1416_CLE,09/08/2025,Atacado,5,1399.5,559.8,167.94,Venda
SKU_1704_BAB,09/08/2025,Varejo,2,669.8,170.32,249.74,Venda
SKU_1769_WHI,09/08/2025,E-commerce,1,324.9,61.84,263.06,Venda
SKU_1801_MOS,09/08/2025,E-commerce,1,374.9,82.27,292.63,Venda
SKU_2023_MID,09/08/2025,Atacado,4,639.6,255.84,95.94,Venda
SKU_1756_BUB,09/08/2025,Atacado,6,1079.4,323.82,125.93,Venda
SKU_1810_COB,09/08/2025,Varejo,1,159.9,0.0,159.9,Venda
SKU_1817_PRI,09/08/2025,Varejo,1,219.9,0.0,219.9,Venda
SKU_1804_SEA,09/08/2025,Varejo,1,454.9,0.0,454.9,Venda
SKU_2072_MIN,09/08/2025,Atacado,4,1079.6,431.84,161.94,Venda
SKU_1747_TEA,09/08/2025,Atacado,6,1049.4,367.32,113.68,Venda
SKU_1796_OLI,09/08/2025,Varejo,1,504.9,90.35,414.55,Venda
SKU_1664_PIN,09/08/2025,Varejo,1,329.9,73.16,256.74,Venda
SKU_1796_SHO,09/08/2025,Atacado,2,1009.8,353.42,328.19,Venda
SKU_1738_ROY,09/08/2025,Atacado,2,389.8,116.94,136.43,Venda
SKU_1517_FOR,09/08/2025,Varejo,1,1199.9,186.36,1013.54,Venda
SKU_1700_HUN,09/08/2025,Atacado,5,3499.5,1224.8,454.94,Venda
SKU_1774_MOS,09/08/2025,Atacado,4,819.6,245.88,143.43,Venda
SKU_1507_PAS,09/08/2025,Varejo,3,539.7,161.76,125.98,Venda
SKU_1663_SNO,09/08/2025,Atacado,8,6359.2,1907.76,556.43,Venda
SKU_1776_BIR,09/08/2025,Atacado,5,1649.5,577.3,214.44,Venda
SKU_1735_MOS,09/08/2025,Atacado,5,1349.5,539.8,161.94,Venda
SKU_1725_OFF,09/08/2025,Atacado,6,1469.4,440.82,171.43,Venda
SKU_1755_AQU,09/08/2025,Atacado,6,2009.4,703.26,217.69,Venda
SKU_1758_HON,09/08/2025,Atacado,3,539.7,188.88,116.94,Venda
SKU_1680_SEA,09/08/2025,Atacado,8,2679.2,1071.68,200.94,Venda
SKU_1725_OFF,09/08/2025,Atacado,3,734.7,257.16,159.18,Venda
SKU_1724_PEA,09/08/2025,Atacado,12,13378.8,4682.64,724.68,Venda
SKU_1431_TEA,09/08/2025,Atacado,5,1849.5,554.85,258.93,Venda
SKU_1532_EME,09/08/2025,Atacado,8,7839.2,2351.76,685.93,Venda
SKU_1484_EGR,09/08/2025,Varejo,3,1379.7,274.08,368.54,Venda
SKU_1789_EME,09/08/2025,Atacado,12,3238.8,1133.52,175.44,Venda
SKU_1763_MAR,09/08/2025,E-commerce,1,299.9,78.11,221.79,Venda
SKU_1750_MIN,09/08/2025,Varejo,1,369.9,101.97,267.93,Venda
SKU_1741_PIN,09/08/2025,Varejo,1,239.9,49.66,190.24,Venda
SKU_1767_PRI,09/08/2025,Atacado,4,819.6,327.84,122.94,Venda
SKU_1703_BLU,09/08/2025,Varejo,1,269.9,78.53,191.37,Venda
SKU_1820_PEA,09/08/2025,Varejo,1,289.9,0.0,289.9,Venda
SKU_1787_BAB,09/08/2025,Varejo,2,579.8,128.7,225.55,Venda
SKU_1573_MIN,09/08/2025,Atacado,8,8199.2,2869.76,666.18,Venda
SKU_1741_PEA,09/08/2025,E-commerce,1,239.9,37.1,202.8,Venda
SKU_1636_LIG,09/08/2025,E-commerce,1,439.9,123.3,316.6,Venda
SKU_1763_HOT,09/08/2025,Atacado,3,899.7,314.88,194.94,Venda
SKU_1803_SER,09/08/2025,E-commerce,1,199.9,0.0,199.9,Venda
SKU_2052_NAV,09/08/2025,Varejo,1,299.9,0.0,299.9,Venda
SKU_1733_NAV,09/08/2025,Atacado,3,1049.7,419.88,209.94,Venda
SKU_1736_PAS,09/08/2025,Atacado,3,974.7,341.13,211.19,Venda
SKU_1683_PAL,09/08/2025,Varejo,2,629.8,156.5,236.65,Venda
SKU_1800_MOS,09/08/2025,Atacado,3,839.7,293.88,181.94,Venda
SKU_1501_SAL,09/08/2025,Atacado,3,509.7,152.91,118.93,Venda
SKU_1793_MIN,09/08/2025,Atacado,3,569.7,170.91,132.93,Venda
SKU_1708_FRE,09/08/2025,E-commerce,1,169.9,42.77,127.13,Venda
SKU_1746_NAV,09/08/2025,Atacado,2,359.8,125.92,116.94,Venda
SKU_1496_PAS,09/08/2025,Varejo,1,1134.9,298.42,836.48,Venda
SKU_1796_SHO,09/08/2025,Atacado,4,2019.6,706.84,328.19,Venda
SKU_1659_MOS,09/08/2025,E-commerce,1,1024.9,185.21,839.69,Venda
SKU_1801_FLA,09/08/2025,Atacado,5,1874.5,562.35,262.43,Venda
SKU_1695_CRE,09/08/2025,E-commerce,1,209.9,40.63,169.27,Venda
SKU_1622_VAN,09/08/2025,Atacado,8,2159.2,647.76,188.93,Venda
SKU_1791_IVO,09/08/2025,Atacado,8,2119.2,847.68,158.94,Venda
SKU_1708_FLA,09/08/2025,Atacado,2,339.8,101.94,118.93,Venda
SKU_1723_COB,09/08/2025,Varejo,1,434.9,97.52,337.38,Venda
SKU_1767_FUC,09/08/2025,E-commerce,1,204.9,40.99,163.91,Venda
SKU_1729_CLE,09/08/2025,Varejo,1,174.9,37.8,137.1,Venda
SKU_1823_COR,09/08/2025,Atacado,5,974.5,389.8,116.94,Venda
SKU_1646_CLE,09/08/2025,Atacado,5,1024.5,307.35,143.43,Venda
SKU_1769_WHI,09/08/2025,Atacado,5,1624.5,487.35,227.43,Venda
SKU_1478_TEA,09/08/2025,Atacado,3,584.7,175.41,136.43,Venda
SKU_1592_SAG,09/08/2025,Varejo,1,209.9,37.73,172.17,Venda
SKU_1619_PAS,09/08/2025,Atacado,6,1199.4,419.76,129.94,Venda
SKU_1638_PEA,09/08/2025,Atacado,2,2279.8,683.94,797.93,Venda
SKU_1756_BUB,09/08/2025,Atacado,3,539.7,188.88,116.94,Venda
SKU_1747_FUC,09/08/2025,Atacado,3,524.7,183.66,113.68,Venda
SKU_1776_BIR,09/08/2025,Varejo,1,329.9,96.27,233.63,Venda
SKU_1816_MOS,09/08/2025,Varejo,1,239.9,0.0,239.9,Venda
SKU_1719_OFF,09/08/2025,Atacado,3,959.7,287.91,223.93,Venda
SKU_1723_MOS,09/08/2025,Atacado,3,1304.7,391.41,304.43,Venda
SKU_1765_PAS,09/08/2025,Varejo,3,779.7,164.49,205.07,Venda
SKU_1929_PEA,09/08/2025,Varejo,1,294.9,0.0,294.9,Venda
SKU_1541_AQU,09/08/2025,Atacado,8,5399.2,1889.68,438.69,Venda
SKU_1729_CLE,09/08/2025,Varejo,2,349.8,80.12,134.84,Venda
SKU_1667_LIG,09/08/2025,Varejo,1,209.9,39.96,169.94,Venda
SKU_1709_CRE,09/08/2025,Atacado,3,629.7,188.91,146.93,Venda
SKU_1779_LIG,09/08/2025,Varejo,3,644.7,98.58,182.04,Venda
SKU_1799_DEN,09/08/2025,E-commerce,3,809.7,186.93,207.59,Venda
SKU_1509_HOT,09/08/2025,Atacado,5,1599.5,559.8,207.94,Venda
SKU_1760_PAS,09/08/2025,Varejo,1,249.9,74.72,175.18,Venda
SKU_1707_ARM,09/08/2025,Atacado,2,559.8,195.92,181.94,Venda
SKU_1722_PAS,09/08/2025,Atacado,4,1299.6,454.84,211.19,Venda
SKU_1585_BLA,09/08/2025,Varejo,3,959.7,190.44,256.42,Venda
SKU_1774_COB,09/08/2025,Atacado,10,2049.0,614.7,143.43,Venda
SKU_1780_AQU,09/08/2025,Varejo,1,334.9,67.75,267.15,Venda
SKU_1695_CRE,09/08/2025,E-commerce,2,419.8,78.28,170.76,Venda
SKU_1786_TEA,09/08/2025,Atacado,5,899.5,314.8,116.94,Venda
SKU_1749_BIR,09/08/2025,Varejo,1,349.9,63.4,286.5,Venda
SKU_1798_MOS,09/08/2025,Atacado,10,4199.0,1679.6,251.94,Venda
SKU_1734_FRE,09/08/2025,Varejo,1,349.9,91.1,258.8,Venda
SKU_1713_SAL,09/08/2025,Atacado,4,2019.6,706.84,328.19,Venda
SKU_1727_LIG,09/08/2025,Atacado,5,774.5,309.8,92.94,Venda
SKU_1984_PAS,09/08/2025,Varejo,1,299.9,20.99,278.91,Venda
SKU_1409_PEA,09/08/2025,Varejo,1,209.9,51.89,158.01,Venda
SKU_1601_AQU,09/08/2025,Atacado,4,2939.6,1028.84,477.69,Venda
SKU_1800_SKY,09/08/2025,Atacado,4,1119.6,335.88,195.93,Venda
SKU_1531_SNO,09/08/2025,Atacado,8,4399.2,1539.68,357.44,Venda
SKU_1696_SHO,09/08/2025,Atacado,6,1679.4,503.82,195.93,Venda
SKU_1522_BIR,09/08/2025,Atacado,8,1199.2,479.68,89.94,Venda
SKU_1942_SAL,09/08/2025,Atacado,8,9479.2,3791.68,710.94,Venda
SKU_1763_HOT,09/08/2025,Atacado,4,1199.6,419.84,194.94,Venda
SKU_1460_FUC,09/08/2025,Atacado,6,1049.4,314.82,122.43,Venda
SKU_1789_EME,09/08/2025,Atacado,5,1349.5,472.3,175.44,Venda
SKU_1520_GAR,09/08/2025,Varejo,1,224.9,65.57,159.33,Venda
SKU_1742_EME,09/08/2025,Varejo,1,259.9,43.87,216.03,Venda
SKU_1876_CLO,09/08/2025,Varejo,1,199.9,0.0,199.9,Venda
SKU_1570_HON,09/08/2025,Varejo,2,1429.8,339.04,545.38,Venda
SKU_1688_WHI,09/08/2025,Varejo,1,429.9,87.1,342.8,Venda
SKU_1728_MID,09/08/2025,E-commerce,1,329.9,54.02,275.88,Venda
SKU_1414_CLO,09/08/2025,E-commerce,1,339.9,100.36,239.54,Venda
SKU_1556_SAL,09/08/2025,Atacado,6,1229.4,430.32,133.18,Venda
SKU_2076_MIN,09/08/2025,E-commerce,2,949.8,66.48,441.66,Venda
SKU_1594_BAL,09/08/2025,Varejo,2,999.8,166.82,416.49,Venda
SKU_1727_LIG,09/08/2025,Atacado,5,774.5,309.8,92.94,Venda
SKU_1421_SER,09/08/2025,Atacado,5,1149.5,459.8,137.94,Venda
SKU_1961_LIG,09/08/2025,Atacado,3,1244.7,435.63,269.69,Venda
SKU_1741_PEA,09/08/2025,E-commerce,1,239.9,54.1,185.8,Venda
SKU_1424_BAB,09/08/2025,Atacado,10,9949.0,3482.2,646.68,Venda
SKU_1466_PRI,09/08/2025,Atacado,5,1349.5,404.85,188.93,Venda
SKU_1685_BIR,09/08/2025,E-commerce,1,664.9,109.16,555.74,Venda
SKU_1739_MOS,09/08/2025,Varejo,1,254.9,40.47,214.43,Venda
SKU_1681_OFF,09/08/2025,Varejo,2,469.8,122.86,173.47,Venda
SKU_1691_HUN,09/08/2025,Atacado,5,1549.5,464.85,216.93,Venda
SKU_1579_SAG,09/08/2025,E-commerce,1,229.9,57.08,172.82,Venda
SKU_1762_BRI,09/08/2025,Varejo,3,764.7,125.13,213.19,Venda
SKU_1794_LIG,09/08/2025,E-commerce,1,209.9,45.93,163.97,Venda
SKU_1799_POW,09/08/2025,Atacado,4,1079.6,377.84,175.44,Venda
SKU_1427_BLA,09/08/2025,Atacado,5,999.5,349.8,129.94,Venda
SKU_1552_SAP,09/08/2025,Atacado,5,3299.5,1154.8,428.94,Venda
SKU_1784_EGR,09/08/2025,Atacado,12,3718.8,1301.52,201.44,Venda
SKU_1872_SAP,09/08/2025,Atacado,6,5129.4,1795.26,555.69,Venda
SKU_1607_GAR,09/08/2025,Varejo,1,299.9,60.91,238.99,Venda
SKU_1742_EME,09/08/2025,Varejo,1,259.9,59.01,200.89,Venda
SKU_1695_CRE,09/08/2025,Atacado,5,1049.5,314.85,146.93,Venda
SKU_1722_PAS,09/08/2025,Varejo,1,324.9,67.52,257.38,Venda
SKU_1580_MOS,09/08/2025,E-commerce,1,189.9,54.62,135.28,Venda
SKU_1637_BLU,09/08/2025,Varejo,1,919.9,239.51,680.39,Venda
SKU_1456_DEN,09/08/2025,Varejo,1,314.9,61.86,253.04,Venda
SKU_1764_MAR,09/08/2025,Varejo,1,234.9,64.02,170.88,Venda
SKU_1793_MIN,09/08/2025,E-commerce,2,379.8,96.62,141.59,Venda
SKU_1712_NAV,09/08/2025,Varejo,1,179.9,39.21,140.69,Venda
SKU_1691_ROS,09/08/2025,E-commerce,1,309.9,65.95,243.95,Venda
SKU_1765_PAS,09/08/2025,E-commerce,1,259.9,72.06,187.84,Venda
SKU_1734_FRE,09/08/2025,Varejo,1,349.9,62.94,286.96,Venda
SKU_1900_FRE,09/08/2025,Atacado,8,3399.2,1189.68,276.19,Venda
SKU_1759_COB,09/08/2025,Atacado,2,539.8,161.94,188.93,Venda
SKU_1513_PAS,09/08/2025,Atacado,5,1074.5,322.35,150.43,Venda
SKU_1944_FUC,09/08/2025,E-commerce,1,399.9,0.0,399.9,Venda
SKU_1686_MOS,09/08/2025,Atacado,5,1074.5,376.1,139.68,Venda
SKU_1740_OLI,09/08/2025,E-commerce,1,214.9,58.31,156.59,Venda
SKU_1738_ROY,09/08/2025,E-commerce,1,194.9,38.04,156.86,Venda
SKU_1725_OFF,09/08/2025,Varejo,1,244.9,53.0,191.9,Venda
SKU_1709_MAR,09/08/2025,Varejo,1,209.9,33.27,176.63,Venda
SKU_1520_ROY,09/08/2025,Varejo,1,224.9,34.23,190.67,Venda
SKU_1800_MOS,09/08/2025,E-commerce,1,279.9,82.28,197.62,Venda
SKU_1700_PIS,09/08/2025,Varejo,1,699.9,175.02,524.88,Venda
SKU_1505_BLU,09/08/2025,Varejo,1,234.9,65.87,169.03,Venda
SKU_1688_WHI,09/08/2025,Varejo,2,859.8,203.62,328.09,Venda
SKU_1462_OFF,09/08/2025,Varejo,1,364.9,57.76,307.14,Venda
SKU_1712_NAV,09/08/2025,Atacado,12,2158.8,647.64,125.93,Venda
SKU_1695_LIM,09/08/2025,Atacado,5,1049.5,367.3,136.44,Venda
SKU_1764_MAR,09/08/2025,Atacado,4,939.6,328.88,152.68,Venda
SKU_2096_TEA,09/08/2025,Varejo,1,259.9,0.0,259.9,Venda
SKU_1756_FLA,09/08/2025,Varejo,1,179.9,32.2,147.7,Venda
SKU_1840_LIM,09/08/2025,Varejo,1,214.9,0.0,214.9,Venda
SKU_1692_BLU,09/08/2025,Varejo,1,219.9,40.13,179.77,Venda
SKU_1701_BLU,09/08/2025,Atacado,8,2719.2,815.76,237.93,Venda
SKU_1690_MYS,09/08/2025,E-commerce,2,1079.8,178.36,450.72,Venda
SKU_1689_IVO,09/08/2025,Varejo,1,964.9,208.37,756.53,Venda
SKU_1554_PIS,09/08/2025,Atacado,10,10349.0,3622.2,672.68,Venda
SKU_2089_CLO,09/08/2025,Varejo,2,989.8,0.0,494.9,Venda
SKU_1691_HUN,09/08/2025,Atacado,10,3099.0,1084.6,201.44,Venda
SKU_1791_ARM,09/08/2025,Varejo,2,529.8,145.16,192.32,Venda
SKU_1786_TEA,09/08/2025,Varejo,2,359.8,74.22,142.79,Venda
SKU_2028_PIS,09/08/2025,Atacado,2,489.8,171.44,159.18,Venda
SKU_1498_LIG,09/08/2025,Varejo,3,1019.7,255.09,254.87,Venda
SKU_1558_CLE,09/08/2025,Atacado,6,1979.4,692.76,214.44,Venda
SKU_1691_ROS,09/08/2025,Atacado,3,929.7,371.88,185.94,Venda
SKU_1713_SAL,09/08/2025,Atacado,3,1514.7,454.41,353.43,Venda
SKU_1759_COB,09/08/2025,Varejo,2,539.8,110.92,214.44,Venda
SKU_1800_MOS,09/08/2025,Varejo,1,279.9,49.03,230.87,Venda
SKU_1713_SAL,09/08/2025,Atacado,8,4039.2,1211.76,353.43,Venda
SKU_1570_MEX,09/08/2025,Atacado,10,7149.0,2502.1,464.69,Venda
SKU_1681_OFF,09/08/2025,E-commerce,1,234.9,67.21,167.69,Venda
SKU_1696_SER,09/08/2025,Atacado,3,839.7,335.88,167.94,Venda
SKU_1817_BUB,09/08/2025,Varejo,2,439.8,0.0,219.9,Venda
SKU_1791_IVO,09/08/2025,Varejo,3,794.7,193.35,200.45,Venda
SKU_1710_MEX,09/08/2025,E-commerce,1,809.9,138.05,671.85,Venda
SKU_1422_MIN,09/08/2025,E-commerce,3,944.7,227.82,238.96,Venda
SKU_1723_COB,09/08/2025,Varejo,1,434.9,102.3,332.6,Venda
SKU_1648_RAS,09/08/2025,Atacado,2,1399.8,489.92,454.94,Venda
SKU_1628_PEA,09/08/2025,Atacado,3,1649.7,659.88,329.94,Venda
SKU_1483_WHI,09/08/2025,E-commerce,1,324.9,85.29,239.61,Venda
SKU_1791_ARM,09/08/2025,E-commerce,1,264.9,51.7,213.2,Venda
SKU_1461_PRI,09/08/2025,Atacado,6,6419.4,1925.82,748.93,Venda
SKU_1499_RAS,09/08/2025,Atacado,3,779.7,233.91,181.93,Venda
SKU_1780_LIG,09/08/2025,Atacado,10,3349.0,1172.1,217.69,Venda
SKU_1715_JAD,09/08/2025,Varejo,2,439.8,129.3,155.25,Venda
SKU_1653_ROS,09/08/2025,Atacado,4,1439.6,431.88,251.93,Venda
SKU_1799_DEN,09/08/2025,Atacado,5,1349.5,472.3,175.44,Venda
SKU_1733_SAG,09/08/2025,Varejo,3,1049.7,204.54,281.72,Venda
SKU_1727_WHI,09/08/2025,Varejo,1,154.9,24.81,130.09,Venda
SKU_1766_CLE,09/08/2025,Atacado,4,1579.6,473.88,276.43,Venda
SKU_1778_TEA,09/08/2025,Atacado,5,1424.5,641.0,156.7,Venda
SKU_1727_WHI,09/08/2025,Atacado,3,464.7,162.66,100.68,Venda
SKU_1782_HUN,09/08/2025,Varejo,1,249.9,41.51,208.39,Venda
SKU_1681_PIS,09/08/2025,Varejo,1,234.9,39.44,195.46,Venda
SKU_1796_OLI,09/08/2025,Varejo,2,1009.8,278.58,365.61,Venda
SKU_1703_PAS,09/08/2025,Atacado,12,3238.8,971.64,188.93,Venda
SKU_1706_JAD,09/08/2025,Atacado,4,739.6,258.88,120.18,Venda
SKU_1712_MOS,09/08/2025,E-commerce,1,179.9,28.8,151.1,Venda
SKU_1789_EME,09/08/2025,Atacado,4,1079.6,377.84,175.44,Venda
SKU_1617_DEN,09/08/2025,Varejo,1,164.9,43.43,121.47,Venda
SKU_1567_POW,09/08/2025,Varejo,1,689.9,199.63,490.27,Venda
SKU_1801_MOS,09/08/2025,Atacado,3,1124.7,393.63,243.69,Venda
SKU_1794_FLA,09/08/2025,E-commerce,1,209.9,54.49,155.41,Venda
SKU_1795_RAS,09/08/2025,Atacado,4,1199.6,479.84,179.94,Venda
SKU_1742_EME,09/08/2025,E-commerce,1,259.9,67.09,192.81,Venda
SKU_1750_MIN,09/08/2025,Varejo,2,739.8,153.9,292.95,Venda
SKU_1490_EME,09/08/2025,Atacado,2,629.8,251.92,188.94,Venda
SKU_1718_DUS,09/08/2025,Atacado,4,1479.6,591.84,221.94,Venda
SKU_1736_JAD,09/08/2025,Varejo,3,974.7,195.42,259.76,Venda
SKU_1837_EGR,09/08/2025,Varejo,3,749.7,0.0,249.9,Venda
SKU_1712_NAV,09/08/2025,Varejo,2,359.8,80.78,139.51,Venda
SKU_1786_POW,09/08/2025,Atacado,4,719.6,251.84,116.94,Venda
SKU_1551_DUS,09/08/2025,Atacado,5,1099.5,384.8,142.94,Venda
SKU_1683_PAL,09/08/2025,Varejo,1,314.9,50.88,264.02,Venda
SKU_1739_AQU,09/08/2025,Varejo,2,509.8,81.14,214.33,Venda
SKU_1778_MIN,09/08/2025,Atacado,8,2279.2,683.76,199.43,Venda
SKU_1694_SER,09/08/2025,Atacado,10,2799.0,839.7,195.93,Venda
SKU_1731_MIN,09/08/2025,Atacado,10,9099.0,3639.6,545.94,Venda
SKU_1710_OLI,09/08/2025,Atacado,8,6479.2,2267.68,526.44,Venda
SKU_1758_CLO,09/08/2025,Atacado,6,1079.4,323.82,125.93,Venda
SKU_1522_BIR,09/08/2025,Atacado,3,449.7,157.38,97.44,Venda
SKU_1497_FUC,09/08/2025,Varejo,1,134.9,39.62,95.28,Venda
SKU_1772_SNO,09/08/2025,E-commerce,1,414.9,91.92,322.98,Venda
SKU_1882_TUR,09/08/2025,Atacado,5,1199.5,419.8,155.94,Venda
SKU_1734_FRE,09/08/2025,Varejo,1,349.9,99.69,250.21,Venda
SKU_1714_DEE,09/08/2025,Varejo,3,914.7,163.56,250.38,Venda
SKU_1773_OLI,09/08/2025,Varejo,1,324.9,83.6,241.3,Venda
SKU_1702_LIG,09/08/2025,E-commerce,1,619.9,181.05,438.85,Venda
SKU_1739_AQU,09/08/2025,Atacado,3,764.7,229.41,178.43,Venda
SKU_1783_EGR,09/08/2025,Varejo,1,1199.9,232.46,967.44,Venda
SKU_1724_PIN,09/08/2025,Varejo,1,1114.9,266.97,847.93,Venda
SKU_1489_TEA,09/08/2025,Varejo,1,369.9,77.74,292.16,Venda
SKU_1720_PAS,09/08/2025,Atacado,10,2249.0,787.2,146.18,Venda
SKU_1767_PRI,09/08/2025,E-commerce,1,204.9,38.55,166.35,Venda
SKU_1741_PIN,09/08/2025,Atacado,3,719.7,215.91,167.93,Venda
SKU_1469_ARM,09/08/2025,E-commerce,1,294.9,81.08,213.82,Venda
SKU_1728_EGR,09/08/2025,Varejo,1,329.9,96.46,233.44,Venda
SKU_1730_OFF,09/08/2025,Atacado,4,1279.6,447.84,207.94,Venda
SKU_1779_MIN,09/08/2025,Varejo,1,214.9,37.25,177.65,Venda
SKU_1591_HON,09/08/2025,Varejo,1,889.9,206.08,683.82,Venda
SKU_1795_HUN,09/08/2025,E-commerce,2,599.8,155.12,222.34,Venda
SKU_1589_TUR,09/08/2025,Varejo,1,679.9,173.62,506.28,Venda
SKU_1788_MYS,09/08/2025,Varejo,1,249.9,62.1,187.8,Venda
SKU_2089_EGR,09/08/2025,Atacado,5,2474.5,989.8,296.94,Venda
SKU_1500_PAS,09/08/2025,Varejo,2,519.8,131.24,194.28,Venda
SKU_1607_MAR,09/08/2025,Atacado,4,1199.6,359.88,209.93,Venda
SKU_1578_PAS,09/08/2025,Atacado,8,999.2,299.76,87.43,Venda
SKU_1758_HON,09/08/2025,Atacado,3,539.7,161.91,125.93,Venda
SKU_1733_SAG,09/08/2025,Varejo,1,349.9,76.58,273.32,Venda
SKU_1741_PIN,09/08/2025,Varejo,1,239.9,58.17,181.73,Venda
SKU_1754_IVO,09/08/2025,Atacado,10,3399.0,1019.7,237.93,Venda
SKU_1786_POW,09/08/2025,E-commerce,1,179.9,39.6,140.3,Venda
SKU_1941_MIN,09/08/2025,Varejo,1,1049.9,73.49,976.41,Venda
SKU_1878_ROS,09/08/2025,Varejo,1,439.9,0.0,439.9,Venda
SKU_1778_MIN,09/08/2025,Atacado,5,1424.5,498.55,185.19,Venda
SKU_1716_AQU,09/08/2025,Atacado,5,824.5,247.35,115.43,Venda
SKU_1688_WHI,09/08/2025,Atacado,3,1289.7,515.88,257.94,Venda
SKU_1758_CLO,09/08/2025,Atacado,10,1799.0,719.6,107.94,Venda
SKU_1680_NAV,09/08/2025,Varejo,2,669.8,172.16,248.82,Venda
SKU_1980_DEE,09/08/2025,Atacado,4,619.6,216.88,100.68,Venda
SKU_1664_PIN,09/08/2025,Varejo,1,329.9,72.1,257.8,Venda
SKU_1722_AQU,09/08/2025,Atacado,4,1299.6,519.84,194.94,Venda
SKU_1763_HOT,09/08/2025,Atacado,5,1499.5,449.85,209.93,Venda
SKU_1752_SPA,09/08/2025,Varejo,1,429.9,73.93,355.97,Venda
SKU_1751_MIN,09/08/2025,Varejo,2,659.8,171.44,244.18,Venda
SKU_1676_PIN,09/08/2025,Atacado,12,2038.8,815.52,101.94,Venda
SKU_1740_OLI,09/08/2025,Atacado,5,1074.5,429.8,128.94,Venda
SKU_2070_SPA,09/08/2025,E-commerce,1,214.9,0.0,214.9,Venda
SKU_1727_WHI,09/08/2025,Atacado,4,619.6,216.88,100.68,Venda
SKU_1781_AQU,09/08/2025,Varejo,2,259.8,55.28,102.26,Venda
SKU_1784_EGR,09/08/2025,Varejo,1,309.9,72.65,237.25,Venda
SKU_1734_FRE,09/08/2025,Varejo,4,1399.6,397.08,250.63,Venda
SKU_1594_BAL,09/08/2025,Varejo,1,499.9,114.24,385.66,Venda
SKU_1489_IVO,09/08/2025,Atacado,6,2219.4,776.76,240.44,Venda
SKU_1714_MID,09/08/2025,Atacado,2,609.8,274.4,167.7,Venda
SKU_1652_TEA,09/08/2025,Varejo,1,219.9,35.32,184.58,Venda
SKU_1741_PEA,09/08/2025,E-commerce,1,239.9,48.82,191.08,Venda
SKU_1759_COB,09/08/2025,Varejo,2,539.8,136.02,201.89,Venda
SKU_1708_FRE,09/08/2025,Atacado,3,509.7,203.88,101.94,Venda
SKU_2090_LIG,09/08/2025,E-commerce,1,264.9,0.0,264.9,Venda
SKU_1702_LIG,09/08/2025,Varejo,2,1239.8,310.22,464.79,Venda
SKU_1417_SNO,09/08/2025,Varejo,3,839.7,138.96,233.58,Venda
SKU_1646_BLU,09/08/2025,Varejo,1,204.9,37.02,167.88,Venda
SKU_1725_BAB,09/08/2025,Varejo,2,489.8,83.44,203.18,Venda
SKU_1601_AQU,09/08/2025,Atacado,3,2204.7,661.41,514.43,Venda
SKU_1713_SAL,09/08/2025,Varejo,1,504.9,94.1,410.8,Venda
SKU_1730_MIN,09/08/2025,Atacado,5,1599.5,479.85,223.93,Venda
SKU_1777_FRE,09/08/2025,Atacado,3,719.7,215.91,167.93,Venda
SKU_1993_SAP,09/08/2025,Atacado,8,1639.2,491.76,143.43,Venda
SKU_1563_WHI,09/08/2025,Varejo,1,149.9,26.91,122.99,Venda
SKU_1983_GAR,09/08/2025,Atacado,4,899.6,359.84,134.94,Venda
SKU_1393_COB,09/08/2025,Varejo,1,309.9,47.35,262.55,Venda
SKU_1791_IVO,09/08/2025,Atacado,5,1324.5,463.55,172.19,Venda
SKU_1746_EME,09/08/2025,Varejo,2,359.8,68.48,145.66,Venda
SKU_1663_FLA,09/08/2025,Atacado,5,3974.5,1192.35,556.43,Venda
SKU_1736_PAS,09/08/2025,Varejo,1,324.9,74.79,250.11,Venda
SKU_1704_PEA,09/08/2025,Varejo,1,334.9,69.3,265.6,Venda
SKU_1763_HOT,09/08/2025,Varejo,1,299.9,61.25,238.65,Venda
SKU_1750_SNO,09/08/2025,Atacado,2,739.8,221.94,258.93,Venda
SKU_2081_PAL,09/08/2025,Varejo,1,389.9,0.0,389.9,Venda
SKU_1732_WHI,09/08/2025,Varejo,1,1114.9,190.8,924.1,Venda
SKU_1720_PAS,09/08/2025,Varejo,1,224.9,43.44,181.46,Venda
SKU_1777_FRE,09/08/2025,Atacado,6,1439.4,503.76,155.94,Venda
SKU_1721_FRE,09/08/2025,E-commerce,1,419.9,111.74,308.16,Venda
SKU_1403_AQU,09/08/2025,Atacado,10,3849.0,1347.1,250.19,Venda
SKU_1789_EME,09/08/2025,Atacado,4,1079.6,377.84,175.44,Venda
SKU_1788_MYS,09/08/2025,Atacado,4,999.6,299.88,174.93,Venda
SKU_1719_OFF,09/08/2025,Varejo,2,639.8,177.88,230.96,Venda
SKU_1639_WHI,09/08/2025,Atacado,6,1139.4,341.82,132.93,Venda
SKU_1462_OFF,09/08/2025,E-commerce,1,364.9,61.14,303.76,Venda
SKU_1774_COB,09/08/2025,Atacado,12,2458.8,737.64,143.43,Venda
SKU_1724_PIN,09/08/2025,Atacado,5,5574.5,1672.35,780.43,Venda
SKU_1457_MAG,09/08/2025,Atacado,2,319.8,111.92,103.94,Venda
SKU_1666_FUC,09/08/2025,Atacado,3,2399.7,839.88,519.94,Venda
SKU_1705_JAD,09/08/2025,E-commerce,1,409.9,113.31,296.59,Venda
SKU_1770_JAD,09/08/2025,Atacado,6,1319.4,395.82,153.93,Venda
SKU_1732_WHI,09/08/2025,Atacado,5,5574.5,1951.1,724.68,Venda
SKU_1776_BIR,09/08/2025,Varejo,1,329.9,97.09,232.81,Venda
SKU_1741_PIN,09/08/2025,Varejo,1,239.9,65.73,174.17,Venda
SKU_1493_CLO,09/08/2025,E-commerce,1,329.9,69.48,260.42,Venda
SKU_1783_EGR,09/08/2025,Varejo,1,1199.9,349.45,850.45,Venda
SKU_1704_PEA,09/08/2025,Varejo,3,1004.7,152.73,283.99,Venda
SKU_1461_PRI,09/08/2025,Atacado,5,5349.5,1604.85,748.93,Venda
SKU_1747_FUC,09/08/2025,Varejo,1,174.9,39.3,135.6,Venda
SKU_1797_GAR,09/08/2025,Varejo,2,759.8,122.54,318.63,Venda
SKU_1791_IVO,09/08/2025,Atacado,4,1059.6,370.84,172.19,Venda
SKU_1767_FUC,09/08/2025,E-commerce,1,204.9,52.5,152.4,Venda
SKU_1463_DUS,09/08/2025,Atacado,3,779.7,272.88,168.94,Venda
SKU_1745_PEA,09/08/2025,Varejo,3,1229.7,298.56,310.38,Venda
SKU_1768_MIN,09/08/2025,E-commerce,1,624.9,177.73,447.17,Venda
SKU_1669_TEA,09/08/2025,E-commerce,1,199.9,50.0,149.9,Venda
SKU_1768_MIN,09/08/2025,Varejo,2,1249.8,246.18,501.81,Venda
SKU_1572_MAR,09/08/2025,Atacado,4,559.6,195.84,90.94,Venda
SKU_1551_DUS,09/08/2025,Atacado,5,1099.5,439.8,131.94,Venda
SKU_2022_SHO,09/08/2025,Atacado,5,1399.5,559.8,167.94,Venda
SKU_1784_EGR,09/08/2025,E-commerce,1,309.9,84.72,225.18,Venda
SKU_1770_DEE,09/08/2025,Atacado,5,1099.5,329.85,153.93,Venda
SKU_1762_DEN,09/08/2025,Atacado,3,764.7,305.88,152.94,Venda
SKU_1520_GAR,09/08/2025,Atacado,6,1349.4,404.82,157.43,Venda
SKU_1688_WHI,09/08/2025,Atacado,4,1719.6,515.88,300.93,Venda
SKU_1750_MIN,09/08/2025,Atacado,8,2959.2,887.76,258.93,Venda
SKU_1680_NAV,09/08/2025,Atacado,5,1674.5,502.35,234.43,Venda
SKU_1731_MIN,09/08/2025,Varejo,1,909.9,218.44,691.46,Venda
SKU_1799_DEN,09/08/2025,Atacado,4,1079.6,323.88,188.93,Venda
SKU_1700_HUN,09/08/2025,E-commerce,1,699.9,208.68,491.22,Venda
SKU_1706_JAD,09/08/2025,Atacado,4,739.6,221.88,129.43,Venda
SKU_1486_OLI,09/08/2025,E-commerce,1,289.9,45.63,244.27,Venda
SKU_1731_ARM,09/08/2025,Atacado,2,1819.8,545.94,636.93,Venda
SKU_1698_PRI,09/08/2025,E-commerce,1,419.9,121.94,297.96,Venda
SKU_1727_LIG,09/08/2025,E-commerce,1,154.9,24.11,130.79,Venda
SKU_1559_SKY,09/08/2025,Atacado,5,5999.5,1799.85,839.93,Venda
SKU_1692_BLU,09/08/2025,E-commerce,1,219.9,54.96,164.94,Venda
SKU_1720_PAL,09/08/2025,Atacado,4,899.6,314.88,146.18,Venda
SKU_1781_AQU,09/08/2025,Atacado,4,519.6,155.88,90.93,Venda
SKU_1763_HOT,09/08/2025,Atacado,5,1499.5,449.85,209.93,Venda
SKU_1788_MYS,09/08/2025,Atacado,5,1249.5,499.8,149.94,Venda
SKU_1694_SER,09/08/2025,E-commerce,1,279.9,49.13,230.77,Venda
SKU_1726_BUB,09/08/2025,Varejo,1,429.9,124.27,305.63,Venda
SKU_1614_IVO,09/08/2025,E-commerce,1,444.9,95.52,349.38,Venda
SKU_1598_NAV,09/08/2025,Varejo,1,489.9,135.74,354.16,Venda
SKU_1626_BAB,09/08/2025,Varejo,1,539.9,147.21,392.69,Venda
SKU_1545_TEA,09/08/2025,Atacado,2,519.8,155.94,181.93,Venda
SKU_1457_MAG,09/08/2025,E-commerce,1,159.9,40.46,119.44,Venda
SKU_1755_AQU,09/08/2025,Varejo,3,1004.7,262.26,247.48,Venda
SKU_1523_HOT,09/08/2025,Varejo,2,749.8,141.46,304.17,Venda
SKU_1697_PIS,09/08/2025,Atacado,4,879.6,307.84,142.94,Venda
SKU_1401_BLU,09/08/2025,E-commerce,1,239.9,45.87,194.03,Venda
SKU_1699_COB,09/08/2025,Varejo,1,329.9,87.45,242.45,Venda
SKU_1690_MYS,09/08/2025,Atacado,4,2159.6,863.84,323.94,Venda
SKU_1682_BIR,09/08/2025,Varejo,1,234.9,68.69,166.21,Venda
SKU_1742_EME,09/08/2025,Atacado,8,2079.2,831.68,155.94,Venda
SKU_1785_HUN,09/08/2025,Varejo,1,244.9,40.29,204.61,Venda
SKU_1576_AQU,09/08/2025,Varejo,1,244.9,67.02,177.88,Venda
SKU_1707_SAP,09/08/2025,Varejo,1,279.9,70.48,209.42,Venda
SKU_1914_SNO,09/08/2025,Varejo,2,399.8,0.0,199.9,Venda
SKU_1502_VAN,09/08/2025,Varejo,3,629.7,143.16,162.18,Venda
SKU_1718_DUS,09/08/2025,Varejo,1,369.9,87.5,282.4,Venda
SKU_1751_BLU,09/08/2025,Atacado,4,1319.6,395.88,230.93,Venda
SKU_1763_MAR,09/08/2025,Atacado,4,1199.6,359.88,209.93,Venda
SKU_1420_EGR,09/08/2025,Atacado,4,3959.6,1187.88,692.93,Venda
SKU_1752_SPA,09/08/2025,Atacado,6,2579.4,773.82,300.93,Venda
SKU_1696_SHO,09/08/2025,E-commerce,2,559.8,111.38,224.21,Venda
SKU_1760_OFF,09/08/2025,Varejo,3,749.7,187.38,187.44,Venda
SKU_1752_SNO,09/08/2025,Atacado,12,5158.8,1805.52,279.44,Venda
SKU_1759_COB,09/08/2025,Varejo,1,269.9,60.9,209.0,Venda
SKU_1710_OLI,09/08/2025,Atacado,5,4049.5,1619.8,485.94,Venda
SKU_1760_PAS,09/08/2025,Atacado,10,2499.0,999.6,149.94,Venda
SKU_1396_PAS,09/08/2025,Varejo,4,539.6,96.36,110.81,Venda
SKU_1710_MEX,09/08/2025,Atacado,3,2429.7,850.38,526.44,Venda
SKU_1619_PAS,09/08/2025,Atacado,5,999.5,399.8,119.94,Venda
SKU_1777_FRE,09/08/2025,Varejo,4,959.6,220.68,184.73,Venda
SKU_1699_CLO,09/08/2025,Varejo,1,329.9,81.16,248.74,Venda
SKU_1539_BLA,09/08/2025,E-commerce,1,349.9,94.18,255.72,Venda
SKU_1409_PEA,09/08/2025,Atacado,3,629.7,220.38,136.44,Venda
SKU_1712_MOS,09/08/2025,Varejo,1,179.9,37.12,142.78,Venda
SKU_1748_BAB,09/08/2025,E-commerce,1,309.9,89.99,219.91,Venda
SKU_1776_BIR,09/08/2025,Atacado,10,3299.0,1154.6,214.44,Venda
SKU_1994_LIM,09/08/2025,Varejo,1,269.9,0.0,269.9,Venda
SKU_1733_NAV,09/08/2025,Atacado,2,699.8,244.92,227.44,Venda
SKU_1875_BIR,09/08/2025,Varejo,1,174.9,0.0,174.9,Venda
SKU_1788_EME,09/08/2025,Atacado,8,1999.2,699.68,162.44,Venda
SKU_1772_SNO,09/08/2025,Atacado,2,829.8,290.42,269.69,Venda
SKU_1724_PEA,09/08/2025,Atacado,4,4459.6,1337.88,780.43,Venda
SKU_1800_SKY,09/08/2025,Varejo,1,279.9,83.25,196.65,Venda
SKU_1751_BLU,09/08/2025,Atacado,10,3299.0,1319.6,197.94,Venda
SKU_1762_DEN,09/08/2025,Atacado,4,1019.6,305.88,178.43,Venda
SKU_1704_BAB,09/08/2025,Varejo,1,334.9,99.49,235.41,Venda
SKU_1776_BIR,09/08/2025,Atacado,8,2639.2,923.68,214.44,Venda
SKU_1794_FLA,09/08/2025,Atacado,2,419.8,146.92,136.44,Venda
SKU_1724_PEA,09/08/2025,Atacado,5,5574.5,1951.1,724.68,Venda
SKU_1786_POW,09/08/2025,Atacado,6,1079.4,323.82,125.93,Venda
SKU_1765_PAS,09/08/2025,Atacado,8,2079.2,831.68,155.94,Venda
SKU_1505_SNO,09/08/2025,Atacado,8,1879.2,563.76,164.43,Venda
SKU_1400_FOR,09/08/2025,Varejo,3,629.7,110.46,173.08,Venda
SKU_1573_SAG,09/08/2025,Atacado,10,10249.0,3587.2,666.18,Venda
SKU_1397_BUB,09/08/2025,Varejo,1,234.9,59.66,175.24,Venda
SKU_1978_BAL,09/08/2025,Atacado,6,1499.4,524.76,162.44,Venda
SKU_2005_TEA,09/08/2025,Atacado,8,1439.2,503.68,116.94,Venda
SKU_1973_SKY,09/08/2025,Atacado,4,1279.6,447.84,207.94,Venda
SKU_1480_SNO,09/08/2025,Varejo,1,369.9,77.39,292.51,Venda
SKU_1708_FLA,09/08/2025,Varejo,1,169.9,49.39,120.51,Venda
SKU_1713_SAL,09/08/2025,Varejo,1,504.9,142.36,362.54,Venda
SKU_1505_BLU,09/08/2025,Atacado,3,704.7,211.41,164.43,Venda
SKU_1427_BLA,09/08/2025,Varejo,1,199.9,52.38,147.52,Venda
SKU_1419_WHI,09/08/2025,Varejo,2,499.8,125.54,187.13,Venda
SKU_2052_NAV,09/08/2025,Varejo,2,599.8,41.98,278.91,Venda
SKU_1707_SAP,09/08/2025,Atacado,12,3358.8,1343.52,167.94,Venda
SKU_2089_CLO,09/08/2025,Varejo,1,494.9,34.64,460.26,Venda
SKU_1796_SHO,09/08/2025,Varejo,1,504.9,126.65,378.25,Venda
SKU_1725_BAB,09/08/2025,Varejo,1,244.9,57.87,187.03,Venda
SKU_1652_MOS,09/08/2025,Varejo,1,219.9,43.22,176.68,Venda
SKU_1481_TEA,09/08/2025,Atacado,3,2429.7,728.91,566.93,Venda
SKU_1753_WHI,09/08/2025,Atacado,10,7899.0,2369.7,552.93,Venda
SKU_1537_SAP,09/08/2025,Varejo,4,1019.6,295.8,180.95,Venda
SKU_1795_RAS,09/08/2025,Varejo,2,599.8,166.6,216.6,Venda
SKU_1480_SNO,09/08/2025,E-commerce,1,369.9,56.89,313.01,Venda
SKU_1931_COR,09/08/2025,Varejo,1,744.9,0.0,744.9,Venda
SKU_1684_SHO,09/08/2025,Varejo,1,184.9,54.02,130.88,Venda
SKU_1614_VAN,09/08/2025,Varejo,1,444.9,99.46,345.44,Venda
SKU_1474_DEN,09/08/2025,Varejo,1,1059.9,190.06,869.84,Venda
SKU_1628_POW,09/08/2025,Atacado,8,4399.2,1539.68,357.44,Venda
SKU_1410_JAD,09/08/2025,Atacado,6,6839.4,2735.76,683.94,Venda
SKU_1593_LIG,09/08/2025,Atacado,10,1449.0,507.2,94.18,Venda
SKU_1859_PEA,09/08/2025,Atacado,4,1719.6,515.88,300.93,Venda
SKU_1408_FUC,09/08/2025,Atacado,4,3679.6,1287.84,597.94,Venda
SKU_1787_BAB,09/08/2025,Varejo,2,579.8,128.72,225.54,Venda
SKU_1701_BLU,09/08/2025,Atacado,10,3399.0,1019.7,237.93,Venda
SKU_1797_GAR,09/08/2025,Atacado,2,759.8,303.92,227.94,Venda
SKU_1768_MIN,09/08/2025,Varejo,1,624.9,182.84,442.06,Venda
SKU_1771_EME,09/08/2025,Varejo,2,529.8,103.94,212.93,Venda
SKU_1735_MOS,09/08/2025,Varejo,1,269.9,74.22,195.68,Venda
SKU_1441_COB,09/08/2025,Varejo,1,1154.9,318.41,836.49,Venda
SKU_1757_PIN,09/08/2025,Varejo,1,264.9,45.33,219.57,Venda
SKU_1752_SPA,09/08/2025,Varejo,1,429.9,84.21,345.69,Venda
SKU_1702_COR,09/08/2025,Atacado,8,4959.2,1735.68,402.94,Venda
SKU_1569_WHI,09/08/2025,Atacado,4,879.6,263.88,153.93,Venda
SKU_1867_TEA,09/08/2025,Atacado,3,599.7,209.88,129.94,Venda
SKU_1459_CRE,09/08/2025,Varejo,1,209.9,42.47,167.43,Venda
SKU_1442_EME,09/08/2025,Atacado,4,1159.6,405.84,188.44,Venda
SKU_1695_LIM,09/08/2025,Atacado,6,1259.4,440.76,136.44,Venda
SKU_1743_DEE,09/08/2025,E-commerce,1,439.9,124.42,315.48,Venda
SKU_1668_VAN,09/08/2025,Atacado,5,1349.5,404.85,188.93,Venda
SKU_1510_ROS,09/08/2025,Atacado,5,4174.5,1461.05,542.69,Venda
SKU_1710_MEX,09/08/2025,Atacado,4,3239.6,971.88,566.93,Venda
SKU_1828_FLA,09/08/2025,Varejo,2,489.8,0.0,244.9,Venda
SKU_1693_MEX,09/08/2025,Atacado,6,1229.4,430.32,133.18,Venda
SKU_1767_FUC,09/08/2025,Atacado,12,2458.8,737.64,143.43,Venda
SKU_1748_COB,09/08/2025,Varejo,1,309.9,79.87,230.03,Venda
SKU_1739_AQU,09/08/2025,Atacado,5,1274.5,382.35,178.43,Venda
SKU_1660_MAG,09/08/2025,Varejo,1,314.9,49.1,265.8,Venda
SKU_1695_LIM,09/08/2025,Atacado,2,419.8,188.92,115.44,Venda
SKU_1690_MAG,09/08/2025,E-commerce,2,1079.8,300.58,389.61,Venda
SKU_1519_BLU,09/08/2025,Varejo,1,629.9,136.48,493.42,Venda
SKU_1734_FRE,09/08/2025,Atacado,4,1399.6,419.88,244.93,Venda
SKU_1692_BLU,09/08/2025,Varejo,2,439.8,73.48,183.16,Venda
SKU_1574_GAR,09/08/2025,Varejo,1,604.9,166.85,438.05,Venda
SKU_1949_VAN,09/08/2025,Atacado,5,824.5,329.8,98.94,Venda
SKU_1723_MOS,09/08/2025,Atacado,3,1304.7,456.63,282.69,Venda
SKU_1734_FRE,09/08/2025,Varejo,1,349.9,100.33,249.57,Venda
SKU_1538_MAG,09/08/2025,E-commerce,1,209.9,54.64,155.26,Venda
SKU_1544_OLI,09/08/2025,Atacado,3,599.7,209.88,129.94,Venda
SKU_1680_NAV,09/08/2025,Varejo,3,1004.7,211.26,264.48,Venda
SKU_1714_MID,09/08/2025,Atacado,5,1524.5,533.55,198.19,Venda
SKU_1787_BAB,09/08/2025,Atacado,2,579.8,202.92,188.44,Venda
SKU_1801_MOS,09/08/2025,Varejo,1,374.9,63.6,311.3,Venda
SKU_1822_ARM,09/08/2025,E-commerce,1,309.9,0.0,309.9,Venda
SKU_1764_MAR,09/08/2025,Atacado,4,939.6,328.88,152.68,Venda
SKU_1786_TEA,09/08/2025,E-commerce,1,179.9,38.15,141.75,Venda
SKU_1733_NAV,09/08/2025,Atacado,8,2799.2,839.76,244.93,Venda
SKU_1730_MIN,09/08/2025,Atacado,4,1279.6,447.84,207.94,Venda
SKU_1431_CRE,09/08/2025,E-commerce,1,369.9,59.81,310.09,Venda
SKU_1750_MIN,09/08/2025,Varejo,1,369.9,78.81,291.09,Venda
SKU_1680_SEA,09/08/2025,E-commerce,1,334.9,67.65,267.25,Venda
SKU_1755_AQU,09/08/2025,Atacado,8,2679.2,937.68,217.69,Venda
SKU_1546_IVO,09/08/2025,Varejo,1,174.9,51.86,123.04,Venda
SKU_1414_DUS,09/08/2025,Varejo,1,339.9,51.38,288.52,Venda
SKU_1723_MOS,09/08/2025,Atacado,4,1739.6,608.84,282.69,Venda
SKU_1418_CLE,09/08/2025,Varejo,1,844.9,248.7,596.2,Venda
SKU_1631_BAL,09/08/2025,Atacado,6,1079.4,323.82,125.93,Venda
SKU_1788_MYS,09/08/2025,Atacado,3,749.7,262.38,162.44,Venda
SKU_1741_PEA,09/08/2025,Varejo,1,239.9,37.45,202.45,Venda
SKU_1706_JAD,09/08/2025,Varejo,1,184.9,47.8,137.1,Venda
SKU_1754_IVO,09/08/2025,E-commerce,1,339.9,96.45,243.45,Venda
SKU_1995_WHI,09/08/2025,Varejo,3,704.7,0.0,234.9,Venda
SKU_1428_COB,09/08/2025,Varejo,1,489.9,106.8,383.1,Venda
SKU_1398_AQU,09/08/2025,Atacado,6,4049.4,1214.82,472.43,Venda
SKU_1515_SEA,09/08/2025,Atacado,5,974.5,292.35,136.43,Venda
SKU_1724_PEA,09/08/2025,E-commerce,1,1114.9,242.71,872.19,Venda
SKU_1782_NAV,09/08/2025,Atacado,5,1249.5,374.85,174.93,Venda
SKU_1415_BAB,09/08/2025,Varejo,2,709.8,157.98,275.91,Venda
SKU_1684_SHO,09/08/2025,Varejo,1,184.9,32.65,152.25,Venda
SKU_1733_SAG,09/08/2025,E-commerce,1,349.9,56.08,293.82,Venda
SKU_1748_BAB,09/08/2025,E-commerce,1,309.9,70.72,239.18,Venda
SKU_1757_PIN,09/08/2025,Atacado,4,1059.6,317.88,185.43,Venda
SKU_1781_AQU,09/08/2025,Atacado,3,389.7,116.91,90.93,Venda
SKU_1696_SHO,09/08/2025,Varejo,1,279.9,69.19,210.71,Venda
SKU_1745_PEA,09/08/2025,Varejo,2,819.8,205.86,306.97,Venda
SKU_1515_SEA,09/08/2025,Varejo,1,194.9,39.05,155.85,Venda
SKU_1704_PEA,09/08/2025,Varejo,3,1004.7,286.62,239.36,Venda
SKU_1753_WHI,09/08/2025,Varejo,1,789.9,166.45,623.45,Venda
SKU_2073_PAL,09/08/2025,Varejo,1,289.9,0.0,289.9,Venda
SKU_1720_PAS,09/08/2025,Varejo,2,449.8,79.22,185.29,Venda
SKU_2089_EGR,09/08/2025,Varejo,1,494.9,34.64,460.26,Venda
SKU_1783_EGR,09/08/2025,Atacado,3,3599.7,1259.88,779.94,Venda
SKU_1729_CLE,09/08/2025,Atacado,6,1049.4,314.82,122.43,Venda
SKU_1814_PRI,09/08/2025,Atacado,6,2279.4,683.82,265.93,Venda
SKU_1766_CLE,09/08/2025,E-commerce,1,394.9,117.47,277.43,Venda
SKU_1698_SNO,09/08/2025,E-commerce,1,419.9,92.6,327.3,Venda
SKU_1779_MIN,09/08/2025,Atacado,10,2149.0,859.6,128.94,Venda
SKU_1729_CLE,09/08/2025,Varejo,1,174.9,44.51,130.39,Venda
SKU_1736_JAD,09/08/2025,Atacado,3,974.7,341.13,211.19,Venda
SKU_1773_OLI,09/08/2025,E-commerce,1,324.9,69.34,255.56,Venda
SKU_1776_PAS,09/08/2025,Atacado,4,1319.6,395.88,230.93,Venda
SKU_1610_PRI,09/08/2025,E-commerce,1,184.9,43.98,140.92,Venda
SKU_1548_CLO,09/08/2025,Atacado,6,2849.4,854.82,332.43,Venda
SKU_1752_SNO,09/08/2025,Atacado,6,2579.4,1031.76,257.94,Venda
SKU_1413_JAD,09/08/2025,Varejo,1,184.9,36.27,148.63,Venda
SKU_1775_PAS,09/08/2025,Varejo,2,559.8,98.26,230.77,Venda
SKU_1742_EME,09/08/2025,Varejo,1,259.9,59.76,200.14,Venda
SKU_1699_COB,09/08/2025,E-commerce,1,329.9,51.6,278.3,Venda
SKU_1691_HUN,09/08/2025,Varejo,1,309.9,85.05,224.85,Venda
SKU_1541_POW,09/08/2025,Varejo,1,674.9,120.64,554.26,Venda
SKU_1734_BRI,09/08/2025,Varejo,2,699.8,162.52,268.64,Venda
SKU_1723_COB,09/08/2025,Varejo,1,434.9,84.21,350.69,Venda
SKU_1765_PAS,09/08/2025,Atacado,3,779.7,272.88,168.94,Venda
SKU_1706_BLA,09/08/2025,Varejo,2,369.8,55.72,157.04,Venda
SKU_1772_SNO,09/08/2025,Varejo,1,414.9,81.05,333.85,Venda
SKU_1710_OLI,09/08/2025,Atacado,6,4859.4,1943.76,485.94,Venda
SKU_1783_BAB,09/08/2025,E-commerce,1,1199.9,220.76,979.14,Venda
SKU_1480_SNO,09/08/2025,Varejo,1,369.9,85.13,284.77,Venda
SKU_1714_DEE,09/08/2025,E-commerce,2,609.8,112.52,248.64,Venda
SKU_1643_PAS,09/08/2025,Varejo,1,224.9,47.84,177.06,Venda
SKU_1502_VAN,09/08/2025,Varejo,1,209.9,40.42,169.48,Venda
SKU_1761_SAP,09/08/2025,Varejo,1,1104.9,205.17,899.73,Venda
SKU_1511_CLE,09/08/2025,Atacado,12,11218.8,3365.64,654.43,Venda
SKU_1795_RAS,09/08/2025,E-commerce,1,299.9,55.36,244.54,Venda
SKU_1731_ARM,09/08/2025,Varejo,1,909.9,163.91,745.99,Venda
SKU_2092_EGR,09/08/2025,Atacado,5,1374.5,481.05,178.69,Venda
SKU_1718_SEA,09/08/2025,Atacado,6,2219.4,776.76,240.44,Venda
SKU_1686_SKY,09/08/2025,Varejo,1,214.9,46.9,168.0,Venda
SKU_1742_DEN,09/08/2025,Varejo,1,259.9,41.61,218.29,Venda
SKU_1521_FRE,09/08/2025,E-commerce,3,569.7,108.72,153.66,Venda
SKU_1755_BIR,09/08/2025,E-commerce,1,334.9,91.92,242.98,Venda
SKU_1787_BAB,09/08/2025,Atacado,4,1159.6,463.84,173.94,Venda
SKU_1739_MOS,09/08/2025,Atacado,2,509.8,152.94,178.43,Venda
SKU_1716_AQU,09/08/2025,E-commerce,1,164.9,31.84,133.06,Venda
SKU_1752_SNO,09/08/2025,Varejo,1,429.9,107.69,322.21,Venda
SKU_1458_MIN,09/08/2025,Varejo,1,349.9,58.72,291.18,Venda
SKU_1790_ROY,09/08/2025,Varejo,1,259.9,59.1,200.8,Venda
SKU_1725_OFF,09/08/2025,Varejo,1,244.9,36.79,208.11,Venda
SKU_1429_MAG,09/08/2025,Varejo,2,379.8,91.92,143.94,Venda
SKU_1790_ROY,09/08/2025,Varejo,1,259.9,53.84,206.06,Venda
SKU_1781_CLE,09/08/2025,Varejo,1,129.9,34.36,95.54,Venda
SKU_1541_AQU,09/08/2025,Atacado,8,5399.2,1889.68,438.69,Venda
SKU_1676_PIN,09/08/2025,Varejo,1,169.9,34.95,134.95,Venda
SKU_1788_MYS,09/08/2025,E-commerce,1,249.9,43.81,206.09,Venda
SKU_1839_DUS,09/08/2025,Varejo,2,589.8,0.0,294.9,Venda
SKU_1778_MIN,09/08/2025,E-commerce,1,284.9,75.19,209.71,Venda
SKU_1688_WHI,09/08/2025,E-commerce,3,1289.7,284.43,335.09,Venda
SKU_1688_LIG,09/08/2025,Atacado,5,2149.5,752.3,279.44,Venda
SKU_1749_SNO,09/08/2025,Varejo,1,349.9,95.68,254.22,Venda
SKU_1432_WHI,09/08/2025,Atacado,6,4319.4,1295.82,503.93,Venda
SKU_1747_FUC,09/08/2025,Varejo,1,174.9,31.96,142.94,Venda
SKU_1639_FRE,09/08/2025,Varejo,1,189.9,39.13,150.77,Venda
SKU_1748_BAB,09/08/2025,Varejo,2,619.8,156.6,231.6,Venda
SKU_1784_BLA,09/08/2025,Atacado,6,1859.4,557.82,216.93,Venda
SKU_1740_FRE,09/08/2025,Atacado,2,429.8,171.92,128.94,Venda
SKU_1695_LIM,09/08/2025,Varejo,2,419.8,108.3,155.75,Venda
SKU_1748_COB,09/08/2025,Atacado,6,1859.4,557.82,216.93,Venda
SKU_1755_BIR,09/08/2025,Atacado,2,669.8,267.92,200.94,Venda
SKU_1481_BLA,09/08/2025,Atacado,3,2429.7,850.38,526.44,Venda
SKU_1485_CER,09/08/2025,Varejo,1,664.9,114.75,550.15,Venda
SKU_1777_TUR,09/08/2025,Atacado,6,1439.4,431.82,167.93,Venda
SKU_1694_PIS,09/08/2025,Atacado,5,1399.5,489.8,181.94,Venda
SKU_1571_BIR,09/08/2025,Varejo,1,249.9,50.27,199.63,Venda
SKU_1587_LIG,09/08/2025,Atacado,2,459.8,137.94,160.93,Venda
SKU_1732_OFF,09/08/2025,Varejo,1,1114.9,259.54,855.36,Venda
SKU_1566_POW,09/08/2025,Atacado,5,5174.5,2069.8,620.94,Venda
SKU_1730_OFF,09/08/2025,Atacado,6,1919.4,671.76,207.94,Venda
SKU_1678_LIG,09/08/2025,Atacado,3,2144.7,750.63,464.69,Venda
SKU_1695_LIM,09/08/2025,E-commerce,1,209.9,31.64,178.26,Venda
SKU_1686_MOS,09/08/2025,E-commerce,1,214.9,42.63,172.27,Venda
SKU_1610_PRI,09/08/2025,E-commerce,2,369.8,63.86,152.97,Venda
SKU_1459_OFF,09/08/2025,Atacado,6,1259.4,440.76,136.44,Venda
SKU_1526_FOR,09/08/2025,Atacado,8,1359.2,475.68,110.44,Venda
SKU_1805_WHI,09/08/2025,Varejo,1,579.9,0.0,579.9,Venda
SKU_1474_BRI,09/08/2025,Atacado,3,3179.7,953.91,741.93,Venda
SKU_1748_COB,09/08/2025,E-commerce,1,309.9,60.89,249.01,Venda
SKU_1660_MAG,09/08/2025,Atacado,4,1259.6,440.84,204.69,Venda
SKU_1757_PIN,09/08/2025,Atacado,8,2119.2,635.76,185.43,Venda
SKU_1755_BIR,09/08/2025,Atacado,5,1674.5,502.35,234.43,Venda
SKU_1964_SAL,09/08/2025,Varejo,1,294.9,0.0,294.9,Venda
SKU_1710_OLI,09/08/2025,Atacado,2,1619.8,485.94,566.93,Venda
SKU_1747_TEA,09/08/2025,Atacado,3,524.7,183.66,113.68,Venda
SKU_1797_BLU,09/08/2025,E-commerce,1,379.9,99.66,280.24,Venda
SKU_1561_VAN,09/08/2025,E-commerce,1,349.9,73.12,276.78,Venda
SKU_1792_AQU,09/08/2025,Atacado,6,2639.4,791.82,307.93,Venda
SKU_1856_PAS,09/08/2025,Atacado,5,1624.5,568.55,211.19,Venda
SKU_1717_CRE,09/08/2025,Varejo,1,259.9,65.17,194.73,Venda
SKU_1524_BLU,09/08/2025,Varejo,1,369.9,61.16,308.74,Venda
SKU_1789_SNO,09/08/2025,Varejo,1,269.9,50.37,219.53,Venda
SKU_1591_HON,09/08/2025,Varejo,1,889.9,249.51,640.39,Venda
SKU_1794_FLA,09/08/2025,E-commerce,3,629.7,188.07,147.21,Venda
SKU_1748_BAB,09/08/2025,Varejo,1,309.9,54.31,255.59,Venda
SKU_1470_MAR,09/08/2025,Atacado,4,3679.6,1103.88,643.93,Venda
SKU_1725_BAB,09/08/2025,Varejo,1,244.9,51.02,193.88,Venda
SKU_1775_PAS,09/08/2025,Varejo,1,279.9,53.37,226.53,Venda
SKU_1507_PAS,09/08/2025,Atacado,5,899.5,269.85,125.93,Venda
SKU_1750_SNO,09/08/2025,Varejo,2,739.8,188.86,275.47,Venda
SKU_1703_BLU,09/08/2025,Varejo,1,269.9,70.15,199.75,Venda
SKU_1767_PRI,09/08/2025,Varejo,1,204.9,60.56,144.34,Venda
SKU_1763_MAR,09/08/2025,Atacado,5,1499.5,449.85,209.93,Venda
SKU_1795_RAS,09/08/2025,Varejo,1,299.9,48.25,251.65,Venda
SKU_1711_ARM,09/08/2025,Atacado,8,7959.2,3183.68,596.94,Venda
SKU_1733_NAV,09/08/2025,Varejo,2,699.8,143.86,277.97,Venda
SKU_1651_SAL,09/08/2025,E-commerce,1,264.9,59.63,205.27,Venda
SKU_1780_LIG,09/08/2025,Varejo,1,334.9,79.59,255.31,Venda
SKU_1737_DEE,09/08/2025,Atacado,5,3849.5,1154.85,538.93,Venda
SKU_1682_BIR,09/08/2025,Varejo,1,234.9,50.61,184.29,Venda
SKU_1539_BLA,09/08/2025,Varejo,1,349.9,57.66,292.24,Venda
SKU_1783_BAB,09/08/2025,E-commerce,1,1199.9,252.58,947.32,Venda
SKU_1763_HOT,09/08/2025,E-commerce,1,299.9,74.56,225.34,Venda
SKU_1941_MIN,09/08/2025,Varejo,1,1049.9,0.0,1049.9,Venda
SKU_1442_EME,09/08/2025,Varejo,1,289.9,63.38,226.52,Venda
SKU_1743_DEE,09/08/2025,Atacado,6,2639.4,791.82,307.93,Venda
SKU_1729_CLE,09/08/2025,Atacado,2,349.8,122.44,113.68,Venda
SKU_1722_AQU,09/08/2025,E-commerce,1,324.9,81.06,243.84,Venda
SKU_1462_MID,09/08/2025,Atacado,8,2919.2,875.76,255.43,Venda
SKU_1572_MAR,09/08/2025,Atacado,10,1399.0,489.6,90.94,Venda
SKU_1493_CLO,09/08/2025,Varejo,1,329.9,70.61,259.29,Venda
SKU_2101_BUB,09/08/2025,Atacado,4,979.6,293.88,171.43,Venda
SKU_1526_POW,09/08/2025,E-commerce,1,169.9,25.56,144.34,Venda
SKU_1558_MEX,09/08/2025,Atacado,8,2639.2,923.68,214.44,Venda
SKU_1854_MID,09/08/2025,Varejo,1,184.9,0.0,184.9,Venda
SKU_1740_OLI,09/08/2025,E-commerce,1,214.9,46.87,168.03,Venda
SKU_1780_LIG,09/08/2025,Varejo,3,1004.7,286.05,239.55,Venda
SKU_1724_PIN,09/08/2025,E-commerce,3,3344.7,960.6,794.7,Venda
SKU_1732_OFF,09/08/2025,Varejo,1,1114.9,278.33,836.57,Venda
SKU_1710_MEX,09/08/2025,Atacado,2,1619.8,647.92,485.94,Venda
SKU_1646_BLU,09/08/2025,Varejo,1,204.9,45.72,159.18,Venda
SKU_1424_BAB,09/08/2025,Varejo,1,994.9,205.99,788.91,Venda
SKU_1739_AQU,09/08/2025,Varejo,1,254.9,44.83,210.07,Venda
SKU_1706_JAD,09/08/2025,Atacado,5,924.5,323.6,120.18,Venda
SKU_1761_MOS,09/08/2025,Atacado,3,3314.7,994.41,773.43,Venda
SKU_1743_CLO,09/08/2025,Varejo,2,879.8,188.1,345.85,Venda
SKU_1779_MIN,09/08/2025,Atacado,12,2578.8,1031.52,128.94,Venda
SKU_1699_COB,09/08/2025,Atacado,8,2639.2,1055.68,197.94,Venda
SKU_1897_SHO,09/08/2025,Varejo,2,469.8,0.0,234.9,Venda
SKU_1684_HON,09/08/2025,Varejo,1,184.9,48.2,136.7,Venda
SKU_1673_PEA,09/08/2025,Varejo,3,1229.7,260.28,323.14,Venda
SKU_1512_MYS,09/08/2025,Atacado,5,1124.5,449.8,134.94,Venda
SKU_1651_SAL,09/08/2025,Varejo,1,264.9,62.93,201.97,Venda
SKU_1765_MYS,09/08/2025,E-commerce,1,259.9,45.39,214.51,Venda
SKU_1720_PAL,09/08/2025,Varejo,1,224.9,36.62,188.28,Venda
SKU_1763_MAR,09/08/2025,E-commerce,1,299.9,88.68,211.22,Venda
SKU_1488_PEA,09/08/2025,E-commerce,1,339.9,96.88,243.02,Venda
SKU_1708_FLA,09/08/2025,Varejo,1,169.9,46.24,123.66,Venda
SKU_1518_CLE,09/08/2025,Atacado,6,1409.4,493.32,152.68,Venda
SKU_1745_FOR,09/08/2025,Varejo,2,819.8,197.18,311.31,Venda
SKU_1711_VAN,09/08/2025,Atacado,5,4974.5,1492.35,696.43,Venda
SKU_1745_FOR,09/08/2025,Atacado,4,1639.6,491.88,286.93,Venda
SKU_1788_MYS,09/08/2025,Atacado,10,2499.0,749.7,174.93,Venda
SKU_1748_BAB,09/08/2025,Atacado,2,619.8,247.92,185.94,Venda
SKU_1725_OFF,09/08/2025,Varejo,1,244.9,52.23,192.67,Venda
SKU_1710_OLI,09/08/2025,Atacado,3,2429.7,971.88,485.94,Venda
SKU_1787_BAB,09/08/2025,Atacado,2,579.8,202.92,188.44,Venda
SKU_1481_BLA,09/08/2025,Varejo,1,809.9,163.53,646.37,Venda
SKU_1789_SNO,09/08/2025,Atacado,4,1079.6,377.84,175.44,Venda
SKU_1775_PAS,09/08/2025,Atacado,5,1399.5,419.85,195.93,Venda
SKU_1704_PEA,09/08/2025,Varejo,2,669.8,109.18,280.31,Venda
SKU_1706_BLA,09/08/2025,Atacado,5,924.5,323.6,120.18,Venda
SKU_1449_BLA,09/08/2025,Atacado,3,974.7,389.88,194.94,Venda
SKU_1785_PAS,09/08/2025,Varejo,1,244.9,63.87,181.03,Venda
SKU_1680_SEA,09/08/2025,Varejo,3,1004.7,272.64,244.02,Venda
SKU_1719_WHI,09/08/2025,Atacado,2,639.8,223.92,207.94,Venda
SKU_1763_MAR,09/08/2025,Varejo,1,299.9,82.01,217.89,Venda
SKU_1608_MID,09/08/2025,Varejo,2,609.8,125.48,242.16,Venda
SKU_1686_SKY,09/08/2025,Atacado,3,644.7,193.41,150.43,Venda
SKU_1649_FLA,09/08/2025,Varejo,1,234.9,39.99,194.91,Venda
SKU_1714_DEE,09/08/2025,E-commerce,1,304.9,88.15,216.75,Venda
SKU_1888_SEA,09/08/2025,Varejo,3,599.7,0.0,199.9,Venda
SKU_1711_ARM,09/08/2025,E-commerce,1,994.9,277.89,717.01,Venda
SKU_1411_BLU,09/08/2025,Varejo,2,449.8,96.38,176.71,Venda
SKU_1766_MYS,09/08/2025,Atacado,6,2369.4,947.76,236.94,Venda
SKU_1416_AQU,09/08/2025,Atacado,12,3358.8,1175.52,181.94,Venda
SKU_1774_MOS,09/08/2025,Atacado,10,2049.0,819.6,122.94,Venda
SKU_1734_BRI,09/08/2025,Varejo,1,349.9,69.45,280.45,Venda
SKU_1699_CLO,09/08/2025,Varejo,1,329.9,81.5,248.4,Venda
SKU_1619_IVO,09/08/2025,Varejo,1,199.9,30.45,169.45,Venda
SKU_1608_MID,09/08/2025,E-commerce,3,914.7,202.44,237.42,Venda
SKU_1521_MOS,09/08/2025,E-commerce,1,189.9,31.6,158.3,Venda
SKU_1706_JAD,09/08/2025,Atacado,2,369.8,147.92,110.94,Venda
SKU_1685_BIR,09/08/2025,Varejo,2,1329.8,220.68,554.56,Venda
SKU_1585_COR,09/08/2025,Varejo,1,319.9,91.68,228.22,Venda
SKU_1729_FUC,09/08/2025,E-commerce,1,174.9,40.78,134.12,Venda
SKU_1723_MOS,09/08/2025,E-commerce,1,434.9,121.16,313.74,Venda
SKU_1749_SNO,09/08/2025,E-commerce,1,349.9,83.13,266.77,Venda
SKU_1696_SER,09/08/2025,Varejo,1,279.9,78.3,201.6,Venda
SKU_1925_PRI,09/08/2025,Atacado,2,729.8,291.92,218.94,Venda
SKU_1757_PIN,09/08/2025,Varejo,1,264.9,64.12,200.78,Venda
SKU_1755_AQU,09/08/2025,Atacado,10,3349.0,1004.7,234.43,Venda
SKU_1685_BIR,09/08/2025,Atacado,6,3989.4,1396.26,432.19,Venda
SKU_1998_SAL,09/08/2025,Atacado,10,3549.0,1064.7,248.43,Venda
SKU_1469_SAL,09/08/2025,Varejo,2,589.8,133.12,228.34,Venda
SKU_1700_PIS,09/08/2025,Atacado,6,4199.4,1259.82,489.93,Venda
SKU_1712_NAV,09/08/2025,Atacado,5,899.5,314.8,116.94,Venda
SKU_1706_BLA,09/08/2025,Varejo,1,184.9,50.78,134.12,Venda
SKU_1736_JAD,09/08/2025,Atacado,2,649.8,227.42,211.19,Venda
SKU_1748_COB,09/08/2025,Atacado,10,3099.0,1084.6,201.44,Venda
SKU_1424_BAB,09/08/2025,E-commerce,1,994.9,180.79,814.11,Venda
SKU_1752_SNO,09/08/2025,Atacado,5,2149.5,752.3,279.44,Venda
SKU_1772_BLU,09/08/2025,Varejo,1,414.9,66.01,348.89,Venda
SKU_1796_OLI,09/08/2025,Varejo,1,504.9,102.23,402.67,Venda
SKU_1682_BIR,09/08/2025,E-commerce,2,469.8,140.0,164.9,Venda
SKU_1617_MIN,09/08/2025,Atacado,6,989.4,395.76,98.94,Venda
SKU_1788_EME,09/08/2025,Atacado,3,749.7,299.88,149.94,Venda
SKU_1707_SAP,09/08/2025,Varejo,1,279.9,64.44,215.46,Venda
SKU_1654_CRE,09/08/2025,Varejo,2,619.8,169.54,225.13,Venda
SKU_2006_PRI,09/08/2025,Atacado,5,4524.5,1583.55,588.19,Venda
SKU_1749_BIR,09/08/2025,Varejo,1,349.9,70.03,279.87,Venda
SKU_1992_DEE,09/08/2025,E-commerce,1,924.9,0.0,924.9,Venda
SKU_1453_SAP,09/08/2025,E-commerce,1,234.9,60.4,174.5,Venda
SKU_2061_POW,09/08/2025,Varejo,1,209.9,0.0,209.9,Venda
SKU_1694_PIS,09/08/2025,Atacado,6,1679.4,503.82,195.93,Venda
SKU_1542_PEA,09/08/2025,Atacado,8,3759.2,1315.68,305.44,Venda
SKU_1751_MIN,09/08/2025,Varejo,3,989.7,269.46,240.08,Venda
SKU_1469_SAL,09/08/2025,Atacado,10,2949.0,1032.1,191.69,Venda
SKU_1774_MOS,09/08/2025,Varejo,3,614.7,146.1,156.2,Venda
SKU_1752_SPA,09/08/2025,Atacado,8,3439.2,1031.76,300.93,Venda
SKU_1674_PAS,09/08/2025,Varejo,3,689.7,151.11,179.53,Venda
SKU_1689_MAG,09/08/2025,Varejo,1,964.9,181.27,783.63,Venda
SKU_1785_HUN,09/08/2025,Atacado,4,979.6,342.88,159.18,Venda
SKU_1697_MIN,09/08/2025,E-commerce,1,219.9,37.45,182.45,Venda
SKU_1754_SER,09/08/2025,Varejo,1,339.9,70.98,268.92,Venda
SKU_1728_EGR,09/08/2025,Atacado,3,989.7,296.91,230.93,Venda
SKU_1760_OFF,09/08/2025,Varejo,1,249.9,66.44,183.46,Venda
SKU_1581_BIR,09/08/2025,Atacado,6,5129.4,2051.76,512.94,Venda
SKU_1775_PAS,09/08/2025,Atacado,2,559.8,195.92,181.94,Venda
SKU_1548_CLO,09/08/2025,Atacado,2,949.8,284.94,332.43,Venda
SKU_1407_OFF,09/08/2025,Atacado,5,1074.5,376.1,139.68,Venda
SKU_1774_COB,09/08/2025,Atacado,4,819.6,286.88,133.18,Venda
SKU_1786_TEA,09/08/2025,Atacado,3,539.7,215.88,107.94,Venda
SKU_1731_ARM,09/08/2025,Atacado,6,5459.4,1637.82,636.93,Venda
SKU_1726_PAS,09/08/2025,Varejo,1,429.9,73.0,356.9,Venda
SKU_1712_NAV,09/08/2025,Varejo,1,179.9,51.0,128.9,Venda
SKU_1799_DEN,09/08/2025,Atacado,2,539.8,188.92,175.44,Venda
SKU_1739_AQU,09/08/2025,Atacado,6,1529.4,535.32,165.68,Venda
SKU_1696_SHO,09/08/2025,Varejo,1,279.9,56.27,223.63,Venda
SKU_1734_FRE,09/08/2025,Atacado,5,1749.5,612.3,227.44,Venda
SKU_1757_TUR,09/08/2025,E-commerce,1,264.9,45.89,219.01,Venda
SKU_1717_CRE,09/08/2025,Varejo,2,519.8,134.46,192.67,Venda
SKU_1794_FLA,09/08/2025,Varejo,2,419.8,103.4,158.2,Venda
SKU_1690_MAG,09/08/2025,Varejo,2,1079.8,304.84,387.48,Venda
SKU_1716_SAL,09/08/2025,Atacado,5,824.5,288.6,107.18,Venda
SKU_1689_MAG,09/08/2025,Atacado,12,11578.8,4052.64,627.18,Venda
SKU_1757_TUR,09/08/2025,Varejo,1,264.9,44.86,220.04,Venda
SKU_1683_PAL,09/08/2025,Atacado,3,944.7,330.63,204.69,Venda
SKU_1686_SKY,09/08/2025,Varejo,1,214.9,41.84,173.06,Venda
SKU_2097_ROS,09/08/2025,Varejo,1,199.9,0.0,199.9,Venda
SKU_1707_SAP,09/08/2025,Atacado,10,2799.0,1259.6,153.94,Venda
SKU_1775_PAL,09/08/2025,E-commerce,2,559.8,114.96,222.42,Venda
SKU_1733_NAV,09/08/2025,Atacado,4,1399.6,419.88,244.93,Venda
SKU_1769_EME,09/08/2025,E-commerce,1,324.9,62.24,262.66,Venda
SKU_1711_VAN,09/08/2025,Varejo,1,994.9,192.45,802.45,Venda
SKU_1767_FUC,09/08/2025,E-commerce,1,204.9,48.91,155.99,Venda
SKU_1783_EGR,09/08/2025,E-commerce,1,1199.9,295.66,904.24,Venda
SKU_1482_SHO,09/08/2025,Varejo,1,444.9,105.65,339.25,Venda
SKU_1795_HUN,09/08/2025,Atacado,8,2399.2,719.76,209.93,Venda
SKU_1703_PAS,09/08/2025,E-commerce,2,539.8,128.7,205.55,Venda
SKU_1800_MOS,09/08/2025,Varejo,2,559.8,90.92,234.44,Venda
SKU_2018_BAB,09/08/2025,Varejo,1,479.9,0.0,479.9,Venda
SKU_1504_NAV,09/08/2025,E-commerce,2,679.8,157.08,261.36,Venda
SKU_1531_SNO,09/08/2025,Atacado,8,4399.2,1319.76,384.93,Venda
SKU_1502_PEA,09/08/2025,Varejo,2,419.8,105.02,157.39,Venda
SKU_1750_MIN,09/08/2025,Atacado,8,2959.2,887.76,258.93,Venda
SKU_1747_TEA,09/08/2025,Atacado,8,1399.2,419.76,122.43,Venda
SKU_1451_BIR,09/08/2025,Varejo,2,489.8,89.64,200.08,Venda
SKU_1880_TUR,09/08/2025,Varejo,1,849.9,0.0,849.9,Venda
SKU_1789_SNO,09/08/2025,Atacado,6,1619.4,485.82,188.93,Venda
SKU_1703_BLU,09/08/2025,Atacado,8,2159.2,647.76,188.93,Venda
SKU_1800_SKY,09/08/2025,Atacado,6,1679.4,587.76,181.94,Venda
SKU_1738_BLU,09/08/2025,E-commerce,1,194.9,57.78,137.12,Venda
SKU_1693_MEX,09/08/2025,E-commerce,1,204.9,42.05,162.85,Venda
SKU_1795_HUN,09/08/2025,Atacado,8,2399.2,839.68,194.94,Venda
SKU_1586_JAD,09/08/2025,Varejo,3,914.7,190.53,241.39,Venda
SKU_1730_MIN,09/08/2025,E-commerce,1,319.9,73.76,246.14,Venda
SKU_1728_EGR,09/08/2025,Atacado,4,1319.6,527.84,197.94,Venda
SKU_1705_SER,09/08/2025,Varejo,1,409.9,75.99,333.91,Venda
SKU_1756_BUB,09/08/2025,Varejo,1,179.9,44.54,135.36,Venda
SKU_1700_HUN,09/08/2025,Varejo,2,1399.8,228.12,585.84,Venda
SKU_1718_DUS,09/08/2025,Varejo,1,369.9,68.12,301.78,Venda
SKU_1702_COR,09/08/2025,Atacado,2,1239.8,371.94,433.93,Venda
SKU_1938_CRE,09/08/2025,Varejo,1,899.9,0.0,899.9,Venda
SKU_1798_OFF,09/08/2025,Varejo,1,419.9,112.22,307.68,Venda
SKU_1758_CLO,09/08/2025,Atacado,5,899.5,314.8,116.94,Venda
SKU_1687_FOR,09/08/2025,Varejo,1,899.9,190.98,708.92,Venda
SKU_1537_BLA,09/08/2025,Atacado,4,1019.6,407.84,152.94,Venda
SKU_1498_LIG,09/08/2025,Atacado,3,1019.7,305.91,237.93,Venda
SKU_2032_WHI,09/08/2025,Atacado,6,1529.4,458.82,178.43,Venda
SKU_1916_HOT,09/08/2025,E-commerce,1,254.9,0.0,254.9,Venda
SKU_1716_AQU,09/08/2025,Atacado,8,1319.2,395.76,115.43,Venda
SKU_1642_OFF,09/08/2025,Atacado,12,2698.8,944.64,146.18,Venda
SKU_1766_CLE,09/08/2025,Atacado,6,2369.4,710.82,276.43,Venda
SKU_1528_DEN,09/08/2025,Atacado,8,1719.2,601.76,139.68,Venda
SKU_1723_COB,09/08/2025,Atacado,5,2174.5,869.8,260.94,Venda
SKU_1623_EGR,09/08/2025,Varejo,1,914.9,182.29,732.61,Venda
SKU_1526_FOR,09/08/2025,Atacado,6,1019.4,305.82,118.93,Venda
SKU_1697_MIN,09/08/2025,Atacado,5,1099.5,384.8,142.94,Venda
SKU_1647_BLA,09/08/2025,Atacado,4,1359.6,475.84,220.94,Venda
SKU_1717_MIN,09/08/2025,Atacado,6,1559.4,467.82,181.93,Venda
SKU_1764_FUC,09/08/2025,Atacado,3,704.7,281.88,140.94,Venda
SKU_1767_PRI,09/08/2025,Varejo,1,204.9,60.65,144.25,Venda
SKU_1713_SAL,09/08/2025,Varejo,4,2019.6,406.12,403.37,Venda
SKU_2018_OFF,09/08/2025,E-commerce,1,479.9,0.0,479.9,Venda
SKU_1718_DUS,09/08/2025,Varejo,1,369.9,74.36,295.54,Venda
SKU_1800_MOS,09/08/2025,Varejo,1,279.9,67.44,212.46,Venda
SKU_1685_COB,09/08/2025,Varejo,1,664.9,161.65,503.25,Venda
SKU_1389_BAB,09/08/2025,Varejo,2,279.8,70.6,104.6,Venda
SKU_1651_PAS,09/08/2025,E-commerce,1,264.9,44.38,220.52,Venda
SKU_1477_CLE,09/08/2025,Atacado,10,2249.0,787.2,146.18,Venda
SKU_1782_HUN,09/08/2025,E-commerce,1,249.9,72.88,177.02,Venda
SKU_1722_AQU,09/08/2025,Varejo,3,974.7,243.24,243.82,Venda
SKU_1719_OFF,09/08/2025,E-commerce,1,319.9,93.25,226.65,Venda
SKU_2057_VAN,09/08/2025,E-commerce,1,944.9,66.14,878.76,Venda
SKU_1751_BLU,09/08/2025,Atacado,4,1319.6,461.84,214.44,Venda
SKU_1771_PIN,09/08/2025,Atacado,4,1059.6,370.84,172.19,Venda
SKU_2102_WHI,09/08/2025,Varejo,1,744.9,0.0,744.9,Venda
SKU_1721_FRE,09/08/2025,Atacado,8,3359.2,1175.68,272.94,Venda
SKU_1789_EME,09/08/2025,Varejo,1,269.9,45.58,224.32,Venda
SKU_1729_FUC,09/08/2025,Atacado,6,1049.4,367.32,113.68,Venda
SKU_1770_DEE,09/08/2025,E-commerce,1,219.9,50.08,169.82,Venda
SKU_1790_ROY,09/08/2025,Atacado,8,2079.2,623.76,181.93,Venda
SKU_1773_OLI,09/08/2025,Varejo,1,324.9,63.34,261.56,Venda
SKU_1800_SKY,09/08/2025,Varejo,1,279.9,71.06,208.84,Venda
SKU_1740_FRE,09/08/2025,Atacado,12,2578.8,902.64,139.68,Venda
SKU_1729_FUC,09/08/2025,E-commerce,1,174.9,28.43,146.47,Venda
SKU_1747_FUC,09/08/2025,Varejo,1,174.9,27.24,147.66,Venda
SKU_1719_WHI,09/08/2025,Varejo,1,319.9,70.12,249.78,Venda
SKU_1732_OFF,09/08/2025,Varejo,1,1114.9,229.73,885.17,Venda
SKU_1742_DEN,09/08/2025,Atacado,4,1039.6,311.88,181.93,Venda
SKU_1708_FLA,09/08/2025,Varejo,1,169.9,46.54,123.36,Venda
SKU_1591_HON,09/08/2025,Atacado,8,7119.2,2491.68,578.44,Venda
SKU_1760_OFF,09/08/2025,Varejo,1,249.9,50.23,199.67,Venda
SKU_1687_WHI,09/08/2025,Varejo,2,1799.8,312.9,743.45,Venda
SKU_1789_EME,09/08/2025,Varejo,1,269.9,48.79,221.11,Venda
SKU_1705_JAD,09/08/2025,Varejo,1,409.9,106.25,303.65,Venda
SKU_1485_CER,09/08/2025,Atacado,2,1329.8,465.42,432.19,Venda
SKU_1792_MIN,09/08/2025,E-commerce,1,439.9,68.55,371.35,Venda
SKU_1619_PAS,09/08/2025,Varejo,1,199.9,47.18,152.72,Venda
SKU_1728_MID,09/08/2025,Atacado,2,659.8,230.92,214.44,Venda
SKU_1787_BAB,09/08/2025,Atacado,5,1449.5,434.85,202.93,Venda
SKU_1683_SHO,09/08/2025,Atacado,2,629.8,188.94,220.43,Venda
SKU_1555_RAS,09/08/2025,Varejo,1,189.9,52.51,137.39,Venda
SKU_1698_PRI,09/08/2025,Atacado,8,3359.2,1175.68,272.94,Venda
SKU_1729_CLE,09/08/2025,Atacado,5,874.5,306.1,113.68,Venda
SKU_1754_IVO,09/08/2025,Varejo,1,339.9,78.58,261.32,Venda
SKU_1799_POW,09/08/2025,Atacado,8,2159.2,755.68,175.44,Venda
SKU_1417_BIR,09/08/2025,Varejo,2,559.8,167.88,195.96,Venda
SKU_1706_BLA,09/08/2025,Atacado,6,1109.4,388.32,120.18,Venda
SKU_1724_PEA,09/08/2025,Atacado,8,8919.2,2675.76,780.43,Venda
SKU_1749_SNO,09/08/2025,Atacado,6,2099.4,629.82,244.93,Venda
SKU_1390_PAS,09/08/2025,E-commerce,1,229.9,60.13,169.77,Venda
SKU_1687_WHI,09/08/2025,Atacado,8,7199.2,2519.68,584.94,Venda
SKU_1754_IVO,09/08/2025,Atacado,10,3399.0,1019.7,237.93,Venda
SKU_1761_MOS,09/08/2025,E-commerce,2,2209.8,388.3,910.75,Venda
SKU_1730_MIN,09/08/2025,Varejo,1,319.9,74.97,244.93,Venda
SKU_1721_FRE,09/08/2025,Varejo,1,419.9,120.43,299.47,Venda
SKU_1700_HUN,09/08/2025,Varejo,1,699.9,132.44,567.46,Venda
SKU_1932_NAV,09/08/2025,Varejo,1,194.9,0.0,194.9,Venda
SKU_1737_SAG,09/08/2025,Varejo,2,1539.8,310.5,614.65,Venda
SKU_1776_BIR,09/08/2025,Varejo,4,1319.6,261.52,264.52,Venda
SKU_1691_ROS,09/08/2025,E-commerce,1,309.9,68.59,241.31,Venda
SKU_1777_TUR,09/08/2025,Varejo,1,239.9,62.84,177.06,Venda
SKU_1731_MIN,09/08/2025,E-commerce,1,909.9,232.64,677.26,Venda
SKU_1691_ROS,09/08/2025,E-commerce,1,309.9,66.87,243.03,Venda
SKU_2084_GAR,09/08/2025,Atacado,8,2039.2,611.76,178.43,Venda
SKU_1498_OLI,09/08/2025,E-commerce,1,339.9,94.84,245.06,Venda
SKU_1692_BLU,09/08/2025,Atacado,8,1759.2,527.76,153.93,Venda
SKU_1789_EME,09/08/2025,Varejo,1,269.9,71.96,197.94,Venda
SKU_1659_MOS,09/08/2025,Atacado,10,10249.0,3587.2,666.18,Venda
SKU_1444_HUN,09/08/2025,E-commerce,1,239.9,62.61,177.29,Venda
SKU_1642_SAL,09/08/2025,Atacado,5,1124.5,393.6,146.18,Venda
SKU_1689_MAG,09/08/2025,E-commerce,1,964.9,240.2,724.7,Venda
SKU_1751_BLU,09/08/2025,Varejo,2,659.8,143.16,258.32,Venda
SKU_2031_SNO,09/08/2025,E-commerce,1,349.9,0.0,349.9,Venda
SKU_1710_MEX,09/08/2025,E-commerce,1,809.9,207.27,602.63,Venda
SKU_1796_SHO,09/08/2025,Atacado,2,1009.8,353.42,328.19,Venda
SKU_1576_AQU,09/08/2025,Varejo,1,244.9,71.08,173.82,Venda
SKU_1709_MAR,09/08/2025,Varejo,1,209.9,39.04,170.86,Venda
SKU_1432_BRI,09/08/2025,Atacado,6,4319.4,1295.82,503.93,Venda
SKU_1563_MEX,09/08/2025,Varejo,1,149.9,36.77,113.13,Venda
SKU_1641_SER,09/08/2025,Varejo,3,974.7,256.71,239.33,Venda
SKU_1792_MIN,09/08/2025,Atacado,4,1759.6,615.84,285.94,Venda
SKU_1850_DEE,09/08/2025,E-commerce,1,204.9,0.0,204.9,Venda
SKU_1760_PAS,09/08/2025,Varejo,1,249.9,56.41,193.49,Venda
SKU_1511_SKY,09/08/2025,Atacado,5,4674.5,1402.35,654.43,Venda
SKU_1760_OFF,09/08/2025,Varejo,2,499.8,141.46,179.17,Venda
SKU_1799_POW,09/08/2025,Atacado,3,809.7,283.38,175.44,Venda
SKU_1592_CER,09/08/2025,Varejo,2,419.8,114.38,152.71,Venda
SKU_1784_BLA,09/08/2025,Varejo,1,309.9,61.6,248.3,Venda
SKU_1701_BLU,09/08/2025,Varejo,1,339.9,93.17,246.73,Venda
SKU_1439_CER,09/08/2025,Atacado,5,924.5,369.8,110.94,Venda
SKU_1726_PAS,09/08/2025,E-commerce,1,429.9,116.3,313.6,Venda
SKU_1439_CER,09/08/2025,Varejo,1,184.9,41.35,143.55,Venda
SKU_1564_BLA,09/08/2025,Varejo,4,2359.6,522.2,459.35,Venda
SKU_1679_GAR,09/08/2025,Varejo,1,919.9,241.76,678.14,Venda
SKU_1675_DEN,09/08/2025,Atacado,4,3059.6,917.88,535.43,Venda
SKU_1439_SHO,09/08/2025,Varejo,2,369.8,56.6,156.6,Venda
SKU_1693_FLA,09/08/2025,Atacado,4,819.6,368.8,112.7,Venda
SKU_1895_BRI,09/08/2025,E-commerce,1,194.9,13.64,181.26,Venda
SKU_1437_AQU,09/08/2025,Atacado,3,494.7,173.16,107.18,Venda
SKU_1758_HON,09/08/2025,Varejo,1,179.9,44.01,135.89,Venda
SKU_1801_MOS,09/08/2025,Varejo,1,374.9,93.39,281.51,Venda
SKU_1681_OFF,09/08/2025,Varejo,1,234.9,46.78,188.12,Venda
SKU_1562_BLU,09/08/2025,Atacado,5,1549.5,542.3,201.44,Venda
SKU_1713_SNO,09/08/2025,Atacado,3,1514.7,530.13,328.19,Venda
SKU_1683_PAL,09/08/2025,Varejo,1,314.9,78.29,236.61,Venda
SKU_1686_SKY,09/08/2025,Atacado,10,2149.0,752.2,139.68,Venda
SKU_1738_BLU,09/08/2025,Atacado,4,779.6,350.8,107.2,Venda
SKU_1771_EME,09/08/2025,Atacado,6,1589.4,556.26,172.19,Venda
SKU_1785_PAS,09/08/2025,Varejo,1,244.9,38.52,206.38,Venda
SKU_1485_PAS,09/08/2025,Varejo,1,664.9,116.18,548.72,Venda
SKU_1880_TUR,09/08/2025,Atacado,5,4249.5,1274.85,594.93,Venda
SKU_1699_COB,09/08/2025,Atacado,4,1319.6,395.88,230.93,Venda
SKU_1783_BAB,09/08/2025,E-commerce,2,2399.8,510.38,944.71,Venda
SKU_2071_PEA,09/08/2025,Atacado,4,1039.6,415.84,155.94,Venda
SKU_1528_DEN,09/08/2025,Varejo,1,214.9,52.45,162.45,Venda
SKU_1750_MIN,09/08/2025,Varejo,1,369.9,94.57,275.33,Venda
SKU_1748_BAB,09/08/2025,Atacado,4,1239.6,557.8,170.45,Venda
SKU_1681_PIS,09/08/2025,Varejo,2,469.8,112.36,178.72,Venda
SKU_1707_ARM,09/08/2025,Atacado,4,1119.6,391.84,181.94,Venda
SKU_1424_BAB,09/08/2025,Atacado,3,2984.7,1044.66,646.68,Venda
SKU_1781_CLE,09/08/2025,Varejo,1,129.9,27.77,102.13,Venda
SKU_1480_MEX,09/08/2025,Varejo,1,369.9,105.53,264.37,Venda
SKU_1503_CER,09/08/2025,Atacado,10,2299.0,689.7,160.93,Venda
SKU_1677_POW,09/08/2025,Varejo,2,1139.8,292.3,423.75,Venda
SKU_1773_FRE,09/08/2025,E-commerce,1,324.9,71.14,253.76,Venda
SKU_1785_PAS,09/08/2025,Varejo,1,244.9,38.95,205.95,Venda
SKU_1730_OFF,09/08/2025,Atacado,4,1279.6,383.88,223.93,Venda
SKU_1799_DEN,09/08/2025,E-commerce,1,269.9,79.19,190.71,Venda
SKU_1701_BLU,09/08/2025,E-commerce,1,339.9,99.71,240.19,Venda
SKU_1773_FRE,09/08/2025,Atacado,2,649.8,227.42,211.19,Venda
SKU_1423_JAD,09/08/2025,Atacado,12,14398.8,5759.52,719.94,Venda
SKU_1724_PIN,09/08/2025,Atacado,12,13378.8,5351.52,668.94,Venda
SKU_1712_MOS,09/08/2025,E-commerce,2,359.8,105.24,127.28,Venda
SKU_1462_OFF,09/08/2025,Varejo,1,364.9,97.68,267.22,Venda
SKU_1700_PIS,09/08/2025,Atacado,2,1399.8,559.92,419.94,Venda
SKU_1700_HUN,09/08/2025,Atacado,12,8398.8,2939.52,454.94,Venda
SKU_1719_OFF,09/08/2025,Atacado,6,1919.4,671.76,207.94,Venda
SKU_1771_EME,09/08/2025,Varejo,1,264.9,43.66,221.24,Venda
SKU_1797_GAR,09/08/2025,Atacado,3,1139.7,341.91,265.93,Venda
SKU_1713_SAL,09/08/2025,E-commerce,1,504.9,84.96,419.94,Venda
SKU_1743_CLO,09/08/2025,Varejo,1,439.9,106.09,333.81,Venda
SKU_1441_IVO,09/08/2025,Varejo,1,1154.9,185.5,969.4,Venda
SKU_1578_TEA,09/08/2025,Atacado,6,749.4,224.82,87.43,Venda
SKU_1710_OLI,09/08/2025,Varejo,1,809.9,173.65,636.25,Venda
SKU_1772_BLU,09/08/2025,Varejo,1,414.9,91.79,323.11,Venda
SKU_1444_OLI,09/08/2025,Varejo,2,479.8,105.76,187.02,Venda
SKU_1699_COB,09/08/2025,Varejo,2,659.8,158.4,250.7,Venda
SKU_1747_TEA,09/08/2025,Atacado,10,1749.0,699.6,104.94,Venda
SKU_1676_NAV,09/08/2025,E-commerce,1,169.9,42.24,127.66,Venda
SKU_1760_PAS,09/08/2025,E-commerce,1,249.9,73.75,176.15,Venda
SKU_1759_CLE,09/08/2025,Atacado,5,1349.5,404.85,188.93,Venda
SKU_1511_CLE,09/08/2025,Varejo,1,934.9,154.31,780.59,Venda
SKU_1590_MYS,09/08/2025,Atacado,6,1139.4,398.76,123.44,Venda
SKU_1774_COB,09/08/2025,Varejo,1,204.9,50.88,154.02,Venda
SKU_1801_MOS,09/08/2025,E-commerce,1,374.9,77.85,297.05,Venda
SKU_2011_PIN,09/08/2025,Varejo,1,254.9,0.0,254.9,Venda
SKU_1759_CLE,09/08/2025,Varejo,1,269.9,52.13,217.77,Venda
SKU_2005_TEA,09/08/2025,Atacado,6,1079.4,377.76,116.94,Venda
SKU_1702_COR,09/08/2025,Varejo,1,619.9,96.27,523.63,Venda
SKU_1719_OFF,09/08/2025,Atacado,4,1279.6,383.88,223.93,Venda
SKU_1471_ROS,09/08/2025,Atacado,5,1024.5,307.35,143.43,Venda
SKU_1446_GAR,09/08/2025,E-commerce,1,269.9,58.3,211.6,Venda
SKU_1438_DEE,09/08/2025,Varejo,1,204.9,61.27,143.63,Venda
SKU_1867_LIG,09/08/2025,E-commerce,1,199.9,0.0,199.9,Venda
SKU_1691_HUN,09/08/2025,Atacado,8,2479.2,867.68,201.44,Venda
SKU_1696_SHO,09/08/2025,E-commerce,1,279.9,76.52,203.38,Venda
SKU_1713_SNO,09/08/2025,Varejo,1,504.9,96.02,408.88,Venda
SKU_1688_LIG,09/08/2025,Atacado,10,4299.0,1719.6,257.94,Venda
SKU_1731_MIN,09/08/2025,Varejo,1,909.9,153.94,755.96,Venda
SKU_1698_PRI,09/08/2025,Varejo,2,839.8,140.84,349.48,Venda
SKU_1547_IVO,09/08/2025,Varejo,1,329.9,63.93,265.97,Venda
SKU_1782_HUN,09/08/2025,Atacado,4,999.6,349.84,162.44,Venda
SKU_1788_MYS,09/08/2025,Varejo,1,249.9,46.61,203.29,Venda
SKU_1769_EME,09/08/2025,Varejo,1,324.9,86.3,238.6,Venda
SKU_1765_PAS,09/08/2025,Atacado,5,1299.5,389.85,181.93,Venda
SKU_1800_SKY,09/08/2025,Atacado,10,2799.0,1119.6,167.94,Venda
SKU_1693_MEX,09/08/2025,Varejo,4,819.6,143.04,169.14,Venda
SKU_1717_MIN,09/08/2025,Atacado,8,2079.2,623.76,181.93,Venda
SKU_1747_FUC,09/08/2025,Varejo,3,524.7,107.55,139.05,Venda
SKU_1791_IVO,09/08/2025,Atacado,6,1589.4,556.26,172.19,Venda
SKU_1742_DEN,09/08/2025,Atacado,6,1559.4,623.76,155.94,Venda
SKU_1722_AQU,09/08/2025,E-commerce,1,324.9,88.73,236.17,Venda
SKU_1476_CLO,09/08/2025,Atacado,8,2199.2,769.68,178.69,Venda
SKU_1720_PAS,09/08/2025,Atacado,8,1799.2,719.68,134.94,Venda
SKU_1604_SNO,09/08/2025,Atacado,3,1814.7,725.88,362.94,Venda
SKU_1617_MIN,09/08/2025,Varejo,2,329.8,81.82,123.99,Venda
SKU_1707_SAP,09/08/2025,Varejo,1,279.9,72.31,207.59,Venda
SKU_1740_FRE,09/08/2025,Varejo,3,644.7,101.91,180.93,Venda
SKU_1713_SAL,09/08/2025,Atacado,10,5049.0,1767.1,328.19,Venda
SKU_1695_LIM,09/08/2025,Varejo,1,209.9,56.4,153.5,Venda
SKU_1896_ARM,09/08/2025,Atacado,4,4039.6,1413.84,656.44,Venda
SKU_1776_PAS,09/08/2025,Atacado,6,1979.4,692.76,214.44,Venda
SKU_1496_PAS,09/08/2025,Varejo,1,1134.9,200.75,934.15,Venda
SKU_1562_CLO,09/08/2025,E-commerce,1,309.9,73.0,236.9,Venda
SKU_1685_BIR,09/08/2025,Varejo,2,1329.8,360.86,484.47,Venda
SKU_1680_SEA,09/08/2025,Varejo,1,334.9,53.58,281.32,Venda
SKU_1684_SHO,09/08/2025,Varejo,1,184.9,48.06,136.84,Venda
SKU_1723_COB,09/08/2025,Varejo,1,434.9,112.37,322.53,Venda
SKU_1760_OFF,09/08/2025,Varejo,2,499.8,98.3,200.75,Venda
SKU_1699_CLO,09/08/2025,E-commerce,1,329.9,82.23,247.67,Venda
SKU_1693_FLA,09/08/2025,Atacado,5,1024.5,409.8,122.94,Venda
SKU_2012_ROY,09/08/2025,Atacado,8,6559.2,2295.68,532.94,Venda
SKU_1785_HUN,09/08/2025,Atacado,12,2938.8,1028.64,159.18,Venda
SKU_1742_DEN,09/08/2025,E-commerce,1,259.9,52.93,206.97,Venda
SKU_1701_SPA,09/08/2025,Atacado,12,4078.8,1427.52,220.94,Venda
SKU_1722_AQU,09/08/2025,Varejo,1,324.9,83.38,241.52,Venda
SKU_1694_SER,09/08/2025,E-commerce,1,279.9,70.95,208.95,Venda
SKU_1742_DEN,09/08/2025,Atacado,10,2599.0,909.6,168.94,Venda
SKU_1971_PIN,09/08/2025,E-commerce,1,829.9,0.0,829.9,Venda
SKU_1791_ARM,09/08/2025,Varejo,1,264.9,61.87,203.03,Venda
SKU_1634_SAP,09/08/2025,Varejo,1,979.9,262.16,717.74,Venda
SKU_1751_BLU,09/08/2025,Atacado,4,1319.6,527.84,197.94,Venda
SKU_1727_WHI,09/08/2025,Varejo,2,309.8,52.88,128.46,Venda
SKU_1464_BIR,09/08/2025,Atacado,8,1839.2,551.76,160.93,Venda
SKU_1429_MAG,09/08/2025,E-commerce,1,189.9,42.3,147.6,Venda
SKU_1756_FLA,09/08/2025,Varejo,1,179.9,42.8,137.1,Venda
SKU_1616_COR,09/08/2025,Atacado,5,5124.5,2306.05,563.69,Venda
SKU_1738_BLU,09/08/2025,E-commerce,3,584.7,107.64,159.02,Venda
SKU_1801_MOS,09/08/2025,Atacado,3,1124.7,337.41,262.43,Venda
SKU_1454_BUB,09/08/2025,Varejo,1,149.9,27.87,122.03,Venda
SKU_1752_SNO,09/08/2025,Atacado,5,2149.5,644.85,300.93,Venda
SKU_1775_PAS,09/08/2025,Atacado,2,559.8,167.94,195.93,Venda
SKU_1579_DEN,09/08/2025,Atacado,12,2758.8,827.64,160.93,Venda
SKU_2098_EME,09/08/2025,Varejo,1,294.9,0.0,294.9,Venda
SKU_1635_TEA,09/08/2025,Atacado,6,3629.4,1270.26,393.19,Venda
SKU_1389_SHO,09/08/2025,Varejo,1,139.9,36.55,103.35,Venda
SKU_1723_COB,09/08/2025,Varejo,1,434.9,125.13,309.77,Venda
SKU_1759_COB,09/08/2025,Varejo,1,269.9,67.06,202.84,Venda
SKU_1656_FUC,09/08/2025,Atacado,8,1879.2,751.68,140.94,Venda
SKU_1793_MIN,09/08/2025,Atacado,10,1899.0,569.7,132.93,Venda
SKU_1751_MIN,09/08/2025,Varejo,1,329.9,65.8,264.1,Venda
SKU_1533_DUS,09/08/2025,Atacado,3,494.7,173.16,107.18,Venda
SKU_1699_CLO,09/08/2025,Atacado,5,1649.5,577.3,214.44,Venda
SKU_1761_SAP,09/08/2025,E-commerce,1,1104.9,331.38,773.52,Venda
SKU_1739_AQU,09/08/2025,Varejo,1,254.9,71.37,183.53,Venda
SKU_1717_MIN,09/08/2025,Varejo,2,519.8,127.6,196.1,Venda
SKU_1707_SAP,09/08/2025,E-commerce,1,279.9,77.89,202.01,Venda
SKU_1421_LIG,09/08/2025,Varejo,2,459.8,128.8,165.5,Venda
SKU_1738_ROY,09/08/2025,E-commerce,1,194.9,47.45,147.45,Venda
SKU_1780_LIG,09/08/2025,Varejo,1,334.9,62.7,272.2,Venda
SKU_1727_WHI,09/08/2025,E-commerce,1,154.9,33.17,121.73,Venda
SKU_1467_OLI,09/08/2025,E-commerce,1,204.9,45.82,159.08,Venda
SKU_1694_SER,09/08/2025,Atacado,8,2239.2,671.76,195.93,Venda
SKU_1713_SAL,09/08/2025,Atacado,8,4039.2,1413.68,328.19,Venda
SKU_1721_FRE,09/08/2025,Varejo,1,419.9,82.03,337.87,Venda
SKU_1685_BIR,09/08/2025,Atacado,10,6649.0,2327.1,432.19,Venda
SKU_1721_FRE,09/08/2025,Varejo,1,419.9,115.29,304.61,Venda
SKU_1750_MIN,09/08/2025,Atacado,4,1479.6,517.84,240.44,Venda
SKU_1748_BAB,09/08/2025,Varejo,1,309.9,61.42,248.48,Venda
SKU_1766_CLE,09/08/2025,Varejo,1,394.9,87.71,307.19,Venda
SKU_1902_BLU,09/08/2025,Varejo,1,829.9,0.0,829.9,Venda
SKU_1708_FRE,09/08/2025,Varejo,2,339.8,85.14,127.33,Venda
SKU_1687_WHI,09/08/2025,Atacado,4,3599.6,1439.84,539.94,Venda
SKU_1792_MIN,09/08/2025,Atacado,4,1759.6,527.88,307.93,Venda
SKU_1797_GAR,09/08/2025,Varejo,4,1519.6,290.96,307.16,Venda
SKU_1662_LIG,09/08/2025,Atacado,10,1999.0,599.7,139.93,Venda
SKU_1784_EGR,09/08/2025,Varejo,2,619.8,144.46,237.67,Venda
SKU_1503_CER,09/08/2025,E-commerce,1,229.9,64.69,165.21,Venda
SKU_1788_EME,09/08/2025,Varejo,2,499.8,138.32,180.74,Venda
SKU_1904_SNO,09/08/2025,Atacado,5,3724.5,1489.8,446.94,Venda
SKU_1714_MID,09/08/2025,Varejo,1,304.9,72.9,232.0,Venda
SKU_1511_CLE,09/08/2025,Varejo,1,934.9,214.08,720.82,Venda
SKU_1714_MID,09/08/2025,Atacado,3,914.7,320.13,198.19,Venda
SKU_1728_MID,09/08/2025,Varejo,1,329.9,75.37,254.53,Venda
SKU_1763_HOT,09/08/2025,E-commerce,1,299.9,47.94,251.96,Venda
SKU_1777_TUR,09/08/2025,E-commerce,1,239.9,45.25,194.65,Venda
SKU_1506_BRI,09/08/2025,Atacado,5,1149.5,402.3,149.44,Venda
SKU_1690_MAG,09/08/2025,Atacado,6,3239.4,1295.76,323.94,Venda
SKU_1603_PEA,09/08/2025,Varejo,4,2979.6,818.32,540.32,Venda
SKU_1687_WHI,09/08/2025,Atacado,6,5399.4,1619.82,629.93,Venda
SKU_1419_WHI,09/08/2025,Varejo,2,499.8,122.62,188.59,Venda
SKU_1522_MOS,09/08/2025,Atacado,8,1199.2,479.68,89.94,Venda
SKU_1683_PAL,09/08/2025,E-commerce,1,314.9,49.7,265.2,Venda
SKU_1688_WHI,09/08/2025,Varejo,3,1289.7,244.89,348.27,Venda
SKU_2029_PRI,09/08/2025,Atacado,6,5789.4,1736.82,675.43,Venda
SKU_1797_BLU,09/08/2025,Atacado,2,759.8,265.92,246.94,Venda
SKU_1420_EGR,09/08/2025,Atacado,3,2969.7,1039.38,643.44,Venda
SKU_1748_BAB,09/08/2025,E-commerce,1,309.9,92.89,217.01,Venda
SKU_1499_RAS,09/08/2025,E-commerce,1,259.9,68.86,191.04,Venda
SKU_1777_FRE,09/08/2025,Atacado,5,1199.5,419.8,155.94,Venda
SKU_1736_JAD,09/08/2025,Atacado,6,1949.4,779.76,194.94,Venda
SKU_1982_VAN,09/08/2025,Varejo,1,224.9,15.74,209.16,Venda
SKU_1775_PAS,09/08/2025,Varejo,1,279.9,69.38,210.52,Venda
SKU_1606_SEA,09/08/2025,Atacado,5,5424.5,1627.35,759.43,Venda
SKU_1727_LIG,09/08/2025,Varejo,3,464.7,110.28,118.14,Venda
SKU_1689_IVO,09/08/2025,Atacado,4,3859.6,1157.88,675.43,Venda
SKU_1758_CLO,09/08/2025,E-commerce,1,179.9,47.52,132.38,Venda
SKU_1722_AQU,09/08/2025,Varejo,3,974.7,180.48,264.74,Venda
SKU_1955_SAL,09/08/2025,Varejo,1,999.9,0.0,999.9,Venda
SKU_1467_FUC,09/08/2025,Varejo,1,204.9,42.86,162.04,Venda
SKU_1395_TUR,09/08/2025,E-commerce,1,289.9,79.63,210.27,Venda
SKU_1784_BLA,09/08/2025,Varejo,1,309.9,78.92,230.98,Venda
SKU_1694_PIS,09/08/2025,Atacado,5,1399.5,419.85,195.93,Venda
SKU_1693_FLA,09/08/2025,E-commerce,1,204.9,49.64,155.26,Venda
SKU_1417_BIR,09/08/2025,Atacado,8,2239.2,671.76,195.93,Venda
SKU_1706_JAD,09/08/2025,Atacado,5,924.5,323.6,120.18,Venda
SKU_1552_SAP,09/08/2025,Atacado,2,1319.8,461.92,428.94,Venda
SKU_1729_CLE,09/08/2025,Atacado,6,1049.4,367.32,113.68,Venda
SKU_1798_OFF,09/08/2025,E-commerce,1,419.9,71.47,348.43,Venda
SKU_1839_DUS,09/08/2025,Atacado,6,1769.4,707.76,176.94,Venda
SKU_1870_SAG,09/08/2025,Atacado,10,2299.0,804.6,149.44,Venda
SKU_1731_MIN,09/08/2025,Varejo,2,1819.8,513.82,652.99,Venda
SKU_1768_PEA,09/08/2025,Varejo,3,1874.7,469.89,468.27,Venda
SKU_1442_EME,09/08/2025,Varejo,1,289.9,69.73,220.17,Venda
SKU_1682_BIR,09/08/2025,Atacado,5,1174.5,411.1,152.68,Venda
SKU_1753_WHI,09/08/2025,Atacado,8,6319.2,2527.68,473.94,Venda
SKU_1603_BUB,09/08/2025,Atacado,2,1489.8,521.42,484.19,Venda
SKU_2077_PIS,09/08/2025,Atacado,3,614.7,184.41,143.43,Venda
SKU_1694_PIS,09/08/2025,Atacado,4,1119.6,503.84,153.94,Venda
SKU_1756_FLA,09/08/2025,Atacado,5,899.5,269.85,125.93,Venda
SKU_1923_PEA,09/08/2025,Atacado,3,569.7,227.88,113.94,Venda
SKU_1777_TUR,09/08/2025,Atacado,4,959.6,335.84,155.94,Venda
SKU_1499_HOT,09/08/2025,E-commerce,1,259.9,64.27,195.63,Venda
SKU_1748_BAB,09/08/2025,Atacado,6,1859.4,557.82,216.93,Venda
SKU_1462_OFF,09/08/2025,Varejo,1,364.9,105.45,259.45,Venda
SKU_2008_SAL,09/08/2025,Varejo,1,244.9,17.14,227.76,Venda
SKU_1739_AQU,09/08/2025,Varejo,1,254.9,60.31,194.59,Venda
SKU_1778_TEA,09/08/2025,Atacado,8,2279.2,683.76,199.43,Venda
SKU_1732_WHI,09/08/2025,E-commerce,1,1114.9,274.44,840.46,Venda
SKU_1709_MAR,09/08/2025,Atacado,4,839.6,251.88,146.93,Venda
SKU_1793_MIN,09/08/2025,Atacado,6,1139.4,341.82,132.93,Venda
SKU_1474_DEN,09/08/2025,Atacado,6,6359.4,2225.76,688.94,Venda
SKU_1715_JAD,09/08/2025,Atacado,5,1099.5,384.8,142.94,Venda
SKU_1873_BLA,09/08/2025,Atacado,5,2249.5,787.3,292.44,Venda
SKU_1417_SNO,09/08/2025,E-commerce,1,279.9,81.02,198.88,Venda
SKU_1456_EME,09/08/2025,Atacado,10,3149.0,1259.6,188.94,Venda
SKU_1902_HOT,09/08/2025,Atacado,2,1659.8,580.92,539.44,Venda
SKU_1846_SEA,09/08/2025,Atacado,5,1749.5,524.85,244.93,Venda
SKU_1450_JAD,09/08/2025,Varejo,1,409.9,90.11,319.79,Venda
SKU_1722_AQU,09/08/2025,Varejo,2,649.8,194.26,227.77,Venda
SKU_1839_BAB,09/08/2025,Varejo,1,294.9,0.0,294.9,Venda
SKU_1725_OFF,09/08/2025,Varejo,1,244.9,56.3,188.6,Venda
SKU_1710_MEX,09/08/2025,Atacado,10,8099.0,2834.6,526.44,Venda
SKU_1585_BLA,09/08/2025,Atacado,3,959.7,383.88,191.94,Venda
SKU_1787_BAB,09/08/2025,Atacado,3,869.7,260.91,202.93,Venda
SKU_1750_SNO,09/08/2025,Varejo,1,369.9,89.3,280.6,Venda
SKU_1730_MIN,09/08/2025,E-commerce,1,319.9,80.52,239.38,Venda
SKU_1792_MIN,09/08/2025,Atacado,12,5278.8,1847.52,285.94,Venda
SKU_1723_COB,09/08/2025,Atacado,8,3479.2,1043.76,304.43,Venda
SKU_1389_BAB,09/08/2025,Atacado,3,419.7,146.88,90.94,Venda
SKU_1944_PIS,09/08/2025,Atacado,10,3999.0,1399.6,259.94,Venda
SKU_1801_MOS,09/08/2025,Atacado,3,1124.7,393.63,243.69,Venda
SKU_1788_MYS,09/08/2025,Varejo,2,499.8,95.46,202.17,Venda
SKU_1542_PEA,09/08/2025,Atacado,4,1879.6,563.88,328.93,Venda
SKU_1752_SNO,09/08/2025,Varejo,1,429.9,86.59,343.31,Venda
SKU_1762_BRI,09/08/2025,Varejo,1,254.9,72.73,182.17,Venda
SKU_1473_BAB,09/08/2025,Atacado,3,539.7,215.88,107.94,Venda
SKU_2029_PRI,09/08/2025,Atacado,10,9649.0,3859.6,578.94,Venda
SKU_1463_DUS,09/08/2025,Varejo,1,259.9,47.12,212.78,Venda
SKU_1715_JAD,09/08/2025,Varejo,2,439.8,130.56,154.62,Venda
SKU_1598_NAV,09/08/2025,Atacado,5,2449.5,734.85,342.93,Venda
SKU_1393_SKY,09/08/2025,Varejo,2,619.8,169.86,224.97,Venda
SKU_2095_CLO,09/08/2025,E-commerce,1,239.9,0.0,239.9,Venda
SKU_1717_CRE,09/08/2025,Varejo,1,259.9,52.17,207.73,Venda
SKU_1714_MID,09/08/2025,Varejo,1,304.9,66.74,238.16,Venda
SKU_1794_FLA,09/08/2025,Varejo,1,209.9,42.35,167.55,Venda
SKU_1757_PIN,09/08/2025,E-commerce,1,264.9,73.0,191.9,Venda
SKU_1745_PEA,09/08/2025,E-commerce,1,409.9,83.83,326.07,Venda
SKU_1720_PAL,09/08/2025,Varejo,1,224.9,55.93,168.97,Venda
SKU_1821_BUB,09/08/2025,E-commerce,1,264.9,0.0,264.9,Venda
SKU_1724_PIN,09/08/2025,Varejo,4,4459.6,1272.84,796.69,Venda
SKU_1722_AQU,09/08/2025,Varejo,1,324.9,96.73,228.17,Venda
SKU_1740_FRE,09/08/2025,Varejo,1,214.9,48.86,166.04,Venda
SKU_1780_LIG,09/08/2025,E-commerce,1,334.9,53.64,281.26,Venda
SKU_1769_EME,09/08/2025,Varejo,1,324.9,67.32,257.58,Venda
SKU_1811_BLU,09/08/2025,E-commerce,1,689.9,0.0,689.9,Venda
SKU_1774_COB,09/08/2025,Atacado,4,819.6,286.88,133.18,Venda
SKU_1757_PIN,09/08/2025,Varejo,1,264.9,64.79,200.11,Venda
SKU_1776_PAS,09/08/2025,Varejo,1,329.9,76.85,253.05,Venda
SKU_1744_EME,09/08/2025,Atacado,3,794.7,238.41,185.43,Venda
SKU_1650_EGR,09/08/2025,Varejo,1,1004.9,301.07,703.83,Venda
SKU_1704_BAB,09/08/2025,Atacado,8,2679.2,937.68,217.69,Venda
SKU_1745_PEA,09/08/2025,E-commerce,1,409.9,122.75,287.15,Venda
SKU_1732_WHI,09/08/2025,Atacado,6,6689.4,3010.26,613.19,Venda
SKU_1721_COR,09/08/2025,E-commerce,1,419.9,75.46,344.44,Venda
SKU_1661_CER,09/08/2025,Varejo,2,1979.8,538.66,720.57,Venda
SKU_1659_SNO,09/08/2025,Atacado,3,3074.7,1229.88,614.94,Venda
SKU_1664_MIN,09/08/2025,Varejo,1,329.9,54.58,275.32,Venda
SKU_2015_HUN,09/08/2025,Atacado,5,1574.5,472.35,220.43,Venda
SKU_2017_SHO,09/08/2025,E-commerce,1,284.9,0.0,284.9,Venda
SKU_1475_VAN,09/08/2025,Varejo,1,249.9,66.25,183.65,Venda
SKU_1760_PAS,09/08/2025,Varejo,1,249.9,55.26,194.64,Venda
SKU_1775_PAS,09/08/2025,Atacado,4,1119.6,391.84,181.94,Venda
SKU_1758_HON,09/08/2025,Varejo,1,179.9,39.07,140.83,Venda
SKU_1800_MOS,10/08/2025,Varejo,1,279.9,76.4,203.5,Venda
SKU_1740_OLI,10/08/2025,E-commerce,1,214.9,62.77,152.13,Venda
SKU_1749_BIR,10/08/2025,Atacado,8,2799.2,979.68,227.44,Venda
SKU_1766_MYS,10/08/2025,Varejo,1,394.9,106.54,288.36,Venda
SKU_1554_SKY,10/08/2025,E-commerce,1,1034.9,181.92,852.98,Venda
SKU_1591_MYS,10/08/2025,E-commerce,1,889.9,205.69,684.21,Venda
SKU_1443_PRI,10/08/2025,Atacado,12,3238.8,1133.52,175.44,Venda
SKU_1754_SER,10/08/2025,Atacado,4,1359.6,407.88,237.93,Venda
SKU_1796_OLI,10/08/2025,Atacado,6,3029.4,1211.76,302.94,Venda
SKU_1682_OLI,10/08/2025,Varejo,2,469.8,133.24,168.28,Venda
SKU_1684_SHO,10/08/2025,Atacado,5,924.5,369.8,110.94,Venda
SKU_1761_MOS,10/08/2025,E-commerce,2,2209.8,658.42,775.69,Venda
SKU_1700_HUN,10/08/2025,Atacado,6,4199.4,1469.76,454.94,Venda
SKU_1708_FRE,10/08/2025,Varejo,1,169.9,31.76,138.14,Venda
SKU_1516_CRE,10/08/2025,Atacado,4,1399.6,489.84,227.44,Venda
SKU_2034_DUS,10/08/2025,Varejo,1,169.9,0.0,169.9,Venda
SKU_1729_FUC,10/08/2025,Varejo,1,174.9,41.1,133.8,Venda
SKU_1797_GAR,10/08/2025,Atacado,3,1139.7,455.88,227.94,Venda
SKU_1697_MIN,10/08/2025,E-commerce,3,659.7,174.24,161.82,Venda
SKU_2017_FRE,10/08/2025,Varejo,1,284.9,0.0,284.9,Venda
SKU_1681_OFF,10/08/2025,Varejo,1,234.9,56.88,178.02,Venda
SKU_1692_BLU,10/08/2025,Atacado,10,2199.0,879.6,131.94,Venda
SKU_1673_FUC,10/08/2025,Atacado,6,2459.4,860.76,266.44,Venda
SKU_1626_DEN,10/08/2025,Atacado,6,3239.4,1133.76,350.94,Venda
SKU_1451_BIR,10/08/2025,Atacado,6,1469.4,440.82,171.43,Venda
SKU_1799_DEN,10/08/2025,Varejo,1,269.9,65.9,204.0,Venda
SKU_1632_SAP,10/08/2025,Atacado,10,1849.0,554.7,129.43,Venda
SKU_1797_GAR,10/08/2025,Atacado,8,3039.2,911.76,265.93,Venda
SKU_1762_DEN,10/08/2025,E-commerce,1,254.9,70.1,184.8,Venda
SKU_1733_NAV,10/08/2025,Atacado,8,2799.2,1119.68,209.94,Venda
SKU_1618_SAL,10/08/2025,Varejo,2,359.8,78.32,140.74,Venda
SKU_1483_WHI,10/08/2025,Atacado,6,1949.4,584.82,227.43,Venda
SKU_1435_OLI,10/08/2025,Atacado,8,8079.2,2827.68,656.44,Venda
SKU_1716_AQU,10/08/2025,Atacado,4,659.6,197.88,115.43,Venda
SKU_1716_AQU,10/08/2025,Atacado,3,494.7,148.41,115.43,Venda
SKU_1779_LIG,10/08/2025,Atacado,8,1719.2,601.76,139.68,Venda
SKU_1777_FRE,10/08/2025,Varejo,2,479.8,136.42,171.69,Venda
SKU_1800_SKY,10/08/2025,Varejo,2,559.8,141.8,209.0,Venda
SKU_2058_BUB,10/08/2025,Varejo,1,209.9,0.0,209.9,Venda
SKU_1762_DEN,10/08/2025,Atacado,8,2039.2,815.68,152.94,Venda
SKU_1796_SHO,10/08/2025,E-commerce,1,504.9,96.0,408.9,Venda
SKU_1457_MAG,10/08/2025,Varejo,1,159.9,33.61,126.29,Venda
SKU_1772_SNO,10/08/2025,Varejo,1,414.9,71.96,342.94,Venda
SKU_1658_MYS,10/08/2025,E-commerce,1,879.9,225.29,654.61,Venda
SKU_1569_PAS,10/08/2025,Atacado,6,1319.4,461.76,142.94,Venda
SKU_1702_COR,10/08/2025,Atacado,4,2479.6,867.84,402.94,Venda
SKU_1631_SNO,10/08/2025,Varejo,1,179.9,45.48,134.42,Venda
SKU_2028_PAL,10/08/2025,Atacado,10,2449.0,734.7,171.43,Venda
SKU_1634_SAP,10/08/2025,Varejo,1,979.9,225.42,754.48,Venda
SKU_1682_OLI,10/08/2025,Atacado,5,1174.5,411.1,152.68,Venda
SKU_1417_SNO,10/08/2025,Varejo,1,279.9,60.16,219.74,Venda
SKU_1591_MYS,10/08/2025,Varejo,1,889.9,215.48,674.42,Venda
SKU_1745_FOR,10/08/2025,Varejo,1,409.9,102.48,307.42,Venda
SKU_2038_COB,10/08/2025,E-commerce,1,1134.9,79.44,1055.46,Venda
SKU_1754_IVO,10/08/2025,Atacado,6,2039.4,713.76,220.94,Venda
SKU_1685_COB,10/08/2025,Atacado,5,3324.5,997.35,465.43,Venda
SKU_1894_AQU,10/08/2025,Atacado,8,2199.2,659.76,192.43,Venda
SKU_1730_MIN,10/08/2025,Varejo,3,959.7,222.48,245.74,Venda
SKU_1752_SPA,10/08/2025,Varejo,1,429.9,126.85,303.05,Venda
SKU_2002_VAN,10/08/2025,Atacado,6,1229.4,491.76,122.94,Venda
SKU_1846_PAS,10/08/2025,Atacado,2,699.8,209.94,244.93,Venda
SKU_1705_SER,10/08/2025,Varejo,2,819.8,228.52,295.64,Venda
SKU_1799_DEN,10/08/2025,Varejo,1,269.9,42.67,227.23,Venda
SKU_1718_DUS,10/08/2025,E-commerce,1,369.9,101.62,268.28,Venda
SKU_1744_EME,10/08/2025,Atacado,10,2649.0,794.7,185.43,Venda
SKU_1718_SEA,10/08/2025,Atacado,10,3699.0,1109.7,258.93,Venda
SKU_1557_TUR,10/08/2025,Atacado,4,799.6,319.84,119.94,Venda
SKU_1795_HUN,10/08/2025,Varejo,1,299.9,77.36,222.54,Venda
SKU_1714_MID,10/08/2025,Atacado,3,914.7,274.41,213.43,Venda
SKU_1753_PAL,10/08/2025,Varejo,1,789.9,197.65,592.25,Venda
SKU_1663_SNO,10/08/2025,Atacado,5,3974.5,1192.35,556.43,Venda
SKU_1693_MEX,10/08/2025,Atacado,4,819.6,245.88,143.43,Venda
SKU_1755_BIR,10/08/2025,Varejo,1,334.9,80.81,254.09,Venda
SKU_1466_SAP,10/08/2025,Atacado,12,3238.8,971.64,188.93,Venda
SKU_1394_EME,10/08/2025,Varejo,1,469.9,86.82,383.08,Venda
SKU_1781_CLE,10/08/2025,Atacado,2,259.8,77.94,90.93,Venda
SKU_1720_PAL,10/08/2025,Varejo,1,224.9,52.31,172.59,Venda
SKU_1662_PIS,10/08/2025,E-commerce,1,199.9,50.71,149.19,Venda
SKU_1796_OLI,10/08/2025,Atacado,6,3029.4,908.82,353.43,Venda
SKU_2043_ROS,10/08/2025,Atacado,8,2799.2,979.68,227.44,Venda
SKU_2107_SNO,10/08/2025,Atacado,8,3399.2,1019.76,297.43,Venda
SKU_1844_BAL,10/08/2025,Atacado,5,1249.5,437.3,162.44,Venda
SKU_1543_BAB,10/08/2025,Varejo,1,734.9,208.94,525.96,Venda
SKU_1689_MAG,10/08/2025,Atacado,6,5789.4,1736.82,675.43,Venda
SKU_1460_OLI,10/08/2025,Varejo,1,174.9,37.88,137.02,Venda
SKU_1753_WHI,10/08/2025,Atacado,4,3159.6,947.88,552.93,Venda
SKU_1544_PEA,10/08/2025,Atacado,6,1199.4,359.82,139.93,Venda
SKU_1734_FRE,10/08/2025,Atacado,8,2799.2,979.68,227.44,Venda
SKU_1715_HON,10/08/2025,Varejo,3,659.7,183.09,158.87,Venda
SKU_1586_EGR,10/08/2025,Varejo,1,304.9,66.05,238.85,Venda
SKU_1457_MAG,10/08/2025,Atacado,8,1279.2,511.68,95.94,Venda
SKU_1774_COB,10/08/2025,Atacado,5,1024.5,307.35,143.43,Venda
SKU_1717_CRE,10/08/2025,Atacado,3,779.7,272.88,168.94,Venda
SKU_1550_PAL,10/08/2025,Varejo,2,329.8,70.8,129.5,Venda
SKU_1802_OLI,10/08/2025,Atacado,3,2234.7,1005.6,409.7,Venda
SKU_1719_WHI,10/08/2025,Atacado,4,1279.6,383.88,223.93,Venda
SKU_1772_BLU,10/08/2025,E-commerce,1,414.9,87.61,327.29,Venda
SKU_1696_SHO,10/08/2025,Atacado,2,559.8,223.92,167.94,Venda
SKU_1613_AQU,10/08/2025,Atacado,4,759.6,303.84,113.94,Venda
SKU_1729_FUC,10/08/2025,Atacado,6,1049.4,419.76,104.94,Venda
SKU_1746_NAV,10/08/2025,Atacado,8,1439.2,575.68,107.94,Venda
SKU_1416_AQU,10/08/2025,Atacado,6,1679.4,503.82,195.93,Venda
SKU_1729_CLE,10/08/2025,Varejo,1,174.9,38.18,136.72,Venda
SKU_2051_FOR,10/08/2025,Varejo,1,769.9,0.0,769.9,Venda
SKU_1566_POW,10/08/2025,E-commerce,1,1034.9,190.59,844.31,Venda
SKU_1692_OLI,10/08/2025,E-commerce,1,219.9,50.23,169.67,Venda
SKU_1514_SPA,10/08/2025,Atacado,3,2489.7,871.38,539.44,Venda
SKU_1773_FRE,10/08/2025,Atacado,10,3249.0,1137.1,211.19,Venda
SKU_1719_WHI,10/08/2025,Atacado,4,1279.6,447.84,207.94,Venda
SKU_1795_RAS,10/08/2025,E-commerce,1,299.9,45.29,254.61,Venda
SKU_1755_BIR,10/08/2025,Varejo,1,334.9,91.97,242.93,Venda
SKU_1716_SAL,10/08/2025,Atacado,5,824.5,247.35,115.43,Venda
SKU_1645_MIN,10/08/2025,Atacado,3,1199.7,419.88,259.94,Venda
SKU_1696_SHO,10/08/2025,E-commerce,1,279.9,63.76,216.14,Venda
SKU_1738_ROY,10/08/2025,Atacado,5,974.5,292.35,136.43,Venda
SKU_1758_HON,10/08/2025,Atacado,5,899.5,314.8,116.94,Venda
SKU_1572_BAL,10/08/2025,Atacado,3,419.7,146.88,90.94,Venda
SKU_1779_MIN,10/08/2025,Atacado,5,1074.5,376.1,139.68,Venda
SKU_1739_MOS,10/08/2025,Varejo,1,254.9,39.91,214.99,Venda
SKU_1739_MOS,10/08/2025,Varejo,3,764.7,219.42,181.76,Venda
SKU_1596_CER,10/08/2025,Varejo,1,274.9,42.73,232.17,Venda
SKU_1700_HUN,10/08/2025,Atacado,3,2099.7,629.91,489.93,Venda
SKU_1609_SAP,10/08/2025,Varejo,1,269.9,77.53,192.37,Venda
SKU_1717_MIN,10/08/2025,E-commerce,1,259.9,50.09,209.81,Venda
SKU_1791_IVO,10/08/2025,Varejo,1,264.9,73.24,191.66,Venda
SKU_1691_ROS,10/08/2025,Varejo,1,309.9,90.14,219.76,Venda
SKU_1783_BAB,10/08/2025,Atacado,8,9599.2,3839.68,719.94,Venda
SKU_1629_CLO,10/08/2025,Atacado,6,1529.4,458.82,178.43,Venda
SKU_1753_PAL,10/08/2025,Varejo,2,1579.8,310.04,634.88,Venda
SKU_1743_DEE,10/08/2025,Atacado,10,4399.0,1539.6,285.94,Venda
SKU_1957_PEA,10/08/2025,Atacado,6,1139.4,398.76,123.44,Venda
SKU_1780_AQU,10/08/2025,Atacado,6,2009.4,703.26,217.69,Venda
SKU_1717_MIN,10/08/2025,Varejo,1,259.9,69.98,189.92,Venda
SKU_1681_OFF,10/08/2025,Atacado,2,469.8,164.44,152.68,Venda
SKU_1810_COB,10/08/2025,Varejo,2,319.8,0.0,159.9,Venda
SKU_1694_SER,10/08/2025,Atacado,2,559.8,251.92,153.94,Venda
SKU_1775_PAL,10/08/2025,Varejo,2,559.8,96.4,231.7,Venda
SKU_1738_BLU,10/08/2025,Atacado,5,974.5,389.8,116.94,Venda
SKU_1790_EGR,10/08/2025,Atacado,6,1559.4,467.82,181.93,Venda
SKU_1777_TUR,10/08/2025,Varejo,1,239.9,58.64,181.26,Venda
SKU_1771_PIN,10/08/2025,Atacado,8,2119.2,635.76,185.43,Venda
SKU_1728_MID,10/08/2025,Varejo,1,329.9,88.26,241.64,Venda
SKU_1863_POW,10/08/2025,Atacado,5,1274.5,573.5,140.2,Venda
SKU_1731_MIN,10/08/2025,E-commerce,1,909.9,190.62,719.28,Venda
SKU_1583_WHI,10/08/2025,Atacado,12,3058.8,1223.52,152.94,Venda
SKU_1746_EME,10/08/2025,Varejo,1,179.9,29.27,150.63,Venda
SKU_1754_IVO,10/08/2025,E-commerce,1,339.9,68.48,271.42,Venda
SKU_1681_OFF,10/08/2025,Varejo,1,234.9,65.12,169.78,Venda
SKU_1416_CLE,10/08/2025,Varejo,1,279.9,83.62,196.28,Venda
SKU_1800_MOS,10/08/2025,Varejo,1,279.9,83.87,196.03,Venda
SKU_1543_BAB,10/08/2025,E-commerce,1,734.9,209.92,524.98,Venda
SKU_1840_LIM,10/08/2025,Varejo,3,644.7,0.0,214.9,Venda
SKU_1559_BLU,10/08/2025,Atacado,5,5999.5,2099.8,779.94,Venda
SKU_1736_PAS,10/08/2025,Atacado,5,1624.5,568.55,211.19,Venda
SKU_1744_LIG,10/08/2025,Atacado,2,529.8,185.42,172.19,Venda
SKU_1797_BLU,10/08/2025,Atacado,4,1519.6,455.88,265.93,Venda
SKU_1720_PAS,10/08/2025,Atacado,6,1349.4,472.32,146.18,Venda
SKU_1492_BIR,10/08/2025,Atacado,5,1874.5,656.05,243.69,Venda
SKU_1404_ARM,10/08/2025,Varejo,1,1019.9,221.96,797.94,Venda
SKU_1789_SNO,10/08/2025,Varejo,1,269.9,72.78,197.12,Venda
SKU_1776_BIR,10/08/2025,Atacado,4,1319.6,395.88,230.93,Venda
SKU_1461_NAV,10/08/2025,Varejo,1,1069.9,217.39,852.51,Venda
SKU_1718_DUS,10/08/2025,Varejo,1,369.9,86.14,283.76,Venda
SKU_1631_BAL,10/08/2025,Atacado,2,359.8,125.92,116.94,Venda
SKU_1587_LIG,10/08/2025,E-commerce,2,459.8,81.28,189.26,Venda
SKU_1723_COB,10/08/2025,E-commerce,2,869.8,195.12,337.34,Venda
SKU_1689_IVO,10/08/2025,Varejo,1,964.9,173.32,791.58,Venda
SKU_1698_SNO,10/08/2025,Atacado,6,2519.4,881.76,272.94,Venda
SKU_1730_MIN,10/08/2025,Atacado,4,1279.6,383.88,223.93,Venda
SKU_1765_PAS,10/08/2025,Varejo,2,519.8,148.02,185.89,Venda
SKU_1730_MIN,10/08/2025,Atacado,4,1279.6,447.84,207.94,Venda
SKU_1771_PIN,10/08/2025,Atacado,2,529.8,185.42,172.19,Venda
SKU_1745_PEA,10/08/2025,Atacado,6,2459.4,860.76,266.44,Venda
SKU_1719_WHI,10/08/2025,Atacado,2,639.8,223.92,207.94,Venda
SKU_1632_SAP,10/08/2025,Varejo,1,184.9,48.99,135.91,Venda
SKU_2013_MYS,10/08/2025,Varejo,3,554.7,0.0,184.9,Venda
SKU_1693_MEX,10/08/2025,Atacado,5,1024.5,358.6,133.18,Venda
SKU_1736_PAS,10/08/2025,Atacado,5,1624.5,487.35,227.43,Venda
SKU_1710_OLI,10/08/2025,E-commerce,1,809.9,171.38,638.52,Venda
SKU_1451_BIR,10/08/2025,Atacado,4,979.6,342.88,159.18,Venda
SKU_1719_OFF,10/08/2025,E-commerce,1,319.9,75.95,243.95,Venda
SKU_1582_WHI,10/08/2025,Atacado,2,459.8,160.92,149.44,Venda
SKU_1746_EME,10/08/2025,Atacado,4,719.6,287.84,107.94,Venda
SKU_1570_HON,10/08/2025,Varejo,4,2859.6,471.44,597.04,Venda
SKU_1722_AQU,10/08/2025,Varejo,3,974.7,275.94,232.92,Venda
SKU_1732_OFF,10/08/2025,E-commerce,3,3344.7,883.77,820.31,Venda
SKU_1392_BLU,10/08/2025,Varejo,1,294.9,77.1,217.8,Venda
SKU_1770_DEE,10/08/2025,Atacado,10,2199.0,659.7,153.93,Venda
SKU_1688_LIG,10/08/2025,Varejo,1,429.9,126.12,303.78,Venda
SKU_1749_SNO,10/08/2025,Varejo,1,349.9,72.64,277.26,Venda
SKU_1398_AQU,10/08/2025,Atacado,6,4049.4,1214.82,472.43,Venda
SKU_1681_PIS,10/08/2025,Varejo,1,234.9,55.88,179.02,Venda
SKU_1795_RAS,10/08/2025,Atacado,5,1499.5,449.85,209.93,Venda
SKU_1495_FUC,10/08/2025,E-commerce,2,659.8,165.3,247.25,Venda
SKU_1690_MAG,10/08/2025,E-commerce,1,539.9,98.56,441.34,Venda
SKU_1721_FRE,10/08/2025,Atacado,6,2519.4,1007.76,251.94,Venda
SKU_1799_POW,10/08/2025,Varejo,1,269.9,41.57,228.33,Venda
SKU_1459_OFF,10/08/2025,Atacado,6,1259.4,377.82,146.93,Venda
SKU_1730_OFF,10/08/2025,Atacado,10,3199.0,1119.6,207.94,Venda
SKU_1408_PAS,10/08/2025,Varejo,2,1839.8,418.32,710.74,Venda
SKU_1687_FOR,10/08/2025,Varejo,2,1799.8,320.08,739.86,Venda
SKU_1739_MOS,10/08/2025,E-commerce,1,254.9,47.69,207.21,Venda
SKU_1709_MAR,10/08/2025,Atacado,8,1679.2,587.68,136.44,Venda
SKU_1801_MOS,10/08/2025,Atacado,4,1499.6,524.84,243.69,Venda
SKU_1765_MYS,10/08/2025,E-commerce,1,259.9,65.0,194.9,Venda
SKU_1545_TEA,10/08/2025,Atacado,6,1559.4,545.76,168.94,Venda
SKU_1782_HUN,10/08/2025,Atacado,4,999.6,349.84,162.44,Venda
SKU_1603_PEA,10/08/2025,Atacado,6,4469.4,1340.82,521.43,Venda
SKU_1747_FUC,10/08/2025,Atacado,10,1749.0,699.6,104.94,Venda
SKU_1736_JAD,10/08/2025,Atacado,2,649.8,227.42,211.19,Venda
SKU_1729_FUC,10/08/2025,Atacado,4,699.6,244.88,113.68,Venda
SKU_1690_MAG,10/08/2025,Varejo,1,539.9,81.41,458.49,Venda
SKU_1761_MOS,10/08/2025,Varejo,2,2209.8,578.56,815.62,Venda
SKU_1779_MIN,10/08/2025,Varejo,1,214.9,35.7,179.2,Venda
SKU_1664_PIN,10/08/2025,Atacado,5,1649.5,577.3,214.44,Venda
SKU_1691_HUN,10/08/2025,Varejo,1,309.9,86.69,223.21,Venda
SKU_1519_BLU,10/08/2025,Varejo,1,629.9,176.68,453.22,Venda
SKU_1738_ROY,10/08/2025,Varejo,1,194.9,41.46,153.44,Venda
SKU_1702_LIG,10/08/2025,Varejo,1,619.9,140.29,479.61,Venda
SKU_1793_WHI,10/08/2025,E-commerce,1,189.9,54.74,135.16,Venda
SKU_1597_SHO,10/08/2025,Atacado,8,4239.2,1483.68,344.44,Venda
SKU_1745_FOR,10/08/2025,Atacado,12,4918.8,1721.52,266.44,Venda
SKU_1779_MIN,10/08/2025,Atacado,5,1074.5,322.35,150.43,Venda
SKU_1764_FUC,10/08/2025,Atacado,4,939.6,328.88,152.68,Venda
SKU_1792_AQU,10/08/2025,Atacado,5,2199.5,659.85,307.93,Venda
SKU_1799_DEN,10/08/2025,Atacado,5,1349.5,472.3,175.44,Venda
SKU_1782_HUN,10/08/2025,Atacado,5,1249.5,437.3,162.44,Venda
SKU_1768_MIN,10/08/2025,Varejo,2,1249.8,323.84,462.98,Venda
SKU_1859_PEA,10/08/2025,Atacado,6,2579.4,902.76,279.44,Venda
SKU_1760_PAS,10/08/2025,Varejo,1,249.9,55.59,194.31,Venda
SKU_1744_EME,10/08/2025,Varejo,4,1059.6,217.6,210.5,Venda
SKU_1963_IVO,10/08/2025,Varejo,2,1389.8,0.0,694.9,Venda
SKU_1746_NAV,10/08/2025,Atacado,6,1079.4,323.82,125.93,Venda
SKU_1789_EME,10/08/2025,Varejo,1,269.9,56.17,213.73,Venda
SKU_1708_FRE,10/08/2025,Atacado,12,2038.8,713.52,110.44,Venda
SKU_1785_PAS,10/08/2025,Atacado,5,1224.5,367.35,171.43,Venda
SKU_1800_MOS,10/08/2025,Varejo,2,559.8,163.9,197.95,Venda
SKU_1745_PEA,10/08/2025,Varejo,1,409.9,86.16,323.74,Venda
SKU_1755_AQU,10/08/2025,Atacado,6,2009.4,602.82,234.43,Venda
SKU_1773_FRE,10/08/2025,Varejo,1,324.9,79.0,245.9,Venda
SKU_1791_ARM,10/08/2025,Varejo,1,264.9,44.76,220.14,Venda
SKU_1743_DEE,10/08/2025,Varejo,2,879.8,188.38,345.71,Venda
SKU_1687_WHI,10/08/2025,Atacado,2,1799.8,539.94,629.93,Venda
SKU_1499_HOT,10/08/2025,Atacado,8,2079.2,831.68,155.94,Venda
SKU_1683_SHO,10/08/2025,Atacado,4,1259.6,440.84,204.69,Venda
SKU_1744_EME,10/08/2025,Atacado,6,1589.4,476.82,185.43,Venda
SKU_1679_GAR,10/08/2025,Atacado,4,3679.6,1103.88,643.93,Venda
SKU_1739_AQU,10/08/2025,Atacado,10,2549.0,892.2,165.68,Venda
SKU_1527_FUC,10/08/2025,Atacado,4,3639.6,1091.88,636.93,Venda
SKU_1768_PEA,10/08/2025,Atacado,12,7498.8,2999.52,374.94,Venda
SKU_1569_PAS,10/08/2025,Atacado,5,1099.5,439.8,131.94,Venda
SKU_2090_BUB,10/08/2025,Varejo,1,264.9,0.0,264.9,Venda
SKU_1739_MOS,10/08/2025,Atacado,6,1529.4,458.82,178.43,Venda
SKU_2009_WHI,10/08/2025,Atacado,6,1499.4,449.82,174.93,Venda
SKU_1791_ARM,10/08/2025,Varejo,1,264.9,47.48,217.42,Venda
SKU_1778_TEA,10/08/2025,Atacado,5,1424.5,569.8,170.94,Venda
SKU_1923_TUR,10/08/2025,E-commerce,1,189.9,0.0,189.9,Venda
SKU_1711_VAN,10/08/2025,E-commerce,1,994.9,248.5,746.4,Venda
SKU_1725_BAB,10/08/2025,Atacado,5,1224.5,367.35,171.43,Venda
SKU_1799_DEN,10/08/2025,Varejo,1,269.9,70.47,199.43,Venda
SKU_1464_MOS,10/08/2025,Atacado,3,689.7,206.91,160.93,Venda
SKU_1705_SER,10/08/2025,Varejo,1,409.9,81.58,328.32,Venda
SKU_1758_HON,10/08/2025,Atacado,6,1079.4,377.76,116.94,Venda
SKU_1396_PAS,10/08/2025,Atacado,4,539.6,188.88,87.68,Venda
SKU_1759_CLE,10/08/2025,E-commerce,1,269.9,73.83,196.07,Venda
SKU_1462_OFF,10/08/2025,Varejo,1,364.9,69.19,295.71,Venda
SKU_1747_FUC,10/08/2025,E-commerce,3,524.7,103.65,140.35,Venda
SKU_1408_FUC,10/08/2025,E-commerce,1,919.9,182.7,737.2,Venda
SKU_1641_SER,10/08/2025,Atacado,3,974.7,292.41,227.43,Venda
SKU_1494_EGR,10/08/2025,Atacado,12,13018.8,3905.64,759.43,Venda
SKU_1685_BIR,10/08/2025,Atacado,5,3324.5,1163.55,432.19,Venda
SKU_1687_WHI,10/08/2025,Varejo,1,899.9,187.82,712.08,Venda
SKU_1698_PRI,10/08/2025,Varejo,1,419.9,68.68,351.22,Venda
SKU_1979_DEN,10/08/2025,Varejo,1,194.9,0.0,194.9,Venda
SKU_1630_SNO,10/08/2025,Atacado,10,3349.0,1004.7,234.43,Venda
SKU_1676_NAV,10/08/2025,Atacado,3,509.7,178.38,110.44,Venda
SKU_1578_PAS,10/08/2025,Atacado,6,749.4,224.82,87.43,Venda
SKU_1799_DEN,10/08/2025,Varejo,3,809.7,194.07,205.21,Venda
SKU_1748_COB,10/08/2025,Atacado,4,1239.6,433.84,201.44,Venda
SKU_2052_NAV,10/08/2025,Varejo,1,299.9,0.0,299.9,Venda
SKU_1761_SAP,10/08/2025,Atacado,6,6629.4,2651.76,662.94,Venda
SKU_1686_SKY,10/08/2025,Varejo,1,214.9,39.59,175.31,Venda
SKU_1664_MIN,10/08/2025,Atacado,3,989.7,346.38,214.44,Venda
SKU_2112_TEA,10/08/2025,Varejo,3,1004.7,70.32,311.46,Venda
SKU_1708_FLA,10/08/2025,Atacado,4,679.6,203.88,118.93,Venda
SKU_1688_LIG,10/08/2025,E-commerce,1,429.9,100.63,329.27,Venda
SKU_1696_SHO,10/08/2025,Atacado,4,1119.6,335.88,195.93,Venda
SKU_1784_EGR,10/08/2025,Varejo,3,929.7,231.66,232.68,Venda
SKU_1450_MAG,10/08/2025,Varejo,3,1229.7,284.46,315.08,Venda
SKU_1637_WHI,10/08/2025,Varejo,3,2759.7,442.59,772.37,Venda
SKU_1770_DEE,10/08/2025,E-commerce,1,219.9,59.46,160.44,Venda
SKU_1694_PIS,10/08/2025,Varejo,3,839.7,191.04,216.22,Venda
SKU_1648_RAS,10/08/2025,Varejo,1,699.9,204.63,495.27,Venda
SKU_1635_TEA,10/08/2025,Varejo,1,604.9,144.62,460.28,Venda
SKU_1783_EGR,10/08/2025,Atacado,8,9599.2,2879.76,839.93,Venda
SKU_1719_OFF,10/08/2025,Varejo,1,319.9,94.32,225.58,Venda
SKU_1739_MOS,10/08/2025,Varejo,3,764.7,163.26,200.48,Venda
SKU_1462_OFF,10/08/2025,Varejo,1,364.9,57.22,307.68,Venda
SKU_1694_PIS,10/08/2025,Atacado,5,1399.5,419.85,195.93,Venda
SKU_1484_EGR,10/08/2025,Atacado,6,2759.4,1103.76,275.94,Venda
SKU_1982_VAN,10/08/2025,Atacado,8,1799.2,629.76,146.18,Venda
SKU_1734_BRI,10/08/2025,Varejo,2,699.8,108.46,295.67,Venda
SKU_1764_FUC,10/08/2025,Atacado,8,1879.2,657.76,152.68,Venda
SKU_1698_PRI,10/08/2025,Varejo,3,1259.7,236.82,340.96,Venda
SKU_1800_MOS,10/08/2025,Atacado,8,2239.2,783.68,181.94,Venda
SKU_1518_LIM,10/08/2025,Atacado,6,1409.4,493.32,152.68,Venda
SKU_1756_BUB,10/08/2025,E-commerce,2,359.8,86.2,136.8,Venda
SKU_1754_IVO,10/08/2025,Varejo,1,339.9,72.94,266.96,Venda
SKU_1756_FLA,10/08/2025,Atacado,3,539.7,188.88,116.94,Venda
SKU_1780_LIG,10/08/2025,Atacado,8,2679.2,803.76,234.43,Venda
SKU_1639_WHI,10/08/2025,Atacado,3,569.7,199.38,123.44,Venda
SKU_1731_ARM,10/08/2025,Atacado,5,4549.5,1592.3,591.44,Venda
SKU_1683_PAL,10/08/2025,Varejo,2,629.8,112.1,258.85,Venda
SKU_1757_PIN,10/08/2025,E-commerce,1,264.9,47.67,217.23,Venda
SKU_1594_BAL,10/08/2025,Atacado,8,3999.2,1399.68,324.94,Venda
SKU_1691_HUN,10/08/2025,Atacado,2,619.8,216.92,201.44,Venda
SKU_1739_AQU,10/08/2025,Varejo,1,254.9,57.69,197.21,Venda
SKU_1766_CLE,10/08/2025,Atacado,6,2369.4,829.26,256.69,Venda
SKU_1797_GAR,10/08/2025,Atacado,10,3799.0,1139.7,265.93,Venda
SKU_1751_BLU,10/08/2025,Varejo,1,329.9,76.17,253.73,Venda
SKU_1581_BIR,10/08/2025,Atacado,12,10258.8,3077.64,598.43,Venda
SKU_1547_FUC,10/08/2025,Varejo,2,659.8,186.86,236.47,Venda
SKU_1492_BIR,10/08/2025,Varejo,3,1124.7,286.71,279.33,Venda
SKU_1580_MOS,10/08/2025,E-commerce,1,189.9,53.37,136.53,Venda
SKU_1724_PEA,10/08/2025,Varejo,1,1114.9,243.79,871.11,Venda
SKU_1700_HUN,10/08/2025,E-commerce,1,699.9,123.71,576.19,Venda
SKU_1553_HOT,10/08/2025,Atacado,5,1274.5,382.35,178.43,Venda
SKU_1756_BUB,10/08/2025,Varejo,1,179.9,47.56,132.34,Venda
SKU_1706_BLA,10/08/2025,E-commerce,2,369.8,106.46,131.67,Venda
SKU_1530_PEA,10/08/2025,Atacado,12,1558.8,545.52,84.44,Venda
SKU_1684_SHO,10/08/2025,Atacado,4,739.6,221.88,129.43,Venda
SKU_1785_HUN,10/08/2025,Atacado,3,734.7,220.41,171.43,Venda
SKU_1730_MIN,10/08/2025,E-commerce,1,319.9,66.13,253.77,Venda
SKU_1551_DUS,10/08/2025,Atacado,4,879.6,263.88,153.93,Venda
SKU_1697_PIS,10/08/2025,Varejo,1,219.9,33.78,186.12,Venda
SKU_1760_PAS,10/08/2025,Varejo,3,749.7,159.33,196.79,Venda
SKU_1525_MYS,10/08/2025,Varejo,1,289.9,50.56,239.34,Venda
SKU_1688_WHI,10/08/2025,E-commerce,2,859.8,220.38,319.71,Venda
SKU_1710_OLI,10/08/2025,Atacado,2,1619.8,566.92,526.44,Venda
SKU_1611_MID,10/08/2025,Varejo,1,219.9,56.82,163.08,Venda
SKU_1754_SER,10/08/2025,Varejo,1,339.9,57.2,282.7,Venda
SKU_1750_SNO,10/08/2025,E-commerce,1,369.9,96.57,273.33,Venda
SKU_1819_AQU,10/08/2025,E-commerce,2,689.8,0.0,344.9,Venda
SKU_1769_EME,10/08/2025,Varejo,1,324.9,50.89,274.01,Venda
SKU_1506_BRI,10/08/2025,Atacado,3,689.7,241.38,149.44,Venda
SKU_1715_HON,10/08/2025,Atacado,4,879.6,307.84,142.94,Venda
SKU_1773_FRE,10/08/2025,Atacado,3,974.7,438.6,178.7,Venda
SKU_1798_OFF,10/08/2025,E-commerce,1,419.9,70.06,349.84,Venda
SKU_1709_CRE,10/08/2025,Varejo,2,419.8,110.62,154.59,Venda
SKU_1755_AQU,10/08/2025,Atacado,4,1339.6,401.88,234.43,Venda
SKU_1901_MIN,10/08/2025,Varejo,1,234.9,16.44,218.46,Venda
SKU_1702_LIG,10/08/2025,E-commerce,1,619.9,159.39,460.51,Venda
SKU_1717_CRE,10/08/2025,Atacado,3,779.7,233.91,181.93,Venda
SKU_1496_PAS,10/08/2025,Varejo,2,2269.8,491.72,889.04,Venda
SKU_1589_CER,10/08/2025,Atacado,6,4079.4,1427.76,441.94,Venda
SKU_1910_MID,10/08/2025,Atacado,6,4499.4,1799.76,449.94,Venda
SKU_1789_SNO,10/08/2025,Atacado,6,1619.4,485.82,188.93,Venda
SKU_1549_BAL,10/08/2025,Atacado,6,1109.4,332.82,129.43,Venda
SKU_1729_CLE,10/08/2025,Varejo,1,174.9,48.3,126.6,Venda
SKU_1755_BIR,10/08/2025,Atacado,12,4018.8,1205.64,234.43,Venda
SKU_1713_SNO,10/08/2025,Atacado,6,3029.4,908.82,353.43,Venda
SKU_1719_OFF,10/08/2025,Atacado,8,2559.2,767.76,223.93,Venda
SKU_1763_MAR,10/08/2025,Varejo,1,299.9,58.64,241.26,Venda
SKU_1969_SNO,10/08/2025,Atacado,4,1639.6,491.88,286.93,Venda
SKU_1712_NAV,10/08/2025,Atacado,4,719.6,287.84,107.94,Venda
SKU_1525_OLI,10/08/2025,Atacado,5,1449.5,507.3,188.44,Venda
SKU_1732_OFF,10/08/2025,Atacado,2,2229.8,668.94,780.43,Venda
SKU_1598_DUS,10/08/2025,Varejo,1,489.9,118.98,370.92,Venda
SKU_2076_MIN,10/08/2025,E-commerce,1,474.9,0.0,474.9,Venda
SKU_1509_MAG,10/08/2025,E-commerce,1,319.9,57.64,262.26,Venda
SKU_1782_NAV,10/08/2025,Varejo,1,249.9,52.29,197.61,Venda
SKU_1735_MOS,10/08/2025,Varejo,1,269.9,72.17,197.73,Venda
SKU_1909_SPA,10/08/2025,Atacado,10,4499.0,1574.6,292.44,Venda
SKU_1741_PEA,10/08/2025,E-commerce,1,239.9,42.8,197.1,Venda
SKU_1683_PAL,10/08/2025,Varejo,2,629.8,142.28,243.76,Venda
SKU_1625_DUS,10/08/2025,Atacado,2,409.8,184.4,112.7,Venda
SKU_1508_DEE,10/08/2025,Varejo,1,209.9,56.94,152.96,Venda
SKU_1791_IVO,10/08/2025,Varejo,3,794.7,219.12,191.86,Venda
SKU_1717_CRE,10/08/2025,Atacado,5,1299.5,389.85,181.93,Venda
SKU_1705_SER,10/08/2025,E-commerce,1,409.9,101.48,308.42,Venda
SKU_1707_ARM,10/08/2025,Atacado,10,2799.0,839.7,195.93,Venda
SKU_1699_CLO,10/08/2025,Varejo,2,659.8,195.96,231.92,Venda
SKU_1705_SER,10/08/2025,Atacado,6,2459.4,860.76,266.44,Venda
SKU_1793_MIN,10/08/2025,Atacado,8,1519.2,455.76,132.93,Venda
SKU_1630_LIM,10/08/2025,Varejo,1,334.9,91.85,243.05,Venda
SKU_1698_SNO,10/08/2025,Atacado,4,1679.6,671.84,251.94,Venda
SKU_1990_LIM,10/08/2025,Varejo,1,179.9,0.0,179.9,Venda
SKU_1438_MOS,10/08/2025,Varejo,1,204.9,37.18,167.72,Venda
SKU_1776_BIR,10/08/2025,Atacado,4,1319.6,461.84,214.44,Venda
SKU_1789_EME,10/08/2025,Atacado,5,1349.5,404.85,188.93,Venda
SKU_1724_PEA,10/08/2025,Varejo,1,1114.9,293.44,821.46,Venda
SKU_1738_BLU,10/08/2025,Varejo,1,194.9,43.14,151.76,Venda
SKU_1682_BIR,10/08/2025,Atacado,4,939.6,328.88,152.68,Venda
SKU_1791_IVO,10/08/2025,Varejo,2,529.8,80.28,224.76,Venda
SKU_1696_SER,10/08/2025,Atacado,5,1399.5,559.8,167.94,Venda
SKU_1758_CLO,10/08/2025,Atacado,4,719.6,215.88,125.93,Venda
SKU_1789_SNO,10/08/2025,Varejo,1,269.9,49.64,220.26,Venda
SKU_1779_MIN,10/08/2025,Atacado,3,644.7,225.66,139.68,Venda
SKU_1765_MYS,10/08/2025,E-commerce,1,259.9,48.38,211.52,Venda
SKU_1689_IVO,10/08/2025,Varejo,1,964.9,229.82,735.08,Venda
SKU_1758_HON,10/08/2025,Atacado,5,899.5,269.85,125.93,Venda
SKU_1758_HON,10/08/2025,Atacado,4,719.6,287.84,107.94,Venda
SKU_1744_LIG,10/08/2025,Varejo,1,264.9,57.29,207.61,Venda
SKU_1706_BLA,10/08/2025,Varejo,2,369.8,65.2,152.3,Venda
SKU_1743_DEE,10/08/2025,Atacado,4,1759.6,615.84,285.94,Venda
SKU_1440_BLU,10/08/2025,Atacado,5,5999.5,2099.8,779.94,Venda
SKU_1682_OLI,10/08/2025,Atacado,5,1174.5,411.1,152.68,Venda
SKU_1773_OLI,10/08/2025,Atacado,4,1299.6,454.84,211.19,Venda
SKU_1787_BAB,10/08/2025,Varejo,1,289.9,55.91,233.99,Venda
SKU_1639_WHI,10/08/2025,Atacado,4,759.6,303.84,113.94,Venda
SKU_1684_SHO,10/08/2025,Atacado,5,924.5,277.35,129.43,Venda
SKU_1765_PAS,10/08/2025,Atacado,12,3118.8,1091.52,168.94,Venda
SKU_1779_MIN,10/08/2025,E-commerce,2,429.8,97.12,166.34,Venda
SKU_1697_PIS,10/08/2025,Atacado,12,2638.8,923.52,142.94,Venda
SKU_1687_FOR,10/08/2025,Atacado,6,5399.4,1619.82,629.93,Venda
SKU_1560_PAL,10/08/2025,Atacado,2,449.8,179.92,134.94,Venda
SKU_1693_FLA,10/08/2025,Atacado,5,1024.5,358.6,133.18,Venda
SKU_1892_ROS,10/08/2025,Atacado,3,869.7,260.91,202.93,Venda
SKU_1702_LIG,10/08/2025,Varejo,1,619.9,104.3,515.6,Venda
SKU_1713_SAL,10/08/2025,Atacado,2,1009.8,302.94,353.43,Venda
SKU_1982_VAN,10/08/2025,Atacado,6,1349.4,404.82,157.43,Venda
SKU_1571_BIR,10/08/2025,Atacado,4,999.6,299.88,174.93,Venda
SKU_1683_SHO,10/08/2025,Varejo,2,629.8,174.68,227.56,Venda
SKU_1883_ARM,10/08/2025,Atacado,2,449.8,134.94,157.43,Venda
SKU_1773_FRE,10/08/2025,Varejo,1,324.9,54.88,270.02,Venda
SKU_1929_COB,10/08/2025,Varejo,1,294.9,0.0,294.9,Venda
SKU_1503_VAN,10/08/2025,Varejo,2,459.8,122.96,168.42,Venda
SKU_1507_FLA,10/08/2025,Atacado,2,359.8,161.92,98.94,Venda
SKU_1732_WHI,10/08/2025,Varejo,1,1114.9,270.28,844.62,Venda
SKU_1795_HUN,10/08/2025,Varejo,1,299.9,89.44,210.46,Venda
SKU_1482_MOS,10/08/2025,E-commerce,1,444.9,93.42,351.48,Venda
SKU_1767_PRI,10/08/2025,E-commerce,2,409.8,90.26,159.77,Venda
SKU_2077_PIS,10/08/2025,Atacado,4,819.6,286.88,133.18,Venda
SKU_1674_WHI,10/08/2025,Varejo,1,229.9,41.46,188.44,Venda
SKU_1712_NAV,10/08/2025,Atacado,8,1439.2,575.68,107.94,Venda
SKU_1443_PRI,10/08/2025,Atacado,4,1079.6,323.88,188.93,Venda
SKU_1990_LIM,10/08/2025,Atacado,6,1079.4,485.76,98.94,Venda
SKU_1752_SNO,10/08/2025,E-commerce,1,429.9,107.85,322.05,Venda
SKU_1687_FOR,10/08/2025,Atacado,6,5399.4,1619.82,629.93,Venda
SKU_1764_MAR,10/08/2025,Varejo,1,234.9,70.33,164.57,Venda
SKU_1717_CRE,10/08/2025,Atacado,5,1299.5,454.8,168.94,Venda
SKU_1753_WHI,10/08/2025,Atacado,2,1579.8,631.92,473.94,Venda
SKU_1793_WHI,10/08/2025,Atacado,12,2278.8,797.52,123.44,Venda
SKU_1726_PAS,10/08/2025,Varejo,3,1289.7,193.83,365.29,Venda
SKU_1690_MYS,10/08/2025,E-commerce,1,539.9,86.92,452.98,Venda
SKU_1881_SNO,10/08/2025,Varejo,1,244.9,0.0,244.9,Venda
SKU_1718_SEA,10/08/2025,Varejo,1,369.9,98.95,270.95,Venda
SKU_1951_COR,10/08/2025,Varejo,1,254.9,0.0,254.9,Venda
SKU_1691_HUN,10/08/2025,Varejo,1,309.9,52.47,257.43,Venda
SKU_1769_EME,10/08/2025,E-commerce,1,324.9,51.91,272.99,Venda
SKU_1732_OFF,10/08/2025,Varejo,1,1114.9,270.67,844.23,Venda
SKU_1793_WHI,10/08/2025,Varejo,1,189.9,33.69,156.21,Venda
SKU_1635_TEA,10/08/2025,Atacado,2,1209.8,423.42,393.19,Venda
SKU_1796_OLI,10/08/2025,Atacado,6,3029.4,1211.76,302.94,Venda
SKU_1756_FLA,10/08/2025,Varejo,2,359.8,70.46,144.67,Venda
SKU_1597_SHO,10/08/2025,Varejo,1,529.9,145.1,384.8,Venda
SKU_1499_RAS,10/08/2025,Varejo,4,1039.6,286.2,188.35,Venda
SKU_1716_AQU,10/08/2025,E-commerce,1,164.9,41.27,123.63,Venda
SKU_1746_EME,10/08/2025,Varejo,1,179.9,52.09,127.81,Venda
SKU_1696_SHO,10/08/2025,Varejo,3,839.7,146.73,230.99,Venda
SKU_1682_BIR,10/08/2025,Varejo,1,234.9,62.35,172.55,Venda
SKU_1710_OLI,10/08/2025,Varejo,1,809.9,150.66,659.24,Venda
SKU_1783_BAB,10/08/2025,Atacado,5,5999.5,1799.85,839.93,Venda
SKU_1845_TUR,10/08/2025,Varejo,1,819.9,57.39,762.51,Venda
SKU_1714_DEE,10/08/2025,Atacado,3,914.7,365.88,182.94,Venda
SKU_1676_NAV,10/08/2025,Varejo,1,169.9,41.49,128.41,Venda
SKU_1775_PAL,10/08/2025,Atacado,4,1119.6,335.88,195.93,Venda
SKU_1999_COB,10/08/2025,Atacado,5,1174.5,352.35,164.43,Venda
SKU_1572_BAL,10/08/2025,Atacado,10,1399.0,489.6,90.94,Venda
SKU_1462_OFF,10/08/2025,Varejo,1,364.9,59.34,305.56,Venda
SKU_1419_WHI,10/08/2025,Atacado,6,1499.4,449.82,174.93,Venda
SKU_1934_HON,10/08/2025,Atacado,3,779.7,233.91,181.93,Venda
SKU_1774_MOS,10/08/2025,Varejo,1,204.9,58.07,146.83,Venda
SKU_1788_EME,10/08/2025,E-commerce,1,249.9,74.06,175.84,Venda
SKU_1685_COB,10/08/2025,Varejo,1,664.9,141.61,523.29,Venda
SKU_1801_MOS,10/08/2025,Atacado,4,1499.6,524.84,243.69,Venda
SKU_1701_SPA,10/08/2025,Varejo,1,339.9,84.37,255.53,Venda
SKU_1589_TUR,10/08/2025,Varejo,2,1359.8,280.18,539.81,Venda
SKU_1524_BLU,10/08/2025,Atacado,3,1109.7,332.91,258.93,Venda
SKU_1758_HON,10/08/2025,Varejo,1,179.9,51.49,128.41,Venda
SKU_1993_SAP,10/08/2025,Varejo,1,204.9,0.0,204.9,Venda
SKU_1681_PIS,10/08/2025,Varejo,1,234.9,60.93,173.97,Venda
SKU_1682_BIR,10/08/2025,Varejo,2,469.8,135.2,167.3,Venda
SKU_1726_PAS,10/08/2025,Varejo,1,429.9,89.92,339.98,Venda
SKU_1719_OFF,10/08/2025,E-commerce,1,319.9,79.86,240.04,Venda
SKU_1593_FUC,10/08/2025,E-commerce,1,144.9,43.31,101.59,Venda
SKU_1693_FLA,10/08/2025,Atacado,10,2049.0,717.2,133.18,Venda
SKU_1423_JAD,10/08/2025,Atacado,5,5999.5,2099.8,779.94,Venda
SKU_1725_BAB,10/08/2025,Atacado,6,1469.4,514.32,159.18,Venda
SKU_1754_IVO,10/08/2025,Atacado,6,2039.4,611.82,237.93,Venda
SKU_1718_DUS,10/08/2025,Atacado,4,1479.6,443.88,258.93,Venda
SKU_1750_MIN,10/08/2025,E-commerce,1,369.9,83.32,286.58,Venda
SKU_1799_DEN,10/08/2025,Atacado,10,2699.0,809.7,188.93,Venda
SKU_1719_WHI,10/08/2025,Atacado,4,1279.6,447.84,207.94,Venda
SKU_1775_PAL,10/08/2025,Varejo,1,279.9,59.09,220.81,Venda
SKU_1585_COR,10/08/2025,Atacado,10,3199.0,1119.6,207.94,Venda
SKU_1642_OFF,10/08/2025,E-commerce,2,449.8,107.1,171.35,Venda
SKU_1615_SHO,10/08/2025,Varejo,1,464.9,81.06,383.84,Venda
SKU_1796_SHO,10/08/2025,Varejo,1,504.9,137.66,367.24,Venda
SKU_1682_OLI,10/08/2025,Atacado,6,1409.4,493.32,152.68,Venda
SKU_2089_EGR,10/08/2025,E-commerce,2,989.8,0.0,494.9,Venda
SKU_1717_CRE,10/08/2025,Atacado,4,1039.6,415.84,155.94,Venda
SKU_1758_CLO,10/08/2025,Varejo,2,359.8,81.02,139.39,Venda
SKU_2081_HUN,10/08/2025,Atacado,3,1169.7,467.88,233.94,Venda
SKU_1740_FRE,10/08/2025,Varejo,2,429.8,77.72,176.04,Venda
SKU_1724_PEA,10/08/2025,E-commerce,1,1114.9,329.54,785.36,Venda
SKU_1801_FLA,10/08/2025,Atacado,10,3749.0,1312.1,243.69,Venda
SKU_1890_TEA,10/08/2025,Atacado,2,509.8,152.94,178.43,Venda
SKU_2060_MEX,10/08/2025,Varejo,2,1869.8,0.0,934.9,Venda
SKU_1764_FUC,10/08/2025,Atacado,5,1174.5,411.1,152.68,Venda
SKU_1761_SAP,10/08/2025,Varejo,1,1104.9,222.33,882.57,Venda
SKU_1631_SNO,10/08/2025,Atacado,3,539.7,161.91,125.93,Venda
SKU_1408_PAS,10/08/2025,Atacado,4,3679.6,1103.88,643.93,Venda
SKU_1731_ARM,10/08/2025,Varejo,1,909.9,188.34,721.56,Venda
SKU_1767_FUC,10/08/2025,Atacado,10,2049.0,614.7,143.43,Venda
SKU_1712_NAV,10/08/2025,Atacado,4,719.6,215.88,125.93,Venda
SKU_1736_PAS,10/08/2025,Atacado,12,3898.8,1364.52,211.19,Venda
SKU_1500_PAS,10/08/2025,Atacado,3,779.7,272.88,168.94,Venda
SKU_1590_HOT,10/08/2025,Atacado,6,1139.4,341.82,132.93,Venda
SKU_1711_VAN,10/08/2025,Varejo,1,994.9,168.07,826.83,Venda
SKU_1937_MIN,10/08/2025,Atacado,6,1259.4,377.82,146.93,Venda
SKU_1746_NAV,10/08/2025,Atacado,5,899.5,314.8,116.94,Venda
SKU_1697_MIN,10/08/2025,Varejo,1,219.9,55.71,164.19,Venda
SKU_1703_BLU,10/08/2025,Atacado,10,2699.0,944.6,175.44,Venda
SKU_1505_SNO,10/08/2025,E-commerce,1,234.9,48.75,186.15,Venda
SKU_1766_MYS,10/08/2025,Atacado,5,1974.5,789.8,236.94,Venda
SKU_1807_IVO,10/08/2025,Atacado,4,1819.6,545.88,318.43,Venda
SKU_1774_MOS,10/08/2025,Varejo,4,819.6,154.32,166.32,Venda
SKU_1775_PAS,10/08/2025,Varejo,1,279.9,77.14,202.76,Venda
SKU_1469_ARM,10/08/2025,E-commerce,2,589.8,158.16,215.82,Venda
SKU_2032_LIM,10/08/2025,Varejo,1,254.9,0.0,254.9,Venda
SKU_1771_EME,10/08/2025,Varejo,2,529.8,132.02,198.89,Venda
SKU_1531_SNO,10/08/2025,Atacado,10,5499.0,1649.7,384.93,Venda
SKU_1794_LIG,10/08/2025,Varejo,1,209.9,47.47,162.43,Venda
SKU_1731_MIN,10/08/2025,Atacado,3,2729.7,1091.88,545.94,Venda
SKU_1689_MAG,10/08/2025,Varejo,1,964.9,172.84,792.06,Venda
SKU_1549_BAL,10/08/2025,Varejo,1,184.9,42.03,142.87,Venda
SKU_1753_PAL,10/08/2025,Atacado,5,3949.5,1184.85,552.93,Venda
SKU_1676_NAV,10/08/2025,Atacado,4,679.6,237.84,110.44,Venda
SKU_1883_ARM,10/08/2025,E-commerce,1,224.9,0.0,224.9,Venda
SKU_1964_SAL,10/08/2025,E-commerce,1,294.9,0.0,294.9,Venda
SKU_1775_PAS,10/08/2025,E-commerce,1,279.9,42.8,237.1,Venda
SKU_1706_JAD,10/08/2025,Atacado,6,1109.4,388.32,120.18,Venda
SKU_1710_OLI,10/08/2025,Varejo,1,809.9,128.91,680.99,Venda
SKU_1743_CLO,10/08/2025,Varejo,1,439.9,113.86,326.04,Venda
SKU_1756_BUB,10/08/2025,Atacado,3,539.7,188.88,116.94,Venda
SKU_1684_SHO,10/08/2025,E-commerce,2,369.8,87.36,141.22,Venda
SKU_1745_FOR,10/08/2025,E-commerce,1,409.9,71.73,338.17,Venda
SKU_1774_MOS,10/08/2025,Varejo,3,614.7,164.34,150.12,Venda
SKU_1769_WHI,10/08/2025,Varejo,1,324.9,80.5,244.4,Venda
SKU_1782_HUN,10/08/2025,Varejo,2,499.8,135.02,182.39,Venda
SKU_1430_PEA,10/08/2025,Varejo,1,179.9,41.51,138.39,Venda
SKU_1605_COR,10/08/2025,E-commerce,1,219.9,41.63,178.27,Venda
SKU_1641_MEX,10/08/2025,Atacado,2,649.8,194.94,227.43,Venda
SKU_1710_MEX,10/08/2025,Atacado,8,6479.2,2267.68,526.44,Venda
SKU_1797_BLU,10/08/2025,Varejo,2,759.8,204.9,277.45,Venda
SKU_1679_SHO,10/08/2025,Varejo,1,919.9,182.89,737.01,Venda
SKU_1480_MEX,10/08/2025,Atacado,10,3699.0,1109.7,258.93,Venda
SKU_1593_LIG,10/08/2025,E-commerce,2,289.8,82.02,103.89,Venda
SKU_1765_PAS,10/08/2025,Atacado,5,1299.5,454.8,168.94,Venda
SKU_1709_MAR,10/08/2025,Varejo,2,419.8,92.92,163.44,Venda
SKU_1700_PIS,10/08/2025,Atacado,6,4199.4,1259.82,489.93,Venda
SKU_1575_JAD,10/08/2025,Varejo,1,864.9,218.35,646.55,Venda
SKU_1735_COR,10/08/2025,Varejo,1,269.9,76.45,193.45,Venda
SKU_1713_SNO,10/08/2025,Varejo,1,504.9,146.83,358.07,Venda
SKU_1738_ROY,10/08/2025,Varejo,1,194.9,37.17,157.73,Venda
SKU_1729_FUC,10/08/2025,E-commerce,2,349.8,88.94,130.43,Venda
SKU_1791_ARM,10/08/2025,Atacado,5,1324.5,529.8,158.94,Venda
SKU_1634_NAV,10/08/2025,E-commerce,1,979.9,197.88,782.02,Venda
SKU_1765_MYS,10/08/2025,Varejo,1,259.9,63.44,196.46,Venda
SKU_1775_PAS,10/08/2025,Atacado,10,2799.0,979.6,181.94,Venda
SKU_1694_SER,10/08/2025,Atacado,5,1399.5,489.8,181.94,Venda
SKU_1766_MYS,10/08/2025,Atacado,5,1974.5,789.8,236.94,Venda
SKU_1619_IVO,10/08/2025,Atacado,5,999.5,349.8,129.94,Venda
SKU_1772_SNO,10/08/2025,Atacado,3,1244.7,435.63,269.69,Venda
SKU_1650_EGR,10/08/2025,E-commerce,1,1004.9,254.87,750.03,Venda
SKU_1622_CLO,10/08/2025,Varejo,1,269.9,59.84,210.06,Venda
SKU_1735_MOS,10/08/2025,Atacado,5,1349.5,472.3,175.44,Venda
SKU_1696_SER,10/08/2025,Atacado,5,1399.5,489.8,181.94,Venda
SKU_1753_PAL,10/08/2025,Varejo,1,789.9,151.37,638.53,Venda
SKU_1795_HUN,10/08/2025,E-commerce,1,299.9,66.12,233.78,Venda
SKU_1768_MIN,10/08/2025,Atacado,3,1874.7,562.41,437.43,Venda
SKU_1411_RAS,10/08/2025,Atacado,4,899.6,314.88,146.18,Venda
SKU_1776_BIR,10/08/2025,E-commerce,1,329.9,53.57,276.33,Venda
SKU_1689_MAG,10/08/2025,Atacado,5,4824.5,1929.8,578.94,Venda
SKU_1699_CLO,10/08/2025,Atacado,8,2639.2,1055.68,197.94,Venda
SKU_1759_CLE,10/08/2025,Atacado,6,1619.4,566.76,175.44,Venda
SKU_1507_FLA,10/08/2025,Atacado,8,1439.2,503.68,116.94,Venda
SKU_1812_BRI,10/08/2025,Varejo,1,659.9,0.0,659.9,Venda
SKU_1797_GAR,10/08/2025,Varejo,1,379.9,71.7,308.2,Venda
SKU_1706_JAD,10/08/2025,E-commerce,1,184.9,52.57,132.33,Venda
SKU_1742_DEN,10/08/2025,Varejo,2,519.8,148.98,185.41,Venda
SKU_1769_EME,10/08/2025,Atacado,4,1299.6,389.88,227.43,Venda
SKU_1794_LIG,10/08/2025,Varejo,1,209.9,54.13,155.77,Venda
SKU_1746_EME,10/08/2025,Varejo,1,179.9,44.32,135.58,Venda
SKU_1636_SHO,10/08/2025,Atacado,2,879.8,263.94,307.93,Venda
SKU_1408_FUC,10/08/2025,Varejo,1,919.9,273.27,646.63,Venda
SKU_1699_CLO,10/08/2025,Atacado,3,989.7,296.91,230.93,Venda
SKU_1710_MEX,10/08/2025,Atacado,3,2429.7,971.88,485.94,Venda
SKU_1778_TEA,10/08/2025,Varejo,1,284.9,78.87,206.03,Venda
SKU_1798_OFF,10/08/2025,Atacado,8,3359.2,1343.68,251.94,Venda
SKU_1784_BLA,10/08/2025,Atacado,10,3099.0,1084.6,201.44,Venda
SKU_1957_PEA,10/08/2025,Varejo,1,189.9,13.29,176.61,Venda
SKU_1750_MIN,10/08/2025,Varejo,1,369.9,85.16,284.74,Venda
SKU_1736_PAS,10/08/2025,Varejo,3,974.7,286.89,229.27,Venda
SKU_1579_SAG,10/08/2025,Atacado,4,919.6,321.84,149.44,Venda
SKU_1827_BUB,10/08/2025,Atacado,6,1169.4,350.82,136.43,Venda
SKU_2010_BIR,10/08/2025,Varejo,1,919.9,0.0,919.9,Venda
SKU_1693_FLA,10/08/2025,Varejo,4,819.6,135.96,170.91,Venda
SKU_1399_PAL,10/08/2025,Atacado,2,539.8,188.92,175.44,Venda
SKU_1709_MAR,10/08/2025,Varejo,1,209.9,57.28,152.62,Venda
SKU_1797_BLU,10/08/2025,Atacado,5,1899.5,664.8,246.94,Venda
SKU_1706_JAD,10/08/2025,Varejo,1,184.9,34.53,150.37,Venda
SKU_1781_AQU,10/08/2025,Atacado,8,1039.2,415.68,77.94,Venda
SKU_1771_EME,10/08/2025,E-commerce,2,529.8,129.84,199.98,Venda
SKU_1723_COB,10/08/2025,Varejo,1,434.9,94.32,340.58,Venda
SKU_1800_MOS,10/08/2025,Atacado,4,1119.6,447.84,167.94,Venda
SKU_1741_PIN,10/08/2025,Varejo,1,239.9,64.38,175.52,Venda
SKU_1449_NAV,10/08/2025,Varejo,4,1299.6,386.72,228.22,Venda
SKU_1676_NAV,10/08/2025,Atacado,4,679.6,271.84,101.94,Venda
SKU_1516_EME,10/08/2025,Varejo,1,349.9,96.35,253.55,Venda
SKU_1640_IVO,10/08/2025,Atacado,3,659.7,197.91,153.93,Venda
SKU_1456_DEN,10/08/2025,Varejo,1,314.9,53.37,261.53,Venda
SKU_1712_NAV,10/08/2025,Atacado,6,1079.4,377.76,116.94,Venda
SKU_1734_BRI,10/08/2025,Varejo,1,349.9,79.24,270.66,Venda
SKU_1640_TEA,10/08/2025,Atacado,4,879.6,307.84,142.94,Venda
SKU_1705_JAD,10/08/2025,Varejo,3,1229.7,320.73,302.99,Venda
SKU_1708_FLA,10/08/2025,Atacado,8,1359.2,475.68,110.44,Venda
SKU_1576_AQU,10/08/2025,Varejo,3,734.7,187.95,182.25,Venda
SKU_1948_PAL,10/08/2025,E-commerce,1,199.9,0.0,199.9,Venda
SKU_1732_WHI,10/08/2025,E-commerce,1,1114.9,198.0,916.9,Venda
SKU_1795_RAS,10/08/2025,Varejo,1,299.9,76.06,223.84,Venda
SKU_1472_MYS,10/08/2025,E-commerce,1,469.9,74.34,395.56,Venda
SKU_1394_FOR,10/08/2025,Atacado,6,2819.4,845.82,328.93,Venda
SKU_1783_BAB,10/08/2025,Atacado,4,4799.6,1679.84,779.94,Venda
SKU_2089_CLO,10/08/2025,Varejo,1,494.9,0.0,494.9,Venda
SKU_1564_NAV,10/08/2025,E-commerce,1,589.9,116.74,473.16,Venda
SKU_1713_SNO,10/08/2025,E-commerce,1,504.9,84.18,420.72,Venda
SKU_1710_MEX,10/08/2025,Varejo,1,809.9,154.5,655.4,Venda
SKU_1467_FUC,10/08/2025,Varejo,1,204.9,53.5,151.4,Venda
SKU_1790_ROY,10/08/2025,E-commerce,1,259.9,70.51,189.39,Venda
SKU_1535_NAV,10/08/2025,E-commerce,1,304.9,71.04,233.86,Venda
SKU_1769_EME,10/08/2025,Atacado,6,1949.4,779.76,194.94,Venda
SKU_1710_OLI,10/08/2025,Atacado,8,6479.2,2591.68,485.94,Venda
SKU_1774_COB,10/08/2025,Varejo,1,204.9,58.5,146.4,Venda
SKU_1816_WHI,10/08/2025,Atacado,4,959.6,383.84,143.94,Venda
SKU_1772_SNO,10/08/2025,Varejo,1,414.9,75.39,339.51,Venda
SKU_1906_SHO,10/08/2025,Atacado,8,2359.2,707.76,206.43,Venda
SKU_1683_SHO,10/08/2025,Varejo,1,314.9,67.14,247.76,Venda
SKU_1416_AQU,10/08/2025,Varejo,1,279.9,54.18,225.72,Venda
SKU_1799_POW,10/08/2025,Atacado,3,809.7,242.91,188.93,Venda
SKU_1773_FRE,10/08/2025,E-commerce,1,324.9,61.94,262.96,Venda
SKU_1962_LIG,10/08/2025,Varejo,1,214.9,0.0,214.9,Venda
SKU_1605_COR,10/08/2025,Atacado,12,2638.8,791.64,153.93,Venda
SKU_1711_ARM,10/08/2025,Varejo,1,994.9,238.93,755.97,Venda
SKU_1780_LIG,10/08/2025,Atacado,5,1674.5,669.8,200.94,Venda
SKU_1717_MIN,10/08/2025,Atacado,5,1299.5,454.8,168.94,Venda
SKU_1681_PIS,10/08/2025,Atacado,3,704.7,211.41,164.43,Venda
SKU_1880_TUR,10/08/2025,Atacado,5,4249.5,1487.3,552.44,Venda
SKU_1721_COR,10/08/2025,Atacado,3,1259.7,377.91,293.93,Venda
SKU_1696_SHO,10/08/2025,Varejo,1,279.9,65.03,214.87,Venda
SKU_1482_SHO,10/08/2025,Varejo,2,889.8,172.6,358.6,Venda
SKU_1712_NAV,10/08/2025,Atacado,2,359.8,143.92,107.94,Venda
SKU_1760_OFF,10/08/2025,Varejo,1,249.9,65.84,184.06,Venda
SKU_1462_OFF,10/08/2025,E-commerce,1,364.9,89.23,275.67,Venda
SKU_1751_BLU,10/08/2025,Atacado,3,989.7,296.91,230.93,Venda
SKU_1774_COB,10/08/2025,Varejo,1,204.9,48.76,156.14,Venda
SKU_1688_WHI,10/08/2025,E-commerce,2,859.8,186.04,336.88,Venda
SKU_1722_PAS,10/08/2025,Varejo,1,324.9,80.23,244.67,Venda
SKU_1762_DEN,10/08/2025,Atacado,5,1274.5,509.8,152.94,Venda
SKU_1783_BAB,10/08/2025,Varejo,1,1199.9,304.57,895.33,Venda
SKU_1772_BLU,10/08/2025,Varejo,1,414.9,116.03,298.87,Venda
SKU_1737_SAG,10/08/2025,Varejo,1,769.9,207.49,562.41,Venda
SKU_1757_PIN,10/08/2025,Atacado,3,794.7,278.13,172.19,Venda
SKU_1753_WHI,10/08/2025,Atacado,3,2369.7,710.91,552.93,Venda
SKU_1741_PIN,10/08/2025,Atacado,10,2399.0,839.6,155.94,Venda
SKU_1788_MYS,10/08/2025,Varejo,1,249.9,71.99,177.91,Venda
SKU_1736_JAD,10/08/2025,E-commerce,1,324.9,77.78,247.12,Venda
SKU_1956_CLO,10/08/2025,Atacado,12,2518.8,755.64,146.93,Venda
SKU_1507_FLA,10/08/2025,Atacado,3,539.7,188.88,116.94,Venda
SKU_1837_EGR,10/08/2025,Varejo,1,249.9,17.49,232.41,Venda
SKU_1792_AQU,10/08/2025,Varejo,1,439.9,67.08,372.82,Venda
SKU_1757_TUR,10/08/2025,Atacado,3,794.7,238.41,185.43,Venda
SKU_1713_SNO,10/08/2025,Varejo,2,1009.8,272.72,368.54,Venda
SKU_2032_LIM,10/08/2025,Varejo,1,254.9,0.0,254.9,Venda
SKU_1735_MOS,10/08/2025,E-commerce,1,269.9,70.27,199.63,Venda
SKU_1702_COR,10/08/2025,Varejo,1,619.9,117.23,502.67,Venda
SKU_1449_BLA,10/08/2025,Varejo,1,324.9,54.0,270.9,Venda
SKU_1687_FOR,10/08/2025,Atacado,6,5399.4,1889.76,584.94,Venda
SKU_1511_SKY,10/08/2025,Atacado,6,5609.4,1963.26,607.69,Venda
SKU_1759_COB,10/08/2025,Varejo,3,809.7,159.99,216.57,Venda
SKU_1397_BUB,10/08/2025,Atacado,4,939.6,328.88,152.68,Venda
SKU_1469_SAL,10/08/2025,Atacado,2,589.8,176.94,206.43,Venda
SKU_1764_FUC,10/08/2025,Varejo,2,469.8,137.28,166.26,Venda
SKU_1686_SKY,10/08/2025,Atacado,5,1074.5,429.8,128.94,Venda
SKU_1726_BUB,10/08/2025,Varejo,1,429.9,80.11,349.79,Venda
SKU_1481_BLA,10/08/2025,Varejo,1,809.9,241.17,568.73,Venda
SKU_1687_WHI,10/08/2025,Varejo,1,899.9,198.26,701.64,Venda
SKU_1756_FLA,10/08/2025,Atacado,4,719.6,287.84,107.94,Venda
SKU_1536_FRE,10/08/2025,Varejo,1,344.9,79.62,265.28,Venda
SKU_1686_SKY,10/08/2025,Varejo,1,214.9,62.54,152.36,Venda
SKU_2068_IVO,10/08/2025,Varejo,1,404.9,0.0,404.9,Venda
SKU_1708_FLA,10/08/2025,Atacado,5,849.5,254.85,118.93,Venda
SKU_1758_CLO,10/08/2025,Varejo,2,359.8,71.8,144.0,Venda
SKU_1529_HUN,10/08/2025,Varejo,1,244.9,55.28,189.62,Venda
SKU_1702_COR,10/08/2025,Atacado,5,3099.5,1084.8,402.94,Venda
SKU_1693_MEX,10/08/2025,Atacado,2,409.8,122.94,143.43,Venda
SKU_1701_BLU,10/08/2025,E-commerce,2,679.8,122.76,278.52,Venda
SKU_1886_BAL,10/08/2025,Atacado,5,1024.5,307.35,143.43,Venda
SKU_1753_WHI,10/08/2025,Varejo,1,789.9,190.64,599.26,Venda
SKU_1773_FRE,10/08/2025,Atacado,6,1949.4,584.82,227.43,Venda
SKU_1761_SAP,10/08/2025,Atacado,6,6629.4,2320.32,718.18,Venda
SKU_1600_SHO,10/08/2025,Atacado,8,3159.2,947.76,276.43,Venda
SKU_1706_JAD,10/08/2025,E-commerce,1,184.9,39.18,145.72,Venda
SKU_1768_MIN,10/08/2025,Varejo,1,624.9,95.89,529.01,Venda
SKU_1736_PAS,10/08/2025,Atacado,6,1949.4,779.76,194.94,Venda
SKU_1640_IVO,10/08/2025,Varejo,1,219.9,47.55,172.35,Venda
SKU_1775_PAL,10/08/2025,Varejo,2,559.8,106.62,226.59,Venda
SKU_1532_BRI,10/08/2025,E-commerce,1,979.9,178.36,801.54,Venda
SKU_1536_FRE,10/08/2025,Atacado,6,2069.4,724.26,224.19,Venda
SKU_1715_HON,10/08/2025,Atacado,8,1759.2,703.68,131.94,Venda
SKU_1710_MEX,10/08/2025,E-commerce,1,809.9,122.37,687.53,Venda
SKU_1749_BIR,10/08/2025,Atacado,2,699.8,209.94,244.93,Venda
SKU_1769_EME,10/08/2025,Varejo,1,324.9,52.99,271.91,Venda
SKU_1777_FRE,10/08/2025,Varejo,2,479.8,140.5,169.65,Venda
SKU_1481_BLA,10/08/2025,Atacado,4,3239.6,1133.84,526.44,Venda
SKU_1796_OLI,10/08/2025,E-commerce,1,504.9,91.23,413.67,Venda
SKU_1714_MID,10/08/2025,Atacado,10,3049.0,1067.1,198.19,Venda
SKU_1911_LIG,10/08/2025,Varejo,2,429.8,0.0,214.9,Venda
SKU_1726_PAS,10/08/2025,Varejo,2,859.8,213.22,323.29,Venda
SKU_1611_BRI,10/08/2025,Varejo,1,219.9,50.08,169.82,Venda
SKU_1439_CER,10/08/2025,Varejo,2,369.8,57.12,156.34,Venda
SKU_1907_BLA,10/08/2025,Atacado,2,549.8,219.92,164.94,Venda
SKU_2031_SNO,10/08/2025,Varejo,1,349.9,0.0,349.9,Venda
SKU_1785_HUN,10/08/2025,Varejo,2,489.8,130.4,179.7,Venda
SKU_1719_WHI,10/08/2025,Atacado,5,1599.5,639.8,191.94,Venda
SKU_1800_SKY,10/08/2025,Atacado,8,2239.2,783.68,181.94,Venda
SKU_1406_PRI,10/08/2025,Atacado,6,2099.4,629.82,244.93,Venda
SKU_1597_SHO,10/08/2025,E-commerce,3,1589.7,342.33,415.79,Venda
SKU_1769_WHI,10/08/2025,Varejo,1,324.9,72.68,252.22,Venda
SKU_1694_PIS,10/08/2025,E-commerce,1,279.9,56.94,222.96,Venda
SKU_1695_CRE,10/08/2025,Atacado,6,1259.4,377.82,146.93,Venda
SKU_1733_SAG,10/08/2025,Atacado,3,1049.7,367.38,227.44,Venda
SKU_1615_SHO,10/08/2025,Atacado,8,3719.2,1487.68,278.94,Venda
SKU_1700_PIS,10/08/2025,Atacado,8,5599.2,1959.68,454.94,Venda
SKU_1558_MEX,10/08/2025,E-commerce,1,329.9,76.24,253.66,Venda
SKU_2064_PIS,10/08/2025,Atacado,5,1999.5,699.8,259.94,Venda
SKU_1456_DEN,10/08/2025,Varejo,1,314.9,66.11,248.79,Venda
SKU_1784_EGR,10/08/2025,E-commerce,2,619.8,160.28,229.76,Venda
SKU_1814_PRI,10/08/2025,Varejo,1,379.9,0.0,379.9,Venda
SKU_1792_MIN,10/08/2025,Varejo,1,439.9,116.85,323.05,Venda
SKU_1787_BAB,10/08/2025,Atacado,5,1449.5,434.85,202.93,Venda
SKU_1650_OLI,10/08/2025,Atacado,3,3014.7,1055.16,653.18,Venda
SKU_1735_MOS,10/08/2025,Atacado,8,2159.2,647.76,188.93,Venda
SKU_1731_ARM,10/08/2025,E-commerce,1,909.9,220.65,689.25,Venda
SKU_1398_AQU,10/08/2025,E-commerce,1,674.9,149.46,525.44,Venda
SKU_1702_LIG,10/08/2025,Atacado,12,7438.8,2975.52,371.94,Venda
SKU_1750_MIN,10/08/2025,E-commerce,1,369.9,77.3,292.6,Venda
SKU_1777_TUR,10/08/2025,Atacado,2,479.8,143.94,167.93,Venda
SKU_1635_TEA,10/08/2025,E-commerce,1,604.9,156.8,448.1,Venda
SKU_1714_MID,10/08/2025,Varejo,2,609.8,124.94,242.43,Venda
SKU_1685_BIR,10/08/2025,Varejo,1,664.9,128.96,535.94,Venda
SKU_1784_EGR,10/08/2025,Atacado,2,619.8,185.94,216.93,Venda
SKU_1681_OFF,10/08/2025,E-commerce,1,234.9,56.63,178.27,Venda
SKU_1697_MIN,10/08/2025,Varejo,1,219.9,48.26,171.64,Venda
SKU_1687_FOR,10/08/2025,Atacado,5,4499.5,1574.8,584.94,Venda
SKU_1705_SER,10/08/2025,Varejo,2,819.8,161.72,329.04,Venda
SKU_1443_PRI,10/08/2025,Atacado,6,1619.4,566.76,175.44,Venda
SKU_1766_CLE,10/08/2025,Varejo,3,1184.7,208.11,325.53,Venda
SKU_1599_CER,10/08/2025,Varejo,1,469.9,117.18,352.72,Venda
SKU_1756_FLA,10/08/2025,Varejo,4,719.6,163.56,139.01,Venda
SKU_1760_OFF,10/08/2025,Varejo,1,249.9,41.68,208.22,Venda
SKU_1704_PEA,10/08/2025,Atacado,3,1004.7,301.41,234.43,Venda
SKU_1785_PAS,10/08/2025,Atacado,4,979.6,391.84,146.94,Venda
SKU_1633_DEN,10/08/2025,Atacado,5,1174.5,411.1,152.68,Venda
SKU_1725_OFF,10/08/2025,Atacado,5,1224.5,367.35,171.43,Venda
SKU_1906_NAV,10/08/2025,Atacado,8,2359.2,707.76,206.43,Venda
SKU_2080_FLA,10/08/2025,Atacado,5,1199.5,359.85,167.93,Venda
SKU_1523_CRE,10/08/2025,Varejo,1,374.9,111.68,263.22,Venda
SKU_1972_AQU,10/08/2025,Atacado,5,1724.5,517.35,241.43,Venda
SKU_1698_PRI,10/08/2025,Varejo,1,419.9,95.14,324.76,Venda
SKU_1683_SHO,10/08/2025,Varejo,3,944.7,164.07,260.21,Venda
SKU_1400_PAL,10/08/2025,Atacado,3,629.7,220.38,136.44,Venda
SKU_1744_EME,10/08/2025,Varejo,1,264.9,43.98,220.92,Venda
SKU_1555_RAS,10/08/2025,Atacado,8,1519.2,531.68,123.44,Venda
SKU_1549_BAL,10/08/2025,Varejo,1,184.9,35.21,149.69,Venda
SKU_1639_FRE,10/08/2025,Atacado,3,569.7,199.38,123.44,Venda
SKU_1745_PEA,10/08/2025,E-commerce,1,409.9,64.6,345.3,Venda
SKU_1471_ROS,10/08/2025,Varejo,1,204.9,56.12,148.78,Venda
SKU_2025_SAP,10/08/2025,E-commerce,1,229.9,0.0,229.9,Venda
SKU_1483_WHI,10/08/2025,E-commerce,1,324.9,94.99,229.91,Venda
SKU_1714_MID,10/08/2025,Atacado,3,914.7,274.41,213.43,Venda
SKU_1895_BRI,10/08/2025,Atacado,5,974.5,389.8,116.94,Venda
SKU_1719_WHI,10/08/2025,Varejo,1,319.9,69.81,250.09,Venda
SKU_1698_PRI,10/08/2025,Atacado,8,3359.2,1343.68,251.94,Venda
SKU_1797_BLU,10/08/2025,Varejo,1,379.9,89.21,290.69,Venda
SKU_1585_COR,10/08/2025,Varejo,3,959.7,181.29,259.47,Venda
SKU_1703_PAS,10/08/2025,Varejo,2,539.8,88.58,225.61,Venda
SKU_1775_PAS,10/08/2025,Varejo,1,279.9,49.12,230.78,Venda
SKU_2100_BLU,10/08/2025,Atacado,5,5074.5,1776.1,659.68,Venda
SKU_1707_ARM,10/08/2025,Varejo,1,279.9,71.42,208.48,Venda
SKU_1757_PIN,10/08/2025,Varejo,1,264.9,71.42,193.48,Venda
SKU_1668_VAN,10/08/2025,Varejo,1,269.9,79.18,190.72,Venda
SKU_1739_MOS,10/08/2025,Atacado,8,2039.2,611.76,178.43,Venda
SKU_1917_LIG,10/08/2025,Varejo,1,374.9,26.24,348.66,Venda
SKU_1707_ARM,10/08/2025,E-commerce,1,279.9,61.62,218.28,Venda
SKU_1763_MAR,10/08/2025,Varejo,1,299.9,46.99,252.91,Venda
SKU_1763_MAR,10/08/2025,Atacado,4,1199.6,359.88,209.93,Venda
SKU_1701_SPA,10/08/2025,Atacado,6,2039.4,611.82,237.93,Venda
SKU_1725_BAB,10/08/2025,Atacado,12,2938.8,881.64,171.43,Venda
SKU_1723_MOS,10/08/2025,Atacado,4,1739.6,608.84,282.69,Venda
SKU_1741_PEA,10/08/2025,E-commerce,1,239.9,44.95,194.95,Venda
SKU_1726_PAS,10/08/2025,Varejo,1,429.9,108.14,321.76,Venda
SKU_1764_MAR,10/08/2025,E-commerce,1,234.9,48.73,186.17,Venda
SKU_1429_MAG,10/08/2025,Atacado,8,1519.2,455.76,132.93,Venda
SKU_1469_ARM,10/08/2025,Atacado,2,589.8,206.42,191.69,Venda
SKU_1695_LIM,10/08/2025,Varejo,1,209.9,59.23,150.67,Venda
SKU_1783_EGR,10/08/2025,Varejo,1,1199.9,349.46,850.44,Venda
SKU_1395_BLA,10/08/2025,E-commerce,2,579.8,115.06,232.37,Venda
SKU_1730_OFF,10/08/2025,Varejo,3,959.7,207.03,250.89,Venda
SKU_1740_FRE,10/08/2025,Varejo,1,214.9,55.41,159.49,Venda
SKU_1719_OFF,10/08/2025,Varejo,1,319.9,53.88,266.02,Venda
SKU_1689_IVO,10/08/2025,E-commerce,1,964.9,269.67,695.23,Venda
SKU_1689_MAG,10/08/2025,Atacado,6,5789.4,1736.82,675.43,Venda
SKU_1482_SHO,10/08/2025,Varejo,2,889.8,140.0,374.9,Venda
SKU_1776_PAS,10/08/2025,E-commerce,1,329.9,62.72,267.18,Venda
SKU_1691_HUN,10/08/2025,Atacado,6,1859.4,557.82,216.93,Venda
SKU_1615_MOS,10/08/2025,Atacado,3,1394.7,557.88,278.94,Venda
SKU_1742_EME,10/08/2025,Atacado,4,1039.6,415.84,155.94,Venda
SKU_1634_NAV,10/08/2025,Atacado,4,3919.6,1175.88,685.93,Venda
SKU_1765_MYS,10/08/2025,Varejo,1,259.9,52.19,207.71,Venda
SKU_1470_MAR,10/08/2025,Varejo,1,919.9,154.55,765.35,Venda
SKU_1796_OLI,10/08/2025,Varejo,1,504.9,123.72,381.18,Venda
SKU_1726_BUB,10/08/2025,Atacado,2,859.8,257.94,300.93,Venda
SKU_1767_PRI,10/08/2025,Varejo,1,204.9,45.97,158.93,Venda
SKU_1584_FLA,10/08/2025,Varejo,1,184.9,54.21,130.69,Venda
SKU_1752_SNO,10/08/2025,Varejo,1,429.9,102.92,326.98,Venda
SKU_1687_FOR,10/08/2025,Varejo,2,1799.8,309.74,745.03,Venda
SKU_1777_FRE,10/08/2025,Varejo,1,239.9,67.56,172.34,Venda
SKU_1717_MIN,10/08/2025,Varejo,1,259.9,61.58,198.32,Venda
SKU_1765_PAS,10/08/2025,Atacado,8,2079.2,935.68,142.94,Venda
SKU_1695_LIM,10/08/2025,Varejo,1,209.9,50.32,159.58,Venda
SKU_1743_CLO,10/08/2025,E-commerce,1,439.9,95.01,344.89,Venda
SKU_1698_PRI,10/08/2025,Varejo,1,419.9,89.21,330.69,Venda
SKU_1746_EME,10/08/2025,E-commerce,1,179.9,53.74,126.16,Venda
SKU_1859_PEA,10/08/2025,Atacado,2,859.8,257.94,300.93,Venda
SKU_1636_LIG,10/08/2025,Varejo,1,439.9,95.81,344.09,Venda
SKU_1420_EGR,10/08/2025,Atacado,5,4949.5,1979.8,593.94,Venda
SKU_1623_SER,10/08/2025,Varejo,1,914.9,243.57,671.33,Venda
SKU_1426_SEA,10/08/2025,Atacado,4,519.6,181.84,84.44,Venda
SKU_1569_PAS,10/08/2025,E-commerce,1,219.9,60.84,159.06,Venda
SKU_1706_JAD,10/08/2025,Varejo,1,184.9,45.97,138.93,Venda
SKU_1746_EME,10/08/2025,E-commerce,3,539.7,137.55,134.05,Venda
SKU_2014_BLA,10/08/2025,Atacado,5,1599.5,559.8,207.94,Venda
SKU_1711_ARM,10/08/2025,Varejo,1,994.9,229.82,765.08,Venda
SKU_1683_SHO,10/08/2025,Atacado,5,1574.5,629.8,188.94,Venda
SKU_1758_CLO,10/08/2025,Varejo,1,179.9,36.45,143.45,Venda
SKU_1787_BAB,10/08/2025,E-commerce,1,289.9,81.76,208.14,Venda
SKU_1686_MOS,10/08/2025,Varejo,4,859.6,167.04,173.14,Venda
SKU_1753_WHI,10/08/2025,Varejo,2,1579.8,304.68,637.56,Venda
SKU_1724_PEA,10/08/2025,Varejo,2,2229.8,342.38,943.71,Venda
SKU_1778_MIN,10/08/2025,Atacado,5,1424.5,498.55,185.19,Venda
SKU_1719_WHI,10/08/2025,Varejo,1,319.9,57.72,262.18,Venda
SKU_1784_BLA,10/08/2025,Atacado,6,1859.4,650.76,201.44,Venda
SKU_1752_SPA,10/08/2025,Varejo,1,429.9,110.06,319.84,Venda
SKU_1737_DEE,10/08/2025,Atacado,5,3849.5,1154.85,538.93,Venda
SKU_1913_MYS,10/08/2025,Atacado,6,1169.4,467.76,116.94,Venda
SKU_1488_PEA,10/08/2025,E-commerce,1,339.9,67.85,272.05,Venda
SKU_1777_TUR,10/08/2025,E-commerce,1,239.9,57.59,182.31,Venda
SKU_1978_ROS,10/08/2025,E-commerce,1,249.9,0.0,249.9,Venda
SKU_1682_BIR,10/08/2025,Varejo,2,469.8,84.02,192.89,Venda
SKU_1694_PIS,10/08/2025,E-commerce,1,279.9,57.39,222.51,Venda
SKU_1517_ROS,10/08/2025,Atacado,6,7199.4,2519.76,779.94,Venda
SKU_1540_MAG,10/08/2025,Atacado,6,1019.4,356.76,110.44,Venda
SKU_1538_PAS,10/08/2025,E-commerce,1,209.9,40.83,169.07,Venda
SKU_1391_LIG,10/08/2025,Varejo,1,284.9,44.49,240.41,Venda
SKU_1903_PAS,10/08/2025,Varejo,1,329.9,0.0,329.9,Venda
SKU_1446_GAR,10/08/2025,Varejo,3,809.7,138.81,223.63,Venda
SKU_1402_VAN,10/08/2025,Atacado,6,1409.4,493.32,152.68,Venda
SKU_1757_TUR,10/08/2025,Atacado,10,2649.0,1059.6,158.94,Venda
SKU_1539_BLA,10/08/2025,Varejo,1,349.9,55.57,294.33,Venda
SKU_1699_CLO,10/08/2025,E-commerce,1,329.9,62.4,267.5,Venda
SKU_1756_FLA,10/08/2025,Varejo,2,359.8,62.9,148.45,Venda
SKU_1746_EME,10/08/2025,E-commerce,2,359.8,67.02,146.39,Venda
SKU_1624_PRI,10/08/2025,Varejo,1,209.9,31.79,178.11,Venda
SKU_1767_FUC,10/08/2025,Varejo,1,204.9,58.12,146.78,Venda
SKU_1721_FRE,10/08/2025,Varejo,4,1679.6,273.96,351.41,Venda
SKU_1719_WHI,10/08/2025,Atacado,2,639.8,191.94,223.93,Venda
SKU_1783_BAB,10/08/2025,Atacado,3,3599.7,1079.91,839.93,Venda
SKU_1737_DEE,10/08/2025,Atacado,4,3079.6,1231.84,461.94,Venda
SKU_1724_PIN,10/08/2025,Varejo,1,1114.9,203.61,911.29,Venda
SKU_1781_AQU,10/08/2025,E-commerce,1,129.9,37.25,92.65,Venda
SKU_1441_COB,10/08/2025,Atacado,10,11549.0,4042.2,750.68,Venda
SKU_1772_BLU,10/08/2025,E-commerce,2,829.8,236.92,296.44,Venda
SKU_1786_TEA,10/08/2025,Atacado,6,1079.4,323.82,125.93,Venda
SKU_1680_NAV,10/08/2025,Atacado,3,1004.7,351.63,217.69,Venda
SKU_1688_WHI,10/08/2025,Varejo,1,429.9,83.7,346.2,Venda
SKU_1750_SNO,10/08/2025,Atacado,10,3699.0,1294.6,240.44,Venda
SKU_1561_VAN,10/08/2025,Atacado,2,699.8,244.92,227.44,Venda
SKU_1774_COB,10/08/2025,Varejo,4,819.6,219.08,150.13,Venda
SKU_1762_DEN,10/08/2025,Atacado,10,2549.0,764.7,178.43,Venda
SKU_1671_SEA,10/08/2025,Atacado,8,2799.2,1119.68,209.94,Venda
SKU_2020_BAB,10/08/2025,Atacado,2,469.8,187.92,140.94,Venda
SKU_1991_GAR,10/08/2025,Atacado,10,2999.0,1049.6,194.94,Venda
SKU_1710_OLI,10/08/2025,Varejo,2,1619.8,409.96,604.92,Venda
SKU_1531_SNO,10/08/2025,Atacado,10,5499.0,1649.7,384.93,Venda
SKU_1799_POW,10/08/2025,Varejo,1,269.9,57.17,212.73,Venda
SKU_1447_BLU,10/08/2025,Varejo,1,239.9,37.09,202.81,Venda
SKU_1618_SAP,10/08/2025,Atacado,10,1799.0,629.6,116.94,Venda
SKU_1783_BAB,10/08/2025,Atacado,8,9599.2,4319.68,659.94,Venda
SKU_1713_SAL,10/08/2025,Varejo,1,504.9,93.89,411.01,Venda
SKU_1657_SPA,10/08/2025,Varejo,2,429.8,124.54,152.63,Venda
SKU_1701_BLU,10/08/2025,Atacado,4,1359.6,475.84,220.94,Venda
SKU_1756_BUB,10/08/2025,Atacado,6,1079.4,377.76,116.94,Venda
SKU_1769_WHI,10/08/2025,Varejo,3,974.7,190.2,261.5,Venda
SKU_1686_MOS,10/08/2025,Varejo,1,214.9,49.04,165.86,Venda
SKU_1792_MIN,10/08/2025,Atacado,8,3519.2,1407.68,263.94,Venda
SKU_1751_MIN,10/08/2025,Atacado,2,659.8,197.94,230.93,Venda
SKU_1723_COB,10/08/2025,Atacado,2,869.8,260.94,304.43,Venda
SKU_1711_VAN,10/08/2025,Varejo,2,1989.8,408.5,790.65,Venda
SKU_1773_FRE,10/08/2025,E-commerce,1,324.9,56.47,268.43,Venda
SKU_1741_PEA,10/08/2025,Atacado,5,1199.5,359.85,167.93,Venda
SKU_1769_EME,10/08/2025,Atacado,6,1949.4,584.82,227.43,Venda
SKU_1596_BIR,10/08/2025,Atacado,5,1374.5,481.05,178.69,Venda
SKU_1616_SER,10/08/2025,Varejo,1,1024.9,230.98,793.92,Venda
SKU_1776_PAS,10/08/2025,Atacado,3,989.7,346.38,214.44,Venda
SKU_1959_TUR,10/08/2025,E-commerce,1,739.9,0.0,739.9,Venda
SKU_1721_FRE,10/08/2025,Varejo,1,419.9,113.79,306.11,Venda
SKU_1764_FUC,10/08/2025,Atacado,5,1174.5,411.1,152.68,Venda
SKU_1733_SAG,10/08/2025,Varejo,1,349.9,89.05,260.85,Venda
SKU_1500_MOS,10/08/2025,E-commerce,1,259.9,52.43,207.47,Venda
SKU_1695_LIM,10/08/2025,Atacado,8,1679.2,587.68,136.44,Venda
SKU_1461_PRI,10/08/2025,E-commerce,2,2139.8,632.2,753.8,Venda
SKU_1695_LIM,10/08/2025,Atacado,5,1049.5,314.85,146.93,Venda
SKU_1827_PRI,10/08/2025,Atacado,6,1169.4,350.82,136.43,Venda
SKU_1741_PIN,10/08/2025,Varejo,1,239.9,66.54,173.36,Venda
SKU_1736_PAS,10/08/2025,Atacado,4,1299.6,454.84,211.19,Venda
SKU_1758_CLO,10/08/2025,Varejo,1,179.9,47.87,132.03,Venda
SKU_2038_OFF,10/08/2025,Varejo,1,1134.9,0.0,1134.9,Venda
SKU_1511_CLE,10/08/2025,Varejo,1,934.9,148.22,786.68,Venda
SKU_1756_BUB,10/08/2025,Atacado,5,899.5,359.8,107.94,Venda
SKU_1497_FUC,10/08/2025,E-commerce,1,134.9,32.76,102.14,Venda
SKU_1731_ARM,10/08/2025,Varejo,2,1819.8,395.68,712.06,Venda
SKU_1690_MAG,10/08/2025,Atacado,5,2699.5,944.8,350.94,Venda
SKU_1795_RAS,10/08/2025,E-commerce,2,599.8,100.72,249.54,Venda
SKU_1795_HUN,10/08/2025,Atacado,4,1199.6,359.88,209.93,Venda
SKU_1759_COB,10/08/2025,E-commerce,3,809.7,137.76,223.98,Venda
SKU_1742_DEN,10/08/2025,Atacado,3,779.7,233.91,181.93,Venda
SKU_1872_FRE,10/08/2025,Atacado,3,2564.7,897.63,555.69,Venda
SKU_1618_SAL,10/08/2025,Atacado,6,1079.4,377.76,116.94,Venda
SKU_1714_DEE,10/08/2025,Atacado,3,914.7,320.13,198.19,Venda
SKU_1743_CLO,10/08/2025,E-commerce,1,439.9,94.26,345.64,Venda
SKU_1681_PIS,10/08/2025,Atacado,4,939.6,328.88,152.68,Venda
SKU_1696_SHO,10/08/2025,Atacado,10,2799.0,1119.6,167.94,Venda
SKU_1488_PEA,10/08/2025,E-commerce,1,339.9,59.89,280.01,Venda
SKU_1441_COB,10/08/2025,Varejo,1,1154.9,208.54,946.36,Venda
SKU_1793_MIN,10/08/2025,E-commerce,1,189.9,49.73,140.17,Venda
SKU_1729_CLE,10/08/2025,Atacado,2,349.8,122.44,113.68,Venda
SKU_1832_MIN,10/08/2025,Varejo,2,589.8,0.0,294.9,Venda
SKU_1681_PIS,10/08/2025,Atacado,8,1879.2,657.76,152.68,Venda
SKU_1942_SAL,10/08/2025,E-commerce,2,2369.8,165.88,1101.96,Venda
SKU_1755_BIR,10/08/2025,Varejo,1,334.9,70.02,264.88,Venda
SKU_1659_SNO,10/08/2025,Varejo,1,1024.9,304.28,720.62,Venda
SKU_1613_BIR,10/08/2025,Atacado,2,379.8,132.92,123.44,Venda
SKU_1533_DUS,10/08/2025,Varejo,1,164.9,33.75,131.15,Venda
SKU_1694_SER,10/08/2025,Varejo,3,839.7,189.69,216.67,Venda
SKU_1757_TUR,10/08/2025,Varejo,1,264.9,77.86,187.04,Venda
SKU_1704_PEA,10/08/2025,Varejo,2,669.8,147.64,261.08,Venda
SKU_1969_SNO,10/08/2025,Atacado,3,1229.7,430.38,266.44,Venda
SKU_1789_EME,10/08/2025,Varejo,1,269.9,45.0,224.9,Venda
SKU_1784_EGR,10/08/2025,Varejo,2,619.8,182.7,218.55,Venda
SKU_1748_BAB,10/08/2025,Atacado,6,1859.4,557.82,216.93,Venda
SKU_2088_VAN,10/08/2025,Atacado,3,3284.7,1149.66,711.68,Venda
SKU_1779_MIN,10/08/2025,Varejo,1,214.9,44.66,170.24,Venda
SKU_1751_BLU,10/08/2025,Varejo,2,659.8,194.84,232.48,Venda
SKU_1717_CRE,10/08/2025,Varejo,1,259.9,48.37,211.53,Venda
SKU_1766_MYS,10/08/2025,Atacado,4,1579.6,473.88,276.43,Venda
SKU_1741_PEA,10/08/2025,Atacado,3,719.7,251.88,155.94,Venda
SKU_1849_BAB,10/08/2025,Atacado,2,659.8,230.92,214.44,Venda
SKU_1796_OLI,10/08/2025,Varejo,1,504.9,84.09,420.81,Venda
SKU_1599_CER,10/08/2025,Varejo,2,939.8,251.58,344.11,Venda
SKU_1684_SHO,10/08/2025,Varejo,1,184.9,33.1,151.8,Venda
SKU_1753_PAL,10/08/2025,Varejo,3,2369.7,456.27,637.81,Venda
SKU_1791_IVO,10/08/2025,Atacado,3,794.7,238.41,185.43,Venda
SKU_1450_MAG,10/08/2025,Varejo,1,409.9,103.23,306.67,Venda
SKU_1471_ROS,10/08/2025,Varejo,3,614.7,111.18,167.84,Venda
SKU_1776_BIR,10/08/2025,Varejo,1,329.9,63.74,266.16,Venda
SKU_1511_CLE,10/08/2025,E-commerce,1,934.9,164.36,770.54,Venda
SKU_2095_CLO,10/08/2025,Atacado,5,1199.5,479.8,143.94,Venda
SKU_1433_SAP,10/08/2025,Atacado,5,1574.5,551.05,204.69,Venda
SKU_1533_CER,10/08/2025,E-commerce,1,164.9,26.73,138.17,Venda
SKU_1692_BLU,10/08/2025,Varejo,1,219.9,58.69,161.21,Venda
SKU_1580_MOS,10/08/2025,E-commerce,1,189.9,37.56,152.34,Venda
SKU_1694_PIS,10/08/2025,Atacado,8,2239.2,783.68,181.94,Venda
SKU_1766_CLE,10/08/2025,Varejo,1,394.9,107.76,287.14,Venda
SKU_1789_SNO,10/08/2025,Varejo,4,1079.6,286.4,198.3,Venda
SKU_1630_SNO,10/08/2025,Atacado,2,669.8,200.94,234.43,Venda
SKU_1392_LIM,10/08/2025,Atacado,3,884.7,353.88,176.94,Venda
SKU_1705_SER,10/08/2025,Varejo,1,409.9,109.05,300.85,Venda
SKU_1765_PAS,10/08/2025,Atacado,8,2079.2,727.68,168.94,Venda
SKU_1927_CER,10/08/2025,Varejo,1,299.9,0.0,299.9,Venda
SKU_1689_MAG,10/08/2025,Varejo,1,964.9,168.97,795.93,Venda
SKU_1880_TUR,10/08/2025,Atacado,5,4249.5,1274.85,594.93,Venda
SKU_1556_SAL,10/08/2025,Atacado,4,819.6,245.88,143.43,Venda
SKU_1739_MOS,10/08/2025,Atacado,6,1529.4,688.2,140.2,Venda
SKU_1741_PIN,10/08/2025,Varejo,1,239.9,42.63,197.27,Venda
SKU_1772_BLU,10/08/2025,Varejo,2,829.8,176.1,326.85,Venda
SKU_1643_PAS,10/08/2025,Atacado,4,899.6,314.88,146.18,Venda
SKU_1793_MIN,10/08/2025,Atacado,6,1139.4,398.76,123.44,Venda
SKU_1741_PEA,10/08/2025,Atacado,5,1199.5,479.8,143.94,Venda
SKU_2010_SPA,10/08/2025,Atacado,8,7359.2,2943.68,551.94,Venda
SKU_1783_EGR,10/08/2025,Atacado,6,7199.4,2159.82,839.93,Venda
SKU_1927_CER,10/08/2025,Varejo,1,299.9,0.0,299.9,Venda
SKU_1787_BAB,10/08/2025,Atacado,5,1449.5,507.3,188.44,Venda
SKU_1781_CLE,10/08/2025,Varejo,1,129.9,26.11,103.79,Venda
SKU_1748_COB,10/08/2025,Varejo,1,309.9,74.27,235.63,Venda
SKU_1755_BIR,10/08/2025,Atacado,5,1674.5,502.35,234.43,Venda
SKU_1743_DEE,10/08/2025,Atacado,2,879.8,307.92,285.94,Venda
SKU_2033_PRI,10/08/2025,Varejo,1,309.9,0.0,309.9,Venda
SKU_1699_COB,10/08/2025,Atacado,3,989.7,346.38,214.44,Venda
SKU_1645_MYS,10/08/2025,Varejo,1,399.9,88.04,311.86,Venda
SKU_1685_BIR,10/08/2025,Varejo,1,664.9,104.97,559.93,Venda
SKU_1760_OFF,10/08/2025,Atacado,5,1249.5,374.85,174.93,Venda
SKU_1785_HUN,10/08/2025,Atacado,5,1224.5,489.8,146.94,Venda
SKU_1787_BAB,10/08/2025,Atacado,2,579.8,231.92,173.94,Venda
SKU_1787_BAB,10/08/2025,Varejo,1,289.9,66.11,223.79,Venda
SKU_1797_BLU,10/08/2025,Atacado,4,1519.6,455.88,265.93,Venda
SKU_1701_SPA,10/08/2025,Atacado,8,2719.2,815.76,237.93,Venda
SKU_1740_OLI,10/08/2025,Varejo,1,214.9,48.95,165.95,Venda
SKU_1724_PEA,10/08/2025,Atacado,6,6689.4,2341.32,724.68,Venda
SKU_1542_DEE,10/08/2025,Atacado,4,1879.6,845.84,258.44,Venda
SKU_1684_SHO,10/08/2025,E-commerce,1,184.9,41.22,143.68,Venda
SKU_1686_MOS,10/08/2025,Atacado,6,1289.4,515.76,128.94,Venda
SKU_1683_PAL,10/08/2025,Varejo,4,1259.6,297.36,240.56,Venda
SKU_1672_FOR,10/08/2025,Atacado,6,1769.4,619.26,191.69,Venda
SKU_2014_BLA,10/08/2025,Varejo,1,319.9,0.0,319.9,Venda
SKU_1791_IVO,10/08/2025,E-commerce,1,264.9,56.36,208.54,Venda
SKU_1688_LIG,10/08/2025,Atacado,3,1289.7,386.91,300.93,Venda
SKU_1797_GAR,10/08/2025,Atacado,5,1899.5,664.8,246.94,Venda
SKU_1554_SKY,10/08/2025,Varejo,1,1034.9,169.72,865.18,Venda
SKU_1736_JAD,10/08/2025,Atacado,10,3249.0,974.7,227.43,Venda
SKU_1572_MAR,10/08/2025,Atacado,12,1678.8,587.52,90.94,Venda
SKU_1736_PAS,10/08/2025,Varejo,4,1299.6,355.84,235.94,Venda
SKU_1755_AQU,10/08/2025,Atacado,5,1674.5,586.05,217.69,Venda
SKU_1739_MOS,10/08/2025,Atacado,8,2039.2,815.68,152.94,Venda
SKU_1528_PAS,10/08/2025,Varejo,1,214.9,35.53,179.37,Venda
SKU_1751_MIN,10/08/2025,Atacado,4,1319.6,461.84,214.44,Venda
SKU_1773_FRE,10/08/2025,Varejo,1,324.9,51.42,273.48,Venda
SKU_1716_AQU,10/08/2025,E-commerce,1,164.9,40.98,123.92,Venda
SKU_1506_BRI,10/08/2025,Varejo,1,229.9,35.35,194.55,Venda
SKU_1744_LIG,10/08/2025,E-commerce,1,264.9,41.82,223.08,Venda
SKU_1731_MIN,10/08/2025,Varejo,1,909.9,204.9,705.0,Venda
SKU_1748_BAB,10/08/2025,Varejo,1,309.9,86.12,223.78,Venda
SKU_1742_DEN,10/08/2025,Atacado,3,779.7,233.91,181.93,Venda
SKU_1740_FRE,10/08/2025,Atacado,4,859.6,257.88,150.43,Venda
SKU_1529_HUN,10/08/2025,Atacado,3,734.7,257.16,159.18,Venda
SKU_1785_PAS,10/08/2025,Atacado,8,1959.2,685.76,159.18,Venda
SKU_1876_CLO,10/08/2025,E-commerce,1,199.9,0.0,199.9,Venda
SKU_1672_FOR,10/08/2025,Varejo,1,294.9,83.53,211.37,Venda
SKU_1722_AQU,10/08/2025,Atacado,10,3249.0,1137.1,211.19,Venda
SKU_2096_TEA,10/08/2025,Atacado,4,1039.6,363.84,168.94,Venda
SKU_1742_DEN,10/08/2025,Atacado,5,1299.5,454.8,168.94,Venda
SKU_1762_DEN,10/08/2025,E-commerce,1,254.9,60.25,194.65,Venda
SKU_1746_NAV,10/08/2025,Varejo,1,179.9,43.0,136.9,Venda
SKU_1684_HON,10/08/2025,Varejo,1,184.9,30.95,153.95,Venda
SKU_1760_PAS,10/08/2025,Atacado,3,749.7,262.38,162.44,Venda
SKU_1682_OLI,10/08/2025,Varejo,1,234.9,58.28,176.62,Venda
SKU_1719_WHI,10/08/2025,Varejo,1,319.9,49.13,270.77,Venda
SKU_2060_MEX,10/08/2025,Atacado,8,7479.2,2617.68,607.69,Venda
SKU_1736_JAD,11/08/2025,E-commerce,1,324.9,69.38,255.52,Venda
SKU_1690_MYS,11/08/2025,Varejo,1,539.9,87.0,452.9,Venda
SKU_1965_GAR,11/08/2025,Varejo,1,234.9,0.0,234.9,Venda
SKU_1722_AQU,11/08/2025,Varejo,1,324.9,92.57,232.33,Venda
SKU_1799_DEN,11/08/2025,Varejo,1,269.9,45.39,224.51,Venda
SKU_1793_MIN,11/08/2025,Atacado,5,949.5,332.3,123.44,Venda
SKU_1592_SAG,11/08/2025,Atacado,8,1679.2,671.68,125.94,Venda
SKU_1769_WHI,11/08/2025,Varejo,1,324.9,53.85,271.05,Venda
SKU_1712_NAV,11/08/2025,Varejo,1,179.9,51.97,127.93,Venda
SKU_1488_PEA,11/08/2025,Varejo,1,339.9,82.6,257.3,Venda
SKU_1715_HON,11/08/2025,Atacado,3,659.7,230.88,142.94,Venda
SKU_1743_CLO,11/08/2025,Atacado,3,1319.7,395.91,307.93,Venda
SKU_1724_PEA,11/08/2025,Atacado,2,2229.8,780.44,724.68,Venda
SKU_1762_DEN,11/08/2025,Atacado,6,1529.4,535.32,165.68,Venda
SKU_1524_BLU,11/08/2025,Atacado,8,2959.2,887.76,258.93,Venda
SKU_1748_COB,11/08/2025,Atacado,12,3718.8,1301.52,201.44,Venda
SKU_1579_SAG,11/08/2025,Atacado,2,459.8,160.92,149.44,Venda
SKU_1688_LIG,11/08/2025,Varejo,1,429.9,79.51,350.39,Venda
SKU_1782_NAV,11/08/2025,Varejo,1,249.9,71.19,178.71,Venda
SKU_1958_BLU,11/08/2025,E-commerce,2,369.8,0.0,184.9,Venda
SKU_1577_HUN,11/08/2025,E-commerce,1,159.9,45.98,113.92,Venda
SKU_1737_SAG,11/08/2025,Atacado,5,3849.5,1347.3,500.44,Venda
SKU_1683_SHO,11/08/2025,E-commerce,1,314.9,83.68,231.22,Venda
SKU_1505_SNO,11/08/2025,Varejo,1,234.9,55.54,179.36,Venda
SKU_1790_ROY,11/08/2025,Varejo,4,1039.6,197.68,210.48,Venda
SKU_1722_AQU,11/08/2025,Atacado,5,1624.5,487.35,227.43,Venda
SKU_1800_MOS,11/08/2025,Varejo,1,279.9,71.06,208.84,Venda
SKU_1711_VAN,11/08/2025,Atacado,6,5969.4,2089.32,646.68,Venda
SKU_1885_BLA,11/08/2025,E-commerce,1,549.9,38.49,511.41,Venda
SKU_1800_SKY,11/08/2025,E-commerce,1,279.9,74.43,205.47,Venda
SKU_2114_BIR,11/08/2025,Varejo,2,779.8,0.0,389.9,Venda
SKU_1731_MIN,11/08/2025,Atacado,4,3639.6,1455.84,545.94,Venda
SKU_1607_MAR,11/08/2025,Atacado,4,1199.6,359.88,209.93,Venda
SKU_1758_CLO,11/08/2025,Atacado,6,1079.4,323.82,125.93,Venda
SKU_1737_DEE,11/08/2025,E-commerce,1,769.9,211.44,558.46,Venda
SKU_1726_BUB,11/08/2025,E-commerce,3,1289.7,371.31,306.13,Venda
SKU_1898_EME,11/08/2025,Varejo,2,969.8,0.0,484.9,Venda
SKU_1706_BLA,11/08/2025,E-commerce,1,184.9,46.07,138.83,Venda
SKU_1756_FLA,11/08/2025,Atacado,6,1079.4,377.76,116.94,Venda
SKU_1726_PAS,11/08/2025,Varejo,1,429.9,106.07,323.83,Venda
SKU_1705_JAD,11/08/2025,Atacado,5,2049.5,614.85,286.93,Venda
SKU_1785_HUN,11/08/2025,Varejo,1,244.9,53.84,191.06,Venda
SKU_1657_EME,11/08/2025,Atacado,6,1289.4,386.82,150.43,Venda
SKU_1511_SKY,11/08/2025,Varejo,2,1869.8,415.24,727.28,Venda
SKU_1416_CLE,11/08/2025,Varejo,4,1119.6,205.96,228.41,Venda
SKU_1758_CLO,11/08/2025,Varejo,1,179.9,36.07,143.83,Venda
SKU_1737_SAG,11/08/2025,Varejo,1,769.9,134.28,635.62,Venda
SKU_1771_EME,11/08/2025,Varejo,1,264.9,56.74,208.16,Venda
SKU_1789_SNO,11/08/2025,E-commerce,1,269.9,74.69,195.21,Venda
SKU_1715_JAD,11/08/2025,Atacado,4,879.6,307.84,142.94,Venda
SKU_1701_SPA,11/08/2025,E-commerce,1,339.9,78.79,261.11,Venda
SKU_1994_COB,11/08/2025,Atacado,3,809.7,283.38,175.44,Venda
SKU_1958_BLU,11/08/2025,Atacado,4,739.6,295.84,110.94,Venda
SKU_1776_BIR,11/08/2025,E-commerce,1,329.9,85.07,244.83,Venda
SKU_1785_HUN,11/08/2025,Varejo,1,244.9,59.95,184.95,Venda
SKU_1778_MIN,11/08/2025,Varejo,1,284.9,53.58,231.32,Venda
SKU_1752_SNO,11/08/2025,Atacado,5,2149.5,644.85,300.93,Venda
SKU_1789_EME,11/08/2025,Atacado,2,539.8,161.94,188.93,Venda
SKU_1566_PEA,11/08/2025,Atacado,4,4139.6,1241.88,724.43,Venda
SKU_1787_BAB,11/08/2025,Varejo,2,579.8,105.18,237.31,Venda
SKU_1795_HUN,11/08/2025,Varejo,1,299.9,47.59,252.31,Venda
SKU_1707_ARM,11/08/2025,E-commerce,1,279.9,43.0,236.9,Venda
SKU_1770_JAD,11/08/2025,Atacado,8,1759.2,615.68,142.94,Venda
SKU_1991_GAR,11/08/2025,Atacado,8,2399.2,719.76,209.93,Venda
SKU_1757_TUR,11/08/2025,Atacado,4,1059.6,317.88,185.43,Venda
SKU_1794_FLA,11/08/2025,E-commerce,1,209.9,33.24,176.66,Venda
SKU_1684_HON,11/08/2025,Varejo,2,369.8,73.74,148.03,Venda
SKU_1505_BLU,11/08/2025,E-commerce,1,234.9,35.68,199.22,Venda
SKU_1721_FRE,11/08/2025,Atacado,8,3359.2,1175.68,272.94,Venda
SKU_1693_MEX,11/08/2025,Atacado,4,819.6,327.84,122.94,Venda
SKU_1748_COB,11/08/2025,Atacado,8,2479.2,991.68,185.94,Venda
SKU_1746_NAV,11/08/2025,Atacado,4,719.6,215.88,125.93,Venda
SKU_1772_SNO,11/08/2025,Atacado,2,829.8,290.42,269.69,Venda
SKU_1575_AQU,11/08/2025,Varejo,1,864.9,201.33,663.57,Venda
SKU_1743_CLO,11/08/2025,Atacado,10,4399.0,1759.6,263.94,Venda
SKU_1708_FLA,11/08/2025,Varejo,1,169.9,27.24,142.66,Venda
SKU_1680_NAV,11/08/2025,Atacado,10,3349.0,1004.7,234.43,Venda
SKU_1533_DUS,11/08/2025,Varejo,1,164.9,48.16,116.74,Venda
SKU_1768_MIN,11/08/2025,E-commerce,1,624.9,154.49,470.41,Venda
SKU_1746_EME,11/08/2025,E-commerce,2,359.8,63.36,148.22,Venda
SKU_1760_OFF,11/08/2025,E-commerce,1,249.9,64.12,185.78,Venda
SKU_1688_LIG,11/08/2025,Atacado,8,3439.2,1203.68,279.44,Venda
SKU_1729_FUC,11/08/2025,E-commerce,1,174.9,35.92,138.98,Venda
SKU_1759_CLE,11/08/2025,Atacado,6,1619.4,647.76,161.94,Venda
SKU_1524_BLU,11/08/2025,Varejo,4,1479.6,310.88,292.18,Venda
SKU_1795_RAS,11/08/2025,Varejo,1,299.9,72.33,227.57,Venda
SKU_1747_FUC,11/08/2025,E-commerce,1,174.9,51.85,123.05,Venda
SKU_1621_FUC,11/08/2025,Varejo,2,469.8,111.38,179.21,Venda
SKU_2081_PAL,11/08/2025,Varejo,1,389.9,0.0,389.9,Venda
SKU_1800_SKY,11/08/2025,Atacado,6,1679.4,671.76,167.94,Venda
SKU_1753_PAL,11/08/2025,Varejo,4,3159.6,883.28,569.08,Venda
SKU_1773_FRE,11/08/2025,Varejo,1,324.9,60.34,264.56,Venda
SKU_1647_ARM,11/08/2025,E-commerce,1,339.9,59.66,280.24,Venda
SKU_1444_HUN,11/08/2025,Varejo,1,239.9,57.86,182.04,Venda
SKU_1687_WHI,11/08/2025,Varejo,1,899.9,204.68,695.22,Venda
SKU_1750_SNO,11/08/2025,Atacado,3,1109.7,388.38,240.44,Venda
SKU_1713_SNO,11/08/2025,Varejo,1,504.9,97.43,407.47,Venda
SKU_1730_OFF,11/08/2025,Atacado,2,639.8,191.94,223.93,Venda
SKU_1719_WHI,11/08/2025,Atacado,3,959.7,287.91,223.93,Venda
SKU_1957_CRE,11/08/2025,Atacado,8,1519.2,531.68,123.44,Venda
SKU_2019_TUR,11/08/2025,Atacado,12,6598.8,1979.64,384.93,Venda
SKU_1760_OFF,11/08/2025,E-commerce,1,249.9,61.76,188.14,Venda
SKU_1557_SAG,11/08/2025,Atacado,6,1199.4,419.76,129.94,Venda
SKU_1925_PRI,11/08/2025,Atacado,2,729.8,218.94,255.43,Venda
SKU_1420_LIM,11/08/2025,Varejo,1,989.9,252.14,737.76,Venda
SKU_1585_BLA,11/08/2025,Varejo,1,319.9,87.75,232.15,Venda
SKU_1703_PAS,11/08/2025,E-commerce,1,269.9,47.94,221.96,Venda
SKU_1764_FUC,11/08/2025,Atacado,3,704.7,246.66,152.68,Venda
SKU_2037_SEA,11/08/2025,Atacado,5,3624.5,1268.55,471.19,Venda
SKU_1955_SAL,11/08/2025,Atacado,6,5999.4,1799.82,699.93,Venda
SKU_1986_TEA,11/08/2025,Atacado,4,839.6,251.88,146.93,Venda
SKU_1857_IVO,11/08/2025,Atacado,4,959.6,335.84,155.94,Venda
SKU_1693_FLA,11/08/2025,E-commerce,1,204.9,52.5,152.4,Venda
SKU_1752_SPA,11/08/2025,E-commerce,1,429.9,127.76,302.14,Venda
SKU_1476_CLO,11/08/2025,Atacado,6,1649.4,494.82,192.43,Venda
SKU_1753_WHI,11/08/2025,Atacado,4,3159.6,1105.84,513.44,Venda
SKU_1911_RAS,11/08/2025,Atacado,4,859.6,300.88,139.68,Venda
SKU_1702_COR,11/08/2025,Atacado,3,1859.7,557.91,433.93,Venda
SKU_1463_LIG,11/08/2025,Atacado,4,1039.6,363.84,168.94,Venda
SKU_1701_SPA,11/08/2025,E-commerce,1,339.9,73.49,266.41,Venda
SKU_1770_DEE,11/08/2025,Atacado,4,879.6,307.84,142.94,Venda
SKU_1583_WHI,11/08/2025,Varejo,1,254.9,71.89,183.01,Venda
SKU_1736_PAS,11/08/2025,Atacado,2,649.8,227.42,211.19,Venda
SKU_1800_MOS,11/08/2025,Atacado,3,839.7,251.91,195.93,Venda
SKU_1759_CLE,11/08/2025,E-commerce,1,269.9,60.22,209.68,Venda
SKU_1757_TUR,11/08/2025,E-commerce,1,264.9,67.97,196.93,Venda
SKU_1768_MIN,11/08/2025,Varejo,1,624.9,161.08,463.82,Venda
SKU_1789_SNO,11/08/2025,Varejo,2,539.8,145.72,197.04,Venda
SKU_1775_PAS,11/08/2025,Varejo,1,279.9,48.0,231.9,Venda
SKU_1699_CLO,11/08/2025,Atacado,5,1649.5,577.3,214.44,Venda
SKU_1623_SER,11/08/2025,Varejo,3,2744.7,593.16,717.18,Venda
SKU_1715_HON,11/08/2025,Varejo,2,439.8,105.16,167.32,Venda
SKU_1726_PAS,11/08/2025,Varejo,1,429.9,106.06,323.84,Venda
SKU_1784_BLA,11/08/2025,Atacado,4,1239.6,433.84,201.44,Venda
SKU_1782_HUN,11/08/2025,Varejo,1,249.9,38.66,211.24,Venda
SKU_1644_BAB,11/08/2025,Atacado,3,959.7,335.88,207.94,Venda
SKU_2056_DEN,11/08/2025,Atacado,8,8279.2,2897.76,672.68,Venda
SKU_1718_DUS,11/08/2025,Atacado,4,1479.6,517.84,240.44,Venda
SKU_1736_JAD,11/08/2025,Atacado,8,2599.2,779.76,227.43,Venda
SKU_1701_BLU,11/08/2025,Varejo,1,339.9,80.11,259.79,Venda
SKU_1686_SKY,11/08/2025,Varejo,1,214.9,32.48,182.42,Venda
SKU_1755_AQU,11/08/2025,Varejo,1,334.9,77.73,257.17,Venda
SKU_1718_DUS,11/08/2025,Varejo,1,369.9,76.63,293.27,Venda
SKU_1688_LIG,11/08/2025,Atacado,5,2149.5,859.8,257.94,Venda
SKU_1728_EGR,11/08/2025,Atacado,6,1979.4,593.82,230.93,Venda
SKU_1743_CLO,11/08/2025,Atacado,5,2199.5,769.8,285.94,Venda
SKU_1911_RAS,11/08/2025,Varejo,1,214.9,0.0,214.9,Venda
SKU_1795_HUN,11/08/2025,E-commerce,3,899.7,189.81,236.63,Venda
SKU_1555_RAS,11/08/2025,Atacado,5,949.5,284.85,132.93,Venda
SKU_1788_MYS,11/08/2025,Atacado,3,749.7,262.38,162.44,Venda
SKU_1690_MYS,11/08/2025,Atacado,8,4319.2,1727.68,323.94,Venda
SKU_1700_PIS,11/08/2025,Varejo,1,699.9,122.15,577.75,Venda
SKU_1695_LIM,11/08/2025,Atacado,6,1259.4,377.82,146.93,Venda
SKU_1492_SKY,11/08/2025,Atacado,4,1499.6,449.88,262.43,Venda
SKU_1685_COB,11/08/2025,Varejo,1,664.9,189.86,475.04,Venda
SKU_1708_FLA,11/08/2025,Atacado,12,2038.8,713.52,110.44,Venda
SKU_1707_ARM,11/08/2025,Varejo,1,279.9,73.29,206.61,Venda
SKU_1696_SER,11/08/2025,Varejo,1,279.9,78.85,201.05,Venda
SKU_1395_TUR,11/08/2025,Varejo,1,289.9,64.39,225.51,Venda
SKU_1389_SHO,11/08/2025,Atacado,2,279.8,97.92,90.94,Venda
SKU_1733_NAV,11/08/2025,Varejo,1,349.9,85.48,264.42,Venda
SKU_1742_DEN,11/08/2025,Varejo,1,259.9,42.36,217.54,Venda
SKU_2049_TEA,11/08/2025,Atacado,2,429.8,171.92,128.94,Venda
SKU_1772_BLU,11/08/2025,Atacado,8,3319.2,1161.68,269.69,Venda
SKU_1777_TUR,11/08/2025,Varejo,4,959.6,192.8,191.7,Venda
SKU_1798_MOS,11/08/2025,Atacado,6,2519.4,755.82,293.93,Venda
SKU_1602_AQU,11/08/2025,Atacado,2,459.8,183.92,137.94,Venda
SKU_1766_MYS,11/08/2025,Atacado,4,1579.6,552.84,256.69,Venda
SKU_1696_SER,11/08/2025,E-commerce,1,279.9,43.59,236.31,Venda
SKU_1791_ARM,11/08/2025,Varejo,1,264.9,71.19,193.71,Venda
SKU_1744_EME,11/08/2025,Varejo,1,264.9,47.9,217.0,Venda
SKU_1735_COR,11/08/2025,Atacado,4,1079.6,323.88,188.93,Venda
SKU_1739_AQU,11/08/2025,Varejo,1,254.9,44.53,210.37,Venda
SKU_1720_PAL,11/08/2025,Atacado,4,899.6,314.88,146.18,Venda
SKU_1700_HUN,11/08/2025,Varejo,1,699.9,132.88,567.02,Venda
SKU_1539_BLA,11/08/2025,Atacado,8,2799.2,979.68,227.44,Venda
SKU_1637_WHI,11/08/2025,Varejo,1,919.9,243.65,676.25,Venda
SKU_2045_AQU,11/08/2025,E-commerce,2,389.8,27.28,181.26,Venda
SKU_1793_MIN,11/08/2025,E-commerce,1,189.9,48.76,141.14,Venda
SKU_1665_SAG,11/08/2025,Atacado,8,1999.2,699.68,162.44,Venda
SKU_1787_BAB,11/08/2025,Atacado,8,2319.2,927.68,173.94,Venda
SKU_1757_TUR,11/08/2025,Atacado,10,2649.0,794.7,185.43,Venda
SKU_1649_FLA,11/08/2025,Varejo,1,234.9,57.56,177.34,Venda
SKU_1644_PEA,11/08/2025,Varejo,3,959.7,165.0,264.9,Venda
SKU_1765_MYS,11/08/2025,Atacado,3,779.7,233.91,181.93,Venda
SKU_1561_VAN,11/08/2025,Varejo,1,349.9,56.46,293.44,Venda
SKU_1800_MOS,11/08/2025,Varejo,1,279.9,70.72,209.18,Venda
SKU_1480_MEX,11/08/2025,Varejo,1,369.9,90.77,279.13,Venda
SKU_1789_EME,11/08/2025,Atacado,4,1079.6,377.84,175.44,Venda
SKU_1725_BAB,11/08/2025,E-commerce,2,489.8,114.66,187.57,Venda
SKU_1765_PAS,11/08/2025,Varejo,2,519.8,113.6,203.1,Venda
SKU_2034_DUS,11/08/2025,Varejo,4,679.6,0.0,169.9,Venda
SKU_1637_WHI,11/08/2025,Varejo,3,2759.7,760.59,666.37,Venda
SKU_1692_OLI,11/08/2025,Varejo,1,219.9,59.27,160.63,Venda
SKU_1694_PIS,11/08/2025,Varejo,1,279.9,81.94,197.96,Venda
SKU_1701_SPA,11/08/2025,Atacado,3,1019.7,305.91,237.93,Venda
SKU_2037_SEA,11/08/2025,Varejo,1,724.9,50.74,674.16,Venda
SKU_1784_EGR,11/08/2025,E-commerce,1,309.9,82.98,226.92,Venda
SKU_1767_PRI,11/08/2025,Atacado,12,2458.8,983.52,122.94,Venda
SKU_1797_BLU,11/08/2025,Varejo,1,379.9,110.61,269.29,Venda
SKU_1694_SER,11/08/2025,Varejo,1,279.9,52.63,227.27,Venda
SKU_1519_BLU,11/08/2025,Varejo,2,1259.8,343.7,458.05,Venda
SKU_1679_SHO,11/08/2025,Atacado,10,9199.0,2759.7,643.93,Venda
SKU_1737_SAG,11/08/2025,Varejo,1,769.9,135.86,634.04,Venda
SKU_1668_DEN,11/08/2025,Atacado,4,1079.6,377.84,175.44,Venda
SKU_1750_MIN,11/08/2025,Atacado,10,3699.0,1294.6,240.44,Venda
SKU_1742_EME,11/08/2025,Atacado,10,2599.0,909.6,168.94,Venda
SKU_1701_SPA,11/08/2025,Atacado,6,2039.4,611.82,237.93,Venda
SKU_1767_FUC,11/08/2025,Atacado,6,1229.4,553.2,112.7,Venda
SKU_1948_WHI,11/08/2025,Varejo,1,199.9,0.0,199.9,Venda
SKU_1396_FUC,11/08/2025,Varejo,1,134.9,34.93,99.97,Venda
SKU_1792_AQU,11/08/2025,Atacado,8,3519.2,1055.76,307.93,Venda
SKU_1521_MOS,11/08/2025,Atacado,4,759.6,341.84,104.44,Venda
SKU_1459_OFF,11/08/2025,Atacado,4,839.6,251.88,146.93,Venda
SKU_1725_OFF,11/08/2025,Varejo,3,734.7,202.17,177.51,Venda
SKU_1554_SKY,11/08/2025,Varejo,3,3104.7,717.6,795.7,Venda
SKU_1738_BLU,11/08/2025,Atacado,8,1559.2,467.76,136.43,Venda
SKU_1739_MOS,11/08/2025,Atacado,5,1274.5,446.1,165.68,Venda
SKU_1957_PEA,11/08/2025,Atacado,6,1139.4,455.76,113.94,Venda
SKU_1799_POW,11/08/2025,Varejo,1,269.9,64.52,205.38,Venda
SKU_1463_LIG,11/08/2025,Atacado,10,2599.0,909.6,168.94,Venda
SKU_1796_SHO,11/08/2025,Varejo,1,504.9,78.04,426.86,Venda
SKU_1731_ARM,11/08/2025,Varejo,1,909.9,242.26,667.64,Venda
SKU_1788_EME,11/08/2025,Varejo,3,749.7,178.68,190.34,Venda
SKU_1681_OFF,11/08/2025,Atacado,6,1409.4,422.82,164.43,Venda
SKU_1712_MOS,11/08/2025,Atacado,5,899.5,269.85,125.93,Venda
SKU_1787_BAB,11/08/2025,Atacado,5,1449.5,434.85,202.93,Venda
SKU_2094_OLI,11/08/2025,Atacado,4,739.6,295.84,110.94,Venda
SKU_1988_WHI,11/08/2025,Atacado,10,4249.0,1487.1,276.19,Venda
SKU_1917_LIG,11/08/2025,Atacado,8,2999.2,899.76,262.43,Venda
SKU_1740_OLI,11/08/2025,Atacado,4,859.6,300.88,139.68,Venda
SKU_1740_FRE,11/08/2025,E-commerce,1,214.9,63.65,151.25,Venda
SKU_1591_MYS,11/08/2025,Varejo,1,889.9,240.16,649.74,Venda
SKU_1779_MIN,11/08/2025,E-commerce,1,214.9,42.45,172.45,Venda
SKU_1800_SKY,11/08/2025,Atacado,3,839.7,293.88,181.94,Venda
SKU_1403_DUS,11/08/2025,Varejo,2,769.8,122.82,323.49,Venda
SKU_1701_BLU,11/08/2025,Varejo,1,339.9,57.0,282.9,Venda
SKU_1684_SHO,11/08/2025,Varejo,4,739.6,173.28,141.58,Venda
SKU_1713_SNO,11/08/2025,Atacado,4,2019.6,706.84,328.19,Venda
SKU_1759_CLE,11/08/2025,Atacado,10,2699.0,944.6,175.44,Venda
SKU_1724_PIN,11/08/2025,Atacado,4,4459.6,1337.88,780.43,Venda
SKU_1694_SER,11/08/2025,Atacado,3,839.7,293.88,181.94,Venda
SKU_1716_SAL,11/08/2025,Atacado,6,989.4,346.32,107.18,Venda
SKU_1784_EGR,11/08/2025,Atacado,6,1859.4,650.76,201.44,Venda
SKU_2001_MAR,11/08/2025,E-commerce,1,384.9,0.0,384.9,Venda
SKU_1714_MID,11/08/2025,Atacado,5,1524.5,533.55,198.19,Venda
SKU_1615_MOS,11/08/2025,Atacado,8,3719.2,1301.68,302.19,Venda
SKU_1707_SAP,11/08/2025,Varejo,1,279.9,44.96,234.94,Venda
SKU_1685_BIR,11/08/2025,Atacado,5,3324.5,1163.55,432.19,Venda
SKU_1754_SER,11/08/2025,Atacado,4,1359.6,475.84,220.94,Venda
SKU_1486_OLI,11/08/2025,Atacado,6,1739.4,608.76,188.44,Venda
SKU_1755_AQU,11/08/2025,Varejo,3,1004.7,252.87,250.61,Venda
SKU_1692_BLU,11/08/2025,Atacado,4,879.6,263.88,153.93,Venda
SKU_1498_LIG,11/08/2025,Varejo,1,339.9,91.76,248.14,Venda
SKU_1704_BAB,11/08/2025,Varejo,4,1339.6,255.0,271.15,Venda
SKU_1705_SER,11/08/2025,Atacado,4,1639.6,491.88,286.93,Venda
SKU_2103_RAS,11/08/2025,Atacado,8,3759.2,1503.68,281.94,Venda
SKU_1442_EME,11/08/2025,Varejo,1,289.9,59.32,230.58,Venda
SKU_1756_BUB,11/08/2025,E-commerce,2,359.8,80.32,139.74,Venda
SKU_1762_BRI,11/08/2025,Varejo,1,254.9,74.84,180.06,Venda
SKU_1622_VAN,11/08/2025,E-commerce,1,269.9,75.46,194.44,Venda
SKU_1706_JAD,11/08/2025,Varejo,1,184.9,46.51,138.39,Venda
SKU_1424_BAB,11/08/2025,Varejo,1,994.9,252.67,742.23,Venda
SKU_1754_SER,11/08/2025,Atacado,12,4078.8,1835.4,186.95,Venda
SKU_1500_MOS,11/08/2025,Varejo,1,259.9,56.02,203.88,Venda
SKU_1796_SHO,11/08/2025,Atacado,8,4039.2,1413.68,328.19,Venda
SKU_1838_BAL,11/08/2025,Varejo,1,319.9,0.0,319.9,Venda
SKU_1737_DEE,11/08/2025,Varejo,1,769.9,148.2,621.7,Venda
SKU_1715_JAD,11/08/2025,Atacado,4,879.6,307.84,142.94,Venda
SKU_1781_AQU,11/08/2025,Atacado,5,649.5,194.85,90.93,Venda
SKU_1395_TUR,11/08/2025,Atacado,3,869.7,304.38,188.44,Venda
SKU_1973_SKY,11/08/2025,Varejo,1,319.9,0.0,319.9,Venda
SKU_2063_SHO,11/08/2025,Varejo,1,219.9,0.0,219.9,Venda
SKU_1669_TEA,11/08/2025,E-commerce,1,199.9,42.11,157.79,Venda
SKU_1722_AQU,11/08/2025,Atacado,3,974.7,341.13,211.19,Venda
SKU_1501_OLI,11/08/2025,E-commerce,1,169.9,41.13,128.77,Venda
SKU_1680_NAV,11/08/2025,Atacado,12,4018.8,1205.64,234.43,Venda
SKU_1423_SAG,11/08/2025,Varejo,1,1199.9,272.45,927.45,Venda
SKU_1734_FRE,11/08/2025,Atacado,4,1399.6,489.84,227.44,Venda
SKU_1609_SAP,11/08/2025,Atacado,8,2159.2,863.68,161.94,Venda
SKU_1695_LIM,11/08/2025,Varejo,1,209.9,60.06,149.84,Venda
SKU_1507_FLA,11/08/2025,Atacado,6,1079.4,323.82,125.93,Venda
SKU_1748_COB,11/08/2025,Varejo,1,309.9,86.95,222.95,Venda
SKU_1711_VAN,11/08/2025,Varejo,2,1989.8,590.66,699.57,Venda
SKU_1632_SPA,11/08/2025,Atacado,6,1109.4,388.32,120.18,Venda
SKU_1691_ROS,11/08/2025,E-commerce,3,929.7,174.06,251.88,Venda
SKU_1602_AQU,11/08/2025,Atacado,8,1839.2,643.68,149.44,Venda
SKU_1525_OLI,11/08/2025,Varejo,1,289.9,65.81,224.09,Venda
SKU_1696_SHO,11/08/2025,Atacado,10,2799.0,839.7,195.93,Venda
SKU_1660_NAV,11/08/2025,Atacado,6,1889.4,566.82,220.43,Venda
SKU_1792_MIN,11/08/2025,E-commerce,1,439.9,96.53,343.37,Venda
SKU_1845_TUR,11/08/2025,Atacado,8,6559.2,2623.68,491.94,Venda
SKU_1486_PAL,11/08/2025,E-commerce,1,289.9,68.49,221.41,Venda
SKU_1796_SHO,11/08/2025,E-commerce,1,504.9,146.61,358.29,Venda
SKU_1699_COB,11/08/2025,Atacado,3,989.7,296.91,230.93,Venda
SKU_1685_BIR,11/08/2025,Varejo,1,664.9,156.2,508.7,Venda
SKU_1910_MYS,11/08/2025,Atacado,12,8998.8,3599.52,449.94,Venda
SKU_1724_PIN,11/08/2025,Varejo,1,1114.9,184.63,930.27,Venda
SKU_1754_IVO,11/08/2025,E-commerce,1,339.9,63.19,276.71,Venda
SKU_1789_EME,11/08/2025,Varejo,1,269.9,55.45,214.45,Venda
SKU_1784_EGR,11/08/2025,E-commerce,2,619.8,156.92,231.44,Venda
SKU_1790_ROY,11/08/2025,Atacado,3,779.7,311.88,155.94,Venda
SKU_1639_WHI,11/08/2025,Varejo,2,379.8,85.88,146.96,Venda
SKU_1700_PIS,11/08/2025,Atacado,5,3499.5,1224.8,454.94,Venda
SKU_1741_PIN,11/08/2025,Varejo,1,239.9,54.71,185.19,Venda
SKU_1707_ARM,11/08/2025,Atacado,2,559.8,167.94,195.93,Venda
SKU_1573_MIN,11/08/2025,Varejo,1,1024.9,221.87,803.03,Venda
SKU_1766_MYS,11/08/2025,Atacado,4,1579.6,552.84,256.69,Venda
SKU_1801_FLA,11/08/2025,Varejo,1,374.9,109.33,265.57,Venda
SKU_1751_MIN,11/08/2025,Atacado,5,1649.5,494.85,230.93,Venda
SKU_1760_OFF,11/08/2025,E-commerce,1,249.9,42.9,207.0,Venda
SKU_1702_LIG,11/08/2025,Varejo,1,619.9,132.48,487.42,Venda
SKU_1692_OLI,11/08/2025,Varejo,4,879.6,217.12,165.62,Venda
SKU_1753_PAL,11/08/2025,E-commerce,3,2369.7,376.05,664.55,Venda
SKU_1783_BAB,11/08/2025,Varejo,2,2399.8,491.38,954.21,Venda
SKU_2023_SPA,11/08/2025,Varejo,2,319.8,0.0,159.9,Venda
SKU_1413_JAD,11/08/2025,Varejo,1,184.9,44.59,140.31,Venda
SKU_2012_SKY,11/08/2025,Atacado,4,3279.6,983.88,573.93,Venda
SKU_1780_AQU,11/08/2025,Varejo,1,334.9,55.8,279.1,Venda
SKU_1483_POW,11/08/2025,Varejo,4,1299.6,339.56,240.01,Venda
SKU_1583_WHI,11/08/2025,Atacado,8,2039.2,713.76,165.68,Venda
SKU_1847_MYS,11/08/2025,Varejo,1,269.9,0.0,269.9,Venda
SKU_1994_LIM,11/08/2025,Atacado,2,539.8,215.92,161.94,Venda
SKU_1778_MIN,11/08/2025,Varejo,1,284.9,83.02,201.88,Venda
SKU_1695_LIM,11/08/2025,Atacado,10,2099.0,629.7,146.93,Venda
SKU_2093_MYS,11/08/2025,Varejo,1,224.9,0.0,224.9,Venda
SKU_1718_DUS,11/08/2025,Atacado,5,1849.5,554.85,258.93,Venda
SKU_1624_ARM,11/08/2025,E-commerce,1,209.9,60.49,149.41,Venda
SKU_1751_BLU,11/08/2025,Varejo,1,329.9,77.42,252.48,Venda
SKU_2092_EGR,11/08/2025,Atacado,10,2749.0,824.7,192.43,Venda
SKU_1699_COB,11/08/2025,Varejo,2,659.8,120.34,269.73,Venda
SKU_1766_MYS,11/08/2025,Varejo,1,394.9,114.1,280.8,Venda
SKU_1684_SHO,11/08/2025,Varejo,1,184.9,45.42,139.48,Venda
SKU_1485_CER,11/08/2025,Atacado,6,3989.4,1196.82,465.43,Venda
SKU_1702_COR,11/08/2025,Varejo,1,619.9,121.35,498.55,Venda
SKU_1745_PEA,11/08/2025,E-commerce,1,409.9,108.03,301.87,Venda
SKU_2109_WHI,11/08/2025,Atacado,3,959.7,335.88,207.94,Venda
SKU_1791_IVO,11/08/2025,Varejo,1,264.9,66.42,198.48,Venda
SKU_1770_DEE,11/08/2025,Atacado,3,659.7,197.91,153.93,Venda
SKU_1556_SAL,11/08/2025,Atacado,3,614.7,215.16,133.18,Venda
SKU_2011_TUR,11/08/2025,Atacado,5,1274.5,382.35,178.43,Venda
SKU_1828_CER,11/08/2025,Atacado,5,1224.5,428.6,159.18,Venda
SKU_1700_PIS,11/08/2025,Atacado,5,3499.5,1224.8,454.94,Venda
SKU_1697_PIS,11/08/2025,Varejo,3,659.7,190.35,156.45,Venda
SKU_1553_HOT,11/08/2025,Varejo,1,254.9,59.84,195.06,Venda
SKU_1665_RAS,11/08/2025,Atacado,5,1249.5,374.85,174.93,Venda
SKU_1427_BLA,11/08/2025,Atacado,4,799.6,239.88,139.93,Venda
SKU_1688_WHI,11/08/2025,Varejo,1,429.9,70.87,359.03,Venda
SKU_1743_CLO,11/08/2025,Varejo,1,439.9,112.54,327.36,Venda
SKU_1694_PIS,11/08/2025,Atacado,5,1399.5,489.8,181.94,Venda
SKU_1779_LIG,11/08/2025,Atacado,10,2149.0,859.6,128.94,Venda
SKU_1551_ROS,11/08/2025,Varejo,1,219.9,61.24,158.66,Venda
SKU_1682_OLI,11/08/2025,Atacado,5,1174.5,411.1,152.68,Venda
SKU_1795_RAS,11/08/2025,Varejo,1,299.9,67.56,232.34,Venda
SKU_1588_CRE,11/08/2025,Atacado,3,1469.7,587.88,293.94,Venda
SKU_2006_PRI,11/08/2025,Atacado,5,4524.5,1583.55,588.19,Venda
SKU_1766_MYS,11/08/2025,Varejo,1,394.9,96.21,298.69,Venda
SKU_1645_MYS,11/08/2025,Varejo,2,799.8,195.86,301.97,Venda
SKU_1613_AQU,11/08/2025,Atacado,2,379.8,151.92,113.94,Venda
SKU_1502_VAN,11/08/2025,E-commerce,1,209.9,52.86,157.04,Venda
SKU_1755_BIR,11/08/2025,Varejo,3,1004.7,195.03,269.89,Venda
SKU_1825_MIN,11/08/2025,Varejo,1,174.9,12.24,162.66,Venda
SKU_1404_SAP,11/08/2025,Atacado,3,3059.7,1070.88,662.94,Venda
SKU_1775_PAL,11/08/2025,Atacado,2,559.8,195.92,181.94,Venda
SKU_1790_ROY,11/08/2025,Atacado,5,1299.5,519.8,155.94,Venda
SKU_1926_SHO,11/08/2025,Atacado,10,2699.0,944.6,175.44,Venda
SKU_1715_HON,11/08/2025,Varejo,1,219.9,44.73,175.17,Venda
SKU_1768_MIN,11/08/2025,Atacado,4,2499.6,874.84,406.19,Venda
SKU_1457_MAG,11/08/2025,Atacado,4,639.6,223.84,103.94,Venda
SKU_1757_TUR,11/08/2025,Atacado,4,1059.6,423.84,158.94,Venda
SKU_1661_CER,11/08/2025,Varejo,1,989.9,167.55,822.35,Venda
SKU_2000_SHO,11/08/2025,Varejo,1,214.9,0.0,214.9,Venda
SKU_1763_MAR,11/08/2025,Atacado,6,1799.4,539.82,209.93,Venda
SKU_1687_WHI,11/08/2025,Varejo,3,2699.7,610.44,696.42,Venda
SKU_1505_SNO,11/08/2025,Varejo,1,234.9,53.36,181.54,Venda
SKU_1697_MIN,11/08/2025,Varejo,2,439.8,127.26,156.27,Venda
SKU_1967_BAB,11/08/2025,Varejo,2,389.8,0.0,194.9,Venda
SKU_1769_WHI,11/08/2025,Atacado,8,2599.2,779.76,227.43,Venda
SKU_1792_AQU,11/08/2025,Atacado,6,2639.4,923.76,285.94,Venda
SKU_1764_FUC,11/08/2025,Atacado,5,1174.5,352.35,164.43,Venda
SKU_1768_MIN,11/08/2025,E-commerce,1,624.9,183.13,441.77,Venda
SKU_1562_CLO,11/08/2025,Atacado,3,929.7,278.91,216.93,Venda
SKU_1573_MIN,11/08/2025,Atacado,2,2049.8,717.44,666.18,Venda
SKU_1900_HON,11/08/2025,Varejo,1,424.9,29.74,395.16,Venda
SKU_1779_MIN,11/08/2025,Atacado,8,1719.2,687.68,128.94,Venda
SKU_2013_MYS,11/08/2025,Atacado,6,1109.4,388.32,120.18,Venda
SKU_1556_HUN,11/08/2025,Atacado,5,1024.5,307.35,143.43,Venda
SKU_1759_CLE,11/08/2025,E-commerce,1,269.9,57.46,212.44,Venda
SKU_1775_PAS,11/08/2025,Atacado,4,1119.6,391.84,181.94,Venda
SKU_1677_POW,11/08/2025,Varejo,3,1709.7,446.01,421.23,Venda
SKU_1554_SKY,11/08/2025,Atacado,3,3104.7,931.41,724.43,Venda
SKU_2040_MIN,11/08/2025,Varejo,1,294.9,0.0,294.9,Venda
SKU_1469_ARM,11/08/2025,Atacado,6,1769.4,530.82,206.43,Venda
SKU_1607_GAR,11/08/2025,Varejo,1,299.9,76.99,222.91,Venda
SKU_1839_BAB,11/08/2025,E-commerce,1,294.9,0.0,294.9,Venda
SKU_1810_OFF,11/08/2025,Varejo,1,159.9,11.19,148.71,Venda
SKU_1734_FRE,11/08/2025,E-commerce,1,349.9,93.98,255.92,Venda
SKU_1746_EME,11/08/2025,E-commerce,1,179.9,39.21,140.69,Venda
SKU_1779_MIN,11/08/2025,Varejo,1,214.9,42.12,172.78,Venda
SKU_1770_DEE,11/08/2025,E-commerce,2,439.8,94.76,172.52,Venda
SKU_1683_PAL,11/08/2025,E-commerce,1,314.9,73.88,241.02,Venda
SKU_1394_EME,11/08/2025,Atacado,6,2819.4,845.82,328.93,Venda
SKU_1531_TEA,11/08/2025,Varejo,2,1099.8,322.66,388.57,Venda
SKU_1778_TEA,11/08/2025,Varejo,1,284.9,50.12,234.78,Venda
SKU_1491_CER,11/08/2025,Atacado,6,809.4,323.76,80.94,Venda
SKU_1676_NAV,11/08/2025,Varejo,4,679.6,178.08,125.38,Venda
SKU_1740_FRE,11/08/2025,Atacado,3,644.7,193.41,150.43,Venda
SKU_1691_ROS,11/08/2025,Atacado,10,3099.0,1084.6,201.44,Venda
SKU_1567_PRI,11/08/2025,Varejo,1,689.9,158.9,531.0,Venda
SKU_1736_PAS,11/08/2025,Atacado,4,1299.6,454.84,211.19,Venda
SKU_1475_VAN,11/08/2025,Atacado,4,999.6,349.84,162.44,Venda
SKU_1572_MAR,11/08/2025,Varejo,2,279.8,48.14,115.83,Venda
SKU_1756_FLA,11/08/2025,Varejo,1,179.9,47.27,132.63,Venda
SKU_1712_NAV,11/08/2025,Atacado,8,1439.2,431.76,125.93,Venda
SKU_1690_MYS,11/08/2025,Atacado,10,5399.0,1619.7,377.93,Venda
SKU_1742_EME,11/08/2025,Varejo,1,259.9,55.88,204.02,Venda
SKU_1686_MOS,11/08/2025,Varejo,1,214.9,36.48,178.42,Venda
SKU_1787_BAB,11/08/2025,Varejo,1,289.9,86.85,203.05,Venda
SKU_1795_HUN,11/08/2025,Atacado,10,2999.0,899.7,209.93,Venda
SKU_1796_SHO,11/08/2025,Atacado,10,5049.0,2019.6,302.94,Venda
SKU_1693_FLA,11/08/2025,Varejo,1,204.9,58.4,146.5,Venda
SKU_1792_AQU,11/08/2025,E-commerce,1,439.9,126.15,313.75,Venda
SKU_1792_MIN,11/08/2025,Atacado,6,2639.4,923.76,285.94,Venda
SKU_1792_MIN,11/08/2025,E-commerce,1,439.9,69.83,370.07,Venda
SKU_1630_SNO,11/08/2025,Atacado,6,2009.4,703.26,217.69,Venda
SKU_1750_MIN,11/08/2025,Atacado,3,1109.7,332.91,258.93,Venda
SKU_1602_PAS,11/08/2025,Varejo,1,229.9,38.21,191.69,Venda
SKU_1761_SAP,11/08/2025,Varejo,2,2209.8,496.4,856.7,Venda
SKU_1774_COB,11/08/2025,E-commerce,1,204.9,35.82,169.08,Venda
SKU_1752_SPA,11/08/2025,Atacado,8,3439.2,1031.76,300.93,Venda
SKU_1615_MOS,11/08/2025,Varejo,1,464.9,74.09,390.81,Venda
SKU_2044_PAS,11/08/2025,Atacado,2,499.8,149.94,174.93,Venda
SKU_1769_WHI,11/08/2025,E-commerce,1,324.9,69.1,255.8,Venda
SKU_1717_CRE,11/08/2025,Atacado,2,519.8,207.92,155.94,Venda
SKU_1737_SAG,11/08/2025,Varejo,1,769.9,128.99,640.91,Venda
SKU_1757_PIN,11/08/2025,E-commerce,1,264.9,49.19,215.71,Venda
SKU_1689_IVO,11/08/2025,Varejo,1,964.9,274.98,689.92,Venda
SKU_1693_FLA,11/08/2025,Varejo,2,409.8,62.34,173.73,Venda
SKU_1420_LIM,11/08/2025,Varejo,2,1979.8,453.56,763.12,Venda
SKU_1714_MID,11/08/2025,Varejo,2,609.8,96.06,256.87,Venda
SKU_1632_SAP,11/08/2025,Atacado,2,369.8,110.94,129.43,Venda
SKU_1816_WHI,11/08/2025,Varejo,1,239.9,0.0,239.9,Venda
SKU_1748_BAB,11/08/2025,Varejo,3,929.7,237.54,230.72,Venda
SKU_1688_LIG,11/08/2025,Atacado,8,3439.2,1203.68,279.44,Venda
SKU_1508_DEE,11/08/2025,Atacado,4,839.6,293.84,136.44,Venda
SKU_1695_CRE,11/08/2025,Atacado,4,839.6,335.84,125.94,Venda
SKU_2087_DEN,11/08/2025,Varejo,4,999.6,0.0,249.9,Venda
SKU_1481_TEA,11/08/2025,Varejo,1,809.9,202.4,607.5,Venda
SKU_1674_PAS,11/08/2025,Atacado,5,1149.5,402.3,149.44,Venda
SKU_1747_FUC,11/08/2025,Varejo,2,349.8,92.08,128.86,Venda
SKU_1817_PRI,11/08/2025,Atacado,2,439.8,153.92,142.94,Venda
SKU_1801_FLA,11/08/2025,Atacado,8,2999.2,899.76,262.43,Venda
SKU_1598_DUS,11/08/2025,Atacado,2,979.8,342.92,318.44,Venda
SKU_1778_TEA,11/08/2025,Atacado,12,3418.8,1025.64,199.43,Venda
SKU_1554_PIS,11/08/2025,Atacado,4,4139.6,1241.88,724.43,Venda
SKU_1434_ARM,11/08/2025,Varejo,4,839.6,132.64,176.74,Venda
SKU_1613_BIR,11/08/2025,Atacado,2,379.8,132.92,123.44,Venda
SKU_1736_JAD,11/08/2025,Atacado,5,1624.5,487.35,227.43,Venda
SKU_1440_PIS,11/08/2025,Varejo,1,1199.9,229.33,970.57,Venda
SKU_1695_CRE,11/08/2025,Varejo,1,209.9,40.66,169.24,Venda
SKU_1657_SPA,11/08/2025,Varejo,1,214.9,57.06,157.84,Venda
SKU_1738_ROY,11/08/2025,Atacado,10,1949.0,682.2,126.68,Venda
SKU_1772_BLU,11/08/2025,E-commerce,1,414.9,109.58,305.32,Venda
SKU_1734_BRI,11/08/2025,Atacado,4,1399.6,419.88,244.93,Venda
SKU_1684_SHO,11/08/2025,Varejo,1,184.9,33.07,151.83,Venda
SKU_1702_COR,11/08/2025,Atacado,4,2479.6,1115.84,340.94,Venda
SKU_1742_DEN,11/08/2025,Varejo,1,259.9,49.3,210.6,Venda
SKU_1550_IVO,11/08/2025,Atacado,4,659.6,197.88,115.43,Venda
SKU_1723_COB,11/08/2025,Atacado,3,1304.7,456.63,282.69,Venda
SKU_1496_PAS,11/08/2025,Atacado,6,6809.4,2042.82,794.43,Venda
SKU_1722_AQU,11/08/2025,Atacado,8,2599.2,1039.68,194.94,Venda
SKU_1740_OLI,11/08/2025,Varejo,1,214.9,61.87,153.03,Venda
SKU_1686_MOS,11/08/2025,Varejo,2,429.8,75.12,177.34,Venda
SKU_1605_COR,11/08/2025,Atacado,2,439.8,153.92,142.94,Venda
SKU_1726_BUB,11/08/2025,E-commerce,3,1289.7,198.21,363.83,Venda
SKU_1740_FRE,11/08/2025,E-commerce,1,214.9,35.83,179.07,Venda
SKU_1724_PEA,11/08/2025,Varejo,1,1114.9,221.31,893.59,Venda
SKU_1769_WHI,11/08/2025,Atacado,4,1299.6,584.8,178.7,Venda
SKU_1696_SHO,11/08/2025,Atacado,10,2799.0,839.7,195.93,Venda
SKU_1719_OFF,11/08/2025,Atacado,6,1919.4,671.76,207.94,Venda
SKU_1639_FRE,11/08/2025,Atacado,5,949.5,379.8,113.94,Venda
SKU_1682_BIR,11/08/2025,Varejo,1,234.9,41.41,193.49,Venda
SKU_1703_BLU,11/08/2025,Varejo,1,269.9,60.36,209.54,Venda
SKU_1680_NAV,11/08/2025,E-commerce,2,669.8,101.84,283.98,Venda
SKU_1525_OLI,11/08/2025,Atacado,12,3478.8,1217.52,188.44,Venda
SKU_2102_CLO,11/08/2025,Atacado,2,1489.8,670.4,409.7,Venda
SKU_1692_BLU,11/08/2025,Varejo,1,219.9,53.18,166.72,Venda
SKU_1689_IVO,11/08/2025,Varejo,1,964.9,286.8,678.1,Venda
SKU_1755_AQU,11/08/2025,Varejo,1,334.9,77.27,257.63,Venda
SKU_1765_MYS,11/08/2025,Atacado,6,1559.4,467.82,181.93,Venda
SKU_1795_HUN,11/08/2025,Atacado,3,899.7,314.88,194.94,Venda
SKU_1741_PIN,11/08/2025,Atacado,6,1439.4,431.82,167.93,Venda
SKU_1398_SPA,11/08/2025,E-commerce,1,674.9,120.58,554.32,Venda
SKU_1706_JAD,11/08/2025,Varejo,2,369.8,77.62,146.09,Venda
SKU_1683_PAL,11/08/2025,Varejo,1,314.9,90.08,224.82,Venda
SKU_1760_OFF,11/08/2025,Atacado,8,1999.2,599.76,174.93,Venda
SKU_1741_PIN,11/08/2025,E-commerce,1,239.9,36.55,203.35,Venda
SKU_1775_PAS,11/08/2025,Atacado,3,839.7,293.88,181.94,Venda
SKU_1716_SAL,11/08/2025,Atacado,12,1978.8,692.64,107.18,Venda
SKU_1752_SPA,11/08/2025,Atacado,4,1719.6,687.84,257.94,Venda
SKU_1684_SHO,11/08/2025,Varejo,2,369.8,57.46,156.17,Venda
SKU_1845_TUR,11/08/2025,Varejo,1,819.9,0.0,819.9,Venda
SKU_1805_BLU,11/08/2025,Atacado,5,2899.5,1014.8,376.94,Venda
SKU_1705_SER,11/08/2025,Varejo,3,1229.7,334.68,298.34,Venda
SKU_1653_BAB,11/08/2025,Atacado,5,1799.5,629.8,233.94,Venda
SKU_1754_SER,11/08/2025,Varejo,2,679.8,165.78,257.01,Venda
SKU_1856_FLA,11/08/2025,Atacado,6,1949.4,584.82,227.43,Venda
SKU_1739_AQU,11/08/2025,Varejo,2,509.8,95.18,207.31,Venda
SKU_1962_LIG,11/08/2025,Atacado,8,1719.2,601.76,139.68,Venda
SKU_1686_MOS,11/08/2025,Atacado,3,644.7,257.88,128.94,Venda
SKU_1753_WHI,11/08/2025,E-commerce,1,789.9,203.91,585.99,Venda
SKU_1727_LIG,11/08/2025,Atacado,12,1858.8,650.64,100.68,Venda
SKU_1693_MEX,11/08/2025,Varejo,1,204.9,39.54,165.36,Venda
SKU_1709_CRE,11/08/2025,E-commerce,1,209.9,39.51,170.39,Venda
SKU_1568_PIN,11/08/2025,Atacado,8,1879.2,751.68,140.94,Venda
SKU_1720_PAL,11/08/2025,Atacado,4,899.6,269.88,157.43,Venda
SKU_1645_MYS,11/08/2025,Varejo,1,399.9,101.83,298.07,Venda
SKU_1797_BLU,11/08/2025,Varejo,1,379.9,81.14,298.76,Venda
SKU_1705_JAD,11/08/2025,Atacado,3,1229.7,430.38,266.44,Venda
SKU_1771_EME,11/08/2025,Varejo,1,264.9,48.61,216.29,Venda
SKU_1815_LIM,11/08/2025,Varejo,1,439.9,0.0,439.9,Venda
SKU_1696_SHO,11/08/2025,Atacado,4,1119.6,391.84,181.94,Venda
SKU_1778_MIN,11/08/2025,Varejo,1,284.9,75.35,209.55,Venda
SKU_1697_PIS,11/08/2025,E-commerce,1,219.9,61.47,158.43,Venda
SKU_1771_EME,11/08/2025,E-commerce,1,264.9,55.77,209.13,Venda
SKU_1785_HUN,11/08/2025,Varejo,1,244.9,72.51,172.39,Venda
SKU_1702_LIG,11/08/2025,Varejo,1,619.9,143.81,476.09,Venda
SKU_1778_TEA,11/08/2025,Atacado,6,1709.4,512.82,199.43,Venda
SKU_1737_DEE,11/08/2025,Atacado,5,3849.5,1347.3,500.44,Venda
SKU_1686_SKY,11/08/2025,E-commerce,1,214.9,55.45,159.45,Venda
SKU_1700_PIS,11/08/2025,Atacado,4,2799.6,979.84,454.94,Venda
SKU_1596_CER,11/08/2025,Atacado,8,2199.2,659.76,192.43,Venda
SKU_1712_NAV,11/08/2025,E-commerce,1,179.9,42.18,137.72,Venda
SKU_1783_BAB,11/08/2025,Varejo,2,2399.8,398.74,1000.53,Venda
SKU_1665_RAS,11/08/2025,Varejo,1,249.9,39.62,210.28,Venda
SKU_1624_PRI,11/08/2025,E-commerce,1,209.9,56.94,152.96,Venda
SKU_1400_PAL,11/08/2025,Atacado,6,1259.4,440.76,136.44,Venda
SKU_2056_SKY,11/08/2025,Atacado,3,3104.7,1086.66,672.68,Venda
SKU_1781_AQU,11/08/2025,Atacado,4,519.6,155.88,90.93,Venda
SKU_1751_BLU,11/08/2025,Varejo,2,659.8,124.64,267.58,Venda
SKU_1779_LIG,11/08/2025,E-commerce,1,214.9,37.48,177.42,Venda
SKU_1437_AQU,11/08/2025,Atacado,5,824.5,288.6,107.18,Venda
SKU_1758_CLO,11/08/2025,Varejo,1,179.9,51.88,128.02,Venda
SKU_2010_BIR,11/08/2025,Atacado,8,7359.2,2207.76,643.93,Venda
SKU_1750_SNO,11/08/2025,Varejo,3,1109.7,200.49,303.07,Venda
SKU_1794_LIG,11/08/2025,E-commerce,1,209.9,39.73,170.17,Venda
SKU_1781_CLE,11/08/2025,Atacado,10,1299.0,389.7,90.93,Venda
SKU_1781_AQU,11/08/2025,Atacado,8,1039.2,363.68,84.44,Venda
SKU_1747_TEA,11/08/2025,E-commerce,1,174.9,28.84,146.06,Venda
SKU_1578_PAS,11/08/2025,Varejo,1,124.9,27.34,97.56,Venda
SKU_1685_COB,11/08/2025,Varejo,1,664.9,179.28,485.62,Venda
SKU_1557_TUR,11/08/2025,Atacado,2,399.8,119.94,139.93,Venda
SKU_1900_HON,11/08/2025,Varejo,2,849.8,59.48,395.16,Venda
SKU_1480_MEX,11/08/2025,Varejo,1,369.9,63.53,306.37,Venda
SKU_1635_SAG,11/08/2025,Varejo,1,604.9,133.0,471.9,Venda
SKU_1739_MOS,11/08/2025,Varejo,1,254.9,70.26,184.64,Venda
SKU_1696_SHO,11/08/2025,Varejo,1,279.9,69.45,210.45,Venda
SKU_1791_ARM,11/08/2025,Varejo,1,264.9,53.55,211.35,Venda
SKU_1482_SHO,11/08/2025,Atacado,2,889.8,311.42,289.19,Venda
SKU_1781_AQU,11/08/2025,Atacado,4,519.6,155.88,90.93,Venda
SKU_1726_PAS,11/08/2025,Varejo,1,429.9,91.48,338.42,Venda
SKU_1721_COR,11/08/2025,Varejo,2,839.8,162.2,338.8,Venda
SKU_1796_OLI,11/08/2025,E-commerce,2,1009.8,201.54,404.13,Venda
SKU_1532_BRI,11/08/2025,Atacado,4,3919.6,1371.84,636.94,Venda
SKU_1943_AQU,11/08/2025,Atacado,12,3358.8,1175.52,181.94,Venda
SKU_1644_PEA,11/08/2025,Varejo,1,319.9,49.83,270.07,Venda
SKU_1714_DEE,11/08/2025,Atacado,12,3658.8,1280.52,198.19,Venda
SKU_1741_PIN,11/08/2025,Varejo,2,479.8,94.6,192.6,Venda
SKU_1677_VAN,11/08/2025,Atacado,5,2849.5,854.85,398.93,Venda
SKU_1767_FUC,11/08/2025,Atacado,5,1024.5,358.6,133.18,Venda
SKU_1721_COR,11/08/2025,E-commerce,1,419.9,73.35,346.55,Venda
SKU_1647_BLA,11/08/2025,Varejo,3,1019.7,194.64,275.02,Venda
SKU_1716_SAL,11/08/2025,Varejo,1,164.9,30.58,134.32,Venda
SKU_1747_FUC,11/08/2025,Varejo,1,174.9,38.18,136.72,Venda
SKU_1784_EGR,11/08/2025,Varejo,1,309.9,75.58,234.32,Venda
SKU_1735_MOS,11/08/2025,Varejo,1,269.9,75.6,194.3,Venda
SKU_1462_MID,11/08/2025,Atacado,5,1824.5,547.35,255.43,Venda
SKU_1772_BLU,11/08/2025,Atacado,5,2074.5,726.05,269.69,Venda
SKU_1716_AQU,11/08/2025,Atacado,5,824.5,329.8,98.94,Venda
SKU_1714_DEE,11/08/2025,Varejo,1,304.9,78.23,226.67,Venda
SKU_2099_LIG,11/08/2025,E-commerce,1,269.9,0.0,269.9,Venda
SKU_1713_SAL,11/08/2025,Atacado,5,2524.5,883.55,328.19,Venda
SKU_1792_AQU,11/08/2025,Atacado,5,2199.5,769.8,285.94,Venda
SKU_1783_BAB,11/08/2025,Atacado,6,7199.4,2159.82,839.93,Venda
SKU_1656_SNO,11/08/2025,Varejo,1,234.9,47.62,187.28,Venda
SKU_1681_PIS,11/08/2025,Varejo,3,704.7,182.64,174.02,Venda
SKU_1520_ROY,11/08/2025,Atacado,3,674.7,269.88,134.94,Venda
SKU_1776_BIR,11/08/2025,Atacado,6,1979.4,593.82,230.93,Venda
SKU_1892_AQU,11/08/2025,Atacado,6,1739.4,608.76,188.44,Venda
SKU_1701_BLU,11/08/2025,Atacado,5,1699.5,509.85,237.93,Venda
SKU_1710_OLI,11/08/2025,Atacado,4,3239.6,971.88,566.93,Venda
SKU_1724_PIN,11/08/2025,Atacado,4,4459.6,1337.88,780.43,Venda
SKU_1743_CLO,11/08/2025,Atacado,8,3519.2,1407.68,263.94,Venda
SKU_1700_HUN,11/08/2025,Atacado,8,5599.2,1959.68,454.94,Venda
SKU_1762_DEN,11/08/2025,Varejo,1,254.9,50.22,204.68,Venda
SKU_1783_BAB,11/08/2025,Varejo,2,2399.8,685.2,857.3,Venda
SKU_1765_MYS,11/08/2025,Atacado,4,1039.6,311.88,181.93,Venda
SKU_1709_MAR,11/08/2025,Varejo,1,209.9,36.38,173.52,Venda
SKU_1728_EGR,11/08/2025,Varejo,1,329.9,91.13,238.77,Venda
SKU_1755_BIR,11/08/2025,E-commerce,1,334.9,86.8,248.1,Venda
SKU_1611_BRI,11/08/2025,Atacado,5,1099.5,329.85,153.93,Venda
SKU_1775_PAL,11/08/2025,E-commerce,1,279.9,58.74,221.16,Venda
SKU_1695_LIM,11/08/2025,Varejo,1,209.9,42.48,167.42,Venda
SKU_1731_MIN,11/08/2025,Varejo,1,909.9,265.17,644.73,Venda
SKU_1811_PIN,11/08/2025,Varejo,2,1379.8,96.58,641.61,Venda
SKU_1703_PAS,11/08/2025,Atacado,4,1079.6,323.88,188.93,Venda
SKU_1769_WHI,11/08/2025,Varejo,2,649.8,150.68,249.56,Venda
SKU_1742_DEN,11/08/2025,Varejo,2,519.8,118.04,200.88,Venda
SKU_1736_PAS,11/08/2025,Atacado,2,649.8,194.94,227.43,Venda
SKU_1589_CER,11/08/2025,Atacado,10,6799.0,2039.7,475.93,Venda
SKU_1421_SER,11/08/2025,Varejo,3,689.7,192.78,165.64,Venda
SKU_1453_SAP,11/08/2025,E-commerce,1,234.9,41.41,193.49,Venda
SKU_1728_EGR,11/08/2025,Atacado,8,2639.2,791.76,230.93,Venda
SKU_1758_HON,11/08/2025,Varejo,2,359.8,90.86,134.47,Venda
SKU_1785_PAS,11/08/2025,Atacado,4,979.6,293.88,171.43,Venda
SKU_1431_CRE,11/08/2025,E-commerce,1,369.9,90.45,279.45,Venda
SKU_1686_MOS,11/08/2025,Varejo,2,429.8,93.06,168.37,Venda
SKU_1769_WHI,11/08/2025,Varejo,4,1299.6,300.96,249.66,Venda
SKU_1722_PAS,11/08/2025,Varejo,2,649.8,172.04,238.88,Venda
SKU_1704_PEA,11/08/2025,Atacado,5,1674.5,502.35,234.43,Venda
SKU_1710_MEX,11/08/2025,Atacado,5,4049.5,1214.85,566.93,Venda
SKU_1691_HUN,11/08/2025,Varejo,2,619.8,135.0,242.4,Venda
SKU_1741_PIN,11/08/2025,Atacado,8,1919.2,671.68,155.94,Venda
SKU_1824_BLU,11/08/2025,Atacado,4,1439.6,431.88,251.93,Venda
SKU_1724_PEA,11/08/2025,Varejo,1,1114.9,252.86,862.04,Venda
SKU_1680_NAV,11/08/2025,Varejo,1,334.9,67.12,267.78,Venda
SKU_1768_MIN,11/08/2025,Atacado,8,4999.2,1499.76,437.43,Venda
SKU_1749_BIR,11/08/2025,Varejo,1,349.9,58.46,291.44,Venda
SKU_1691_ROS,11/08/2025,Varejo,1,309.9,92.84,217.06,Venda
SKU_1556_SAL,11/08/2025,Atacado,4,819.6,286.88,133.18,Venda
SKU_1789_EME,11/08/2025,Varejo,1,269.9,41.63,228.27,Venda
SKU_1674_PAS,11/08/2025,Atacado,5,1149.5,402.3,149.44,Venda
SKU_1442_OFF,11/08/2025,Varejo,1,289.9,55.74,234.16,Venda
SKU_1628_POW,11/08/2025,Atacado,8,4399.2,1539.68,357.44,Venda
SKU_1774_MOS,11/08/2025,Varejo,1,204.9,37.06,167.84,Venda
SKU_1739_MOS,11/08/2025,Varejo,2,509.8,141.42,184.19,Venda
SKU_1712_MOS,11/08/2025,Atacado,8,1439.2,503.68,116.94,Venda
SKU_1511_SKY,11/08/2025,Varejo,1,934.9,241.29,693.61,Venda
SKU_1759_COB,11/08/2025,Atacado,4,1079.6,431.84,161.94,Venda
SKU_1681_PIS,11/08/2025,E-commerce,2,469.8,94.66,187.57,Venda
SKU_1728_MID,11/08/2025,Varejo,1,329.9,96.41,233.49,Venda
SKU_1717_MIN,11/08/2025,Atacado,5,1299.5,519.8,155.94,Venda
SKU_1742_EME,11/08/2025,Varejo,1,259.9,66.71,193.19,Venda
SKU_1970_TUR,11/08/2025,Atacado,10,7699.0,2309.7,538.93,Venda
SKU_1802_DEN,11/08/2025,Atacado,2,1489.8,595.92,446.94,Venda
SKU_1791_IVO,11/08/2025,Varejo,1,264.9,40.95,223.95,Venda
SKU_1733_SAG,11/08/2025,Varejo,2,699.8,166.7,266.55,Venda
SKU_1766_MYS,11/08/2025,Atacado,5,1974.5,592.35,276.43,Venda
SKU_1699_COB,11/08/2025,Varejo,1,329.9,61.35,268.55,Venda
SKU_1661_CER,11/08/2025,Atacado,10,9899.0,3464.6,643.44,Venda
SKU_1714_DEE,11/08/2025,Varejo,1,304.9,71.34,233.56,Venda
SKU_1537_BLA,11/08/2025,Atacado,2,509.8,152.94,178.43,Venda
SKU_1712_NAV,11/08/2025,E-commerce,2,359.8,60.3,149.75,Venda
SKU_1751_MIN,11/08/2025,Atacado,3,989.7,296.91,230.93,Venda
SKU_2028_PIS,11/08/2025,Atacado,6,1469.4,514.32,159.18,Venda
SKU_1525_MYS,11/08/2025,Atacado,6,1739.4,521.82,202.93,Venda
SKU_1736_JAD,11/08/2025,Atacado,10,3249.0,1137.1,211.19,Venda
SKU_1778_TEA,11/08/2025,Varejo,1,284.9,52.15,232.75,Venda
SKU_1766_MYS,11/08/2025,Varejo,3,1184.7,218.19,322.17,Venda
SKU_1688_WHI,11/08/2025,E-commerce,1,429.9,115.79,314.11,Venda
SKU_1539_PEA,11/08/2025,Atacado,5,1749.5,612.3,227.44,Venda
SKU_1753_PAL,11/08/2025,Atacado,3,2369.7,829.38,513.44,Venda
SKU_2015_HUN,11/08/2025,Atacado,5,1574.5,551.05,204.69,Venda
SKU_1763_MAR,11/08/2025,Varejo,2,599.8,117.68,241.06,Venda
SKU_1801_MOS,11/08/2025,Varejo,1,374.9,104.77,270.13,Venda
SKU_1707_ARM,11/08/2025,Atacado,8,2239.2,783.68,181.94,Venda
SKU_1799_POW,11/08/2025,Atacado,4,1079.6,431.84,161.94,Venda
SKU_1767_PRI,11/08/2025,Varejo,1,204.9,42.53,162.37,Venda
SKU_1722_PAS,11/08/2025,Atacado,6,1949.4,682.26,211.19,Venda
SKU_1669_COR,11/08/2025,Varejo,2,399.8,78.26,160.77,Venda
SKU_1715_HON,11/08/2025,Varejo,1,219.9,44.29,175.61,Venda
SKU_1739_MOS,11/08/2025,Varejo,1,254.9,58.54,196.36,Venda
SKU_1761_MOS,11/08/2025,E-commerce,1,1104.9,171.51,933.39,Venda
SKU_1592_CER,11/08/2025,Atacado,3,629.7,188.91,146.93,Venda
SKU_1483_WHI,11/08/2025,Atacado,8,2599.2,779.76,227.43,Venda
SKU_1693_MEX,11/08/2025,Atacado,12,2458.8,860.64,133.18,Venda
SKU_1719_OFF,11/08/2025,Atacado,2,639.8,223.92,207.94,Venda
SKU_1755_AQU,11/08/2025,Atacado,4,1339.6,468.84,217.69,Venda
SKU_1482_SHO,11/08/2025,Varejo,1,444.9,73.29,371.61,Venda
SKU_1505_BLU,11/08/2025,Atacado,10,2349.0,822.2,152.68,Venda
SKU_1484_MOS,11/08/2025,Varejo,1,459.9,70.31,389.59,Venda
SKU_1456_DEN,11/08/2025,Varejo,3,944.7,182.88,253.94,Venda
SKU_1695_CRE,11/08/2025,Varejo,1,209.9,56.28,153.62,Venda
SKU_1767_FUC,11/08/2025,Varejo,3,614.7,100.98,171.24,Venda
SKU_1652_TEA,11/08/2025,Atacado,10,2199.0,769.6,142.94,Venda
SKU_1521_MOS,11/08/2025,Varejo,2,379.8,97.5,141.15,Venda
SKU_1670_SAP,11/08/2025,Varejo,1,144.9,38.34,106.56,Venda
SKU_1765_MYS,11/08/2025,Atacado,5,1299.5,454.8,168.94,Venda
SKU_1640_TEA,11/08/2025,Varejo,1,219.9,38.01,181.89,Venda
SKU_1717_CRE,11/08/2025,Atacado,2,519.8,181.92,168.94,Venda
SKU_1768_PEA,11/08/2025,Varejo,1,624.9,167.62,457.28,Venda
SKU_1793_WHI,11/08/2025,Atacado,8,1519.2,531.68,123.44,Venda
SKU_1660_NAV,11/08/2025,Atacado,8,2519.2,755.76,220.43,Venda
SKU_1676_PIN,11/08/2025,Varejo,2,339.8,95.42,122.19,Venda
SKU_1548_CLO,11/08/2025,Varejo,1,474.9,103.29,371.61,Venda
SKU_1515_AQU,11/08/2025,Atacado,3,584.7,233.88,116.94,Venda
SKU_1754_SER,11/08/2025,Atacado,2,679.8,203.94,237.93,Venda
SKU_1670_PEA,11/08/2025,Varejo,4,579.6,165.88,103.43,Venda
SKU_1741_PIN,11/08/2025,Varejo,1,239.9,64.79,175.11,Venda
SKU_1691_HUN,11/08/2025,E-commerce,1,309.9,86.55,223.35,Venda
SKU_1690_MYS,11/08/2025,Varejo,1,539.9,153.73,386.17,Venda
SKU_1776_BIR,11/08/2025,Varejo,1,329.9,62.18,267.72,Venda
SKU_1742_DEN,11/08/2025,Atacado,2,519.8,207.92,155.94,Venda
SKU_1598_DUS,11/08/2025,Atacado,12,5878.8,2057.52,318.44,Venda
SKU_1782_NAV,11/08/2025,E-commerce,1,249.9,74.63,175.27,Venda
SKU_1717_MIN,11/08/2025,Varejo,1,259.9,67.64,192.26,Venda
SKU_1714_MID,11/08/2025,Atacado,3,914.7,274.41,213.43,Venda
SKU_1662_PIS,11/08/2025,E-commerce,1,199.9,50.38,149.52,Venda
SKU_1723_MOS,11/08/2025,Atacado,6,2609.4,782.82,304.43,Venda
SKU_1635_TEA,11/08/2025,Varejo,1,604.9,158.44,446.46,Venda
SKU_1785_PAS,11/08/2025,Varejo,1,244.9,60.61,184.29,Venda
SKU_1468_BAB,11/08/2025,Atacado,8,4239.2,1695.68,317.94,Venda
SKU_1735_COR,11/08/2025,E-commerce,1,269.9,59.1,210.8,Venda
SKU_1801_MOS,11/08/2025,Varejo,4,1499.6,385.32,278.57,Venda
SKU_1750_SNO,11/08/2025,Varejo,2,739.8,126.68,306.56,Venda
SKU_1684_SHO,11/08/2025,E-commerce,1,184.9,42.47,142.43,Venda
SKU_1932_NAV,11/08/2025,Varejo,1,194.9,0.0,194.9,Venda
SKU_1687_FOR,11/08/2025,Atacado,3,2699.7,809.91,629.93,Venda
SKU_1792_MIN,11/08/2025,Atacado,6,2639.4,791.82,307.93,Venda
SKU_1779_MIN,11/08/2025,Varejo,1,214.9,48.27,166.63,Venda
SKU_1444_OLI,11/08/2025,Varejo,1,239.9,71.87,168.03,Venda
SKU_1777_FRE,11/08/2025,Atacado,5,1199.5,359.85,167.93,Venda
SKU_1569_PAS,11/08/2025,Atacado,2,439.8,175.92,131.94,Venda
SKU_1763_MAR,11/08/2025,Varejo,1,299.9,60.39,239.51,Venda
SKU_1419_FLA,11/08/2025,E-commerce,1,249.9,61.31,188.59,Venda
SKU_1773_OLI,11/08/2025,Atacado,10,3249.0,1299.6,194.94,Venda
SKU_1792_AQU,11/08/2025,Atacado,8,3519.2,1055.76,307.93,Venda
SKU_1601_AQU,11/08/2025,Atacado,8,5879.2,1763.76,514.43,Venda
SKU_1400_FOR,11/08/2025,Atacado,3,629.7,220.38,136.44,Venda
SKU_1776_BIR,11/08/2025,Varejo,1,329.9,82.32,247.58,Venda
SKU_1574_GAR,11/08/2025,Atacado,3,1814.7,544.41,423.43,Venda
SKU_1915_DUS,11/08/2025,Varejo,1,1164.9,0.0,1164.9,Venda
SKU_1685_COB,11/08/2025,Varejo,1,664.9,196.89,468.01,Venda
SKU_1630_LIM,11/08/2025,Atacado,6,2009.4,803.76,200.94,Venda
SKU_1772_BLU,11/08/2025,Varejo,1,414.9,66.38,348.52,Venda
SKU_1514_SPA,11/08/2025,Varejo,1,829.9,187.97,641.93,Venda
SKU_1700_HUN,11/08/2025,Varejo,1,699.9,119.56,580.34,Venda
SKU_1720_PAL,11/08/2025,Varejo,2,449.8,107.36,171.22,Venda
SKU_1593_LIG,11/08/2025,Atacado,2,289.8,115.92,86.94,Venda
SKU_1736_PAS,11/08/2025,Varejo,1,324.9,66.46,258.44,Venda
SKU_1623_SER,11/08/2025,Atacado,5,4574.5,1601.05,594.69,Venda
SKU_1687_WHI,11/08/2025,Varejo,1,899.9,266.2,633.7,Venda
SKU_1687_FOR,11/08/2025,Varejo,3,2699.7,559.35,713.45,Venda
SKU_1784_BLA,11/08/2025,Varejo,1,309.9,91.53,218.37,Venda
SKU_1684_SHO,11/08/2025,Atacado,3,554.7,166.41,129.43,Venda
SKU_1449_NAV,11/08/2025,E-commerce,1,324.9,50.77,274.13,Venda
SKU_1765_PAS,11/08/2025,Atacado,8,2079.2,623.76,181.93,Venda
SKU_1773_OLI,11/08/2025,Atacado,5,1624.5,568.55,211.19,Venda
SKU_1528_DEN,11/08/2025,Atacado,2,429.8,150.44,139.68,Venda
SKU_1676_PIN,11/08/2025,Varejo,1,169.9,46.12,123.78,Venda
SKU_1604_CLE,11/08/2025,E-commerce,2,1209.8,328.08,440.86,Venda
SKU_1831_HOT,11/08/2025,Varejo,2,669.8,0.0,334.9,Venda
SKU_1535_MOS,11/08/2025,Varejo,2,609.8,125.78,242.01,Venda
SKU_1735_MOS,11/08/2025,Atacado,5,1349.5,472.3,175.44,Venda
SKU_1693_FLA,11/08/2025,Varejo,1,204.9,32.77,172.13,Venda
SKU_1702_COR,11/08/2025,Atacado,4,2479.6,991.84,371.94,Venda
SKU_1798_MOS,11/08/2025,Varejo,1,419.9,118.27,301.63,Venda
SKU_1746_EME,11/08/2025,Atacado,4,719.6,251.84,116.94,Venda
SKU_1731_MIN,11/08/2025,Atacado,10,9099.0,3184.6,591.44,Venda
SKU_1669_TEA,11/08/2025,Atacado,4,799.6,319.84,119.94,Venda
SKU_1764_MAR,11/08/2025,E-commerce,1,234.9,63.12,171.78,Venda
SKU_1959_TUR,11/08/2025,Varejo,1,739.9,0.0,739.9,Venda
SKU_1698_SNO,11/08/2025,E-commerce,1,419.9,81.86,338.04,Venda
SKU_1729_FUC,11/08/2025,Atacado,6,1049.4,314.82,122.43,Venda
SKU_1688_WHI,11/08/2025,Atacado,8,3439.2,1203.68,279.44,Venda
SKU_1746_EME,11/08/2025,Varejo,1,179.9,51.05,128.85,Venda
SKU_1566_POW,11/08/2025,Atacado,2,2069.8,620.94,724.43,Venda
SKU_1792_AQU,11/08/2025,Varejo,1,439.9,100.13,339.77,Venda
SKU_1749_SNO,11/08/2025,E-commerce,1,349.9,92.97,256.93,Venda
SKU_1463_LIG,11/08/2025,Atacado,5,1299.5,454.8,168.94,Venda
SKU_1492_BIR,11/08/2025,Atacado,6,2249.4,787.26,243.69,Venda
SKU_1755_BIR,11/08/2025,Atacado,6,2009.4,703.26,217.69,Venda
SKU_1753_PAL,11/08/2025,Varejo,1,789.9,123.9,666.0,Venda
SKU_1729_CLE,11/08/2025,Atacado,5,874.5,349.8,104.94,Venda
SKU_1714_DEE,11/08/2025,Atacado,4,1219.6,426.84,198.19,Venda
SKU_1734_FRE,11/08/2025,Varejo,1,349.9,102.19,247.71,Venda
SKU_1811_BLU,11/08/2025,Atacado,5,3449.5,1034.85,482.93,Venda
SKU_1453_PRI,11/08/2025,Atacado,5,1174.5,352.35,164.43,Venda
SKU_1479_FUC,11/08/2025,Varejo,1,554.9,111.08,443.82,Venda
SKU_1784_EGR,11/08/2025,Atacado,6,1859.4,557.82,216.93,Venda
SKU_1636_SHO,11/08/2025,Varejo,1,439.9,119.16,320.74,Venda
SKU_1792_AQU,11/08/2025,Atacado,10,4399.0,1319.7,307.93,Venda
SKU_1760_PAS,11/08/2025,Varejo,1,249.9,55.96,193.94,Venda
SKU_1790_EGR,11/08/2025,Atacado,4,1039.6,363.84,168.94,Venda
SKU_1690_MYS,11/08/2025,E-commerce,1,539.9,106.85,433.05,Venda
SKU_1760_OFF,11/08/2025,Atacado,5,1249.5,437.3,162.44,Venda
SKU_1751_BLU,11/08/2025,Atacado,4,1319.6,527.84,197.94,Venda
SKU_1933_SNO,11/08/2025,Varejo,1,224.9,0.0,224.9,Venda
SKU_1729_CLE,11/08/2025,E-commerce,2,349.8,104.64,122.58,Venda
SKU_1791_IVO,11/08/2025,Atacado,2,529.8,185.42,172.19,Venda
SKU_1727_WHI,11/08/2025,Atacado,4,619.6,247.84,92.94,Venda
SKU_1418_MOS,11/08/2025,Varejo,1,844.9,243.93,600.97,Venda
SKU_1463_DUS,11/08/2025,Atacado,8,2079.2,623.76,181.93,Venda
SKU_1405_FLA,11/08/2025,Varejo,1,214.9,62.66,152.24,Venda
SKU_1796_OLI,11/08/2025,Varejo,1,504.9,136.29,368.61,Venda
SKU_1694_PIS,11/08/2025,Varejo,1,279.9,49.54,230.36,Venda
SKU_1845_BAL,11/08/2025,E-commerce,1,819.9,0.0,819.9,Venda
SKU_1797_GAR,11/08/2025,Atacado,2,759.8,265.92,246.94,Venda
SKU_1411_BLU,11/08/2025,Varejo,1,224.9,52.51,172.39,Venda
SKU_1736_PAS,11/08/2025,Atacado,8,2599.2,1039.68,194.94,Venda
SKU_1763_MAR,11/08/2025,Atacado,10,2999.0,899.7,209.93,Venda
SKU_1720_PAS,11/08/2025,Atacado,3,674.7,236.16,146.18,Venda
SKU_1800_SKY,11/08/2025,Atacado,4,1119.6,391.84,181.94,Venda
SKU_1788_MYS,11/08/2025,Atacado,4,999.6,299.88,174.93,Venda
SKU_1782_NAV,11/08/2025,Atacado,6,1499.4,449.82,174.93,Venda
SKU_1628_POW,11/08/2025,Varejo,1,549.9,161.44,388.46,Venda
SKU_1728_MID,11/08/2025,Varejo,1,329.9,65.05,264.85,Venda
SKU_1738_ROY,11/08/2025,Atacado,3,584.7,204.66,126.68,Venda
SKU_1947_CLE,11/08/2025,Varejo,1,439.9,30.79,409.11,Venda
SKU_1699_COB,11/08/2025,Atacado,10,3299.0,1154.6,214.44,Venda
SKU_1717_MIN,11/08/2025,Varejo,1,259.9,67.8,192.1,Venda
SKU_1685_BIR,11/08/2025,Varejo,2,1329.8,231.84,548.98,Venda
SKU_1759_CLE,11/08/2025,Varejo,1,269.9,45.39,224.51,Venda
SKU_1766_CLE,11/08/2025,Varejo,1,394.9,77.58,317.32,Venda
SKU_2026_HON,11/08/2025,Atacado,10,10299.0,4119.6,617.94,Venda
SKU_1391_LIG,11/08/2025,Varejo,2,569.8,113.26,228.27,Venda
SKU_1794_LIG,11/08/2025,Atacado,3,629.7,188.91,146.93,Venda
SKU_1711_ARM,11/08/2025,Varejo,3,2984.7,818.1,722.2,Venda
SKU_1651_PAS,11/08/2025,Varejo,1,264.9,79.04,185.86,Venda
SKU_1846_SEA,11/08/2025,Varejo,4,1399.6,0.0,349.9,Venda
SKU_1521_MOS,11/08/2025,Varejo,2,379.8,100.54,139.63,Venda
SKU_1732_WHI,11/08/2025,Atacado,6,6689.4,2341.32,724.68,Venda
SKU_1695_LIM,11/08/2025,Atacado,8,1679.2,587.68,136.44,Venda
SKU_1792_AQU,11/08/2025,Varejo,1,439.9,105.06,334.84,Venda
SKU_1790_ROY,11/08/2025,Atacado,4,1039.6,415.84,155.94,Venda
SKU_1751_BLU,11/08/2025,Atacado,6,1979.4,791.76,197.94,Venda
SKU_1637_WHI,11/08/2025,Varejo,1,919.9,195.81,724.09,Venda
SKU_1715_JAD,11/08/2025,Atacado,6,1319.4,395.82,153.93,Venda
SKU_1696_SER,11/08/2025,Varejo,1,279.9,77.89,202.01,Venda
SKU_1746_NAV,11/08/2025,Atacado,6,1079.4,377.76,116.94,Venda
SKU_1683_SHO,11/08/2025,E-commerce,1,314.9,68.5,246.4,Venda
SKU_1743_CLO,11/08/2025,Varejo,2,879.8,260.62,309.59,Venda
SKU_1755_AQU,11/08/2025,Atacado,4,1339.6,535.84,200.94,Venda
SKU_2110_SPA,11/08/2025,Varejo,1,219.9,0.0,219.9,Venda
SKU_1696_SER,11/08/2025,Atacado,4,1119.6,335.88,195.93,Venda
SKU_1763_MAR,11/08/2025,E-commerce,1,299.9,55.93,243.97,Venda
SKU_1636_SHO,11/08/2025,Varejo,1,439.9,111.1,328.8,Venda
SKU_1702_LIG,11/08/2025,Atacado,6,3719.4,1115.82,433.93,Venda
SKU_1730_OFF,11/08/2025,Atacado,2,639.8,255.92,191.94,Venda
SKU_1545_HOT,11/08/2025,Varejo,1,259.9,40.34,219.56,Venda
SKU_1484_EGR,11/08/2025,E-commerce,1,459.9,116.27,343.63,Venda
SKU_1719_WHI,11/08/2025,Varejo,1,319.9,51.47,268.43,Venda
SKU_1716_SAL,11/08/2025,Atacado,3,494.7,197.88,98.94,Venda
SKU_1628_POW,11/08/2025,Varejo,2,1099.8,226.72,436.54,Venda
SKU_1725_BAB,11/08/2025,Atacado,5,1224.5,428.6,159.18,Venda
SKU_1758_HON,11/08/2025,Varejo,2,359.8,54.58,152.61,Venda
SKU_1719_OFF,11/08/2025,Atacado,2,639.8,255.92,191.94,Venda
SKU_1768_PEA,11/08/2025,Atacado,8,4999.2,1749.68,406.19,Venda
SKU_1776_BIR,11/08/2025,Varejo,2,659.8,107.88,275.96,Venda
SKU_1712_MOS,11/08/2025,Varejo,1,179.9,31.22,148.68,Venda
SKU_1930_SHO,11/08/2025,Atacado,10,6599.0,2309.6,428.94,Venda
SKU_1522_BIR,11/08/2025,Atacado,12,1798.8,719.52,89.94,Venda
SKU_1690_MYS,11/08/2025,Varejo,1,539.9,131.59,408.31,Venda
SKU_1747_FUC,11/08/2025,Atacado,6,1049.4,367.32,113.68,Venda
SKU_1751_MIN,11/08/2025,Atacado,8,2639.2,1055.68,197.94,Venda
SKU_1801_FLA,11/08/2025,Atacado,8,2999.2,899.76,262.43,Venda
SKU_1703_PAS,11/08/2025,Varejo,1,269.9,49.49,220.41,Venda
SKU_1716_SAL,11/08/2025,Atacado,8,1319.2,395.76,115.43,Venda
SKU_1771_PIN,11/08/2025,Atacado,2,529.8,158.94,185.43,Venda
SKU_1706_BLA,11/08/2025,E-commerce,1,184.9,29.28,155.62,Venda
SKU_1938_CRE,11/08/2025,Atacado,6,5399.4,1619.82,629.93,Venda
SKU_1774_MOS,11/08/2025,Atacado,3,614.7,184.41,143.43,Venda
SKU_1764_FUC,11/08/2025,Atacado,6,1409.4,493.32,152.68,Venda
SKU_1504_EME,11/08/2025,E-commerce,1,339.9,93.46,246.44,Venda
SKU_1760_OFF,11/08/2025,E-commerce,1,249.9,62.13,187.77,Venda
SKU_1395_TUR,11/08/2025,E-commerce,1,289.9,46.16,243.74,Venda
SKU_1391_LIG,11/08/2025,Atacado,4,1139.6,341.88,199.43,Venda
SKU_1636_SHO,11/08/2025,Varejo,1,439.9,113.98,325.92,Venda
SKU_1814_PAS,11/08/2025,Varejo,1,379.9,0.0,379.9,Venda
SKU_1729_CLE,11/08/2025,Varejo,3,524.7,131.01,131.23,Venda
SKU_1702_LIG,11/08/2025,Atacado,6,3719.4,1487.76,371.94,Venda
SKU_1772_BLU,11/08/2025,Varejo,1,414.9,111.74,303.16,Venda
SKU_1753_PAL,11/08/2025,Atacado,12,9478.8,3317.52,513.44,Venda
SKU_1831_HOT,11/08/2025,Atacado,6,2009.4,602.82,234.43,Venda
SKU_1441_COB,11/08/2025,Atacado,6,6929.4,2078.82,808.43,Venda
SKU_1688_WHI,11/08/2025,Atacado,3,1289.7,451.38,279.44,Venda
SKU_1760_PAS,11/08/2025,Atacado,4,999.6,349.84,162.44,Venda
SKU_1706_BLA,11/08/2025,Varejo,1,184.9,40.32,144.58,Venda
SKU_1712_MOS,11/08/2025,E-commerce,1,179.9,32.98,146.92,Venda
SKU_1767_FUC,11/08/2025,Varejo,1,204.9,53.06,151.84,Venda
SKU_1729_CLE,11/08/2025,Varejo,1,174.9,30.39,144.51,Venda
SKU_1963_IVO,11/08/2025,Varejo,1,694.9,0.0,694.9,Venda
SKU_1912_PAS,11/08/2025,Varejo,1,384.9,0.0,384.9,Venda
SKU_1691_ROS,11/08/2025,Varejo,1,309.9,66.35,243.55,Venda
SKU_1739_AQU,11/08/2025,Varejo,1,254.9,47.37,207.53,Venda
SKU_1757_TUR,11/08/2025,Atacado,6,1589.4,476.82,185.43,Venda
SKU_1725_BAB,11/08/2025,Atacado,8,1959.2,685.76,159.18,Venda
SKU_1470_MAR,11/08/2025,Atacado,8,7359.2,2207.76,643.93,Venda
SKU_1900_HON,11/08/2025,Atacado,4,1699.6,509.88,297.43,Venda
SKU_1502_VAN,11/08/2025,Atacado,10,2099.0,629.7,146.93,Venda
SKU_1490_VAN,11/08/2025,Atacado,12,3778.8,1322.52,204.69,Venda
SKU_1853_ROS,11/08/2025,Varejo,1,899.9,0.0,899.9,Venda
SKU_2023_MID,11/08/2025,Atacado,3,479.7,191.88,95.94,Venda
SKU_1749_SNO,11/08/2025,Varejo,1,349.9,95.4,254.5,Venda
SKU_1749_SNO,11/08/2025,Atacado,2,699.8,279.92,209.94,Venda
SKU_1418_MOS,11/08/2025,Atacado,2,1689.8,591.42,549.19,Venda
SKU_1806_ROS,11/08/2025,Atacado,12,2338.8,818.64,126.68,Venda
SKU_1936_HON,11/08/2025,E-commerce,1,129.9,0.0,129.9,Venda
SKU_1822_ARM,11/08/2025,Atacado,5,1549.5,619.8,185.94,Venda
SKU_1691_HUN,11/08/2025,Atacado,3,929.7,278.91,216.93,Venda
SKU_1592_SAG,11/08/2025,Varejo,2,419.8,122.98,148.41,Venda
SKU_1912_PAS,11/08/2025,Atacado,5,1924.5,673.55,250.19,Venda
SKU_1675_CRE,11/08/2025,Atacado,6,4589.4,1835.76,458.94,Venda
SKU_1744_EME,11/08/2025,Varejo,1,264.9,69.19,195.71,Venda
SKU_1774_MOS,11/08/2025,Atacado,3,614.7,215.16,133.18,Venda
SKU_1560_CRE,11/08/2025,Atacado,8,1799.2,719.68,134.94,Venda
SKU_1742_DEN,11/08/2025,E-commerce,2,519.8,129.64,195.08,Venda
SKU_1725_OFF,11/08/2025,Varejo,2,489.8,108.96,190.42,Venda
SKU_1697_PIS,11/08/2025,Atacado,8,1759.2,527.76,153.93,Venda
SKU_1672_TEA,11/08/2025,Varejo,3,884.7,226.29,219.47,Venda
SKU_1769_EME,11/08/2025,Atacado,6,1949.4,584.82,227.43,Venda
SKU_1752_SPA,11/08/2025,Atacado,5,2149.5,644.85,300.93,Venda
SKU_1685_COB,11/08/2025,Atacado,6,3989.4,1396.26,432.19,Venda
SKU_1478_TEA,11/08/2025,Varejo,1,194.9,49.11,145.79,Venda
SKU_1729_FUC,11/08/2025,Varejo,2,349.8,90.18,129.81,Venda
SKU_1714_MID,11/08/2025,Atacado,5,1524.5,457.35,213.43,Venda
SKU_1797_GAR,11/08/2025,E-commerce,1,379.9,102.86,277.04,Venda
SKU_1460_OLI,11/08/2025,E-commerce,1,174.9,46.4,128.5,Venda
SKU_1705_JAD,11/08/2025,Atacado,4,1639.6,655.84,245.94,Venda
SKU_1736_PAS,11/08/2025,Atacado,8,2599.2,779.76,227.43,Venda
SKU_1682_BIR,11/08/2025,Atacado,8,1879.2,657.76,152.68,Venda
SKU_1727_WHI,11/08/2025,E-commerce,1,154.9,31.19,123.71,Venda
SKU_1668_DEN,11/08/2025,Atacado,2,539.8,188.92,175.44,Venda
SKU_1613_BIR,11/08/2025,Varejo,4,759.6,215.12,136.12,Venda
SKU_1666_FUC,11/08/2025,Atacado,3,2399.7,719.91,559.93,Venda
SKU_1610_PRI,11/08/2025,Atacado,3,554.7,221.88,110.94,Venda
SKU_1473_BAB,11/08/2025,Atacado,4,719.6,215.88,125.93,Venda
SKU_1799_DEN,11/08/2025,Varejo,1,269.9,55.32,214.58,Venda
SKU_1697_PIS,11/08/2025,Atacado,2,439.8,131.94,153.93,Venda
SKU_1783_BAB,11/08/2025,Atacado,5,5999.5,2699.8,659.94,Venda
SKU_1440_BLU,11/08/2025,Atacado,4,4799.6,1439.88,839.93,Venda
SKU_1752_SNO,11/08/2025,Varejo,2,859.8,173.36,343.22,Venda
SKU_1696_SER,11/08/2025,Atacado,6,1679.4,671.76,167.94,Venda
SKU_1702_LIG,11/08/2025,Varejo,3,1859.7,355.29,501.47,Venda
SKU_1686_MOS,11/08/2025,E-commerce,1,214.9,41.46,173.44,Venda
SKU_1643_PAS,11/08/2025,Varejo,1,224.9,42.31,182.59,Venda
SKU_1713_SAL,11/08/2025,Atacado,5,2524.5,883.55,328.19,Venda
SKU_1584_FLA,11/08/2025,Varejo,2,369.8,103.14,133.33,Venda
SKU_1703_PAS,11/08/2025,Atacado,8,2159.2,647.76,188.93,Venda
SKU_1726_PAS,11/08/2025,Varejo,1,429.9,118.19,311.71,Venda
SKU_1669_COR,11/08/2025,Varejo,1,199.9,59.12,140.78,Venda
SKU_1632_SPA,11/08/2025,Varejo,1,184.9,42.86,142.04,Venda
SKU_1597_FLA,11/08/2025,E-commerce,1,529.9,93.85,436.05,Venda
SKU_1766_CLE,11/08/2025,E-commerce,1,394.9,76.93,317.97,Venda
SKU_1482_MOS,11/08/2025,Varejo,1,444.9,67.79,377.11,Venda
SKU_1676_PIN,11/08/2025,Varejo,2,339.8,73.24,133.28,Venda
SKU_1729_CLE,11/08/2025,Varejo,1,174.9,29.46,145.44,Venda
SKU_1791_IVO,11/08/2025,Varejo,2,529.8,158.9,185.45,Venda
SKU_1725_BAB,11/08/2025,Varejo,1,244.9,47.79,197.11,Venda
SKU_1723_COB,11/08/2025,Atacado,8,3479.2,1043.76,304.43,Venda
SKU_1784_BLA,11/08/2025,Atacado,8,2479.2,867.68,201.44,Venda
SKU_1664_PIN,11/08/2025,E-commerce,1,329.9,92.21,237.69,Venda
SKU_1748_COB,11/08/2025,Atacado,2,619.8,216.92,201.44,Venda
SKU_1796_SHO,11/08/2025,E-commerce,1,504.9,135.21,369.69,Venda
SKU_1780_AQU,11/08/2025,Varejo,1,334.9,71.49,263.41,Venda
SKU_1685_BIR,11/08/2025,Varejo,1,664.9,125.36,539.54,Venda
SKU_1682_BIR,11/08/2025,Varejo,2,469.8,140.42,164.69,Venda
SKU_1726_BUB,11/08/2025,Atacado,5,2149.5,644.85,300.93,Venda
SKU_1719_OFF,11/08/2025,Atacado,3,959.7,287.91,223.93,Venda
SKU_1747_TEA,11/08/2025,Atacado,2,349.8,104.94,122.43,Venda
SKU_1599_CER,11/08/2025,Varejo,2,939.8,223.18,358.31,Venda
SKU_1801_MOS,11/08/2025,Varejo,2,749.8,181.5,284.15,Venda
SKU_1737_DEE,11/08/2025,Atacado,3,2309.7,692.91,538.93,Venda
SKU_1795_RAS,11/08/2025,E-commerce,1,299.9,66.76,233.14,Venda
SKU_1640_TEA,11/08/2025,Varejo,2,439.8,100.32,169.74,Venda
SKU_1575_AQU,11/08/2025,E-commerce,1,864.9,157.29,707.61,Venda
SKU_1800_SKY,11/08/2025,Atacado,6,1679.4,503.82,195.93,Venda
SKU_1784_EGR,11/08/2025,Varejo,1,309.9,92.73,217.17,Venda
SKU_1716_SAL,11/08/2025,Atacado,2,329.8,115.44,107.18,Venda
SKU_1602_AQU,11/08/2025,Atacado,6,1379.4,413.82,160.93,Venda
SKU_1696_SER,11/08/2025,E-commerce,2,559.8,161.12,199.34,Venda
SKU_1770_JAD,11/08/2025,Atacado,2,439.8,131.94,153.93,Venda
SKU_1510_SNO,11/08/2025,Varejo,1,834.9,159.49,675.41,Venda
SKU_1689_IVO,11/08/2025,Varejo,2,1929.8,497.54,716.13,Venda
SKU_1398_AQU,11/08/2025,Atacado,10,6749.0,2362.1,438.69,Venda
SKU_1735_COR,11/08/2025,Atacado,4,1079.6,323.88,188.93,Venda
SKU_1740_FRE,11/08/2025,Varejo,2,429.8,93.14,168.33,Venda
SKU_1740_FRE,11/08/2025,Atacado,12,2578.8,1160.4,118.2,Venda
SKU_1761_SAP,11/08/2025,Atacado,8,8839.2,2651.76,773.43,Venda
SKU_1660_MAG,11/08/2025,E-commerce,2,629.8,127.16,251.32,Venda
SKU_1755_BIR,11/08/2025,E-commerce,1,334.9,81.02,253.88,Venda
SKU_1748_COB,11/08/2025,Varejo,1,309.9,61.34,248.56,Venda
SKU_1497_VAN,11/08/2025,Varejo,1,134.9,38.7,96.2,Venda
SKU_1775_PAL,11/08/2025,E-commerce,2,559.8,162.52,198.64,Venda
SKU_1688_WHI,11/08/2025,Varejo,1,429.9,101.19,328.71,Venda
SKU_1726_BUB,11/08/2025,Atacado,6,2579.4,902.76,279.44,Venda
SKU_1464_MOS,11/08/2025,Atacado,2,459.8,160.92,149.44,Venda
SKU_1720_PAL,11/08/2025,Atacado,4,899.6,359.84,134.94,Venda
SKU_1758_CLO,11/08/2025,Varejo,1,179.9,40.55,139.35,Venda
SKU_2044_PAS,11/08/2025,Varejo,1,249.9,0.0,249.9,Venda
SKU_1582_WHI,11/08/2025,Atacado,4,919.6,367.84,137.94,Venda
SKU_1422_PIN,11/08/2025,Atacado,8,2519.2,755.76,220.43,Venda
SKU_1760_OFF,11/08/2025,Atacado,10,2499.0,749.7,174.93,Venda
SKU_1644_BAB,11/08/2025,Atacado,4,1279.6,383.88,223.93,Venda
SKU_1718_DUS,11/08/2025,Atacado,2,739.8,221.94,258.93,Venda
SKU_1741_PIN,11/08/2025,Varejo,1,239.9,48.19,191.71,Venda
SKU_1795_HUN,11/08/2025,Atacado,4,1199.6,419.84,194.94,Venda
SKU_1751_BLU,11/08/2025,Atacado,6,1979.4,890.7,181.45,Venda
SKU_1714_DEE,11/08/2025,Atacado,2,609.8,213.42,198.19,Venda
SKU_2092_FUC,11/08/2025,Varejo,2,549.8,0.0,274.9,Venda
SKU_1762_DEN,11/08/2025,Atacado,5,1274.5,382.35,178.43,Venda
SKU_1866_DUS,11/08/2025,Varejo,2,649.8,0.0,324.9,Venda
SKU_1623_SER,11/08/2025,Varejo,2,1829.8,357.64,736.08,Venda
SKU_1758_CLO,11/08/2025,Atacado,3,539.7,161.91,125.93,Venda
SKU_1711_ARM,11/08/2025,Varejo,1,994.9,289.51,705.39,Venda
SKU_1521_FRE,11/08/2025,Atacado,3,569.7,227.88,113.94,Venda
SKU_1724_PEA,11/08/2025,E-commerce,1,1114.9,282.79,832.11,Venda
SKU_1710_MEX,11/08/2025,Atacado,4,3239.6,1133.84,526.44,Venda
SKU_1796_SHO,11/08/2025,Atacado,3,1514.7,530.13,328.19,Venda
SKU_1761_MOS,11/08/2025,Atacado,6,6629.4,1988.82,773.43,Venda
SKU_1856_PAS,11/08/2025,Varejo,1,324.9,0.0,324.9,Venda
SKU_1695_LIM,11/08/2025,Atacado,5,1049.5,367.3,136.44,Venda
SKU_1801_FLA,11/08/2025,Atacado,10,3749.0,1312.1,243.69,Venda
SKU_1743_CLO,11/08/2025,E-commerce,1,439.9,117.94,321.96,Venda
SKU_1748_COB,11/08/2025,Atacado,2,619.8,185.94,216.93,Venda
SKU_1545_HOT,11/08/2025,Varejo,1,259.9,70.03,189.87,Venda
SKU_1765_MYS,11/08/2025,Varejo,1,259.9,70.72,189.18,Venda
SKU_1764_MAR,11/08/2025,Atacado,3,704.7,211.41,164.43,Venda
SKU_1503_VAN,11/08/2025,E-commerce,1,229.9,45.47,184.43,Venda
SKU_1738_BLU,11/08/2025,Varejo,1,194.9,57.81,137.09,Venda
SKU_1647_BLA,11/08/2025,Atacado,8,2719.2,1087.68,203.94,Venda
SKU_1760_PAS,11/08/2025,Atacado,6,1499.4,524.76,162.44,Venda
SKU_1506_PAL,11/08/2025,Atacado,4,919.6,321.84,149.44,Venda
SKU_1715_JAD,11/08/2025,Atacado,4,879.6,307.84,142.94,Venda
SKU_1788_MYS,11/08/2025,Varejo,1,249.9,54.75,195.15,Venda
SKU_1428_SKY,11/08/2025,E-commerce,1,489.9,80.83,409.07,Venda
SKU_1705_JAD,11/08/2025,E-commerce,3,1229.7,206.34,341.12,Venda
SKU_2098_SPA,11/08/2025,Varejo,1,294.9,0.0,294.9,Venda
SKU_1758_CLO,11/08/2025,Atacado,2,359.8,107.94,125.93,Venda
SKU_1752_SPA,11/08/2025,Varejo,1,429.9,72.76,357.14,Venda
SKU_1741_PIN,11/08/2025,Atacado,10,2399.0,719.7,167.93,Venda
SKU_1735_COR,11/08/2025,Atacado,6,1619.4,566.76,175.44,Venda
SKU_1799_DEN,11/08/2025,Varejo,2,539.8,81.38,229.21,Venda
SKU_1883_BLU,11/08/2025,E-commerce,1,224.9,0.0,224.9,Venda
SKU_1579_SAG,11/08/2025,E-commerce,1,229.9,39.72,190.18,Venda
SKU_1722_PAS,11/08/2025,Varejo,1,324.9,69.53,255.37,Venda
SKU_1798_OFF,11/08/2025,Varejo,2,839.8,170.64,334.58,Venda
SKU_1764_FUC,11/08/2025,Varejo,1,234.9,58.47,176.43,Venda
SKU_1776_PAS,11/08/2025,Atacado,6,1979.4,692.76,214.44,Venda
SKU_1795_HUN,11/08/2025,Varejo,1,299.9,48.21,251.69,Venda
SKU_1632_SPA,11/08/2025,E-commerce,1,184.9,47.9,137.0,Venda
SKU_1751_BLU,11/08/2025,Atacado,3,989.7,296.91,230.93,Venda
SKU_1709_MAR,11/08/2025,Varejo,1,209.9,40.66,169.24,Venda
SKU_1741_PIN,11/08/2025,Varejo,1,239.9,55.67,184.23,Venda
SKU_1454_BUB,11/08/2025,Atacado,5,749.5,224.85,104.93,Venda
SKU_1727_LIG,11/08/2025,Varejo,1,154.9,42.08,112.82,Venda
SKU_1704_PEA,11/08/2025,Varejo,1,334.9,94.28,240.62,Venda
SKU_1799_POW,11/08/2025,Atacado,6,1619.4,485.82,188.93,Venda
SKU_1740_FRE,11/08/2025,Atacado,6,1289.4,451.32,139.68,Venda
SKU_1768_MIN,11/08/2025,Atacado,10,6249.0,2187.1,406.19,Venda
SKU_1721_FRE,11/08/2025,E-commerce,1,419.9,105.89,314.01,Venda
SKU_1743_CLO,11/08/2025,Atacado,5,2199.5,659.85,307.93,Venda
SKU_1475_VAN,11/08/2025,Atacado,5,1249.5,499.8,149.94,Venda
SKU_1667_MID,11/08/2025,Atacado,2,419.8,125.94,146.93,Venda
SKU_1438_DEE,11/08/2025,Atacado,6,1229.4,430.32,133.18,Venda
SKU_1796_OLI,11/08/2025,Atacado,4,2019.6,605.88,353.43,Venda
SKU_1516_CRE,11/08/2025,E-commerce,2,699.8,187.48,256.16,Venda
SKU_1512_MYS,11/08/2025,Varejo,1,224.9,59.51,165.39,Venda
SKU_1694_SER,11/08/2025,Varejo,2,559.8,104.86,227.47,Venda
SKU_1739_AQU,11/08/2025,E-commerce,1,254.9,59.54,195.36,Venda
SKU_1752_SPA,11/08/2025,Varejo,1,429.9,78.56,351.34,Venda
SKU_1689_MAG,11/08/2025,Atacado,2,1929.8,675.44,627.18,Venda
SKU_1546_PAS,11/08/2025,Varejo,2,349.8,63.46,143.17,Venda
SKU_1755_AQU,11/08/2025,Varejo,1,334.9,87.15,247.75,Venda
SKU_1700_HUN,11/08/2025,Varejo,2,1399.8,367.16,516.32,Venda
SKU_1406_PRI,11/08/2025,Atacado,5,1749.5,524.85,244.93,Venda
SKU_1598_NAV,11/08/2025,Atacado,5,2449.5,979.8,293.94,Venda
SKU_1753_WHI,11/08/2025,Atacado,5,3949.5,1184.85,552.93,Venda
SKU_1760_OFF,11/08/2025,Atacado,12,2998.8,899.64,174.93,Venda
SKU_1737_SAG,11/08/2025,Varejo,1,769.9,145.83,624.07,Venda
SKU_1558_CLE,11/08/2025,Atacado,5,1649.5,494.85,230.93,Venda
SKU_1801_MOS,11/08/2025,Atacado,2,749.8,262.42,243.69,Venda
SKU_1793_WHI,11/08/2025,Atacado,6,1139.4,341.82,132.93,Venda
SKU_1719_WHI,11/08/2025,Varejo,1,319.9,60.09,259.81,Venda
SKU_1687_FOR,11/08/2025,E-commerce,1,899.9,205.44,694.46,Venda
SKU_1424_BAB,11/08/2025,Atacado,3,2984.7,1193.88,596.94,Venda
SKU_1793_MIN,11/08/2025,Varejo,1,189.9,42.26,147.64,Venda
SKU_1541_POW,11/08/2025,E-commerce,1,674.9,112.51,562.39,Venda
SKU_1797_BLU,11/08/2025,Varejo,2,759.8,221.62,269.09,Venda
SKU_1773_OLI,11/08/2025,E-commerce,2,649.8,109.96,269.92,Venda
SKU_1689_IVO,11/08/2025,Atacado,3,2894.7,868.41,675.43,Venda
SKU_1694_PIS,11/08/2025,Varejo,1,279.9,68.43,211.47,Venda
SKU_1552_SAP,11/08/2025,Atacado,12,7918.8,2771.52,428.94,Venda
SKU_1686_MOS,11/08/2025,Varejo,2,429.8,123.62,153.09,Venda
SKU_1682_OLI,11/08/2025,Atacado,8,1879.2,751.68,140.94,Venda
SKU_1781_CLE,11/08/2025,Varejo,1,129.9,32.08,97.82,Venda
SKU_1759_CLE,11/08/2025,Atacado,2,539.8,188.92,175.44,Venda
SKU_1617_MIN,11/08/2025,E-commerce,1,164.9,29.91,134.99,Venda
SKU_1683_PAL,11/08/2025,Atacado,2,629.8,188.94,220.43,Venda
SKU_1642_SAL,11/08/2025,Atacado,8,1799.2,629.76,146.18,Venda
SKU_1702_LIG,11/08/2025,Varejo,4,2479.6,672.64,451.74,Venda
SKU_1771_PIN,11/08/2025,E-commerce,1,264.9,60.07,204.83,Venda
SKU_1666_PAS,11/08/2025,Varejo,4,3199.6,480.92,679.67,Venda
SKU_1684_HON,11/08/2025,Atacado,6,1109.4,443.76,110.94,Venda
SKU_1743_DEE,11/08/2025,E-commerce,1,439.9,83.25,356.65,Venda
SKU_1625_DUS,11/08/2025,Atacado,2,409.8,163.92,122.94,Venda
SKU_1738_ROY,11/08/2025,Atacado,8,1559.2,467.76,136.43,Venda
SKU_1700_HUN,11/08/2025,Atacado,6,4199.4,1679.76,419.94,Venda
SKU_1535_NAV,11/08/2025,Atacado,10,3049.0,1219.6,182.94,Venda
SKU_1837_EGR,11/08/2025,Atacado,8,1999.2,799.68,149.94,Venda
SKU_2043_WHI,11/08/2025,E-commerce,1,349.9,0.0,349.9,Venda
SKU_1624_PRI,11/08/2025,Atacado,4,839.6,251.88,146.93,Venda
SKU_1769_EME,11/08/2025,Atacado,3,974.7,341.13,211.19,Venda
SKU_1689_IVO,11/08/2025,Atacado,10,9649.0,3859.6,578.94,Venda
SKU_1703_BLU,11/08/2025,Atacado,5,1349.5,472.3,175.44,Venda
SKU_1675_CRE,11/08/2025,Varejo,1,764.9,133.6,631.3,Venda
SKU_1796_SHO,11/08/2025,E-commerce,1,504.9,79.02,425.88,Venda
SKU_1447_BLU,11/08/2025,Atacado,3,719.7,251.88,155.94,Venda
SKU_1793_MIN,11/08/2025,Atacado,10,1899.0,664.6,123.44,Venda
SKU_1686_SKY,11/08/2025,Varejo,1,214.9,46.92,167.98,Venda
SKU_1420_LIM,11/08/2025,Atacado,5,4949.5,1732.3,643.44,Venda
SKU_1712_MOS,11/08/2025,Atacado,6,1079.4,431.76,107.94,Venda
SKU_1764_FUC,11/08/2025,Atacado,4,939.6,328.88,152.68,Venda
SKU_1420_EGR,11/08/2025,Varejo,2,1979.8,535.08,722.36,Venda
SKU_1409_PEA,11/08/2025,Atacado,3,629.7,188.91,146.93,Venda
SKU_1784_EGR,11/08/2025,Atacado,2,619.8,185.94,216.93,Venda
SKU_1552_SAP,11/08/2025,Varejo,1,659.9,164.23,495.67,Venda
SKU_2083_VAN,11/08/2025,Atacado,10,2349.0,822.2,152.68,Venda
SKU_1973_SKY,11/08/2025,Varejo,1,319.9,0.0,319.9,Venda
SKU_1740_FRE,11/08/2025,Atacado,5,1074.5,429.8,128.94,Venda
SKU_1669_COR,11/08/2025,Varejo,1,199.9,36.95,162.95,Venda
SKU_1698_PRI,11/08/2025,Atacado,8,3359.2,1343.68,251.94,Venda
SKU_1743_CLO,11/08/2025,Varejo,1,439.9,67.02,372.88,Venda
SKU_1876_CLO,11/08/2025,Atacado,5,999.5,349.8,129.94,Venda
SKU_1732_WHI,11/08/2025,Varejo,2,2229.8,553.22,838.29,Venda
SKU_1692_OLI,11/08/2025,E-commerce,1,219.9,34.34,185.56,Venda
SKU_1939_ROS,11/08/2025,Atacado,8,1279.2,511.68,95.94,Venda
SKU_1682_BIR,11/08/2025,Atacado,4,939.6,281.88,164.43,Venda
SKU_1758_HON,12/08/2025,Varejo,1,179.9,49.46,130.44,Venda
SKU_1684_HON,12/08/2025,Varejo,1,184.9,53.27,131.63,Venda
SKU_1727_WHI,12/08/2025,Varejo,1,154.9,28.68,126.22,Venda
SKU_1733_NAV,12/08/2025,Varejo,1,349.9,76.57,273.33,Venda
SKU_1791_ARM,12/08/2025,Varejo,1,264.9,70.55,194.35,Venda
SKU_1683_SHO,12/08/2025,E-commerce,2,629.8,132.02,248.89,Venda
SKU_1454_BUB,12/08/2025,Atacado,2,299.8,104.92,97.44,Venda
SKU_1729_CLE,12/08/2025,E-commerce,1,174.9,44.11,130.79,Venda
SKU_1785_PAS,12/08/2025,Atacado,10,2449.0,857.2,159.18,Venda
SKU_1727_LIG,12/08/2025,Varejo,1,154.9,42.65,112.25,Venda
SKU_1762_BRI,12/08/2025,Varejo,2,509.8,136.96,186.42,Venda
SKU_1741_PEA,12/08/2025,Varejo,1,239.9,70.05,169.85,Venda
SKU_1723_MOS,12/08/2025,Atacado,10,4349.0,1522.1,282.69,Venda
SKU_1796_OLI,12/08/2025,Varejo,1,504.9,125.52,379.38,Venda
SKU_1415_MID,12/08/2025,Atacado,8,2839.2,1135.68,212.94,Venda
SKU_1737_SAG,12/08/2025,Atacado,2,1539.8,538.92,500.44,Venda
SKU_1876_CLO,12/08/2025,Varejo,1,199.9,0.0,199.9,Venda
SKU_1941_MIN,12/08/2025,Varejo,2,2099.8,146.98,976.41,Venda
SKU_1730_OFF,12/08/2025,Atacado,5,1599.5,559.8,207.94,Venda
SKU_1448_SKY,12/08/2025,Varejo,1,179.9,39.44,140.46,Venda
SKU_1697_MIN,12/08/2025,Atacado,6,1319.4,527.76,131.94,Venda
SKU_1769_EME,12/08/2025,Varejo,1,324.9,53.19,271.71,Venda
SKU_1787_BAB,12/08/2025,Varejo,2,579.8,155.6,212.1,Venda
SKU_1608_MID,12/08/2025,Varejo,1,304.9,60.25,244.65,Venda
SKU_1725_BAB,12/08/2025,Atacado,5,1224.5,489.8,146.94,Venda
SKU_1582_PAS,12/08/2025,Atacado,5,1149.5,402.3,149.44,Venda
SKU_1769_WHI,12/08/2025,E-commerce,1,324.9,77.82,247.08,Venda
SKU_1723_MOS,12/08/2025,Atacado,6,2609.4,913.26,282.69,Venda
SKU_1720_PAS,12/08/2025,Atacado,4,899.6,269.88,157.43,Venda
SKU_1709_MAR,12/08/2025,Atacado,2,419.8,167.92,125.94,Venda
SKU_1708_FRE,12/08/2025,Varejo,1,169.9,33.05,136.85,Venda
SKU_1750_SNO,12/08/2025,Atacado,3,1109.7,388.38,240.44,Venda
SKU_1742_DEN,12/08/2025,E-commerce,1,259.9,47.43,212.47,Venda
SKU_1727_LIG,12/08/2025,Atacado,4,619.6,216.88,100.68,Venda
SKU_1791_ARM,12/08/2025,Varejo,1,264.9,56.32,208.58,Venda
SKU_1789_EME,12/08/2025,E-commerce,1,269.9,67.92,201.98,Venda
SKU_2014_BLA,12/08/2025,Atacado,3,959.7,287.91,223.93,Venda
SKU_1437_ROY,12/08/2025,Varejo,1,164.9,38.1,126.8,Venda
SKU_1720_PAL,12/08/2025,Atacado,5,1124.5,337.35,157.43,Venda
SKU_1539_PEA,12/08/2025,Varejo,1,349.9,80.2,269.7,Venda
SKU_1730_MIN,12/08/2025,Atacado,8,2559.2,895.68,207.94,Venda
SKU_1698_PRI,12/08/2025,Varejo,1,419.9,67.8,352.1,Venda
SKU_1712_MOS,12/08/2025,Varejo,1,179.9,48.82,131.08,Venda
SKU_1784_EGR,12/08/2025,E-commerce,2,619.8,97.28,261.26,Venda
SKU_1462_MID,12/08/2025,Varejo,4,1459.6,268.32,297.82,Venda
SKU_1789_EME,12/08/2025,E-commerce,1,269.9,57.32,212.58,Venda
SKU_1741_PEA,12/08/2025,E-commerce,1,239.9,37.22,202.68,Venda
SKU_1636_SHO,12/08/2025,Atacado,4,1759.6,527.88,307.93,Venda
SKU_1726_BUB,12/08/2025,Varejo,1,429.9,90.92,338.98,Venda
SKU_1703_PAS,12/08/2025,Varejo,1,269.9,45.88,224.02,Venda
SKU_1796_SHO,12/08/2025,Varejo,1,504.9,133.16,371.74,Venda
SKU_1680_NAV,12/08/2025,Varejo,1,334.9,53.66,281.24,Venda
SKU_1746_NAV,12/08/2025,Varejo,1,179.9,53.16,126.74,Venda
SKU_1535_NAV,12/08/2025,Atacado,4,1219.6,426.84,198.19,Venda
SKU_1393_COB,12/08/2025,Varejo,1,309.9,48.68,261.22,Venda
SKU_1961_SHO,12/08/2025,Varejo,1,414.9,0.0,414.9,Venda
SKU_1686_SKY,12/08/2025,E-commerce,1,214.9,47.28,167.62,Venda
SKU_1757_PIN,12/08/2025,Varejo,2,529.8,141.2,194.3,Venda
SKU_2038_COB,12/08/2025,Atacado,5,5674.5,1702.35,794.43,Venda
SKU_2047_FUC,12/08/2025,E-commerce,2,2249.8,0.0,1124.9,Venda
SKU_1650_OLI,12/08/2025,Atacado,2,2009.8,703.44,653.18,Venda
SKU_1701_SPA,12/08/2025,Atacado,3,1019.7,407.88,203.94,Venda
SKU_1809_SHO,12/08/2025,Varejo,3,719.7,0.0,239.9,Venda
SKU_1688_WHI,12/08/2025,Varejo,1,429.9,65.35,364.55,Venda
SKU_1738_BLU,12/08/2025,Varejo,1,194.9,32.3,162.6,Venda
SKU_1687_FOR,12/08/2025,Atacado,3,2699.7,809.91,629.93,Venda
SKU_1696_SHO,12/08/2025,E-commerce,1,279.9,58.59,221.31,Venda
SKU_1421_SER,12/08/2025,E-commerce,1,229.9,42.39,187.51,Venda
SKU_1793_WHI,12/08/2025,E-commerce,1,189.9,47.52,142.38,Venda
SKU_1766_MYS,12/08/2025,Atacado,5,1974.5,691.05,256.69,Venda
SKU_1901_MIN,12/08/2025,E-commerce,1,234.9,0.0,234.9,Venda
SKU_1753_WHI,12/08/2025,E-commerce,1,789.9,170.27,619.63,Venda
SKU_1637_BLU,12/08/2025,Varejo,2,1839.8,525.28,657.26,Venda
SKU_1748_COB,12/08/2025,Varejo,1,309.9,51.0,258.9,Venda
SKU_1472_MYS,12/08/2025,Atacado,12,5638.8,2255.52,281.94,Venda
SKU_1431_CRE,12/08/2025,Atacado,8,2959.2,1183.68,221.94,Venda
SKU_1709_CRE,12/08/2025,Atacado,3,629.7,188.91,146.93,Venda
SKU_2019_SAG,12/08/2025,Atacado,10,5499.0,1649.7,384.93,Venda
SKU_1771_EME,12/08/2025,Varejo,1,264.9,57.97,206.93,Venda
SKU_1739_MOS,12/08/2025,E-commerce,1,254.9,45.21,209.69,Venda
SKU_1715_JAD,12/08/2025,Atacado,2,439.8,131.94,153.93,Venda
SKU_1720_PAL,12/08/2025,Varejo,4,899.6,167.64,182.99,Venda
SKU_1765_PAS,12/08/2025,E-commerce,1,259.9,64.25,195.65,Venda
SKU_1766_MYS,12/08/2025,E-commerce,1,394.9,76.03,318.87,Venda
SKU_1691_HUN,12/08/2025,Varejo,1,309.9,47.99,261.91,Venda
SKU_1683_PAL,12/08/2025,Varejo,1,314.9,85.98,228.92,Venda
SKU_1734_BRI,12/08/2025,Varejo,2,699.8,120.04,289.88,Venda
SKU_1723_COB,12/08/2025,Atacado,5,2174.5,761.05,282.69,Venda
SKU_1694_PIS,12/08/2025,Varejo,2,559.8,84.56,237.62,Venda
SKU_1670_SAP,12/08/2025,Atacado,6,869.4,347.76,86.94,Venda
SKU_1714_DEE,12/08/2025,Atacado,3,914.7,274.41,213.43,Venda
SKU_1413_SAG,12/08/2025,Varejo,1,184.9,48.61,136.29,Venda
SKU_1646_BLU,12/08/2025,Varejo,1,204.9,34.64,170.26,Venda
SKU_1681_OFF,12/08/2025,Atacado,12,2818.8,845.64,164.43,Venda
SKU_1605_VAN,12/08/2025,Varejo,2,439.8,78.54,180.63,Venda
SKU_1761_SAP,12/08/2025,Atacado,4,4419.6,1546.88,718.18,Venda
SKU_1568_FRE,12/08/2025,Atacado,8,1879.2,751.68,140.94,Venda
SKU_1804_SPA,12/08/2025,Atacado,4,1819.6,545.88,318.43,Venda
SKU_1760_OFF,12/08/2025,E-commerce,2,499.8,114.64,192.58,Venda
SKU_1767_FUC,12/08/2025,Atacado,3,614.7,215.16,133.18,Venda
SKU_1699_CLO,12/08/2025,Varejo,1,329.9,83.64,246.26,Venda
SKU_1758_CLO,12/08/2025,Varejo,2,359.8,66.66,146.57,Venda
SKU_1801_FLA,12/08/2025,Varejo,1,374.9,94.32,280.58,Venda
SKU_1730_MIN,12/08/2025,Atacado,8,2559.2,895.68,207.94,Venda
SKU_1756_FLA,12/08/2025,Atacado,6,1079.4,323.82,125.93,Venda
SKU_2107_WHI,12/08/2025,Atacado,4,1699.6,594.84,276.19,Venda
SKU_1768_PEA,12/08/2025,Atacado,10,6249.0,2499.6,374.94,Venda
SKU_1514_SPA,12/08/2025,Varejo,1,829.9,172.13,657.77,Venda
SKU_1800_SKY,12/08/2025,Atacado,3,839.7,293.88,181.94,Venda
SKU_1548_HOT,12/08/2025,Atacado,10,4749.0,1662.1,308.69,Venda
SKU_1619_PAS,12/08/2025,E-commerce,1,199.9,31.44,168.46,Venda
SKU_1794_FLA,12/08/2025,Atacado,6,1259.4,377.82,146.93,Venda
SKU_1736_JAD,12/08/2025,Varejo,1,324.9,66.46,258.44,Venda
SKU_1698_PRI,12/08/2025,Atacado,3,1259.7,440.88,272.94,Venda
SKU_1655_SNO,12/08/2025,Atacado,4,2579.6,902.84,419.19,Venda
SKU_1710_MEX,12/08/2025,Varejo,4,3239.6,524.56,678.76,Venda
SKU_1703_PAS,12/08/2025,Atacado,6,1619.4,485.82,188.93,Venda
SKU_1575_JAD,12/08/2025,Varejo,1,864.9,136.75,728.15,Venda
SKU_1693_MEX,12/08/2025,Varejo,2,409.8,76.56,166.62,Venda
SKU_1782_NAV,12/08/2025,Atacado,2,499.8,199.92,149.94,Venda
SKU_1781_CLE,12/08/2025,E-commerce,1,129.9,29.19,100.71,Venda
SKU_1718_SEA,12/08/2025,Varejo,3,1109.7,199.65,303.35,Venda
SKU_1727_LIG,12/08/2025,Atacado,5,774.5,271.1,100.68,Venda
SKU_1761_SAP,12/08/2025,Atacado,8,8839.2,2651.76,773.43,Venda
SKU_1793_MIN,12/08/2025,Atacado,8,1519.2,455.76,132.93,Venda
SKU_1731_MIN,12/08/2025,Atacado,5,4549.5,1592.3,591.44,Venda
SKU_2087_CER,12/08/2025,Atacado,8,1999.2,699.68,162.44,Venda
SKU_1602_AQU,12/08/2025,Varejo,3,689.7,196.14,164.52,Venda
SKU_1723_MOS,12/08/2025,Varejo,3,1304.7,284.25,340.15,Venda
SKU_1693_MEX,12/08/2025,Varejo,1,204.9,52.92,151.98,Venda
SKU_1845_TUR,12/08/2025,Varejo,1,819.9,0.0,819.9,Venda
SKU_1714_DEE,12/08/2025,Varejo,1,304.9,69.52,235.38,Venda
SKU_1788_MYS,12/08/2025,Atacado,3,749.7,262.38,162.44,Venda
SKU_1737_DEE,12/08/2025,Varejo,1,769.9,210.02,559.88,Venda
SKU_1417_BIR,12/08/2025,Varejo,1,279.9,51.17,228.73,Venda
SKU_1776_PAS,12/08/2025,Atacado,3,989.7,296.91,230.93,Venda
SKU_1696_SHO,12/08/2025,Varejo,1,279.9,51.89,228.01,Venda
SKU_1777_FRE,12/08/2025,Varejo,1,239.9,57.78,182.12,Venda
SKU_1588_CRE,12/08/2025,Atacado,4,1959.6,685.84,318.44,Venda
SKU_1633_SER,12/08/2025,Varejo,1,234.9,36.31,198.59,Venda
SKU_1783_BAB,12/08/2025,Varejo,1,1199.9,318.58,881.32,Venda
SKU_1751_MIN,12/08/2025,E-commerce,1,329.9,94.57,235.33,Venda
SKU_1594_BAL,12/08/2025,Varejo,1,499.9,145.96,353.94,Venda
SKU_1783_BAB,12/08/2025,Varejo,1,1199.9,346.87,853.03,Venda
SKU_1798_MOS,12/08/2025,Atacado,6,2519.4,881.76,272.94,Venda
SKU_1784_BLA,12/08/2025,Varejo,1,309.9,84.06,225.84,Venda
SKU_1797_BLU,12/08/2025,Varejo,1,379.9,93.59,286.31,Venda
SKU_1763_HOT,12/08/2025,Atacado,2,599.8,179.94,209.93,Venda
SKU_1689_MAG,12/08/2025,Atacado,8,7719.2,2701.76,627.18,Venda
SKU_1738_ROY,12/08/2025,Varejo,1,194.9,35.35,159.55,Venda
SKU_1722_PAS,12/08/2025,Atacado,3,974.7,341.13,211.19,Venda
SKU_1714_MID,12/08/2025,Varejo,1,304.9,85.49,219.41,Venda
SKU_1707_SAP,12/08/2025,E-commerce,1,279.9,57.09,222.81,Venda
SKU_1960_NAV,12/08/2025,Varejo,1,174.9,0.0,174.9,Venda
SKU_1745_PEA,12/08/2025,Atacado,6,2459.4,737.82,286.93,Venda
SKU_1761_SAP,12/08/2025,Atacado,8,8839.2,3535.68,662.94,Venda
SKU_1703_BLU,12/08/2025,Varejo,1,269.9,75.25,194.65,Venda
SKU_1746_NAV,12/08/2025,Varejo,1,179.9,45.51,134.39,Venda
SKU_2055_SAP,12/08/2025,Atacado,5,2299.5,919.8,275.94,Venda
SKU_1692_BLU,12/08/2025,Atacado,4,879.6,307.84,142.94,Venda
SKU_1979_DEN,12/08/2025,E-commerce,2,389.8,0.0,194.9,Venda
SKU_1741_PEA,12/08/2025,Varejo,1,239.9,42.63,197.27,Venda
SKU_1850_PRI,12/08/2025,Atacado,6,1229.4,368.82,143.43,Venda
SKU_1868_ARM,12/08/2025,Varejo,1,789.9,0.0,789.9,Venda
SKU_2097_SPA,12/08/2025,Atacado,5,999.5,299.85,139.93,Venda
SKU_1714_DEE,12/08/2025,E-commerce,1,304.9,87.17,217.73,Venda
SKU_1549_BAL,12/08/2025,E-commerce,1,184.9,31.28,153.62,Venda
SKU_1709_MAR,12/08/2025,E-commerce,1,209.9,32.95,176.95,Venda
SKU_1736_JAD,12/08/2025,E-commerce,1,324.9,76.05,248.85,Venda
SKU_1514_PEA,12/08/2025,Atacado,10,8299.0,2904.6,539.44,Venda
SKU_1482_SHO,12/08/2025,Atacado,4,1779.6,622.84,289.19,Venda
SKU_1700_HUN,12/08/2025,Varejo,1,699.9,200.97,498.93,Venda
SKU_1727_LIG,12/08/2025,Varejo,2,309.8,67.5,121.15,Venda
SKU_1764_FUC,12/08/2025,Atacado,5,1174.5,352.35,164.43,Venda
SKU_1766_CLE,12/08/2025,Varejo,1,394.9,96.78,298.12,Venda
SKU_1812_HOT,12/08/2025,Atacado,3,1979.7,593.91,461.93,Venda
SKU_1749_SNO,12/08/2025,E-commerce,1,349.9,73.24,276.66,Venda
SKU_1698_SNO,12/08/2025,Varejo,1,419.9,90.52,329.38,Venda
SKU_1702_COR,12/08/2025,Atacado,5,3099.5,1084.8,402.94,Venda
SKU_1687_FOR,12/08/2025,Atacado,12,10798.8,3779.52,584.94,Venda
SKU_1711_VAN,12/08/2025,Varejo,1,994.9,247.9,747.0,Venda
SKU_1654_CRE,12/08/2025,Atacado,8,2479.2,743.76,216.93,Venda
SKU_1433_SAP,12/08/2025,E-commerce,1,314.9,62.66,252.24,Venda
SKU_1496_PEA,12/08/2025,Varejo,1,1134.9,330.95,803.95,Venda
SKU_1734_FRE,12/08/2025,Atacado,3,1049.7,419.88,209.94,Venda
SKU_1787_BAB,12/08/2025,Varejo,1,289.9,68.91,220.99,Venda
SKU_1694_SER,12/08/2025,E-commerce,1,279.9,83.86,196.04,Venda
SKU_1702_COR,12/08/2025,E-commerce,1,619.9,158.01,461.89,Venda
SKU_1727_LIG,12/08/2025,Varejo,1,154.9,42.18,112.72,Venda
SKU_1414_DUS,12/08/2025,Atacado,3,1019.7,305.91,237.93,Venda
SKU_1699_CLO,12/08/2025,Varejo,1,329.9,64.7,265.2,Venda
SKU_1722_AQU,12/08/2025,E-commerce,1,324.9,65.4,259.5,Venda
SKU_1400_PAL,12/08/2025,Varejo,1,209.9,42.56,167.34,Venda
SKU_1689_MAG,12/08/2025,Atacado,8,7719.2,3087.68,578.94,Venda
SKU_1739_MOS,12/08/2025,Atacado,4,1019.6,305.88,178.43,Venda
SKU_1708_FRE,12/08/2025,Atacado,4,679.6,237.84,110.44,Venda
SKU_1695_LIM,12/08/2025,Atacado,5,1049.5,314.85,146.93,Venda
SKU_1801_MOS,12/08/2025,Atacado,5,1874.5,656.05,243.69,Venda
SKU_1697_PIS,12/08/2025,Atacado,4,879.6,263.88,153.93,Venda
SKU_1472_MYS,12/08/2025,E-commerce,1,469.9,72.56,397.34,Venda
SKU_1734_BRI,12/08/2025,Varejo,4,1399.6,322.56,269.26,Venda
SKU_1710_OLI,12/08/2025,Varejo,1,809.9,187.19,622.71,Venda
SKU_1742_EME,12/08/2025,Atacado,6,1559.4,467.82,181.93,Venda
SKU_1744_LIG,12/08/2025,Varejo,2,529.8,144.46,192.67,Venda
SKU_1694_SER,12/08/2025,Varejo,1,279.9,65.89,214.01,Venda
SKU_1733_SAG,12/08/2025,E-commerce,1,349.9,85.34,264.56,Venda
SKU_1786_POW,12/08/2025,Varejo,2,359.8,73.12,143.34,Venda
SKU_1752_SNO,12/08/2025,Atacado,6,2579.4,773.82,300.93,Venda
SKU_1776_PAS,12/08/2025,Varejo,1,329.9,59.58,270.32,Venda
SKU_1753_WHI,12/08/2025,E-commerce,1,789.9,227.63,562.27,Venda
SKU_1745_FOR,12/08/2025,Varejo,1,409.9,78.2,331.7,Venda
SKU_1684_HON,12/08/2025,Atacado,5,924.5,277.35,129.43,Venda
SKU_1869_CRE,12/08/2025,Varejo,2,979.8,0.0,489.9,Venda
SKU_1778_TEA,12/08/2025,Varejo,1,284.9,50.13,234.77,Venda
SKU_1844_BAL,12/08/2025,Atacado,5,1249.5,374.85,174.93,Venda
SKU_1774_MOS,12/08/2025,Varejo,1,204.9,46.95,157.95,Venda
SKU_1773_FRE,12/08/2025,Atacado,6,1949.4,682.26,211.19,Venda
SKU_1759_CLE,12/08/2025,Atacado,8,2159.2,755.68,175.44,Venda
SKU_1793_WHI,12/08/2025,Atacado,4,759.6,303.84,113.94,Venda
SKU_1486_OLI,12/08/2025,Varejo,1,289.9,83.6,206.3,Venda
SKU_1516_CRE,12/08/2025,Atacado,4,1399.6,419.88,244.93,Venda
SKU_1721_COR,12/08/2025,Varejo,1,419.9,120.56,299.34,Venda
SKU_1798_OFF,12/08/2025,E-commerce,1,419.9,83.58,336.32,Venda
SKU_1678_LIG,12/08/2025,Varejo,1,714.9,208.93,505.97,Venda
SKU_1761_SAP,12/08/2025,Varejo,1,1104.9,280.59,824.31,Venda
SKU_1545_TEA,12/08/2025,E-commerce,1,259.9,56.91,202.99,Venda
SKU_1486_PAL,12/08/2025,Atacado,4,1159.6,405.84,188.44,Venda
SKU_1694_SER,12/08/2025,Atacado,10,2799.0,979.6,181.94,Venda
SKU_1693_FLA,12/08/2025,Atacado,6,1229.4,368.82,143.43,Venda
SKU_1481_TEA,12/08/2025,Varejo,2,1619.8,375.66,622.07,Venda
SKU_1873_BAB,12/08/2025,Atacado,4,1799.6,629.84,292.44,Venda
SKU_1690_MAG,12/08/2025,Varejo,1,539.9,114.78,425.12,Venda
SKU_1759_COB,12/08/2025,Atacado,3,809.7,242.91,188.93,Venda
SKU_1681_PIS,12/08/2025,Varejo,1,234.9,46.95,187.95,Venda
SKU_1804_SPA,12/08/2025,Atacado,5,2274.5,909.8,272.94,Venda
SKU_1390_PAS,12/08/2025,Varejo,1,229.9,40.53,189.37,Venda
SKU_1759_CLE,12/08/2025,Varejo,1,269.9,67.92,201.98,Venda
SKU_1452_DEE,12/08/2025,Atacado,3,434.7,152.16,94.18,Venda
SKU_1702_LIG,12/08/2025,Atacado,10,6199.0,2169.6,402.94,Venda
SKU_1511_CLE,12/08/2025,Atacado,5,4674.5,1869.8,560.94,Venda
SKU_1789_SNO,12/08/2025,Varejo,1,269.9,60.15,209.75,Venda
SKU_1734_FRE,12/08/2025,Atacado,2,699.8,244.92,227.44,Venda
SKU_1738_BLU,12/08/2025,Varejo,1,194.9,46.14,148.76,Venda
SKU_1745_FOR,12/08/2025,Atacado,3,1229.7,368.91,286.93,Venda
SKU_1776_PAS,12/08/2025,Atacado,5,1649.5,494.85,230.93,Venda
SKU_1883_BLU,12/08/2025,Varejo,1,224.9,0.0,224.9,Venda
SKU_1390_SAP,12/08/2025,Varejo,1,229.9,43.32,186.58,Venda
SKU_1773_FRE,12/08/2025,Atacado,6,1949.4,584.82,227.43,Venda
SKU_1556_HUN,12/08/2025,Varejo,2,409.8,108.56,150.62,Venda
SKU_1754_SER,12/08/2025,Varejo,1,339.9,76.33,263.57,Venda
SKU_1656_FUC,12/08/2025,Varejo,1,234.9,59.95,174.95,Venda
SKU_1691_HUN,12/08/2025,E-commerce,2,619.8,99.78,260.01,Venda
SKU_1440_PIS,12/08/2025,Atacado,4,4799.6,1919.84,719.94,Venda
SKU_1772_SNO,12/08/2025,Varejo,1,414.9,123.43,291.47,Venda
SKU_1751_MIN,12/08/2025,Varejo,1,329.9,52.75,277.15,Venda
SKU_1714_MID,12/08/2025,Atacado,6,1829.4,823.2,167.7,Venda
SKU_1799_POW,12/08/2025,Varejo,1,269.9,53.84,216.06,Venda
SKU_1758_HON,12/08/2025,Atacado,4,719.6,215.88,125.93,Venda
SKU_1725_OFF,12/08/2025,Atacado,10,2449.0,734.7,171.43,Venda
SKU_1650_EGR,12/08/2025,Varejo,1,1004.9,269.26,735.64,Venda
SKU_1413_JAD,12/08/2025,Atacado,5,924.5,323.6,120.18,Venda
SKU_1768_PEA,12/08/2025,Atacado,4,2499.6,874.84,406.19,Venda
SKU_1505_BLU,12/08/2025,Atacado,3,704.7,281.88,140.94,Venda
SKU_1778_TEA,12/08/2025,Varejo,1,284.9,49.6,235.3,Venda
SKU_1805_WHI,12/08/2025,E-commerce,1,579.9,0.0,579.9,Venda
SKU_1738_BLU,12/08/2025,Atacado,3,584.7,175.41,136.43,Venda
SKU_1784_EGR,12/08/2025,Atacado,3,929.7,325.38,201.44,Venda
SKU_1829_MOS,12/08/2025,Varejo,1,259.9,0.0,259.9,Venda
SKU_1705_SER,12/08/2025,Varejo,4,1639.6,384.72,313.72,Venda
SKU_1958_BLU,12/08/2025,Atacado,6,1109.4,388.32,120.18,Venda
SKU_1690_MAG,12/08/2025,Atacado,5,2699.5,809.85,377.93,Venda
SKU_1801_FLA,12/08/2025,Varejo,1,374.9,75.53,299.37,Venda
SKU_1830_IVO,12/08/2025,Atacado,12,3118.8,1247.52,155.94,Venda
SKU_1690_MYS,12/08/2025,Atacado,5,2699.5,1079.8,323.94,Venda
SKU_1794_FLA,12/08/2025,Atacado,2,419.8,125.94,146.93,Venda
SKU_2008_HOT,12/08/2025,Varejo,2,489.8,0.0,244.9,Venda
SKU_1754_SER,12/08/2025,Atacado,4,1359.6,475.84,220.94,Venda
SKU_1651_SAL,12/08/2025,Atacado,5,1324.5,397.35,185.43,Venda
SKU_1404_ARM,12/08/2025,Varejo,1,1019.9,173.12,846.78,Venda
SKU_1786_POW,12/08/2025,Atacado,10,1799.0,719.6,107.94,Venda
SKU_1783_BAB,12/08/2025,Atacado,10,11999.0,3599.7,839.93,Venda
SKU_1541_POW,12/08/2025,Atacado,5,3374.5,1012.35,472.43,Venda
SKU_1794_FLA,12/08/2025,Atacado,4,839.6,293.84,136.44,Venda
SKU_1461_PRI,12/08/2025,E-commerce,1,1069.9,209.08,860.82,Venda
SKU_1795_HUN,12/08/2025,Atacado,6,1799.4,539.82,209.93,Venda
SKU_1560_CRE,12/08/2025,Atacado,6,1349.4,404.82,157.43,Venda
SKU_1529_MIN,12/08/2025,Atacado,5,1224.5,428.6,159.18,Venda
SKU_1562_BLU,12/08/2025,Atacado,6,1859.4,557.82,216.93,Venda
SKU_1791_IVO,12/08/2025,Varejo,1,264.9,69.13,195.77,Venda
SKU_1797_GAR,12/08/2025,Varejo,1,379.9,83.59,296.31,Venda
SKU_1789_SNO,12/08/2025,Varejo,1,269.9,58.96,210.94,Venda
SKU_1825_MIN,12/08/2025,Varejo,1,174.9,0.0,174.9,Venda
SKU_1742_EME,12/08/2025,Atacado,5,1299.5,454.8,168.94,Venda
SKU_1623_SER,12/08/2025,Atacado,2,1829.8,731.92,548.94,Venda
SKU_1653_BAB,12/08/2025,Atacado,6,2159.4,755.76,233.94,Venda
SKU_1950_BLU,12/08/2025,Varejo,1,414.9,0.0,414.9,Venda
SKU_1733_SAG,12/08/2025,Atacado,8,2799.2,839.76,244.93,Venda
SKU_1767_FUC,12/08/2025,Atacado,6,1229.4,368.82,143.43,Venda
SKU_1777_TUR,12/08/2025,Atacado,12,2878.8,863.64,167.93,Venda
SKU_1713_SAL,12/08/2025,E-commerce,1,504.9,76.31,428.59,Venda
SKU_1816_MOS,12/08/2025,Varejo,1,239.9,0.0,239.9,Venda
SKU_1766_CLE,12/08/2025,Atacado,8,3159.2,1105.68,256.69,Venda
SKU_1801_FLA,12/08/2025,Atacado,5,1874.5,749.8,224.94,Venda
SKU_1596_CER,12/08/2025,Atacado,12,3298.8,989.64,192.43,Venda
SKU_1487_CLE,12/08/2025,Atacado,3,1004.7,351.63,217.69,Venda
SKU_1573_SAG,12/08/2025,Varejo,1,1024.9,168.1,856.8,Venda
SKU_1698_SNO,12/08/2025,Varejo,2,839.8,232.1,303.85,Venda
SKU_1680_NAV,12/08/2025,Atacado,12,4018.8,1205.64,234.43,Venda
SKU_1737_DEE,12/08/2025,Atacado,3,2309.7,692.91,538.93,Venda
SKU_1779_MIN,12/08/2025,Varejo,1,214.9,41.55,173.35,Venda
SKU_1773_OLI,12/08/2025,Varejo,4,1299.6,213.96,271.41,Venda
SKU_1480_SNO,12/08/2025,Varejo,1,369.9,70.45,299.45,Venda
SKU_1789_SNO,12/08/2025,Atacado,5,1349.5,472.3,175.44,Venda
SKU_1972_AQU,12/08/2025,Atacado,10,3449.0,1034.7,241.43,Venda
SKU_1763_HOT,12/08/2025,Varejo,2,599.8,104.7,247.55,Venda
SKU_1470_WHI,12/08/2025,E-commerce,1,919.9,155.98,763.92,Venda
SKU_1757_PIN,12/08/2025,Atacado,2,529.8,185.42,172.19,Venda
SKU_1418_CLE,12/08/2025,Varejo,1,844.9,135.06,709.84,Venda
SKU_1688_WHI,12/08/2025,Varejo,1,429.9,67.57,362.33,Venda
SKU_1686_MOS,12/08/2025,Atacado,10,2149.0,752.2,139.68,Venda
SKU_1719_WHI,12/08/2025,Atacado,4,1279.6,447.84,207.94,Venda
SKU_1777_TUR,12/08/2025,Varejo,1,239.9,41.38,198.52,Venda
SKU_1711_VAN,12/08/2025,Atacado,5,4974.5,1492.35,696.43,Venda
SKU_1731_ARM,12/08/2025,E-commerce,1,909.9,204.57,705.33,Venda
SKU_1706_BLA,12/08/2025,Atacado,5,924.5,277.35,129.43,Venda
SKU_1794_LIG,12/08/2025,Varejo,1,209.9,33.08,176.82,Venda
SKU_1516_EME,12/08/2025,Varejo,3,1049.7,313.47,245.41,Venda
SKU_1563_WHI,12/08/2025,Atacado,8,1199.2,359.76,104.93,Venda
SKU_1706_JAD,12/08/2025,Atacado,6,1109.4,332.82,129.43,Venda
SKU_1741_PEA,12/08/2025,Atacado,5,1199.5,419.8,155.94,Venda
SKU_1525_OLI,12/08/2025,Atacado,10,2899.0,1014.6,188.44,Venda
SKU_1778_MIN,12/08/2025,Atacado,5,1424.5,569.8,170.94,Venda
SKU_1757_TUR,12/08/2025,Atacado,6,1589.4,476.82,185.43,Venda
SKU_1444_HUN,12/08/2025,Varejo,3,719.7,206.46,171.08,Venda
SKU_1908_MID,12/08/2025,Varejo,1,314.9,0.0,314.9,Venda
SKU_1795_RAS,12/08/2025,Atacado,12,3598.8,1259.52,194.94,Venda
SKU_1510_ROS,12/08/2025,Atacado,6,5009.4,2003.76,500.94,Venda
SKU_1742_DEN,12/08/2025,E-commerce,1,259.9,62.13,197.77,Venda
SKU_1893_BIR,12/08/2025,E-commerce,1,629.9,0.0,629.9,Venda
SKU_1716_AQU,12/08/2025,Varejo,1,164.9,32.77,132.13,Venda
SKU_1534_MYS,12/08/2025,Varejo,1,199.9,51.17,148.73,Venda
SKU_1471_LIG,12/08/2025,Varejo,1,204.9,40.65,164.25,Venda
SKU_1947_CLE,12/08/2025,E-commerce,1,439.9,0.0,439.9,Venda
SKU_1687_WHI,12/08/2025,E-commerce,1,899.9,180.63,719.27,Venda
SKU_1734_BRI,12/08/2025,Varejo,1,349.9,88.06,261.84,Venda
SKU_1488_PEA,12/08/2025,Varejo,1,339.9,82.04,257.86,Venda
SKU_1773_OLI,12/08/2025,Atacado,2,649.8,194.94,227.43,Venda
SKU_1732_OFF,12/08/2025,E-commerce,3,3344.7,700.14,881.52,Venda
SKU_1754_SER,12/08/2025,Atacado,10,3399.0,1019.7,237.93,Venda
SKU_1738_ROY,12/08/2025,E-commerce,1,194.9,36.54,158.36,Venda
SKU_1708_FRE,12/08/2025,Varejo,1,169.9,32.68,137.22,Venda
SKU_1957_CRE,12/08/2025,E-commerce,1,189.9,0.0,189.9,Venda
SKU_1794_FLA,12/08/2025,Atacado,6,1259.4,440.76,136.44,Venda
SKU_1685_BIR,12/08/2025,Atacado,5,3324.5,1329.8,398.94,Venda
SKU_1716_AQU,12/08/2025,Varejo,1,164.9,26.62,138.28,Venda
SKU_1905_WHI,12/08/2025,Atacado,5,1799.5,539.85,251.93,Venda
SKU_1765_MYS,12/08/2025,Varejo,1,259.9,74.5,185.4,Venda
SKU_1775_PAS,12/08/2025,E-commerce,1,279.9,82.34,197.56,Venda
SKU_1771_EME,12/08/2025,E-commerce,1,264.9,41.39,223.51,Venda
SKU_1712_NAV,12/08/2025,Atacado,10,1799.0,539.7,125.93,Venda
SKU_1898_WHI,12/08/2025,E-commerce,1,484.9,33.94,450.96,Venda
SKU_1761_MOS,12/08/2025,Atacado,8,8839.2,3093.76,718.18,Venda
SKU_1680_SEA,12/08/2025,Atacado,4,1339.6,401.88,234.43,Venda
SKU_1797_GAR,12/08/2025,Atacado,2,759.8,227.94,265.93,Venda
SKU_1697_MIN,12/08/2025,Atacado,4,879.6,263.88,153.93,Venda
SKU_1823_COR,12/08/2025,Varejo,1,194.9,0.0,194.9,Venda
SKU_1726_BUB,12/08/2025,Varejo,2,859.8,256.2,301.8,Venda
SKU_1704_PEA,12/08/2025,Varejo,1,334.9,56.79,278.11,Venda
SKU_1737_SAG,12/08/2025,Atacado,3,2309.7,923.88,461.94,Venda
SKU_1441_COB,12/08/2025,Varejo,1,1154.9,190.05,964.85,Venda
SKU_1458_MIN,12/08/2025,Varejo,2,699.8,117.08,291.36,Venda
SKU_1683_PAL,12/08/2025,Varejo,1,314.9,65.6,249.3,Venda
SKU_1437_ROY,12/08/2025,Varejo,1,164.9,29.3,135.6,Venda
SKU_1677_POW,12/08/2025,E-commerce,1,569.9,97.53,472.37,Venda
SKU_1728_EGR,12/08/2025,Varejo,2,659.8,174.54,242.63,Venda
SKU_1577_HUN,12/08/2025,Varejo,1,159.9,44.34,115.56,Venda
SKU_1680_NAV,12/08/2025,Varejo,2,669.8,139.64,265.08,Venda
SKU_2010_BIR,12/08/2025,Atacado,2,1839.8,735.92,551.94,Venda
SKU_1791_ARM,12/08/2025,Varejo,1,264.9,43.27,221.63,Venda
SKU_1494_EGR,12/08/2025,Varejo,1,1084.9,310.57,774.33,Venda
SKU_1675_CRE,12/08/2025,E-commerce,1,764.9,131.47,633.43,Venda
SKU_1798_OFF,12/08/2025,Varejo,1,419.9,107.92,311.98,Venda
SKU_1745_FOR,12/08/2025,Varejo,2,819.8,239.42,290.19,Venda
SKU_1799_DEN,12/08/2025,Varejo,1,269.9,72.7,197.2,Venda
SKU_1762_BRI,12/08/2025,Varejo,1,254.9,74.47,180.43,Venda
SKU_1957_CRE,12/08/2025,E-commerce,1,189.9,0.0,189.9,Venda
SKU_1707_SAP,12/08/2025,Varejo,1,279.9,54.37,225.53,Venda
SKU_1720_PAL,12/08/2025,Atacado,4,899.6,269.88,157.43,Venda
SKU_1515_SEA,12/08/2025,E-commerce,1,194.9,32.69,162.21,Venda
SKU_1769_WHI,12/08/2025,E-commerce,1,324.9,90.96,233.94,Venda
SKU_1730_OFF,12/08/2025,E-commerce,1,319.9,88.09,231.81,Venda
SKU_1792_AQU,12/08/2025,Varejo,4,1759.6,422.04,334.39,Venda
SKU_1768_PEA,12/08/2025,Varejo,1,624.9,158.98,465.92,Venda
SKU_1781_AQU,12/08/2025,E-commerce,1,129.9,35.73,94.17,Venda
SKU_1749_SNO,12/08/2025,Varejo,1,349.9,76.85,273.05,Venda
SKU_1733_NAV,12/08/2025,Atacado,4,1399.6,489.84,227.44,Venda
SKU_1746_NAV,12/08/2025,Atacado,10,1799.0,629.6,116.94,Venda
SKU_1719_OFF,12/08/2025,Varejo,1,319.9,73.73,246.17,Venda
SKU_1416_AQU,12/08/2025,Varejo,1,279.9,56.71,223.19,Venda
SKU_1769_EME,12/08/2025,Atacado,6,1949.4,584.82,227.43,Venda
SKU_1744_EME,12/08/2025,Varejo,2,529.8,136.62,196.59,Venda
SKU_1733_NAV,12/08/2025,Atacado,4,1399.6,559.84,209.94,Venda
SKU_1523_HOT,12/08/2025,Atacado,10,3749.0,1124.7,262.43,Venda
SKU_1757_TUR,12/08/2025,Varejo,1,264.9,43.72,221.18,Venda
SKU_1796_SHO,12/08/2025,Atacado,5,2524.5,757.35,353.43,Venda
SKU_1408_PAS,12/08/2025,Varejo,1,919.9,145.1,774.8,Venda
SKU_1686_MOS,12/08/2025,Varejo,1,214.9,44.24,170.66,Venda
SKU_1680_NAV,12/08/2025,Atacado,12,4018.8,1406.52,217.69,Venda
SKU_2090_BUB,12/08/2025,Atacado,5,1324.5,397.35,185.43,Venda
SKU_1523_HOT,12/08/2025,Atacado,8,2999.2,1049.68,243.69,Venda
SKU_1766_CLE,12/08/2025,E-commerce,1,394.9,91.32,303.58,Venda
SKU_1742_DEN,12/08/2025,E-commerce,1,259.9,41.52,218.38,Venda
SKU_1760_OFF,12/08/2025,Atacado,4,999.6,299.88,174.93,Venda
SKU_1794_FLA,12/08/2025,Varejo,1,209.9,42.85,167.05,Venda
SKU_1894_AQU,12/08/2025,Atacado,8,2199.2,769.68,178.69,Venda
SKU_1753_PAL,12/08/2025,Atacado,3,2369.7,829.38,513.44,Venda
SKU_1634_NAV,12/08/2025,Atacado,10,9799.0,2939.7,685.93,Venda
SKU_1728_EGR,12/08/2025,E-commerce,1,329.9,69.17,260.73,Venda
SKU_1722_AQU,12/08/2025,Varejo,1,324.9,57.84,267.06,Venda
SKU_1513_PAS,12/08/2025,Varejo,3,644.7,159.87,161.61,Venda
SKU_1469_ARM,12/08/2025,Varejo,1,294.9,45.54,249.36,Venda
SKU_1992_BAL,12/08/2025,Varejo,3,2774.7,0.0,924.9,Venda
SKU_1687_FOR,12/08/2025,Atacado,5,4499.5,1574.8,584.94,Venda
SKU_1701_BLU,12/08/2025,Varejo,1,339.9,61.51,278.39,Venda
SKU_1746_NAV,12/08/2025,Atacado,4,719.6,323.84,98.94,Venda
SKU_1740_FRE,12/08/2025,E-commerce,1,214.9,43.77,171.13,Venda
SKU_1729_CLE,12/08/2025,Atacado,6,1049.4,314.82,122.43,Venda
SKU_1602_AQU,12/08/2025,E-commerce,2,459.8,127.2,166.3,Venda
SKU_1697_MIN,12/08/2025,Varejo,1,219.9,65.39,154.51,Venda
SKU_1668_VAN,12/08/2025,Varejo,2,539.8,96.76,221.52,Venda
SKU_1392_BLU,12/08/2025,Atacado,8,2359.2,825.68,191.69,Venda
SKU_1407_EME,12/08/2025,Atacado,3,644.7,225.66,139.68,Venda
SKU_1756_FLA,12/08/2025,Atacado,4,719.6,251.84,116.94,Venda
SKU_1789_EME,12/08/2025,E-commerce,1,269.9,40.8,229.1,Venda
SKU_1767_PRI,12/08/2025,Varejo,1,204.9,40.56,164.34,Venda
SKU_1784_BLA,12/08/2025,Atacado,6,1859.4,650.76,201.44,Venda
SKU_1698_PRI,12/08/2025,Atacado,4,1679.6,587.84,272.94,Venda
SKU_1986_TEA,12/08/2025,Atacado,10,2099.0,734.6,136.44,Venda
SKU_1768_PEA,12/08/2025,Atacado,6,3749.4,1312.26,406.19,Venda
SKU_1769_EME,12/08/2025,Atacado,8,2599.2,909.68,211.19,Venda
SKU_1788_EME,12/08/2025,Atacado,3,749.7,262.38,162.44,Venda
SKU_1746_EME,12/08/2025,Varejo,1,179.9,32.23,147.67,Venda
SKU_1696_SER,12/08/2025,Varejo,1,279.9,83.85,196.05,Venda
SKU_1664_PIN,12/08/2025,Varejo,1,329.9,64.55,265.35,Venda
SKU_1703_BLU,12/08/2025,Atacado,8,2159.2,755.68,175.44,Venda
SKU_1758_HON,12/08/2025,E-commerce,1,179.9,32.96,146.94,Venda
SKU_1743_DEE,12/08/2025,Varejo,1,439.9,81.39,358.51,Venda
SKU_1997_SPA,12/08/2025,Varejo,1,189.9,0.0,189.9,Venda
SKU_1628_POW,12/08/2025,Atacado,5,2749.5,824.85,384.93,Venda
SKU_1706_JAD,12/08/2025,Varejo,1,184.9,36.3,148.6,Venda
SKU_1574_COB,12/08/2025,Varejo,1,604.9,116.4,488.5,Venda
SKU_1740_FRE,12/08/2025,Atacado,3,644.7,257.88,128.94,Venda
SKU_1788_MYS,12/08/2025,Varejo,1,249.9,49.94,199.96,Venda
SKU_1682_OLI,12/08/2025,Atacado,3,704.7,246.66,152.68,Venda
SKU_1608_MID,12/08/2025,E-commerce,1,304.9,73.17,231.73,Venda
SKU_1763_HOT,12/08/2025,Atacado,8,2399.2,959.68,179.94,Venda
SKU_1758_CLO,12/08/2025,Atacado,8,1439.2,503.68,116.94,Venda
SKU_1800_SKY,12/08/2025,E-commerce,1,279.9,74.33,205.57,Venda
SKU_1895_PAS,12/08/2025,Atacado,6,1169.4,409.32,126.68,Venda
SKU_1749_SNO,12/08/2025,Atacado,5,1749.5,612.3,227.44,Venda
SKU_1784_EGR,12/08/2025,Atacado,2,619.8,185.94,216.93,Venda
SKU_1686_SKY,12/08/2025,Varejo,1,214.9,33.28,181.62,Venda
SKU_1689_IVO,12/08/2025,Varejo,1,964.9,157.21,807.69,Venda
SKU_1539_BLA,12/08/2025,Atacado,4,1399.6,559.84,209.94,Venda
SKU_1763_HOT,12/08/2025,E-commerce,2,599.8,111.0,244.4,Venda
SKU_1805_WHI,12/08/2025,Atacado,4,2319.6,695.88,405.93,Venda
SKU_1695_LIM,12/08/2025,Varejo,1,209.9,34.11,175.79,Venda
SKU_1724_PEA,12/08/2025,Varejo,1,1114.9,217.24,897.66,Venda
SKU_1705_JAD,12/08/2025,Varejo,1,409.9,113.19,296.71,Venda
SKU_1508_LIM,12/08/2025,E-commerce,1,209.9,58.9,151.0,Venda
SKU_1794_LIG,12/08/2025,Varejo,1,209.9,59.92,149.98,Venda
SKU_1525_OLI,12/08/2025,Varejo,1,289.9,79.41,210.49,Venda
SKU_1738_BLU,12/08/2025,Atacado,3,584.7,233.88,116.94,Venda
SKU_1647_ARM,12/08/2025,Varejo,1,339.9,71.65,268.25,Venda
SKU_1516_EME,12/08/2025,Atacado,5,1749.5,524.85,244.93,Venda
SKU_1691_ROS,12/08/2025,Varejo,2,619.8,141.32,239.24,Venda
SKU_1712_NAV,12/08/2025,Atacado,2,359.8,125.92,116.94,Venda
SKU_1681_PIS,12/08/2025,Varejo,3,704.7,123.54,193.72,Venda
SKU_1734_BRI,12/08/2025,E-commerce,1,349.9,66.16,283.74,Venda
SKU_1478_TEA,12/08/2025,Atacado,3,584.7,233.88,116.94,Venda
SKU_1749_SNO,12/08/2025,Atacado,4,1399.6,419.88,244.93,Venda
SKU_1660_MAG,12/08/2025,E-commerce,1,314.9,55.54,259.36,Venda
SKU_1704_BAB,12/08/2025,Varejo,1,334.9,65.97,268.93,Venda
SKU_1517_FOR,12/08/2025,Varejo,1,1199.9,263.22,936.68,Venda
SKU_1732_WHI,12/08/2025,Varejo,1,1114.9,312.89,802.01,Venda
SKU_1800_MOS,12/08/2025,Atacado,5,1399.5,489.8,181.94,Venda
SKU_1591_HON,12/08/2025,E-commerce,1,889.9,204.76,685.14,Venda
SKU_1474_DEN,12/08/2025,Varejo,1,1059.9,272.19,787.71,Venda
SKU_1755_AQU,12/08/2025,Varejo,1,334.9,73.17,261.73,Venda
SKU_1736_JAD,12/08/2025,Atacado,8,2599.2,1039.68,194.94,Venda
SKU_1455_TEA,12/08/2025,Atacado,5,1674.5,586.05,217.69,Venda
SKU_1709_CRE,12/08/2025,Atacado,6,1259.4,440.76,136.44,Venda
SKU_1691_HUN,12/08/2025,E-commerce,1,309.9,74.08,235.82,Venda
SKU_1741_PEA,12/08/2025,Varejo,3,719.7,166.08,184.54,Venda
SKU_1790_ROY,12/08/2025,Varejo,1,259.9,67.67,192.23,Venda
SKU_1742_EME,12/08/2025,Varejo,1,259.9,50.59,209.31,Venda
SKU_1786_TEA,12/08/2025,Varejo,3,539.7,92.22,149.16,Venda
SKU_1744_LIG,12/08/2025,Atacado,6,1589.4,556.26,172.19,Venda
SKU_1688_LIG,12/08/2025,E-commerce,1,429.9,124.87,305.03,Venda
SKU_1464_MOS,12/08/2025,Varejo,1,229.9,36.67,193.23,Venda
SKU_1694_PIS,12/08/2025,Atacado,8,2239.2,671.76,195.93,Venda
SKU_1651_SAL,12/08/2025,Varejo,2,529.8,148.18,190.81,Venda
SKU_1755_BIR,12/08/2025,Atacado,3,1004.7,351.63,217.69,Venda
SKU_1656_SNO,12/08/2025,E-commerce,2,469.8,75.72,197.04,Venda
SKU_1627_MOS,12/08/2025,Varejo,1,329.9,90.75,239.15,Venda
SKU_1945_BAB,12/08/2025,E-commerce,1,214.9,0.0,214.9,Venda
SKU_1506_PAL,12/08/2025,Varejo,2,459.8,120.68,169.56,Venda
SKU_1747_TEA,12/08/2025,Varejo,1,174.9,31.09,143.81,Venda
SKU_1753_WHI,12/08/2025,Varejo,1,789.9,126.15,663.75,Venda
SKU_1768_PEA,12/08/2025,Varejo,1,624.9,170.06,454.84,Venda
SKU_1712_MOS,12/08/2025,E-commerce,2,359.8,106.74,126.53,Venda
SKU_1681_PIS,12/08/2025,Varejo,1,234.9,54.4,180.5,Venda
SKU_2001_MAR,12/08/2025,Atacado,8,3079.2,1077.68,250.19,Venda
SKU_1683_SHO,12/08/2025,Atacado,2,629.8,220.42,204.69,Venda
SKU_1707_ARM,12/08/2025,Varejo,2,559.8,160.84,199.48,Venda
SKU_1678_LIG,12/08/2025,Varejo,3,2144.7,610.53,511.39,Venda
SKU_1730_OFF,12/08/2025,Varejo,2,639.8,126.66,256.57,Venda
SKU_1736_JAD,12/08/2025,Atacado,5,1624.5,568.55,211.19,Venda
SKU_1764_MAR,12/08/2025,Varejo,1,234.9,59.56,175.34,Venda
SKU_1493_PEA,12/08/2025,Varejo,4,1319.6,294.24,256.34,Venda
SKU_1516_CRE,12/08/2025,Atacado,8,2799.2,979.68,227.44,Venda
SKU_1623_EGR,12/08/2025,Atacado,2,1829.8,640.42,594.69,Venda
SKU_1797_BLU,12/08/2025,Atacado,6,2279.4,797.76,246.94,Venda
SKU_1751_MIN,12/08/2025,Varejo,2,659.8,106.78,276.51,Venda
SKU_1770_JAD,12/08/2025,Atacado,3,659.7,230.88,142.94,Venda
SKU_1919_COB,12/08/2025,Varejo,1,679.9,0.0,679.9,Venda
SKU_1486_OLI,12/08/2025,Varejo,1,289.9,55.42,234.48,Venda
SKU_1766_MYS,12/08/2025,E-commerce,1,394.9,76.43,318.47,Venda
SKU_1721_FRE,12/08/2025,Varejo,1,419.9,67.21,352.69,Venda
SKU_1742_DEN,12/08/2025,Atacado,5,1299.5,519.8,155.94,Venda
SKU_1439_CER,12/08/2025,E-commerce,1,184.9,48.3,136.6,Venda
SKU_1772_BLU,12/08/2025,Varejo,3,1244.7,361.35,294.45,Venda
SKU_1697_MIN,12/08/2025,Atacado,6,1319.4,395.82,153.93,Venda
SKU_1703_BLU,12/08/2025,Atacado,2,539.8,188.92,175.44,Venda
SKU_1981_SEA,12/08/2025,Atacado,3,1544.7,540.63,334.69,Venda
SKU_1707_ARM,12/08/2025,Varejo,1,279.9,77.26,202.64,Venda
SKU_1483_POW,12/08/2025,Varejo,1,324.9,49.05,275.85,Venda
SKU_1587_LIG,12/08/2025,E-commerce,1,229.9,66.62,163.28,Venda
SKU_1862_PAS,12/08/2025,Atacado,6,1349.4,539.76,134.94,Venda
SKU_1885_BLA,12/08/2025,Varejo,2,1099.8,0.0,549.9,Venda
SKU_1393_SKY,12/08/2025,Atacado,5,1549.5,464.85,216.93,Venda
SKU_1684_SHO,12/08/2025,Atacado,5,924.5,277.35,129.43,Venda
SKU_1753_WHI,12/08/2025,Atacado,5,3949.5,1579.8,473.94,Venda
SKU_1741_PIN,12/08/2025,Varejo,1,239.9,54.08,185.82,Venda
SKU_1736_PAS,12/08/2025,Varejo,2,649.8,185.0,232.4,Venda
SKU_1721_COR,12/08/2025,Atacado,4,1679.6,587.84,272.94,Venda
SKU_1696_SHO,12/08/2025,Atacado,3,839.7,293.88,181.94,Venda
SKU_1652_TEA,12/08/2025,Varejo,1,219.9,35.73,184.17,Venda
SKU_1740_OLI,12/08/2025,Varejo,1,214.9,43.93,170.97,Venda
SKU_1544_PEA,12/08/2025,E-commerce,1,199.9,47.56,152.34,Venda
SKU_1717_MIN,12/08/2025,Atacado,4,1039.6,363.84,168.94,Venda
SKU_1729_FUC,12/08/2025,Varejo,3,524.7,101.55,141.05,Venda
SKU_2008_SAL,12/08/2025,E-commerce,1,244.9,17.14,227.76,Venda
SKU_1768_PEA,12/08/2025,Varejo,1,624.9,164.63,460.27,Venda
SKU_1702_LIG,12/08/2025,Varejo,2,1239.8,364.3,437.75,Venda
SKU_1693_MEX,12/08/2025,Varejo,1,204.9,49.71,155.19,Venda
SKU_1752_SNO,12/08/2025,Varejo,1,429.9,88.78,341.12,Venda
SKU_1705_JAD,12/08/2025,E-commerce,1,409.9,85.91,323.99,Venda
SKU_1710_OLI,12/08/2025,Atacado,4,3239.6,971.88,566.93,Venda
SKU_1741_PEA,12/08/2025,Varejo,3,719.7,120.42,199.76,Venda
SKU_1683_SHO,12/08/2025,Atacado,5,1574.5,551.05,204.69,Venda
SKU_1769_WHI,12/08/2025,Varejo,3,974.7,225.24,249.82,Venda
SKU_1793_WHI,12/08/2025,Varejo,1,189.9,41.9,148.0,Venda
SKU_1724_PEA,12/08/2025,Atacado,5,5574.5,1672.35,780.43,Venda
SKU_1668_DEN,12/08/2025,Atacado,5,1349.5,607.3,148.44,Venda
SKU_1693_MEX,12/08/2025,Atacado,5,1024.5,409.8,122.94,Venda
SKU_1741_PIN,12/08/2025,Atacado,4,959.6,287.88,167.93,Venda
SKU_1683_SHO,12/08/2025,Atacado,3,944.7,330.63,204.69,Venda
SKU_1512_TEA,12/08/2025,Varejo,1,224.9,41.03,183.87,Venda
SKU_1788_EME,12/08/2025,Atacado,3,749.7,224.91,174.93,Venda
SKU_1473_BAB,12/08/2025,E-commerce,1,179.9,49.93,129.97,Venda
SKU_1768_PEA,12/08/2025,Varejo,1,624.9,94.57,530.33,Venda
SKU_1782_HUN,12/08/2025,Atacado,3,749.7,299.88,149.94,Venda
SKU_1690_MAG,12/08/2025,Varejo,1,539.9,135.74,404.16,Venda
SKU_1746_EME,12/08/2025,Varejo,2,359.8,84.88,137.46,Venda
SKU_1737_SAG,12/08/2025,Varejo,1,769.9,145.82,624.08,Venda
SKU_1537_BLA,12/08/2025,Varejo,1,254.9,54.04,200.86,Venda
SKU_1794_FLA,12/08/2025,Varejo,1,209.9,49.92,159.98,Venda
SKU_1801_MOS,12/08/2025,Varejo,2,749.8,143.3,303.25,Venda
SKU_1725_OFF,12/08/2025,Varejo,3,734.7,166.38,189.44,Venda
SKU_1825_MIN,12/08/2025,Varejo,1,174.9,0.0,174.9,Venda
SKU_1782_NAV,12/08/2025,Varejo,1,249.9,42.48,207.42,Venda
SKU_1775_PAS,12/08/2025,Atacado,10,2799.0,839.7,195.93,Venda
SKU_1739_AQU,12/08/2025,Varejo,2,509.8,83.42,213.19,Venda
SKU_1724_PEA,12/08/2025,Atacado,5,5574.5,1672.35,780.43,Venda
SKU_1485_CER,12/08/2025,Atacado,5,3324.5,1163.55,432.19,Venda
SKU_1727_WHI,12/08/2025,Atacado,5,774.5,232.35,108.43,Venda
SKU_1585_BLA,12/08/2025,E-commerce,1,319.9,88.17,231.73,Venda
SKU_1731_MIN,12/08/2025,Atacado,5,4549.5,1592.3,591.44,Venda
SKU_1782_HUN,12/08/2025,Varejo,1,249.9,47.66,202.24,Venda
SKU_1786_TEA,12/08/2025,Atacado,6,1079.4,323.82,125.93,Venda
SKU_1874_GAR,12/08/2025,Varejo,3,659.7,0.0,219.9,Venda
SKU_1469_SAL,12/08/2025,Varejo,2,589.8,100.24,244.78,Venda
SKU_1720_PAL,12/08/2025,Atacado,3,674.7,236.16,146.18,Venda
SKU_1518_LIM,12/08/2025,Atacado,6,1409.4,493.32,152.68,Venda
SKU_1784_EGR,12/08/2025,Varejo,1,309.9,65.1,244.8,Venda
SKU_1654_NAV,12/08/2025,Atacado,4,1239.6,371.88,216.93,Venda
SKU_1681_PIS,12/08/2025,Varejo,1,234.9,35.97,198.93,Venda
SKU_1533_DUS,12/08/2025,Atacado,3,494.7,197.88,98.94,Venda
SKU_1694_PIS,12/08/2025,E-commerce,1,279.9,75.47,204.43,Venda
SKU_1758_HON,12/08/2025,Atacado,6,1079.4,377.76,116.94,Venda
SKU_1776_PAS,12/08/2025,E-commerce,1,329.9,66.4,263.5,Venda
SKU_1971_RAS,12/08/2025,Atacado,4,3319.6,1161.84,539.44,Venda
SKU_1787_BAB,12/08/2025,E-commerce,2,579.8,92.4,243.7,Venda
SKU_1649_GAR,12/08/2025,Varejo,1,234.9,70.14,164.76,Venda
SKU_1791_ARM,12/08/2025,Atacado,8,2119.2,741.68,172.19,Venda
SKU_1650_EGR,12/08/2025,Atacado,4,4019.6,1406.88,653.18,Venda
SKU_1742_DEN,12/08/2025,Varejo,1,259.9,45.18,214.72,Venda
SKU_1795_RAS,12/08/2025,Atacado,10,2999.0,899.7,209.93,Venda
SKU_1711_ARM,12/08/2025,Varejo,1,994.9,239.4,755.5,Venda
SKU_1713_SNO,12/08/2025,Atacado,2,1009.8,403.92,302.94,Venda
SKU_1718_DUS,12/08/2025,Atacado,3,1109.7,388.38,240.44,Venda
SKU_1519_BLU,12/08/2025,Varejo,1,629.9,174.67,455.23,Venda
SKU_1718_SEA,12/08/2025,Atacado,8,2959.2,1035.68,240.44,Venda
SKU_1739_MOS,12/08/2025,Atacado,8,2039.2,713.76,165.68,Venda
SKU_1726_BUB,12/08/2025,Atacado,5,2149.5,644.85,300.93,Venda
SKU_1448_SEA,12/08/2025,E-commerce,1,179.9,42.83,137.07,Venda
SKU_1435_SKY,12/08/2025,Atacado,3,3029.7,908.91,706.93,Venda
SKU_1730_OFF,12/08/2025,Varejo,1,319.9,56.77,263.13,Venda
SKU_1700_PIS,12/08/2025,Atacado,5,3499.5,1224.8,454.94,Venda
SKU_1461_NAV,12/08/2025,Varejo,4,4279.6,1156.08,780.88,Venda
SKU_1758_CLO,12/08/2025,Atacado,5,899.5,269.85,125.93,Venda
SKU_1758_CLO,12/08/2025,E-commerce,1,179.9,45.94,133.96,Venda
SKU_1788_EME,12/08/2025,E-commerce,1,249.9,46.2,203.7,Venda
SKU_1736_JAD,12/08/2025,Atacado,8,2599.2,779.76,227.43,Venda
SKU_1722_PAS,12/08/2025,Varejo,3,974.7,278.73,231.99,Venda
SKU_1776_PAS,12/08/2025,E-commerce,1,329.9,82.13,247.77,Venda
SKU_1734_BRI,12/08/2025,E-commerce,1,349.9,87.02,262.88,Venda
SKU_1956_PEA,12/08/2025,Varejo,4,839.6,0.0,209.9,Venda
SKU_1720_PAL,12/08/2025,Varejo,2,449.8,92.1,178.85,Venda
SKU_1741_PIN,12/08/2025,Atacado,2,479.8,191.92,143.94,Venda
SKU_1538_PAS,12/08/2025,Varejo,1,209.9,39.2,170.7,Venda
SKU_1639_FRE,12/08/2025,Varejo,1,189.9,40.0,149.9,Venda
SKU_1417_BIR,12/08/2025,Atacado,2,559.8,251.92,153.94,Venda
SKU_1734_BRI,12/08/2025,Atacado,6,2099.4,629.82,244.93,Venda
SKU_1746_EME,12/08/2025,Varejo,1,179.9,51.9,128.0,Venda
SKU_1608_WHI,12/08/2025,Atacado,12,3658.8,1280.52,198.19,Venda
SKU_1735_MOS,12/08/2025,Atacado,12,3238.8,1133.52,175.44,Venda
SKU_1574_COB,12/08/2025,E-commerce,1,604.9,106.13,498.77,Venda
SKU_1565_LIG,12/08/2025,E-commerce,1,359.9,83.4,276.5,Venda
SKU_1699_CLO,12/08/2025,Atacado,5,1649.5,577.3,214.44,Venda
SKU_1801_FLA,12/08/2025,Varejo,1,374.9,107.13,267.77,Venda
SKU_1689_IVO,12/08/2025,Varejo,1,964.9,159.1,805.8,Venda
SKU_1687_FOR,12/08/2025,Varejo,1,899.9,207.51,692.39,Venda
SKU_1944_FUC,12/08/2025,Atacado,4,1599.6,559.84,259.94,Venda
SKU_1550_PAL,12/08/2025,E-commerce,1,164.9,41.57,123.33,Venda
SKU_1506_BRI,12/08/2025,Atacado,3,689.7,206.91,160.93,Venda
SKU_1740_OLI,12/08/2025,Varejo,2,429.8,113.58,158.11,Venda
SKU_1701_BLU,12/08/2025,Atacado,5,1699.5,509.85,237.93,Venda
SKU_1781_AQU,12/08/2025,Varejo,2,259.8,53.28,103.26,Venda
SKU_1733_NAV,12/08/2025,E-commerce,1,349.9,67.78,282.12,Venda
SKU_1497_VAN,12/08/2025,E-commerce,1,134.9,20.36,114.54,Venda
SKU_1697_MIN,12/08/2025,Atacado,6,1319.4,461.76,142.94,Venda
SKU_1767_FUC,12/08/2025,Varejo,1,204.9,48.29,156.61,Venda
SKU_1753_PAL,12/08/2025,Varejo,1,789.9,152.02,637.88,Venda
SKU_1780_LIG,12/08/2025,Atacado,3,1004.7,351.63,217.69,Venda
SKU_1530_HON,12/08/2025,Atacado,8,1039.2,415.68,77.94,Venda
SKU_1771_EME,12/08/2025,Varejo,4,1059.6,203.08,214.13,Venda
SKU_1783_EGR,12/08/2025,Varejo,1,1199.9,329.78,870.12,Venda
SKU_1691_ROS,12/08/2025,Varejo,4,1239.6,274.12,241.37,Venda
SKU_1718_DUS,12/08/2025,E-commerce,1,369.9,87.96,281.94,Venda
SKU_1724_PIN,12/08/2025,E-commerce,1,1114.9,216.26,898.64,Venda
SKU_1709_MAR,12/08/2025,E-commerce,1,209.9,47.73,162.17,Venda
SKU_1721_COR,12/08/2025,Atacado,10,4199.0,1259.7,293.93,Venda
SKU_1689_MAG,12/08/2025,Atacado,4,3859.6,1350.88,627.18,Venda
SKU_1695_CRE,12/08/2025,Atacado,5,1049.5,314.85,146.93,Venda
SKU_1668_VAN,12/08/2025,Atacado,12,3238.8,971.64,188.93,Venda
SKU_1515_AQU,12/08/2025,Atacado,4,779.6,272.88,126.68,Venda
SKU_1706_JAD,12/08/2025,Atacado,12,2218.8,776.64,120.18,Venda
SKU_1750_MIN,12/08/2025,E-commerce,1,369.9,99.65,270.25,Venda
SKU_1714_DEE,12/08/2025,Varejo,2,609.8,174.06,217.87,Venda
SKU_1911_LIG,12/08/2025,Atacado,5,1074.5,429.8,128.94,Venda
SKU_1763_HOT,12/08/2025,Varejo,1,299.9,51.5,248.4,Venda
SKU_1769_WHI,12/08/2025,Varejo,1,324.9,89.12,235.78,Venda
SKU_1724_PEA,12/08/2025,Varejo,1,1114.9,190.17,924.73,Venda
SKU_1629_ARM,12/08/2025,Atacado,5,1274.5,446.1,165.68,Venda
SKU_1791_IVO,12/08/2025,Atacado,4,1059.6,370.84,172.19,Venda
SKU_1592_CER,12/08/2025,Atacado,5,1049.5,419.8,125.94,Venda
SKU_1697_PIS,12/08/2025,Atacado,10,2199.0,769.6,142.94,Venda
SKU_1684_SHO,12/08/2025,Varejo,1,184.9,31.26,153.64,Venda
SKU_1686_SKY,12/08/2025,Atacado,5,1074.5,376.1,139.68,Venda
SKU_2071_PAS,12/08/2025,E-commerce,1,259.9,0.0,259.9,Venda
SKU_1794_LIG,12/08/2025,Varejo,2,419.8,105.18,157.31,Venda
SKU_1742_DEN,12/08/2025,Varejo,1,259.9,61.27,198.63,Venda
SKU_1767_FUC,12/08/2025,Varejo,1,204.9,54.99,149.91,Venda
SKU_1799_DEN,12/08/2025,Varejo,1,269.9,52.04,217.86,Venda
SKU_1777_FRE,12/08/2025,Atacado,5,1199.5,479.8,143.94,Venda
SKU_1752_SNO,12/08/2025,Atacado,5,2149.5,752.3,279.44,Venda
SKU_1734_BRI,12/08/2025,Atacado,10,3499.0,1574.5,192.45,Venda
SKU_1755_BIR,12/08/2025,Varejo,2,669.8,181.18,244.31,Venda
SKU_1780_LIG,12/08/2025,Atacado,5,1674.5,669.8,200.94,Venda
SKU_1798_MOS,12/08/2025,Varejo,1,419.9,108.36,311.54,Venda
SKU_1684_HON,12/08/2025,Atacado,5,924.5,277.35,129.43,Venda
SKU_1659_MOS,12/08/2025,E-commerce,1,1024.9,254.71,770.19,Venda
SKU_1688_WHI,12/08/2025,Atacado,5,2149.5,752.3,279.44,Venda
SKU_1704_BAB,12/08/2025,Varejo,1,334.9,75.92,258.98,Venda
SKU_1724_PIN,12/08/2025,Varejo,1,1114.9,221.26,893.64,Venda
SKU_1774_COB,12/08/2025,Atacado,3,614.7,184.41,143.43,Venda
SKU_1409_PEA,12/08/2025,Atacado,4,839.6,251.88,146.93,Venda
SKU_1695_LIM,12/08/2025,E-commerce,1,209.9,47.65,162.25,Venda
SKU_1792_MIN,12/08/2025,Atacado,4,1759.6,615.84,285.94,Venda
SKU_1719_OFF,12/08/2025,Atacado,3,959.7,287.91,223.93,Venda
SKU_1395_TUR,12/08/2025,Varejo,1,289.9,56.94,232.96,Venda
SKU_1679_SHO,12/08/2025,Atacado,8,7359.2,2207.76,643.93,Venda
SKU_1794_FLA,12/08/2025,Atacado,10,2099.0,839.6,125.94,Venda
SKU_1777_FRE,12/08/2025,Varejo,1,239.9,51.75,188.15,Venda
SKU_1704_BAB,12/08/2025,Atacado,4,1339.6,468.84,217.69,Venda
SKU_1772_BLU,12/08/2025,Atacado,3,1244.7,435.63,269.69,Venda
SKU_1768_MIN,12/08/2025,Atacado,4,2499.6,874.84,406.19,Venda
SKU_1554_PIS,12/08/2025,E-commerce,1,1034.9,260.84,774.06,Venda
SKU_1763_HOT,12/08/2025,Atacado,3,899.7,314.88,194.94,Venda
SKU_1670_PEA,12/08/2025,E-commerce,1,144.9,42.27,102.63,Venda
SKU_2034_PAS,12/08/2025,Atacado,4,679.6,203.88,118.93,Venda
SKU_1791_IVO,12/08/2025,Atacado,4,1059.6,370.84,172.19,Venda
SKU_1787_BAB,12/08/2025,Atacado,4,1159.6,347.88,202.93,Venda
SKU_1510_ROS,12/08/2025,Varejo,1,834.9,203.74,631.16,Venda
SKU_1789_SNO,12/08/2025,Varejo,1,269.9,74.97,194.93,Venda
SKU_1753_WHI,12/08/2025,Atacado,6,4739.4,1421.82,552.93,Venda
SKU_1880_TUR,12/08/2025,Atacado,3,2549.7,1019.88,509.94,Venda
SKU_1798_OFF,12/08/2025,E-commerce,1,419.9,85.79,334.11,Venda
SKU_1457_SNO,12/08/2025,Atacado,5,799.5,279.8,103.94,Venda
SKU_1546_IVO,12/08/2025,E-commerce,1,174.9,29.11,145.79,Venda
SKU_1693_MEX,12/08/2025,Atacado,3,614.7,245.88,122.94,Venda
SKU_1715_JAD,12/08/2025,Atacado,2,439.8,153.92,142.94,Venda
SKU_1591_HON,12/08/2025,Atacado,5,4449.5,1557.3,578.44,Venda
SKU_1468_BAB,12/08/2025,Varejo,1,529.9,154.64,375.26,Venda
SKU_1704_PEA,12/08/2025,Atacado,4,1339.6,401.88,234.43,Venda
SKU_1730_OFF,12/08/2025,Atacado,6,1919.4,671.76,207.94,Venda
SKU_1774_COB,12/08/2025,Varejo,1,204.9,44.63,160.27,Venda
SKU_1750_SNO,12/08/2025,Atacado,3,1109.7,443.88,221.94,Venda
SKU_2053_EGR,12/08/2025,Varejo,1,349.9,0.0,349.9,Venda
SKU_1467_FUC,12/08/2025,Varejo,1,204.9,57.23,147.67,Venda
SKU_1784_BLA,12/08/2025,Varejo,3,929.7,256.83,224.29,Venda
SKU_1941_MIN,12/08/2025,Varejo,1,1049.9,0.0,1049.9,Venda
SKU_1790_EGR,12/08/2025,Atacado,10,2599.0,779.7,181.93,Venda
SKU_1756_BUB,12/08/2025,Atacado,3,539.7,215.88,107.94,Venda
SKU_1498_LIG,12/08/2025,Atacado,2,679.8,237.92,220.94,Venda
SKU_1733_NAV,12/08/2025,E-commerce,1,349.9,100.6,249.3,Venda
SKU_1749_SNO,12/08/2025,Atacado,8,2799.2,1119.68,209.94,Venda
SKU_1791_ARM,12/08/2025,Atacado,6,1589.4,635.76,158.94,Venda
SKU_1473_BAB,12/08/2025,E-commerce,1,179.9,45.34,134.56,Venda
SKU_1705_SER,12/08/2025,Atacado,8,3279.2,1147.68,266.44,Venda
SKU_1521_FRE,12/08/2025,E-commerce,1,189.9,38.18,151.72,Venda
SKU_1690_MAG,12/08/2025,Atacado,6,3239.4,971.82,377.93,Venda
SKU_1727_LIG,12/08/2025,Atacado,8,1239.2,495.68,92.94,Venda
SKU_1642_SAL,12/08/2025,Atacado,3,674.7,202.41,157.43,Venda
SKU_2005_TEA,12/08/2025,Atacado,6,1079.4,323.82,125.93,Venda
SKU_1743_CLO,12/08/2025,Atacado,4,1759.6,703.84,263.94,Venda
SKU_1784_BLA,12/08/2025,E-commerce,1,309.9,70.07,239.83,Venda
SKU_1791_IVO,12/08/2025,Varejo,2,529.8,147.0,191.4,Venda
SKU_1754_IVO,12/08/2025,Atacado,5,1699.5,509.85,237.93,Venda
SKU_1800_MOS,12/08/2025,Atacado,5,1399.5,419.85,195.93,Venda
SKU_1735_COR,12/08/2025,Atacado,10,2699.0,809.7,188.93,Venda
SKU_1410_ROS,12/08/2025,E-commerce,1,1139.9,237.9,902.0,Venda
SKU_1407_OFF,12/08/2025,Atacado,2,429.8,128.94,150.43,Venda
SKU_1784_BLA,12/08/2025,Varejo,1,309.9,73.93,235.97,Venda
SKU_1781_AQU,12/08/2025,E-commerce,1,129.9,37.15,92.75,Venda
SKU_1788_MYS,12/08/2025,Varejo,1,249.9,74.52,175.38,Venda
SKU_1740_FRE,12/08/2025,E-commerce,1,214.9,58.68,156.22,Venda
SKU_1721_COR,12/08/2025,Varejo,1,419.9,84.27,335.63,Venda
SKU_1888_SEA,12/08/2025,Varejo,1,199.9,0.0,199.9,Venda
SKU_1716_AQU,12/08/2025,Varejo,3,494.7,93.78,133.64,Venda
SKU_1578_PAS,12/08/2025,E-commerce,1,124.9,28.85,96.05,Venda
SKU_1781_CLE,12/08/2025,Atacado,2,259.8,103.92,77.94,Venda
SKU_1624_PRI,12/08/2025,Atacado,2,419.8,146.92,136.44,Venda
SKU_1792_AQU,12/08/2025,Atacado,6,2639.4,923.76,285.94,Venda
SKU_1852_FOR,12/08/2025,E-commerce,1,499.9,0.0,499.9,Venda
SKU_1773_FRE,12/08/2025,Atacado,6,1949.4,779.76,194.94,Venda
SKU_1752_SNO,12/08/2025,E-commerce,1,429.9,123.46,306.44,Venda
SKU_1773_FRE,12/08/2025,E-commerce,1,324.9,83.32,241.58,Venda
SKU_1766_MYS,12/08/2025,Varejo,1,394.9,88.36,306.54,Venda
SKU_1758_CLO,12/08/2025,Varejo,1,179.9,46.07,133.83,Venda
SKU_1422_PIN,12/08/2025,E-commerce,1,314.9,65.96,248.94,Venda
SKU_1714_MID,12/08/2025,Varejo,1,304.9,81.67,223.23,Venda
SKU_1713_SAL,12/08/2025,Atacado,4,2019.6,706.84,328.19,Venda
SKU_1566_POW,12/08/2025,Atacado,6,6209.4,1862.82,724.43,Venda
SKU_1791_IVO,12/08/2025,Atacado,3,794.7,238.41,185.43,Venda
SKU_1441_IVO,12/08/2025,Atacado,10,11549.0,4042.2,750.68,Venda
SKU_1488_IVO,12/08/2025,Varejo,4,1359.6,232.32,281.82,Venda
SKU_1786_POW,12/08/2025,Varejo,1,179.9,33.8,146.1,Venda
SKU_1721_COR,12/08/2025,Atacado,6,2519.4,755.82,293.93,Venda
SKU_1780_LIG,12/08/2025,Atacado,2,669.8,234.42,217.69,Venda
SKU_1583_WHI,12/08/2025,Atacado,6,1529.4,458.82,178.43,Venda
SKU_1781_CLE,12/08/2025,Atacado,10,1299.0,389.7,90.93,Venda
SKU_1992_DEE,12/08/2025,Atacado,5,4624.5,1387.35,647.43,Venda
SKU_1719_OFF,12/08/2025,Varejo,1,319.9,94.59,225.31,Venda
SKU_1608_WHI,12/08/2025,Varejo,1,304.9,57.7,247.2,Venda
SKU_1776_PAS,12/08/2025,Atacado,2,659.8,197.94,230.93,Venda
SKU_1569_WHI,12/08/2025,E-commerce,2,439.8,86.56,176.62,Venda
SKU_1683_PAL,12/08/2025,Varejo,1,314.9,88.11,226.79,Venda
SKU_1783_EGR,12/08/2025,Varejo,1,1199.9,234.73,965.17,Venda
SKU_1716_AQU,12/08/2025,Varejo,1,164.9,34.68,130.22,Venda
SKU_1445_TEA,12/08/2025,Varejo,2,819.8,207.16,306.32,Venda
SKU_1772_BLU,12/08/2025,Varejo,1,414.9,120.27,294.63,Venda
SKU_1446_GAR,12/08/2025,Varejo,1,269.9,70.13,199.77,Venda
SKU_1687_WHI,12/08/2025,Atacado,5,4499.5,1349.85,629.93,Venda
SKU_1987_CLO,12/08/2025,Varejo,1,1119.9,0.0,1119.9,Venda
SKU_1788_MYS,12/08/2025,Atacado,5,1249.5,437.3,162.44,Venda
SKU_1762_BRI,12/08/2025,Atacado,6,1529.4,458.82,178.43,Venda
SKU_1734_FRE,12/08/2025,Varejo,1,349.9,71.49,278.41,Venda
SKU_1790_EGR,12/08/2025,Varejo,1,259.9,53.56,206.34,Venda
SKU_1796_SHO,12/08/2025,E-commerce,1,504.9,109.24,395.66,Venda
SKU_1770_JAD,12/08/2025,Atacado,6,1319.4,461.76,142.94,Venda
SKU_1978_ROS,12/08/2025,E-commerce,1,249.9,0.0,249.9,Venda
SKU_1396_FUC,12/08/2025,E-commerce,2,269.8,42.96,113.42,Venda
SKU_1727_WHI,12/08/2025,Varejo,2,309.8,74.3,117.75,Venda
SKU_1690_MAG,12/08/2025,Atacado,6,3239.4,1133.76,350.94,Venda
SKU_1536_MOS,12/08/2025,Varejo,1,344.9,101.3,243.6,Venda
SKU_1456_EME,12/08/2025,Atacado,3,944.7,330.63,204.69,Venda
SKU_1702_LIG,12/08/2025,Varejo,2,1239.8,267.32,486.24,Venda
SKU_1692_OLI,12/08/2025,Varejo,1,219.9,33.65,186.25,Venda
SKU_2027_CLE,12/08/2025,E-commerce,1,349.9,0.0,349.9,Venda
SKU_1693_MEX,12/08/2025,E-commerce,1,204.9,55.29,149.61,Venda
SKU_1962_LIG,12/08/2025,E-commerce,1,214.9,0.0,214.9,Venda
SKU_1733_SAG,12/08/2025,Varejo,2,699.8,134.44,282.68,Venda
SKU_2069_TEA,12/08/2025,Varejo,1,219.9,15.39,204.51,Venda
SKU_2007_LIG,12/08/2025,Atacado,5,1049.5,419.8,125.94,Venda
SKU_1838_BAL,12/08/2025,Varejo,2,639.8,44.78,297.51,Venda
SKU_1791_ARM,12/08/2025,Atacado,5,1324.5,529.8,158.94,Venda
SKU_1691_ROS,12/08/2025,Atacado,8,2479.2,867.68,201.44,Venda
SKU_1785_PAS,12/08/2025,Atacado,5,1224.5,367.35,171.43,Venda
SKU_1711_VAN,12/08/2025,Atacado,3,2984.7,1044.66,646.68,Venda
SKU_1592_CER,12/08/2025,Varejo,1,209.9,44.67,165.23,Venda
SKU_1756_BUB,12/08/2025,E-commerce,1,179.9,48.35,131.55,Venda
SKU_2100_BLU,12/08/2025,Atacado,3,3044.7,1065.66,659.68,Venda
SKU_1573_SAG,12/08/2025,Atacado,2,2049.8,717.44,666.18,Venda
SKU_1722_PAS,12/08/2025,Atacado,6,1949.4,682.26,211.19,Venda
SKU_1422_MIN,12/08/2025,Varejo,1,314.9,47.6,267.3,Venda
SKU_1800_MOS,12/08/2025,E-commerce,1,279.9,44.04,235.86,Venda
SKU_1525_MYS,12/08/2025,Varejo,1,289.9,65.96,223.94,Venda
SKU_1650_OLI,12/08/2025,E-commerce,3,3014.7,673.05,780.55,Venda
SKU_1611_BRI,12/08/2025,Atacado,10,2199.0,659.7,153.93,Venda
SKU_1740_FRE,12/08/2025,Varejo,1,214.9,61.73,153.17,Venda
SKU_1789_SNO,12/08/2025,E-commerce,1,269.9,69.85,200.05,Venda
SKU_1698_PRI,12/08/2025,Atacado,5,2099.5,629.85,293.93,Venda
SKU_1680_NAV,12/08/2025,Atacado,4,1339.6,468.84,217.69,Venda
SKU_1751_BLU,12/08/2025,Atacado,2,659.8,230.92,214.44,Venda
SKU_1718_DUS,12/08/2025,Atacado,3,1109.7,388.38,240.44,Venda
SKU_1751_MIN,12/08/2025,Atacado,2,659.8,263.92,197.94,Venda
SKU_1774_COB,12/08/2025,Varejo,1,204.9,42.53,162.37,Venda
SKU_1917_LIG,12/08/2025,Atacado,2,749.8,299.92,224.94,Venda
SKU_1903_DUS,12/08/2025,Atacado,10,3299.0,1154.6,214.44,Venda
SKU_1499_RAS,12/08/2025,Atacado,10,2599.0,909.6,168.94,Venda
SKU_1779_LIG,12/08/2025,E-commerce,1,214.9,50.48,164.42,Venda
SKU_1766_MYS,12/08/2025,E-commerce,1,394.9,113.38,281.52,Venda
SKU_1736_PAS,12/08/2025,Atacado,10,3249.0,974.7,227.43,Venda
SKU_1699_CLO,12/08/2025,Atacado,6,1979.4,692.76,214.44,Venda
SKU_1729_CLE,12/08/2025,Atacado,5,874.5,262.35,122.43,Venda
SKU_1733_SAG,12/08/2025,Atacado,4,1399.6,559.84,209.94,Venda
SKU_1731_MIN,12/08/2025,Varejo,3,2729.7,468.39,753.77,Venda
SKU_1711_ARM,12/08/2025,E-commerce,1,994.9,287.15,707.75,Venda
SKU_1563_WHI,12/08/2025,Varejo,1,149.9,30.52,119.38,Venda
SKU_1799_DEN,12/08/2025,Varejo,1,269.9,65.48,204.42,Venda
SKU_1758_HON,12/08/2025,Varejo,3,539.7,131.46,136.08,Venda
SKU_1515_SEA,12/08/2025,Atacado,6,1169.4,467.76,116.94,Venda
SKU_1782_HUN,12/08/2025,Atacado,4,999.6,449.84,137.44,Venda
SKU_1696_SHO,12/08/2025,Atacado,2,559.8,195.92,181.94,Venda
SKU_1390_SAP,12/08/2025,E-commerce,1,229.9,57.12,172.78,Venda
SKU_1715_JAD,12/08/2025,Varejo,3,659.7,172.2,162.5,Venda
SKU_1777_TUR,12/08/2025,Atacado,4,959.6,287.88,167.93,Venda
SKU_1750_SNO,12/08/2025,Varejo,2,739.8,219.72,260.04,Venda
SKU_1785_PAS,12/08/2025,Atacado,6,1469.4,587.76,146.94,Venda
SKU_2111_SNO,12/08/2025,E-commerce,1,234.9,0.0,234.9,Venda
SKU_1701_SPA,12/08/2025,Atacado,8,2719.2,815.76,237.93,Venda
SKU_1657_SPA,12/08/2025,Varejo,1,214.9,49.58,165.32,Venda
SKU_1779_LIG,12/08/2025,Atacado,8,1719.2,601.76,139.68,Venda
SKU_1392_LIM,12/08/2025,Atacado,6,1769.4,619.26,191.69,Venda
SKU_1705_JAD,12/08/2025,Varejo,1,409.9,91.89,318.01,Venda
SKU_1788_EME,12/08/2025,Atacado,2,499.8,174.92,162.44,Venda
SKU_1581_BIR,12/08/2025,E-commerce,1,854.9,139.33,715.57,Venda
SKU_1406_PRI,12/08/2025,Atacado,6,2099.4,734.76,227.44,Venda
SKU_1666_FUC,12/08/2025,Atacado,5,3999.5,1399.8,519.94,Venda
SKU_1768_MIN,12/08/2025,Varejo,2,1249.8,337.32,456.24,Venda
SKU_1715_HON,12/08/2025,E-commerce,2,439.8,121.0,159.4,Venda
SKU_1771_PIN,12/08/2025,Varejo,1,264.9,77.57,187.33,Venda
SKU_1771_EME,12/08/2025,Varejo,1,264.9,43.59,221.31,Venda
SKU_1697_MIN,12/08/2025,Varejo,1,219.9,36.99,182.91,Venda
SKU_1676_PIN,12/08/2025,Varejo,1,169.9,25.91,143.99,Venda
SKU_1721_FRE,12/08/2025,Atacado,3,1259.7,377.91,293.93,Venda
SKU_1776_BIR,12/08/2025,E-commerce,1,329.9,80.8,249.1,Venda
SKU_1528_DEN,12/08/2025,Atacado,12,2578.8,902.64,139.68,Venda
SKU_2058_BUB,12/08/2025,E-commerce,1,209.9,0.0,209.9,Venda
SKU_1714_DEE,12/08/2025,Varejo,1,304.9,50.87,254.03,Venda
SKU_1756_BUB,12/08/2025,Varejo,1,179.9,29.55,150.35,Venda
SKU_1560_PAL,12/08/2025,Varejo,1,224.9,55.99,168.91,Venda
SKU_1682_OLI,12/08/2025,Atacado,6,1409.4,493.32,152.68,Venda
SKU_1753_PAL,12/08/2025,E-commerce,1,789.9,208.23,581.67,Venda
SKU_1486_PAL,12/08/2025,E-commerce,1,289.9,48.01,241.89,Venda
SKU_1799_POW,12/08/2025,Atacado,3,809.7,242.91,188.93,Venda
SKU_1759_CLE,12/08/2025,Varejo,1,269.9,43.61,226.29,Venda
SKU_1740_FRE,12/08/2025,E-commerce,1,214.9,49.93,164.97,Venda
SKU_1566_PEA,12/08/2025,Atacado,6,6209.4,2173.32,672.68,Venda
SKU_1558_CLE,12/08/2025,Varejo,1,329.9,53.16,276.74,Venda
SKU_1795_HUN,12/08/2025,Varejo,1,299.9,48.26,251.64,Venda
SKU_1467_FUC,12/08/2025,Varejo,1,204.9,40.37,164.53,Venda
SKU_1735_MOS,12/08/2025,Atacado,2,539.8,161.94,188.93,Venda
SKU_1534_MYS,12/08/2025,Varejo,4,799.6,177.96,155.41,Venda
SKU_1749_SNO,12/08/2025,Varejo,1,349.9,103.75,246.15,Venda
SKU_1792_AQU,12/08/2025,E-commerce,1,439.9,108.65,331.25,Venda
SKU_1801_FLA,12/08/2025,Varejo,1,374.9,95.42,279.48,Venda
SKU_1546_IVO,12/08/2025,Atacado,3,524.7,183.66,113.68,Venda
SKU_1693_MEX,12/08/2025,Varejo,1,204.9,54.36,150.54,Venda
SKU_1702_LIG,12/08/2025,Varejo,1,619.9,169.3,450.6,Venda
SKU_1552_SAP,12/08/2025,Varejo,1,659.9,131.31,528.59,Venda
SKU_1632_SAP,12/08/2025,Atacado,3,554.7,166.41,129.43,Venda
SKU_1749_BIR,12/08/2025,Varejo,1,349.9,101.7,248.2,Venda
SKU_1644_PEA,12/08/2025,Varejo,1,319.9,78.64,241.26,Venda
SKU_1447_BLU,12/08/2025,Atacado,3,719.7,251.88,155.94,Venda
SKU_1697_PIS,12/08/2025,Varejo,1,219.9,61.78,158.12,Venda
SKU_1717_MIN,12/08/2025,Atacado,8,2079.2,727.68,168.94,Venda
SKU_1771_EME,12/08/2025,Atacado,3,794.7,238.41,185.43,Venda
SKU_1604_CLE,12/08/2025,Atacado,3,1814.7,635.13,393.19,Venda
SKU_1800_SKY,12/08/2025,Varejo,2,559.8,163.96,197.92,Venda
SKU_1931_MID,12/08/2025,Atacado,5,3724.5,1303.55,484.19,Venda
SKU_1733_SAG,12/08/2025,E-commerce,1,349.9,61.04,288.86,Venda
SKU_1741_PIN,12/08/2025,Atacado,2,479.8,167.92,155.94,Venda
SKU_1712_NAV,12/08/2025,Atacado,6,1079.4,377.76,116.94,Venda
SKU_1747_FUC,12/08/2025,Atacado,4,699.6,244.88,113.68,Venda
SKU_1690_MAG,12/08/2025,Varejo,2,1079.8,184.86,447.47,Venda
SKU_1782_NAV,12/08/2025,E-commerce,1,249.9,71.21,178.69,Venda
SKU_2021_SAL,12/08/2025,E-commerce,1,189.9,0.0,189.9,Venda
SKU_1767_FUC,12/08/2025,E-commerce,1,204.9,60.94,143.96,Venda
SKU_1477_EME,12/08/2025,Atacado,6,1349.4,404.82,157.43,Venda
SKU_1792_AQU,12/08/2025,E-commerce,1,439.9,121.35,318.55,Venda
SKU_1788_MYS,12/08/2025,E-commerce,1,249.9,48.33,201.57,Venda
SKU_1428_COB,12/08/2025,Varejo,4,1959.6,387.72,392.97,Venda
SKU_1604_CLE,12/08/2025,E-commerce,1,604.9,93.88,511.02,Venda
SKU_1733_NAV,12/08/2025,Atacado,3,1049.7,367.38,227.44,Venda
SKU_1421_SER,12/08/2025,Varejo,1,229.9,55.67,174.23,Venda
SKU_1710_OLI,12/08/2025,E-commerce,1,809.9,241.75,568.15,Venda
SKU_1729_CLE,12/08/2025,Varejo,1,174.9,48.73,126.17,Venda
SKU_1507_PAS,12/08/2025,Varejo,1,179.9,36.22,143.68,Venda
SKU_1684_SHO,12/08/2025,E-commerce,1,184.9,28.81,156.09,Venda
SKU_2101_PAS,12/08/2025,Atacado,4,979.6,293.88,171.43,Venda
SKU_1396_FUC,12/08/2025,E-commerce,1,134.9,21.15,113.75,Venda
SKU_1766_MYS,12/08/2025,Varejo,1,394.9,96.47,298.43,Venda
SKU_1602_AQU,12/08/2025,Varejo,1,229.9,62.88,167.02,Venda
SKU_1775_PAS,12/08/2025,Varejo,1,279.9,64.89,215.01,Venda
SKU_2012_ROY,12/08/2025,Varejo,2,1639.8,0.0,819.9,Venda
SKU_1689_IVO,12/08/2025,Atacado,8,7719.2,2701.76,627.18,Venda
SKU_1763_HOT,12/08/2025,Atacado,4,1199.6,419.84,194.94,Venda
SKU_1699_CLO,12/08/2025,Atacado,6,1979.4,791.76,197.94,Venda
SKU_1728_MID,12/08/2025,Atacado,8,2639.2,1055.68,197.94,Venda
SKU_1600_SHO,12/08/2025,Varejo,1,394.9,64.85,330.05,Venda
SKU_1865_POW,12/08/2025,Varejo,2,499.8,0.0,249.9,Venda
SKU_1442_EME,12/08/2025,Varejo,1,289.9,86.95,202.95,Venda
SKU_1724_PEA,12/08/2025,Atacado,4,4459.6,1560.88,724.68,Venda
SKU_1747_FUC,12/08/2025,Varejo,2,349.8,61.82,143.99,Venda
SKU_1719_OFF,12/08/2025,Atacado,3,959.7,335.88,207.94,Venda
SKU_1801_FLA,12/08/2025,Atacado,4,1499.6,524.84,243.69,Venda
SKU_1689_IVO,12/08/2025,Varejo,2,1929.8,382.36,773.72,Venda
SKU_1763_MAR,12/08/2025,Atacado,4,1199.6,359.88,209.93,Venda
SKU_1740_OLI,12/08/2025,Varejo,1,214.9,34.71,180.19,Venda
SKU_1766_CLE,12/08/2025,Varejo,1,394.9,83.71,311.19,Venda
SKU_1680_SEA,12/08/2025,Varejo,1,334.9,62.75,272.15,Venda
SKU_1718_SEA,12/08/2025,Atacado,4,1479.6,443.88,258.93,Venda
SKU_1445_PRI,12/08/2025,Atacado,10,4099.0,1639.6,245.94,Venda
SKU_1414_DUS,12/08/2025,Atacado,5,1699.5,679.8,203.94,Venda
SKU_1524_BLU,12/08/2025,Varejo,1,369.9,91.62,278.28,Venda
SKU_1716_AQU,12/08/2025,Atacado,6,989.4,395.76,98.94,Venda
SKU_1759_CLE,12/08/2025,Varejo,1,269.9,63.89,206.01,Venda
SKU_1707_SAP,12/08/2025,Atacado,4,1119.6,391.84,181.94,Venda
SKU_2096_TEA,12/08/2025,Varejo,1,259.9,18.19,241.71,Venda
SKU_1409_PEA,12/08/2025,Varejo,1,209.9,41.16,168.74,Venda
SKU_1701_SPA,12/08/2025,Atacado,2,679.8,237.92,220.94,Venda
SKU_1741_PIN,12/08/2025,Varejo,1,239.9,45.94,193.96,Venda
SKU_1737_DEE,12/08/2025,Atacado,5,3849.5,1154.85,538.93,Venda
SKU_1762_DEN,12/08/2025,Varejo,1,254.9,64.46,190.44,Venda
SKU_1740_FRE,12/08/2025,Atacado,6,1289.4,386.82,150.43,Venda
SKU_1673_PEA,12/08/2025,Varejo,4,1639.6,398.96,310.16,Venda
SKU_1682_OLI,12/08/2025,Atacado,3,704.7,246.66,152.68,Venda
SKU_1694_PIS,12/08/2025,Varejo,1,279.9,43.42,236.48,Venda
SKU_1687_WHI,12/08/2025,Atacado,10,8999.0,3599.6,539.94,Venda
SKU_1738_BLU,12/08/2025,Varejo,1,194.9,37.95,156.95,Venda
SKU_1680_SEA,12/08/2025,Atacado,10,3349.0,1004.7,234.43,Venda
SKU_1710_OLI,12/08/2025,E-commerce,1,809.9,238.93,570.97,Venda
SKU_1762_DEN,12/08/2025,E-commerce,1,254.9,69.94,184.96,Venda
SKU_1684_HON,12/08/2025,Varejo,1,184.9,38.22,146.68,Venda
SKU_1739_AQU,12/08/2025,Atacado,2,509.8,178.44,165.68,Venda
SKU_1724_PIN,12/08/2025,Atacado,10,11149.0,4459.6,668.94,Venda
SKU_1612_SNO,12/08/2025,Atacado,4,1319.6,527.84,197.94,Venda
SKU_1419_FLA,12/08/2025,E-commerce,1,249.9,61.98,187.92,Venda
SKU_1738_ROY,12/08/2025,Varejo,1,194.9,38.88,156.02,Venda
SKU_1722_PAS,12/08/2025,Varejo,1,324.9,70.49,254.41,Venda
SKU_1713_SAL,12/08/2025,Varejo,4,2019.6,605.24,353.59,Venda
SKU_1494_EGR,12/08/2025,Varejo,1,1084.9,245.78,839.12,Venda
SKU_1795_RAS,12/08/2025,Atacado,4,1199.6,479.84,179.94,Venda
SKU_2000_SHO,12/08/2025,Varejo,1,214.9,0.0,214.9,Venda
SKU_1777_FRE,12/08/2025,Atacado,10,2399.0,719.7,167.93,Venda
SKU_1643_EGR,12/08/2025,Varejo,1,224.9,61.09,163.81,Venda
SKU_1406_PRI,12/08/2025,Varejo,1,349.9,58.11,291.79,Venda
SKU_1737_SAG,12/08/2025,E-commerce,1,769.9,178.59,591.31,Venda
SKU_1547_FUC,12/08/2025,Varejo,1,329.9,79.81,250.09,Venda
SKU_1687_WHI,12/08/2025,Atacado,3,2699.7,1079.88,539.94,Venda
SKU_1711_ARM,12/08/2025,Atacado,3,2984.7,895.41,696.43,Venda
SKU_1532_BRI,12/08/2025,Atacado,6,5879.4,2351.76,587.94,Venda
SKU_1588_PAS,12/08/2025,E-commerce,1,489.9,121.3,368.6,Venda
SKU_1683_PAL,12/08/2025,Varejo,1,314.9,83.91,230.99,Venda
SKU_1570_HON,12/08/2025,Atacado,8,5719.2,2287.68,428.94,Venda
SKU_1754_IVO,12/08/2025,Atacado,4,1359.6,475.84,220.94,Venda
SKU_2070_SPA,12/08/2025,Atacado,5,1074.5,322.35,150.43,Venda
SKU_1798_OFF,12/08/2025,Atacado,3,1259.7,377.91,293.93,Venda
SKU_1733_NAV,12/08/2025,Varejo,1,349.9,66.96,282.94,Venda
SKU_1710_MEX,12/08/2025,E-commerce,1,809.9,140.51,669.39,Venda
SKU_1725_OFF,12/08/2025,Varejo,1,244.9,42.64,202.26,Venda
SKU_1559_BLU,12/08/2025,Atacado,8,9599.2,3359.68,779.94,Venda
SKU_1709_MAR,12/08/2025,Atacado,3,629.7,220.38,136.44,Venda
SKU_1747_FUC,12/08/2025,Varejo,1,174.9,35.2,139.7,Venda
SKU_1796_OLI,12/08/2025,Varejo,1,504.9,150.95,353.95,Venda
SKU_1709_MAR,12/08/2025,Varejo,2,419.8,102.04,158.88,Venda
SKU_1480_MEX,12/08/2025,Varejo,1,369.9,66.42,303.48,Venda
SKU_1735_COR,12/08/2025,Varejo,1,269.9,43.06,226.84,Venda
SKU_1680_NAV,12/08/2025,Atacado,3,1004.7,351.63,217.69,Venda
SKU_1742_DEN,12/08/2025,Varejo,1,259.9,55.93,203.97,Venda
SKU_1451_BIR,12/08/2025,E-commerce,2,489.8,107.86,190.97,Venda
SKU_1735_MOS,12/08/2025,Atacado,6,1619.4,566.76,175.44,Venda
SKU_1696_SER,12/08/2025,Atacado,10,2799.0,1119.6,167.94,Venda
SKU_1793_WHI,12/08/2025,Atacado,3,569.7,227.88,113.94,Venda
SKU_2115_CER,12/08/2025,Varejo,1,384.9,0.0,384.9,Venda
SKU_1690_MAG,12/08/2025,Varejo,1,539.9,135.21,404.69,Venda
SKU_1795_RAS,12/08/2025,Varejo,2,599.8,98.04,250.88,Venda
SKU_1472_MYS,12/08/2025,Atacado,4,1879.6,563.88,328.93,Venda
SKU_1553_HOT,12/08/2025,Varejo,1,254.9,51.01,203.89,Venda
SKU_1697_MIN,12/08/2025,Varejo,4,879.6,145.76,183.46,Venda
SKU_1732_OFF,12/08/2025,Atacado,4,4459.6,1560.88,724.68,Venda
SKU_2083_GAR,12/08/2025,Atacado,4,939.6,328.88,152.68,Venda
SKU_1761_SAP,12/08/2025,Varejo,1,1104.9,257.18,847.72,Venda
SKU_1658_BAB,12/08/2025,E-commerce,1,879.9,220.41,659.49,Venda
SKU_1783_BAB,12/08/2025,Atacado,3,3599.7,1259.88,779.94,Venda
SKU_1769_WHI,12/08/2025,E-commerce,1,324.9,64.35,260.55,Venda
SKU_1739_AQU,12/08/2025,Atacado,2,509.8,152.94,178.43,Venda
SKU_1725_OFF,12/08/2025,Atacado,5,1224.5,367.35,171.43,Venda
SKU_1745_PEA,12/08/2025,Varejo,1,409.9,92.5,317.4,Venda
SKU_1698_SNO,12/08/2025,Varejo,1,419.9,94.66,325.24,Venda
SKU_1681_PIS,12/08/2025,Atacado,6,1409.4,493.32,152.68,Venda
SKU_1791_ARM,12/08/2025,Atacado,12,3178.8,1112.52,172.19,Venda
SKU_1699_COB,12/08/2025,E-commerce,1,329.9,50.56,279.34,Venda
SKU_1736_PAS,12/08/2025,Varejo,1,324.9,97.38,227.52,Venda
SKU_1683_SHO,12/08/2025,Varejo,1,314.9,48.57,266.33,Venda
SKU_1505_SNO,12/08/2025,Atacado,4,939.6,281.88,164.43,Venda
SKU_1737_SAG,12/08/2025,E-commerce,1,769.9,147.62,622.28,Venda
SKU_1771_PIN,12/08/2025,Atacado,3,794.7,278.13,172.19,Venda
SKU_1783_EGR,12/08/2025,Atacado,5,5999.5,1799.85,839.93,Venda
SKU_1688_WHI,12/08/2025,Atacado,8,3439.2,1031.76,300.93,Venda
SKU_1948_WHI,12/08/2025,Varejo,1,199.9,0.0,199.9,Venda
SKU_1759_CLE,12/08/2025,Atacado,5,1349.5,472.3,175.44,Venda
SKU_1426_NAV,12/08/2025,Atacado,2,259.8,103.92,77.94,Venda
SKU_1762_DEN,12/08/2025,Varejo,3,764.7,177.09,195.87,Venda
SKU_1778_TEA,12/08/2025,Atacado,2,569.8,199.42,185.19,Venda
SKU_1706_JAD,12/08/2025,Varejo,1,184.9,29.56,155.34,Venda
SKU_1658_MYS,12/08/2025,Varejo,4,3519.6,760.08,689.88,Venda
SKU_1759_CLE,12/08/2025,Atacado,8,2159.2,647.76,188.93,Venda
SKU_1726_PAS,12/08/2025,Atacado,6,2579.4,773.82,300.93,Venda
SKU_1681_PIS,12/08/2025,Atacado,4,939.6,281.88,164.43,Venda
SKU_1692_OLI,12/08/2025,E-commerce,1,219.9,36.73,183.17,Venda
SKU_1731_ARM,12/08/2025,Atacado,2,1819.8,727.92,545.94,Venda
SKU_1801_FLA,12/08/2025,Atacado,8,2999.2,899.76,262.43,Venda
SKU_1629_CLO,12/08/2025,Atacado,2,509.8,178.44,165.68,Venda
SKU_1717_CRE,12/08/2025,Varejo,1,259.9,46.25,213.65,Venda
SKU_1755_BIR,12/08/2025,Atacado,6,2009.4,602.82,234.43,Venda
SKU_1758_HON,12/08/2025,Varejo,1,179.9,34.64,145.26,Venda
SKU_1763_MAR,12/08/2025,Varejo,1,299.9,54.61,245.29,Venda
SKU_1661_CER,12/08/2025,Atacado,6,5939.4,2078.76,643.44,Venda
SKU_1637_BLU,12/08/2025,Atacado,3,2759.7,1103.88,551.94,Venda
SKU_1797_BLU,12/08/2025,E-commerce,1,379.9,74.79,305.11,Venda
SKU_1767_PRI,12/08/2025,Atacado,6,1229.4,491.76,122.94,Venda
SKU_2032_WHI,12/08/2025,Atacado,5,1274.5,382.35,178.43,Venda
SKU_1551_DUS,12/08/2025,Varejo,2,439.8,102.18,168.81,Venda
SKU_1769_EME,12/08/2025,Varejo,3,974.7,275.04,233.22,Venda
SKU_1522_MOS,12/08/2025,Varejo,1,149.9,22.78,127.12,Venda
SKU_1830_IVO,12/08/2025,Varejo,2,519.8,36.38,241.71,Venda
SKU_1745_FOR,12/08/2025,Varejo,1,409.9,115.4,294.5,Venda
SKU_1493_CLO,12/08/2025,Varejo,1,329.9,84.62,245.28,Venda
SKU_1750_MIN,12/08/2025,Atacado,2,739.8,258.92,240.44,Venda
SKU_1745_FOR,12/08/2025,Atacado,2,819.8,286.92,266.44,Venda
SKU_1732_WHI,12/08/2025,Varejo,2,2229.8,647.28,791.26,Venda
SKU_1445_PRI,12/08/2025,Atacado,3,1229.7,368.91,286.93,Venda
SKU_1691_ROS,12/08/2025,Varejo,2,619.8,144.6,237.6,Venda
SKU_1740_FRE,12/08/2025,Atacado,6,1289.4,386.82,150.43,Venda
SKU_1424_BAB,12/08/2025,Atacado,5,4974.5,2238.5,547.2,Venda
SKU_1760_PAS,12/08/2025,Varejo,1,249.9,42.1,207.8,Venda
SKU_1623_SER,12/08/2025,Atacado,5,4574.5,1601.05,594.69,Venda
SKU_1390_PAS,12/08/2025,Varejo,1,229.9,63.75,166.15,Venda
SKU_1396_PAS,12/08/2025,E-commerce,1,134.9,28.12,106.78,Venda
SKU_1730_MIN,12/08/2025,E-commerce,1,319.9,57.08,262.82,Venda
SKU_1713_SNO,12/08/2025,Atacado,3,1514.7,530.13,328.19,Venda
SKU_1685_COB,12/08/2025,Varejo,2,1329.8,210.36,559.72,Venda
SKU_1760_OFF,12/08/2025,Atacado,8,1999.2,599.76,174.93,Venda
SKU_1991_PIN,12/08/2025,E-commerce,1,299.9,0.0,299.9,Venda
SKU_1417_BIR,12/08/2025,Varejo,1,279.9,70.5,209.4,Venda
SKU_1661_WHI,12/08/2025,E-commerce,1,989.9,204.23,785.67,Venda
SKU_1606_SEA,12/08/2025,Varejo,1,1084.9,202.81,882.09,Venda
SKU_1730_OFF,12/08/2025,Atacado,2,639.8,223.92,207.94,Venda
SKU_1777_TUR,12/08/2025,Varejo,1,239.9,59.26,180.64,Venda
SKU_1545_HOT,12/08/2025,Atacado,6,1559.4,623.76,155.94,Venda
SKU_1695_LIM,12/08/2025,Varejo,3,629.7,120.03,169.89,Venda
SKU_1781_CLE,12/08/2025,Atacado,3,389.7,136.38,84.44,Venda
SKU_1468_MYS,12/08/2025,E-commerce,1,529.9,119.11,410.79,Venda
SKU_1788_MYS,12/08/2025,Atacado,12,2998.8,1049.52,162.44,Venda
SKU_1792_AQU,12/08/2025,Varejo,1,439.9,76.33,363.57,Venda
SKU_1788_MYS,12/08/2025,E-commerce,1,249.9,46.5,203.4,Venda
SKU_1772_SNO,12/08/2025,Atacado,5,2074.5,829.8,248.94,Venda
SKU_1442_OFF,12/08/2025,Atacado,3,869.7,260.91,202.93,Venda
SKU_1548_CLO,12/08/2025,Atacado,6,2849.4,997.26,308.69,Venda
SKU_1794_LIG,12/08/2025,Varejo,1,209.9,55.59,154.31,Venda
SKU_1685_BIR,12/08/2025,Atacado,12,7978.8,2792.52,432.19,Venda
SKU_1929_PEA,12/08/2025,Varejo,1,294.9,20.64,274.26,Venda
SKU_1406_PRI,12/08/2025,Varejo,1,349.9,52.81,297.09,Venda
SKU_1648_RAS,12/08/2025,Atacado,4,2799.6,839.88,489.93,Venda
SKU_1691_HUN,12/08/2025,Varejo,2,619.8,179.4,220.2,Venda
SKU_1718_SEA,12/08/2025,Varejo,1,369.9,87.67,282.23,Venda
SKU_1784_EGR,12/08/2025,Varejo,1,309.9,55.28,254.62,Venda
SKU_1576_AQU,12/08/2025,Atacado,2,489.8,146.94,171.43,Venda
SKU_1753_WHI,12/08/2025,Atacado,6,4739.4,1421.82,552.93,Venda
SKU_1882_TUR,12/08/2025,Atacado,4,959.6,287.88,167.93,Venda
SKU_2056_SKY,12/08/2025,Varejo,1,1034.9,0.0,1034.9,Venda
SKU_1673_PEA,12/08/2025,Atacado,8,3279.2,1147.68,266.44,Venda
SKU_1711_VAN,12/08/2025,E-commerce,2,1989.8,374.54,807.63,Venda
SKU_1727_LIG,12/08/2025,Atacado,6,929.4,371.76,92.94,Venda
SKU_1485_CER,12/08/2025,Varejo,1,664.9,195.19,469.71,Venda
SKU_1845_BAL,12/08/2025,Varejo,1,819.9,0.0,819.9,Venda
SKU_1515_SEA,12/08/2025,Atacado,4,779.6,233.88,136.43,Venda
SKU_1773_FRE,12/08/2025,E-commerce,3,974.7,207.18,255.84,Venda
SKU_1751_BLU,12/08/2025,Atacado,4,1319.6,593.8,181.45,Venda
SKU_2060_VAN,12/08/2025,Varejo,1,934.9,0.0,934.9,Venda
SKU_1747_FUC,12/08/2025,Atacado,5,874.5,306.1,113.68,Venda
SKU_1789_SNO,12/08/2025,Atacado,4,1079.6,431.84,161.94,Venda
SKU_1712_NAV,12/08/2025,Atacado,4,719.6,287.84,107.94,Venda
SKU_1614_IVO,12/08/2025,Atacado,4,1779.6,533.88,311.43,Venda
SKU_1577_FLA,12/08/2025,Varejo,1,159.9,39.8,120.1,Venda
SKU_1591_HON,12/08/2025,Atacado,8,7119.2,2491.68,578.44,Venda
SKU_1790_EGR,12/08/2025,Varejo,1,259.9,59.79,200.11,Venda
SKU_1697_PIS,12/08/2025,Varejo,1,219.9,34.7,185.2,Venda
SKU_1469_SAL,12/08/2025,Atacado,6,1769.4,619.26,191.69,Venda
SKU_1696_SHO,12/08/2025,Atacado,6,1679.4,671.76,167.94,Venda
SKU_1720_PAL,12/08/2025,Varejo,2,449.8,96.8,176.5,Venda
SKU_1744_LIG,12/08/2025,Varejo,3,794.7,122.37,224.11,Venda
SKU_1743_DEE,12/08/2025,E-commerce,1,439.9,102.08,337.82,Venda
SKU_1410_JAD,12/08/2025,Atacado,12,13678.8,4103.64,797.93,Venda
SKU_2011_TUR,12/08/2025,Varejo,1,254.9,0.0,254.9,Venda
SKU_1683_SHO,12/08/2025,Atacado,6,1889.4,566.82,220.43,Venda
SKU_1541_AQU,12/08/2025,Atacado,12,8098.8,2834.52,438.69,Venda
SKU_1858_IVO,12/08/2025,Varejo,1,899.9,0.0,899.9,Venda
SKU_1727_WHI,12/08/2025,Atacado,5,774.5,271.1,100.68,Venda
SKU_1755_BIR,12/08/2025,Atacado,4,1339.6,468.84,217.69,Venda
SKU_2112_MID,12/08/2025,Atacado,4,1339.6,468.84,217.69,Venda
SKU_1695_CRE,12/08/2025,Atacado,10,2099.0,734.6,136.44,Venda
SKU_1831_HOT,12/08/2025,Atacado,4,1339.6,401.88,234.43,Venda
SKU_1506_PAL,12/08/2025,Atacado,8,1839.2,735.68,137.94,Venda
SKU_1443_BLU,12/08/2025,Varejo,1,269.9,50.4,219.5,Venda
SKU_2073_HUN,12/08/2025,Varejo,1,289.9,0.0,289.9,Venda
SKU_1496_PEA,12/08/2025,Varejo,1,1134.9,339.05,795.85,Venda
SKU_1748_BAB,12/08/2025,Atacado,5,1549.5,619.8,185.94,Venda
SKU_1788_MYS,12/08/2025,Varejo,1,249.9,43.92,205.98,Venda
SKU_1780_AQU,12/08/2025,Atacado,4,1339.6,401.88,234.43,Venda
SKU_1712_MOS,12/08/2025,Atacado,4,719.6,287.84,107.94,Venda
SKU_1883_ARM,12/08/2025,Varejo,1,224.9,0.0,224.9,Venda
SKU_1778_TEA,12/08/2025,Varejo,1,284.9,83.12,201.78,Venda
SKU_1772_SNO,12/08/2025,E-commerce,1,414.9,78.34,336.56,Venda
SKU_1590_HOT,12/08/2025,Atacado,2,379.8,113.94,132.93,Venda
SKU_1716_AQU,13/08/2025,Atacado,3,494.7,173.16,107.18,Venda
SKU_1705_SER,13/08/2025,Atacado,3,1229.7,430.38,266.44,Venda
SKU_1701_SPA,13/08/2025,Varejo,1,339.9,59.46,280.44,Venda
SKU_1906_SHO,13/08/2025,Varejo,1,294.9,0.0,294.9,Venda
SKU_1749_SNO,13/08/2025,Varejo,1,349.9,75.97,273.93,Venda
SKU_1659_MOS,13/08/2025,Atacado,6,6149.4,1844.82,717.43,Venda
SKU_1746_NAV,13/08/2025,Varejo,1,179.9,38.04,141.86,Venda
SKU_1768_MIN,13/08/2025,Atacado,2,1249.8,499.92,374.94,Venda
SKU_1633_DEN,13/08/2025,Atacado,10,2349.0,704.7,164.43,Venda
SKU_2062_DUS,13/08/2025,Varejo,1,139.9,0.0,139.9,Venda
SKU_1705_SER,13/08/2025,Atacado,6,2459.4,737.82,286.93,Venda
SKU_1738_BLU,13/08/2025,Atacado,5,974.5,292.35,136.43,Venda
SKU_1567_POW,13/08/2025,Varejo,1,689.9,115.08,574.82,Venda
SKU_1777_TUR,13/08/2025,Varejo,1,239.9,39.36,200.54,Venda
SKU_1687_WHI,13/08/2025,Atacado,5,4499.5,1799.8,539.94,Venda
SKU_1771_PIN,13/08/2025,Varejo,1,264.9,45.79,219.11,Venda
SKU_1788_EME,13/08/2025,E-commerce,1,249.9,55.97,193.93,Venda
SKU_1781_AQU,13/08/2025,Varejo,1,129.9,21.2,108.7,Venda
SKU_1398_SPA,13/08/2025,Atacado,5,3374.5,1349.8,404.94,Venda
SKU_1794_FLA,13/08/2025,Varejo,1,209.9,36.63,173.27,Venda
SKU_1713_SAL,13/08/2025,Varejo,2,1009.8,266.78,371.51,Venda
SKU_1685_COB,13/08/2025,Varejo,1,664.9,154.08,510.82,Venda
SKU_1789_EME,13/08/2025,Atacado,3,809.7,242.91,188.93,Venda
SKU_1685_BIR,13/08/2025,Atacado,3,1994.7,598.41,465.43,Venda
SKU_1742_DEN,13/08/2025,Varejo,1,259.9,48.34,211.56,Venda
SKU_1696_SHO,13/08/2025,Atacado,5,1399.5,489.8,181.94,Venda
SKU_1435_SKY,13/08/2025,Atacado,8,8079.2,2827.68,656.44,Venda
SKU_1685_COB,13/08/2025,Varejo,1,664.9,176.89,488.01,Venda
SKU_2034_PAS,13/08/2025,Atacado,10,1699.0,594.6,110.44,Venda
SKU_1741_PIN,13/08/2025,E-commerce,2,479.8,132.12,173.84,Venda
SKU_1680_SEA,13/08/2025,Atacado,5,1674.5,669.8,200.94,Venda
SKU_1626_DEN,13/08/2025,Varejo,2,1079.8,215.6,432.1,Venda
SKU_1966_CER,13/08/2025,Varejo,1,674.9,0.0,674.9,Venda
SKU_1682_BIR,13/08/2025,E-commerce,1,234.9,38.44,196.46,Venda
SKU_1731_ARM,13/08/2025,Atacado,5,4549.5,1364.85,636.93,Venda
SKU_1796_OLI,13/08/2025,Varejo,1,504.9,78.69,426.21,Venda
SKU_1774_MOS,13/08/2025,Atacado,8,1639.2,573.76,133.18,Venda
SKU_2029_BAB,13/08/2025,Atacado,8,7719.2,3473.6,530.7,Venda
SKU_1752_SPA,13/08/2025,Atacado,4,1719.6,687.84,257.94,Venda
SKU_1777_FRE,13/08/2025,Atacado,8,1919.2,671.68,155.94,Venda
SKU_2047_HUN,13/08/2025,Atacado,3,3374.7,1012.41,787.43,Venda
SKU_1490_VAN,13/08/2025,E-commerce,1,314.9,82.58,232.32,Venda
SKU_2115_PEA,13/08/2025,Atacado,2,769.8,307.92,230.94,Venda
SKU_1617_MIN,13/08/2025,Atacado,4,659.6,296.8,90.7,Venda
SKU_1733_NAV,13/08/2025,Varejo,1,349.9,75.39,274.51,Venda
SKU_1765_PAS,13/08/2025,Atacado,3,779.7,311.88,155.94,Venda
SKU_1682_BIR,13/08/2025,Varejo,1,234.9,69.38,165.52,Venda
SKU_1740_FRE,13/08/2025,Atacado,5,1074.5,376.1,139.68,Venda
SKU_1718_DUS,13/08/2025,Varejo,1,369.9,71.19,298.71,Venda
SKU_2036_MAR,13/08/2025,E-commerce,1,239.9,0.0,239.9,Venda
SKU_1578_TEA,13/08/2025,Varejo,1,124.9,19.96,104.94,Venda
SKU_1769_EME,13/08/2025,E-commerce,1,324.9,86.12,238.78,Venda
SKU_1560_PAL,13/08/2025,Atacado,5,1124.5,393.6,146.18,Venda
SKU_1707_ARM,13/08/2025,Atacado,6,1679.4,587.76,181.94,Venda
SKU_1468_MYS,13/08/2025,Atacado,2,1059.8,423.92,317.94,Venda
SKU_1709_CRE,13/08/2025,Varejo,1,209.9,39.43,170.47,Venda
SKU_1640_IVO,13/08/2025,Atacado,4,879.6,263.88,153.93,Venda
SKU_1550_IVO,13/08/2025,E-commerce,1,164.9,46.21,118.69,Venda
SKU_1693_FLA,13/08/2025,Atacado,10,2049.0,614.7,143.43,Venda
SKU_1821_NAV,13/08/2025,Atacado,2,529.8,185.42,172.19,Venda
SKU_1789_EME,13/08/2025,Atacado,3,809.7,242.91,188.93,Venda
SKU_1753_WHI,13/08/2025,Atacado,5,3949.5,1382.3,513.44,Venda
SKU_1627_BAB,13/08/2025,Varejo,1,329.9,59.61,270.29,Venda
SKU_1744_LIG,13/08/2025,Atacado,8,2119.2,741.68,172.19,Venda
SKU_1466_SAP,13/08/2025,Varejo,1,269.9,47.32,222.58,Venda
SKU_1723_COB,13/08/2025,Atacado,10,4349.0,1304.7,304.43,Venda
SKU_2113_DUS,13/08/2025,Varejo,1,164.9,11.54,153.36,Venda
SKU_1414_DUS,13/08/2025,Varejo,3,1019.7,217.95,267.25,Venda
SKU_1779_MIN,13/08/2025,Atacado,6,1289.4,451.32,139.68,Venda
SKU_1727_LIG,13/08/2025,Atacado,4,619.6,185.88,108.43,Venda
SKU_1768_PEA,13/08/2025,Varejo,2,1249.8,362.7,443.55,Venda
SKU_1618_SAL,13/08/2025,E-commerce,1,179.9,51.33,128.57,Venda
SKU_1713_SAL,13/08/2025,Atacado,8,4039.2,1211.76,353.43,Venda
SKU_1628_PEA,13/08/2025,E-commerce,1,549.9,113.92,435.98,Venda
SKU_1688_WHI,13/08/2025,Varejo,1,429.9,94.33,335.57,Venda
SKU_1714_MID,13/08/2025,Varejo,1,304.9,56.04,248.86,Venda
SKU_1732_OFF,13/08/2025,Varejo,1,1114.9,309.59,805.31,Venda
SKU_1401_GAR,13/08/2025,E-commerce,2,479.8,108.12,185.84,Venda
SKU_1882_TUR,13/08/2025,Varejo,1,239.9,0.0,239.9,Venda
SKU_1542_PEA,13/08/2025,Varejo,1,469.9,94.73,375.17,Venda
SKU_1784_BLA,13/08/2025,Varejo,1,309.9,61.27,248.63,Venda
SKU_1644_PEA,13/08/2025,Atacado,6,1919.4,575.82,223.93,Venda
SKU_1391_LIG,13/08/2025,Atacado,3,854.7,256.41,199.43,Venda
SKU_1412_BAB,13/08/2025,Atacado,2,1789.8,536.94,626.43,Venda
SKU_1684_SHO,13/08/2025,Varejo,1,184.9,42.49,142.41,Venda
SKU_1858_IVO,13/08/2025,Atacado,5,4499.5,1799.8,539.94,Venda
SKU_1696_SER,13/08/2025,Varejo,1,279.9,78.45,201.45,Venda
SKU_1683_SHO,13/08/2025,Atacado,6,1889.4,566.82,220.43,Venda
SKU_1551_ROS,13/08/2025,Atacado,6,1319.4,461.76,142.94,Venda
SKU_1776_BIR,13/08/2025,Atacado,3,989.7,346.38,214.44,Venda
SKU_2041_MOS,13/08/2025,Varejo,1,219.9,0.0,219.9,Venda
SKU_1778_MIN,13/08/2025,E-commerce,1,284.9,49.28,235.62,Venda
SKU_1791_ARM,13/08/2025,E-commerce,2,529.8,150.54,189.63,Venda
SKU_1949_VAN,13/08/2025,Atacado,3,494.7,148.41,115.43,Venda
SKU_1765_MYS,13/08/2025,Varejo,4,1039.6,304.68,183.73,Venda
SKU_1724_PEA,13/08/2025,Atacado,8,8919.2,3121.76,724.68,Venda
SKU_1771_PIN,13/08/2025,Atacado,5,1324.5,463.55,172.19,Venda
SKU_1699_COB,13/08/2025,Atacado,8,2639.2,1055.68,197.94,Venda
SKU_1771_EME,13/08/2025,Varejo,1,264.9,62.5,202.4,Venda
SKU_1447_BLU,13/08/2025,E-commerce,1,239.9,46.38,193.52,Venda
SKU_1712_MOS,13/08/2025,Atacado,8,1439.2,503.68,116.94,Venda
SKU_1766_CLE,13/08/2025,Varejo,2,789.8,192.46,298.67,Venda
SKU_1695_LIM,13/08/2025,E-commerce,1,209.9,49.3,160.6,Venda
SKU_1799_POW,13/08/2025,Atacado,4,1079.6,323.88,188.93,Venda
SKU_1799_DEN,13/08/2025,Atacado,4,1079.6,323.88,188.93,Venda
SKU_1673_PEA,13/08/2025,Varejo,3,1229.7,235.47,331.41,Venda
SKU_1718_SEA,13/08/2025,Varejo,3,1109.7,200.88,302.94,Venda
SKU_1681_PIS,13/08/2025,E-commerce,1,234.9,38.97,195.93,Venda
SKU_1716_AQU,13/08/2025,Varejo,1,164.9,42.66,122.24,Venda
SKU_1756_BUB,13/08/2025,E-commerce,1,179.9,45.48,134.42,Venda
SKU_1775_PAS,13/08/2025,Atacado,2,559.8,167.94,195.93,Venda
SKU_2064_SAP,13/08/2025,Atacado,4,1599.6,479.88,279.93,Venda
SKU_1771_PIN,13/08/2025,Atacado,3,794.7,317.88,158.94,Venda
SKU_1789_EME,13/08/2025,E-commerce,1,269.9,73.15,196.75,Venda
SKU_1690_MAG,13/08/2025,Varejo,1,539.9,102.39,437.51,Venda
SKU_1786_TEA,13/08/2025,Atacado,6,1079.4,323.82,125.93,Venda
SKU_1506_PAL,13/08/2025,E-commerce,2,459.8,113.88,172.96,Venda
SKU_1747_FUC,13/08/2025,Atacado,4,699.6,244.88,113.68,Venda
SKU_1787_BAB,13/08/2025,Atacado,5,1449.5,579.8,173.94,Venda
SKU_1805_WHI,13/08/2025,Atacado,4,2319.6,695.88,405.93,Venda
SKU_1828_FLA,13/08/2025,Atacado,4,979.6,391.84,146.94,Venda
SKU_1742_DEN,13/08/2025,Atacado,5,1299.5,454.8,168.94,Venda
SKU_1744_EME,13/08/2025,E-commerce,1,264.9,45.57,219.33,Venda
SKU_1405_CLO,13/08/2025,Varejo,1,214.9,55.2,159.7,Venda
SKU_1510_SNO,13/08/2025,E-commerce,1,834.9,207.63,627.27,Venda
SKU_1727_WHI,13/08/2025,Atacado,6,929.4,325.32,100.68,Venda
SKU_1689_MAG,13/08/2025,E-commerce,1,964.9,251.28,713.62,Venda
SKU_1588_PAS,13/08/2025,Atacado,6,2939.4,881.82,342.93,Venda
SKU_1861_DEE,13/08/2025,Varejo,1,194.9,0.0,194.9,Venda
SKU_1686_SKY,13/08/2025,E-commerce,1,214.9,55.02,159.88,Venda
SKU_1785_HUN,13/08/2025,Varejo,2,489.8,103.4,193.2,Venda
SKU_1702_COR,13/08/2025,Varejo,1,619.9,111.65,508.25,Venda
SKU_1606_SEA,13/08/2025,Atacado,4,4339.6,1301.88,759.43,Venda
SKU_1749_SNO,13/08/2025,Varejo,2,699.8,187.1,256.35,Venda
SKU_1795_RAS,13/08/2025,Varejo,2,599.8,157.84,220.98,Venda
SKU_1798_MOS,13/08/2025,Atacado,2,839.8,293.92,272.94,Venda
SKU_1761_MOS,13/08/2025,Atacado,10,11049.0,4419.6,662.94,Venda
SKU_1989_MAG,13/08/2025,Varejo,1,349.9,0.0,349.9,Venda
SKU_1701_BLU,13/08/2025,Atacado,3,1019.7,356.88,220.94,Venda
SKU_2068_IVO,13/08/2025,E-commerce,1,404.9,28.34,376.56,Venda
SKU_1784_EGR,13/08/2025,Varejo,1,309.9,60.04,249.86,Venda
SKU_1875_BAB,13/08/2025,Atacado,3,524.7,183.66,113.68,Venda
SKU_1459_CRE,13/08/2025,Atacado,10,2099.0,629.7,146.93,Venda
SKU_1795_HUN,13/08/2025,E-commerce,1,299.9,87.71,212.19,Venda
SKU_1729_FUC,13/08/2025,Atacado,10,1749.0,699.6,104.94,Venda
SKU_1571_WHI,13/08/2025,Atacado,3,749.7,299.88,149.94,Venda
SKU_1976_JAD,13/08/2025,Atacado,8,4319.2,1511.68,350.94,Venda
SKU_2050_MOS,13/08/2025,Atacado,10,4549.0,1364.7,318.43,Venda
SKU_1694_PIS,13/08/2025,Atacado,3,839.7,335.88,167.94,Venda
SKU_1697_PIS,13/08/2025,Varejo,2,439.8,82.44,178.68,Venda
SKU_1866_ROS,13/08/2025,Varejo,1,324.9,0.0,324.9,Venda
SKU_1715_HON,13/08/2025,Varejo,2,439.8,73.42,183.19,Venda
SKU_1401_GAR,13/08/2025,Varejo,2,479.8,75.44,202.18,Venda
SKU_1722_AQU,13/08/2025,Atacado,8,2599.2,909.68,211.19,Venda
SKU_1776_PAS,13/08/2025,Atacado,12,3958.8,1385.52,214.44,Venda
SKU_1450_JAD,13/08/2025,Varejo,1,409.9,70.02,339.88,Venda
SKU_1744_EME,13/08/2025,Varejo,1,264.9,72.57,192.33,Venda
SKU_1693_MEX,13/08/2025,E-commerce,1,204.9,51.17,153.73,Venda
SKU_1698_PRI,13/08/2025,Atacado,3,1259.7,503.88,251.94,Venda
SKU_1746_NAV,13/08/2025,Atacado,2,359.8,107.94,125.93,Venda
SKU_1731_ARM,13/08/2025,Varejo,1,909.9,139.61,770.29,Venda
SKU_1736_JAD,13/08/2025,Varejo,1,324.9,56.1,268.8,Venda
SKU_1753_PAL,13/08/2025,Varejo,1,789.9,125.33,664.57,Venda
SKU_1962_LIG,13/08/2025,Varejo,2,429.8,0.0,214.9,Venda
SKU_1568_FRE,13/08/2025,Varejo,1,234.9,36.37,198.53,Venda
SKU_1693_FLA,13/08/2025,Atacado,5,1024.5,307.35,143.43,Venda
SKU_1749_SNO,13/08/2025,Atacado,4,1399.6,629.8,192.45,Venda
SKU_1890_ROY,13/08/2025,E-commerce,1,254.9,0.0,254.9,Venda
SKU_1706_JAD,13/08/2025,Atacado,4,739.6,258.88,120.18,Venda
SKU_1878_SEA,13/08/2025,Varejo,1,439.9,0.0,439.9,Venda
SKU_1847_MYS,13/08/2025,Atacado,6,1619.4,485.82,188.93,Venda
SKU_1431_CRE,13/08/2025,E-commerce,1,369.9,65.04,304.86,Venda
SKU_1863_MOS,13/08/2025,Varejo,1,254.9,0.0,254.9,Venda
SKU_1729_FUC,13/08/2025,Atacado,3,524.7,183.66,113.68,Venda
SKU_1728_MID,13/08/2025,Atacado,6,1979.4,692.76,214.44,Venda
SKU_1458_PEA,13/08/2025,E-commerce,1,349.9,90.37,259.53,Venda
SKU_1742_EME,13/08/2025,Varejo,1,259.9,51.9,208.0,Venda
SKU_1764_MAR,13/08/2025,Atacado,8,1879.2,751.68,140.94,Venda
SKU_1722_AQU,13/08/2025,Atacado,6,1949.4,682.26,211.19,Venda
SKU_1761_SAP,13/08/2025,E-commerce,1,1104.9,319.93,784.97,Venda
SKU_1442_EME,13/08/2025,Varejo,1,289.9,52.97,236.93,Venda
SKU_1737_DEE,13/08/2025,Atacado,3,2309.7,692.91,538.93,Venda
SKU_1488_IVO,13/08/2025,Varejo,1,339.9,65.88,274.02,Venda
SKU_1760_OFF,13/08/2025,Varejo,1,249.9,71.16,178.74,Venda
SKU_1748_COB,13/08/2025,Atacado,10,3099.0,1084.6,201.44,Venda
SKU_1779_LIG,13/08/2025,E-commerce,1,214.9,47.46,167.44,Venda
SKU_1741_PIN,13/08/2025,Varejo,1,239.9,60.72,179.18,Venda
SKU_2010_BIR,13/08/2025,Varejo,1,919.9,0.0,919.9,Venda
SKU_1736_JAD,13/08/2025,E-commerce,1,324.9,92.99,231.91,Venda
SKU_1736_JAD,13/08/2025,Varejo,1,324.9,81.09,243.81,Venda
SKU_1789_SNO,13/08/2025,Atacado,3,809.7,242.91,188.93,Venda
SKU_1685_COB,13/08/2025,E-commerce,1,664.9,181.3,483.6,Venda
SKU_1722_AQU,13/08/2025,Varejo,1,324.9,84.53,240.37,Venda
SKU_1766_CLE,13/08/2025,Varejo,1,394.9,86.43,308.47,Venda
SKU_1749_BIR,13/08/2025,Atacado,5,1749.5,699.8,209.94,Venda
SKU_1755_AQU,13/08/2025,E-commerce,1,334.9,55.42,279.48,Venda
SKU_1678_LIG,13/08/2025,Atacado,6,4289.4,1501.26,464.69,Venda
SKU_1726_BUB,13/08/2025,E-commerce,1,429.9,101.46,328.44,Venda
SKU_1598_NAV,13/08/2025,E-commerce,2,979.8,235.96,371.92,Venda
SKU_1449_NAV,13/08/2025,Atacado,3,974.7,389.88,194.94,Venda
SKU_1977_NAV,13/08/2025,Varejo,2,429.8,30.08,199.86,Venda
SKU_1761_MOS,13/08/2025,E-commerce,1,1104.9,249.12,855.78,Venda
SKU_1725_BAB,13/08/2025,Varejo,2,489.8,93.88,197.96,Venda
SKU_1707_ARM,13/08/2025,Varejo,1,279.9,50.76,229.14,Venda
SKU_1666_PAS,13/08/2025,Atacado,6,4799.4,1919.76,479.94,Venda
SKU_1684_SHO,13/08/2025,Atacado,3,554.7,166.41,129.43,Venda
SKU_1730_OFF,13/08/2025,Atacado,3,959.7,335.88,207.94,Venda
SKU_1717_CRE,13/08/2025,Varejo,1,259.9,46.39,213.51,Venda
SKU_1773_OLI,13/08/2025,Atacado,8,2599.2,1039.68,194.94,Venda
SKU_1518_LIM,13/08/2025,Varejo,4,939.6,146.72,198.22,Venda
SKU_1708_FLA,13/08/2025,Atacado,8,1359.2,543.68,101.94,Venda
SKU_1977_NAV,13/08/2025,Varejo,1,214.9,0.0,214.9,Venda
SKU_1767_FUC,13/08/2025,Atacado,4,819.6,368.8,112.7,Venda
SKU_1789_SNO,13/08/2025,E-commerce,2,539.8,97.52,221.14,Venda
SKU_1741_PIN,13/08/2025,Varejo,1,239.9,63.32,176.58,Venda
SKU_1618_SAP,13/08/2025,Atacado,3,539.7,161.91,125.93,Venda
SKU_1696_SER,13/08/2025,E-commerce,1,279.9,56.6,223.3,Venda
SKU_1539_BLA,13/08/2025,Varejo,1,349.9,80.45,269.45,Venda
SKU_1999_SKY,13/08/2025,E-commerce,1,234.9,16.44,218.46,Venda
SKU_1695_LIM,13/08/2025,E-commerce,2,419.8,87.6,166.1,Venda
SKU_1757_TUR,13/08/2025,Varejo,1,264.9,61.59,203.31,Venda
SKU_1682_BIR,13/08/2025,Varejo,1,234.9,62.2,172.7,Venda
SKU_1789_EME,13/08/2025,Varejo,2,539.8,108.5,215.65,Venda
SKU_1786_POW,13/08/2025,E-commerce,1,179.9,46.18,133.72,Venda
SKU_1692_BLU,13/08/2025,Varejo,1,219.9,65.31,154.59,Venda
SKU_1718_DUS,13/08/2025,Atacado,6,2219.4,665.82,258.93,Venda
SKU_1692_BLU,13/08/2025,Varejo,1,219.9,33.07,186.83,Venda
SKU_1888_NAV,13/08/2025,Varejo,1,199.9,0.0,199.9,Venda
SKU_1686_SKY,13/08/2025,Varejo,1,214.9,54.2,160.7,Venda
SKU_1749_SNO,13/08/2025,Atacado,5,1749.5,612.3,227.44,Venda
SKU_1744_EME,13/08/2025,E-commerce,1,264.9,68.93,195.97,Venda
SKU_1770_JAD,13/08/2025,Atacado,3,659.7,197.91,153.93,Venda
SKU_1779_LIG,13/08/2025,Atacado,6,1289.4,386.82,150.43,Venda
SKU_1741_PIN,13/08/2025,Varejo,2,479.8,105.26,187.27,Venda
SKU_1456_EME,13/08/2025,Varejo,2,629.8,174.96,227.42,Venda
SKU_1746_EME,13/08/2025,Atacado,8,1439.2,503.68,116.94,Venda
SKU_1501_OLI,13/08/2025,Atacado,3,509.7,152.91,118.93,Venda
SKU_1681_OFF,13/08/2025,Atacado,10,2349.0,704.7,164.43,Venda
SKU_1779_LIG,13/08/2025,Varejo,1,214.9,46.66,168.24,Venda
SKU_1779_MIN,13/08/2025,Varejo,2,429.8,86.82,171.49,Venda
SKU_1763_MAR,13/08/2025,Varejo,1,299.9,49.72,250.18,Venda
SKU_1701_BLU,13/08/2025,Varejo,1,339.9,59.25,280.65,Venda
SKU_1684_SHO,13/08/2025,Atacado,4,739.6,221.88,129.43,Venda
SKU_1431_CRE,13/08/2025,Varejo,1,369.9,68.7,301.2,Venda
SKU_1779_LIG,13/08/2025,Atacado,6,1289.4,386.82,150.43,Venda
SKU_1799_DEN,13/08/2025,Atacado,5,1349.5,404.85,188.93,Venda
SKU_1799_DEN,13/08/2025,E-commerce,1,269.9,44.12,225.78,Venda
SKU_1467_FUC,13/08/2025,E-commerce,1,204.9,42.11,162.79,Venda
SKU_1773_FRE,13/08/2025,Varejo,2,649.8,105.14,272.33,Venda
SKU_1681_OFF,13/08/2025,Atacado,2,469.8,187.92,140.94,Venda
SKU_1539_PEA,13/08/2025,Varejo,2,699.8,137.24,281.28,Venda
SKU_1713_SNO,13/08/2025,Varejo,1,504.9,113.93,390.97,Venda
SKU_1760_OFF,13/08/2025,Atacado,6,1499.4,449.82,174.93,Venda
SKU_1693_MEX,13/08/2025,Atacado,3,614.7,245.88,122.94,Venda
SKU_1435_OLI,13/08/2025,Varejo,2,2019.8,601.34,709.23,Venda
SKU_1715_HON,13/08/2025,Atacado,6,1319.4,461.76,142.94,Venda
SKU_2026_HON,13/08/2025,Varejo,1,1029.9,0.0,1029.9,Venda
SKU_1743_CLO,13/08/2025,Varejo,1,439.9,119.08,320.82,Venda
SKU_1780_AQU,13/08/2025,Varejo,3,1004.7,294.6,236.7,Venda
SKU_1751_BLU,13/08/2025,Varejo,1,329.9,83.07,246.83,Venda
SKU_1748_BAB,13/08/2025,Atacado,5,1549.5,464.85,216.93,Venda
SKU_1793_WHI,13/08/2025,E-commerce,1,189.9,32.92,156.98,Venda
SKU_2058_BUB,13/08/2025,Atacado,10,2099.0,839.6,125.94,Venda
SKU_1722_AQU,13/08/2025,Varejo,3,974.7,277.98,232.24,Venda
SKU_1758_HON,13/08/2025,E-commerce,1,179.9,32.44,147.46,Venda
SKU_1736_JAD,13/08/2025,Varejo,2,649.8,129.38,260.21,Venda
SKU_1729_FUC,13/08/2025,Atacado,6,1049.4,367.32,113.68,Venda
SKU_1501_OLI,13/08/2025,E-commerce,1,169.9,40.97,128.93,Venda
SKU_1699_CLO,13/08/2025,Atacado,6,1979.4,593.82,230.93,Venda
SKU_1698_PRI,13/08/2025,Atacado,4,1679.6,671.84,251.94,Venda
SKU_1691_HUN,13/08/2025,E-commerce,1,309.9,70.2,239.7,Venda
SKU_1747_TEA,13/08/2025,Varejo,1,174.9,26.36,148.54,Venda
SKU_1861_DEE,13/08/2025,E-commerce,1,194.9,13.64,181.26,Venda
SKU_1753_WHI,13/08/2025,Atacado,5,3949.5,1184.85,552.93,Venda
SKU_1475_MIN,13/08/2025,Varejo,2,499.8,107.4,196.2,Venda
SKU_1760_PAS,13/08/2025,E-commerce,1,249.9,38.42,211.48,Venda
SKU_1889_BIR,13/08/2025,Atacado,3,809.7,323.88,161.94,Venda
SKU_1780_AQU,13/08/2025,Varejo,2,669.8,174.76,247.52,Venda
SKU_1727_WHI,13/08/2025,Atacado,10,1549.0,464.7,108.43,Venda
SKU_1777_TUR,13/08/2025,Atacado,5,1199.5,419.8,155.94,Venda
SKU_1683_SHO,13/08/2025,Varejo,1,314.9,90.12,224.78,Venda
SKU_1760_OFF,13/08/2025,Varejo,1,249.9,59.21,190.69,Venda
SKU_1767_FUC,13/08/2025,Atacado,6,1229.4,368.82,143.43,Venda
SKU_1508_LIM,13/08/2025,E-commerce,1,209.9,56.35,153.55,Venda
SKU_1435_SKY,13/08/2025,Varejo,2,2019.8,512.36,753.72,Venda
SKU_1682_OLI,13/08/2025,Varejo,3,704.7,108.69,198.67,Venda
SKU_1645_MIN,13/08/2025,Atacado,4,1599.6,559.84,259.94,Venda
SKU_1721_COR,13/08/2025,Atacado,5,2099.5,839.8,251.94,Venda
SKU_1688_WHI,13/08/2025,Varejo,4,1719.6,348.6,342.75,Venda
SKU_1761_SAP,13/08/2025,Varejo,1,1104.9,174.98,929.92,Venda
SKU_1826_SAP,13/08/2025,Atacado,12,5818.8,1745.64,339.43,Venda
SKU_1561_LIM,13/08/2025,Varejo,4,1399.6,331.44,267.04,Venda
SKU_1769_WHI,13/08/2025,Atacado,6,1949.4,584.82,227.43,Venda
SKU_1759_CLE,13/08/2025,Atacado,10,2699.0,944.6,175.44,Venda
SKU_1778_TEA,13/08/2025,Atacado,12,3418.8,1367.52,170.94,Venda
SKU_1619_IVO,13/08/2025,Atacado,3,599.7,239.88,119.94,Venda
SKU_1740_OLI,13/08/2025,Atacado,3,644.7,225.66,139.68,Venda
SKU_1393_SKY,13/08/2025,Atacado,6,1859.4,557.82,216.93,Venda
SKU_1706_JAD,13/08/2025,Atacado,4,739.6,258.88,120.18,Venda
SKU_1687_FOR,13/08/2025,Atacado,6,5399.4,1619.82,629.93,Venda
SKU_1545_HOT,13/08/2025,Varejo,1,259.9,47.25,212.65,Venda
SKU_1718_SEA,13/08/2025,E-commerce,1,369.9,84.81,285.09,Venda
SKU_1527_TEA,13/08/2025,E-commerce,1,909.9,168.32,741.58,Venda
SKU_1799_POW,13/08/2025,Atacado,5,1349.5,472.3,175.44,Venda
SKU_1796_OLI,13/08/2025,E-commerce,1,504.9,121.4,383.5,Venda
SKU_1743_DEE,13/08/2025,E-commerce,1,439.9,78.59,361.31,Venda
SKU_1712_MOS,13/08/2025,Atacado,2,359.8,107.94,125.93,Venda
SKU_1702_COR,13/08/2025,Varejo,1,619.9,168.4,451.5,Venda
SKU_1984_PIN,13/08/2025,Varejo,1,299.9,0.0,299.9,Venda
SKU_1651_PAS,13/08/2025,Atacado,6,1589.4,476.82,185.43,Venda
SKU_1423_SAG,13/08/2025,Varejo,1,1199.9,232.23,967.67,Venda
SKU_1784_EGR,13/08/2025,Atacado,2,619.8,216.92,201.44,Venda
SKU_2015_OLI,13/08/2025,E-commerce,1,314.9,0.0,314.9,Venda
SKU_1696_SHO,13/08/2025,Atacado,2,559.8,167.94,195.93,Venda
SKU_1756_FLA,13/08/2025,Atacado,3,539.7,215.88,107.94,Venda
SKU_1628_POW,13/08/2025,E-commerce,2,1099.8,290.82,404.49,Venda
SKU_1703_BLU,13/08/2025,E-commerce,1,269.9,42.76,227.14,Venda
SKU_1689_MAG,13/08/2025,Varejo,1,964.9,156.38,808.52,Venda
SKU_1716_SAL,13/08/2025,Atacado,2,329.8,98.94,115.43,Venda
SKU_2114_BIR,13/08/2025,Varejo,1,389.9,0.0,389.9,Venda
SKU_1753_PAL,13/08/2025,E-commerce,1,789.9,197.92,591.98,Venda
SKU_1416_AQU,13/08/2025,Atacado,8,2239.2,671.76,195.93,Venda
SKU_1684_SHO,13/08/2025,Atacado,4,739.6,258.88,120.18,Venda
SKU_1750_MIN,13/08/2025,Varejo,1,369.9,69.09,300.81,Venda
SKU_1704_BAB,13/08/2025,E-commerce,1,334.9,78.06,256.84,Venda
SKU_1590_HOT,13/08/2025,Varejo,1,189.9,44.01,145.89,Venda
SKU_1716_SAL,13/08/2025,Atacado,2,329.8,115.44,107.18,Venda
SKU_1800_SKY,13/08/2025,E-commerce,1,279.9,53.42,226.48,Venda
SKU_1485_CER,13/08/2025,Atacado,4,2659.6,1063.84,398.94,Venda
SKU_1594_BAL,13/08/2025,Atacado,4,1999.6,599.88,349.93,Venda
SKU_1797_BLU,13/08/2025,Varejo,1,379.9,92.09,287.81,Venda
SKU_1467_FUC,13/08/2025,Atacado,4,819.6,245.88,143.43,Venda
SKU_1625_GAR,13/08/2025,E-commerce,1,204.9,41.32,163.58,Venda
SKU_1801_MOS,13/08/2025,Varejo,1,374.9,100.16,274.74,Venda
SKU_1715_JAD,13/08/2025,Atacado,6,1319.4,461.76,142.94,Venda
SKU_1765_PAS,13/08/2025,E-commerce,3,779.7,155.82,207.96,Venda
SKU_1780_AQU,13/08/2025,Varejo,1,334.9,98.68,236.22,Venda
SKU_1712_MOS,13/08/2025,Varejo,1,179.9,35.09,144.81,Venda
SKU_1768_MIN,13/08/2025,E-commerce,1,624.9,141.23,483.67,Venda
SKU_1797_GAR,13/08/2025,Varejo,1,379.9,60.42,319.48,Venda
SKU_1680_NAV,13/08/2025,Varejo,1,334.9,57.07,277.83,Venda
SKU_1495_FUC,13/08/2025,E-commerce,1,329.9,80.64,249.26,Venda
SKU_1389_SHO,13/08/2025,E-commerce,3,419.7,68.79,116.97,Venda
SKU_1704_BAB,13/08/2025,Varejo,2,669.8,189.64,240.08,Venda
SKU_1771_EME,13/08/2025,Atacado,5,1324.5,463.55,172.19,Venda
SKU_1982_VAN,13/08/2025,Atacado,3,674.7,269.88,134.94,Venda
SKU_1844_BAL,13/08/2025,Atacado,2,499.8,149.94,174.93,Venda
SKU_1443_PRI,13/08/2025,Atacado,10,2699.0,1214.6,148.44,Venda
SKU_1694_PIS,13/08/2025,Varejo,1,279.9,66.07,213.83,Venda
SKU_1794_FLA,13/08/2025,E-commerce,1,209.9,47.44,162.46,Venda
SKU_1506_BRI,13/08/2025,Varejo,1,229.9,37.88,192.02,Venda
SKU_1773_FRE,13/08/2025,E-commerce,1,324.9,79.72,245.18,Venda
SKU_1442_EME,13/08/2025,Atacado,6,1739.4,521.82,202.93,Venda
SKU_1741_PIN,13/08/2025,Atacado,4,959.6,287.88,167.93,Venda
SKU_1572_BAL,13/08/2025,Atacado,12,1678.8,587.52,90.94,Venda
SKU_1614_IVO,13/08/2025,Atacado,3,1334.7,467.13,289.19,Venda
SKU_1732_WHI,13/08/2025,Atacado,5,5574.5,1951.1,724.68,Venda
SKU_1668_VAN,13/08/2025,Atacado,8,2159.2,647.76,188.93,Venda
SKU_1684_HON,13/08/2025,Atacado,6,1109.4,388.32,120.18,Venda
SKU_1603_PEA,13/08/2025,Atacado,2,1489.8,521.42,484.19,Venda
SKU_1752_SNO,13/08/2025,E-commerce,1,429.9,64.87,365.03,Venda
SKU_1740_OLI,13/08/2025,Atacado,3,644.7,257.88,128.94,Venda
SKU_1629_ARM,13/08/2025,Atacado,5,1274.5,382.35,178.43,Venda
SKU_1685_BIR,13/08/2025,Atacado,5,3324.5,1163.55,432.19,Venda
SKU_1502_PEA,13/08/2025,Varejo,1,209.9,52.04,157.86,Venda
SKU_1766_MYS,13/08/2025,Atacado,10,3949.0,1382.1,256.69,Venda
SKU_1479_MIN,13/08/2025,Varejo,1,554.9,86.45,468.45,Venda
SKU_1724_PIN,13/08/2025,Varejo,1,1114.9,287.61,827.29,Venda
SKU_1732_OFF,13/08/2025,Varejo,3,3344.7,955.5,796.4,Venda
SKU_1801_FLA,13/08/2025,Varejo,1,374.9,75.59,299.31,Venda
SKU_1770_DEE,13/08/2025,Atacado,5,1099.5,384.8,142.94,Venda
SKU_1696_SER,13/08/2025,Varejo,1,279.9,61.72,218.18,Venda
SKU_1792_AQU,13/08/2025,Atacado,3,1319.7,593.88,241.94,Venda
SKU_1753_PAL,13/08/2025,E-commerce,1,789.9,162.78,627.12,Venda
SKU_1604_CLE,13/08/2025,Atacado,10,6049.0,2419.6,362.94,Venda
SKU_1740_FRE,13/08/2025,Atacado,10,2149.0,644.7,150.43,Venda
SKU_1795_HUN,13/08/2025,Varejo,1,299.9,48.18,251.72,Venda
SKU_1775_PAL,13/08/2025,Atacado,4,1119.6,335.88,195.93,Venda
SKU_1557_TUR,13/08/2025,Varejo,1,199.9,32.19,167.71,Venda
SKU_1778_MIN,13/08/2025,Atacado,10,2849.0,1139.6,170.94,Venda
SKU_1773_OLI,13/08/2025,Atacado,10,3249.0,1137.1,211.19,Venda
SKU_1832_COR,13/08/2025,Varejo,1,294.9,0.0,294.9,Venda
SKU_1800_SKY,13/08/2025,E-commerce,1,279.9,70.12,209.78,Venda
SKU_2007_LIG,13/08/2025,Varejo,1,209.9,14.69,195.21,Venda
SKU_1705_SER,13/08/2025,Varejo,1,409.9,69.94,339.96,Venda
SKU_1668_VAN,13/08/2025,Atacado,10,2699.0,809.7,188.93,Venda
SKU_1751_MIN,13/08/2025,Varejo,1,329.9,87.5,242.4,Venda
SKU_1737_SAG,13/08/2025,Varejo,1,769.9,174.39,595.51,Venda
SKU_1787_BAB,13/08/2025,Varejo,1,289.9,47.82,242.08,Venda
SKU_1742_DEN,13/08/2025,Atacado,3,779.7,272.88,168.94,Venda
SKU_1743_DEE,13/08/2025,Atacado,12,5278.8,1583.64,307.93,Venda
SKU_1640_IVO,13/08/2025,Varejo,1,219.9,45.39,174.51,Venda
SKU_1697_MIN,13/08/2025,Varejo,2,439.8,126.3,156.75,Venda
SKU_1718_SEA,13/08/2025,Atacado,3,1109.7,388.38,240.44,Venda
SKU_1682_OLI,13/08/2025,Atacado,5,1174.5,411.1,152.68,Venda
SKU_1449_BLA,13/08/2025,Atacado,6,1949.4,584.82,227.43,Venda
SKU_1702_COR,13/08/2025,Atacado,4,2479.6,743.88,433.93,Venda
SKU_1937_BUB,13/08/2025,Atacado,6,1259.4,377.82,146.93,Venda
SKU_1776_PAS,13/08/2025,Varejo,2,659.8,116.06,271.87,Venda
SKU_1706_BLA,13/08/2025,Atacado,8,1479.2,591.68,110.94,Venda
SKU_1761_MOS,13/08/2025,Atacado,3,3314.7,1491.63,607.69,Venda
SKU_1714_MID,13/08/2025,Atacado,8,2439.2,975.68,182.94,Venda
SKU_1788_EME,13/08/2025,E-commerce,1,249.9,47.78,202.12,Venda
SKU_1760_PAS,13/08/2025,Varejo,4,999.6,257.28,185.58,Venda
SKU_1779_MIN,13/08/2025,Varejo,1,214.9,47.52,167.38,Venda
SKU_1653_BAB,13/08/2025,Varejo,1,359.9,106.59,253.31,Venda
SKU_1737_SAG,13/08/2025,Atacado,8,6159.2,2463.68,461.94,Venda
SKU_1711_VAN,13/08/2025,Varejo,1,994.9,229.29,765.61,Venda
SKU_1755_BIR,13/08/2025,Atacado,3,1004.7,351.63,217.69,Venda
SKU_1684_HON,13/08/2025,Atacado,5,924.5,277.35,129.43,Venda
SKU_1739_AQU,13/08/2025,Varejo,2,509.8,92.16,208.82,Venda
SKU_1764_MAR,13/08/2025,Atacado,5,1174.5,411.1,152.68,Venda
SKU_1756_FLA,13/08/2025,Varejo,2,359.8,74.66,142.57,Venda
SKU_1727_WHI,13/08/2025,Atacado,10,1549.0,464.7,108.43,Venda
SKU_1519_TEA,13/08/2025,Varejo,2,1259.8,334.48,462.66,Venda
SKU_1728_EGR,13/08/2025,Atacado,4,1319.6,461.84,214.44,Venda
SKU_1712_NAV,13/08/2025,Varejo,1,179.9,51.9,128.0,Venda
SKU_1691_HUN,13/08/2025,E-commerce,1,309.9,81.86,228.04,Venda
SKU_1490_VAN,13/08/2025,Atacado,5,1574.5,472.35,220.43,Venda
SKU_1745_PEA,13/08/2025,Atacado,6,2459.4,737.82,286.93,Venda
SKU_1709_MAR,13/08/2025,Atacado,10,2099.0,734.6,136.44,Venda
SKU_1883_BLU,13/08/2025,Varejo,3,674.7,0.0,224.9,Venda
SKU_1885_MAG,13/08/2025,Varejo,3,1649.7,115.47,511.41,Venda
SKU_1735_MOS,13/08/2025,Atacado,5,1349.5,404.85,188.93,Venda
SKU_1726_PAS,13/08/2025,Atacado,4,1719.6,601.84,279.44,Venda
SKU_1795_HUN,13/08/2025,Varejo,1,299.9,59.31,240.59,Venda
SKU_1682_OLI,13/08/2025,Atacado,5,1174.5,528.5,129.2,Venda
SKU_1472_MYS,13/08/2025,E-commerce,1,469.9,79.21,390.69,Venda
SKU_1750_MIN,13/08/2025,Atacado,6,2219.4,665.82,258.93,Venda
SKU_1769_EME,13/08/2025,Atacado,2,649.8,227.42,211.19,Venda
SKU_1751_MIN,13/08/2025,Varejo,1,329.9,97.08,232.82,Venda
SKU_1572_MAR,13/08/2025,Atacado,2,279.8,125.92,76.94,Venda
SKU_1797_BLU,13/08/2025,Varejo,2,759.8,207.0,276.4,Venda
SKU_1567_PRI,13/08/2025,Varejo,1,689.9,157.94,531.96,Venda
SKU_1893_TEA,13/08/2025,E-commerce,1,629.9,0.0,629.9,Venda
SKU_1689_MAG,13/08/2025,E-commerce,1,964.9,186.14,778.76,Venda
SKU_1789_SNO,13/08/2025,E-commerce,1,269.9,75.79,194.11,Venda
SKU_1703_PAS,13/08/2025,Atacado,2,539.8,161.94,188.93,Venda
SKU_1740_OLI,13/08/2025,Atacado,8,1719.2,515.76,150.43,Venda
SKU_1683_PAL,13/08/2025,E-commerce,2,629.8,127.28,251.26,Venda
SKU_1706_BLA,13/08/2025,E-commerce,1,184.9,48.83,136.07,Venda
SKU_2092_EGR,13/08/2025,E-commerce,1,274.9,0.0,274.9,Venda
SKU_1678_LIG,13/08/2025,Atacado,8,5719.2,2001.68,464.69,Venda
SKU_1785_PAS,13/08/2025,Atacado,3,734.7,257.16,159.18,Venda
SKU_1743_CLO,13/08/2025,Atacado,8,3519.2,1055.76,307.93,Venda
SKU_1800_MOS,13/08/2025,Atacado,3,839.7,335.88,167.94,Venda
SKU_1772_BLU,13/08/2025,Atacado,5,2074.5,622.35,290.43,Venda
SKU_2044_COB,13/08/2025,Atacado,12,2998.8,1049.52,162.44,Venda
SKU_1779_LIG,13/08/2025,Varejo,1,214.9,33.46,181.44,Venda
SKU_1560_PAL,13/08/2025,E-commerce,1,224.9,40.81,184.09,Venda
SKU_1692_BLU,13/08/2025,Atacado,3,659.7,263.88,131.94,Venda
SKU_1719_OFF,13/08/2025,Atacado,10,3199.0,1119.6,207.94,Venda
SKU_1804_SEA,13/08/2025,Atacado,4,1819.6,636.84,295.69,Venda
SKU_1524_DEN,13/08/2025,Varejo,1,369.9,57.6,312.3,Venda
SKU_1774_COB,13/08/2025,E-commerce,1,204.9,59.61,145.29,Venda
SKU_1596_CER,13/08/2025,Varejo,1,274.9,75.98,198.92,Venda
SKU_1797_BLU,13/08/2025,Atacado,4,1519.6,455.88,265.93,Venda
SKU_1650_EGR,13/08/2025,Atacado,4,4019.6,1406.88,653.18,Venda
SKU_1994_LIM,13/08/2025,Atacado,5,1349.5,404.85,188.93,Venda
SKU_1444_HUN,13/08/2025,Varejo,1,239.9,57.4,182.5,Venda
SKU_1796_SHO,13/08/2025,Atacado,6,3029.4,1060.26,328.19,Venda
SKU_1693_MEX,13/08/2025,Atacado,6,1229.4,430.32,133.18,Venda
SKU_1758_CLO,13/08/2025,Atacado,4,719.6,251.84,116.94,Venda
SKU_1765_MYS,13/08/2025,Varejo,1,259.9,41.28,218.62,Venda
SKU_1554_PIS,13/08/2025,E-commerce,2,2069.8,522.56,773.62,Venda
SKU_1461_NAV,13/08/2025,Varejo,1,1069.9,238.4,831.5,Venda
SKU_1688_LIG,13/08/2025,Atacado,4,1719.6,515.88,300.93,Venda
SKU_1424_BAB,13/08/2025,Atacado,12,11938.8,4178.64,646.68,Venda
SKU_1846_SEA,13/08/2025,Atacado,6,2099.4,629.82,244.93,Venda
SKU_1770_DEE,13/08/2025,Atacado,3,659.7,263.88,131.94,Venda
SKU_1728_MID,13/08/2025,E-commerce,1,329.9,70.27,259.63,Venda
SKU_1439_CER,13/08/2025,Atacado,4,739.6,295.84,110.94,Venda
SKU_1862_PAS,13/08/2025,E-commerce,1,224.9,0.0,224.9,Venda
SKU_1696_SHO,13/08/2025,Atacado,6,1679.4,503.82,195.93,Venda
SKU_1800_MOS,13/08/2025,Varejo,1,279.9,64.83,215.07,Venda
SKU_1560_PAL,13/08/2025,Varejo,1,224.9,35.27,189.63,Venda
SKU_1748_COB,13/08/2025,E-commerce,1,309.9,57.09,252.81,Venda
SKU_1474_DEN,13/08/2025,Varejo,1,1059.9,263.95,795.95,Venda
SKU_1587_LIG,13/08/2025,Atacado,5,1149.5,344.85,160.93,Venda
SKU_1689_IVO,13/08/2025,Atacado,8,7719.2,3087.68,578.94,Venda
SKU_1539_BLA,13/08/2025,Varejo,1,349.9,67.11,282.79,Venda
SKU_1780_AQU,13/08/2025,Atacado,8,2679.2,937.68,217.69,Venda
SKU_1449_NAV,13/08/2025,Varejo,1,324.9,93.9,231.0,Venda
SKU_1683_SHO,13/08/2025,E-commerce,1,314.9,77.93,236.97,Venda
SKU_2110_TEA,13/08/2025,Atacado,4,879.6,307.84,142.94,Venda
SKU_1782_HUN,13/08/2025,E-commerce,1,249.9,46.76,203.14,Venda
SKU_1720_PAS,13/08/2025,Atacado,4,899.6,269.88,157.43,Venda
SKU_1504_EME,13/08/2025,Atacado,4,1359.6,407.88,237.93,Venda
SKU_1791_ARM,13/08/2025,Varejo,1,264.9,71.09,193.81,Venda
SKU_1600_SHO,13/08/2025,Atacado,4,1579.6,552.84,256.69,Venda
SKU_1518_CLE,13/08/2025,Atacado,5,1174.5,469.8,140.94,Venda
SKU_1463_LIG,13/08/2025,Atacado,6,1559.4,545.76,168.94,Venda
SKU_1485_CER,13/08/2025,E-commerce,1,664.9,179.34,485.56,Venda
SKU_1607_GAR,13/08/2025,Varejo,1,299.9,82.38,217.52,Venda
SKU_1940_HUN,13/08/2025,Varejo,4,4339.6,303.76,1008.96,Venda
SKU_1723_MOS,13/08/2025,Varejo,1,434.9,117.0,317.9,Venda
SKU_1727_WHI,13/08/2025,Atacado,2,309.8,108.44,100.68,Venda
SKU_1752_SNO,13/08/2025,Atacado,8,3439.2,1031.76,300.93,Venda
SKU_1730_MIN,13/08/2025,E-commerce,1,319.9,86.15,233.75,Venda
SKU_1519_BLU,13/08/2025,Atacado,10,6299.0,2204.6,409.44,Venda
SKU_1578_PAS,13/08/2025,Atacado,4,499.6,149.88,87.43,Venda
SKU_1739_AQU,13/08/2025,Atacado,8,2039.2,713.76,165.68,Venda
SKU_1663_SNO,13/08/2025,Atacado,3,2384.7,834.63,516.69,Venda
SKU_2091_BIR,13/08/2025,Atacado,8,1919.2,575.76,167.93,Venda
SKU_1788_EME,13/08/2025,Varejo,1,249.9,68.23,181.67,Venda
SKU_1684_SHO,13/08/2025,Varejo,3,554.7,98.73,151.99,Venda
SKU_1757_TUR,13/08/2025,Varejo,1,264.9,76.6,188.3,Venda
SKU_1733_SAG,13/08/2025,E-commerce,3,1049.7,173.58,292.04,Venda
SKU_2047_FUC,13/08/2025,Varejo,2,2249.8,0.0,1124.9,Venda
SKU_1772_SNO,13/08/2025,Varejo,1,414.9,111.12,303.78,Venda
SKU_1729_FUC,13/08/2025,Atacado,6,1049.4,367.32,113.68,Venda
SKU_1666_PAS,13/08/2025,Varejo,1,799.9,220.23,579.67,Venda
SKU_1681_OFF,13/08/2025,Varejo,2,469.8,114.2,177.8,Venda
SKU_1441_COB,13/08/2025,Varejo,1,1154.9,215.4,939.5,Venda
SKU_1680_SEA,13/08/2025,Varejo,2,669.8,114.6,277.6,Venda
SKU_1647_BLA,13/08/2025,Varejo,1,339.9,78.46,261.44,Venda
SKU_1790_EGR,13/08/2025,E-commerce,1,259.9,47.96,211.94,Venda
SKU_1738_ROY,13/08/2025,E-commerce,1,194.9,52.78,142.12,Venda
SKU_1718_SEA,13/08/2025,Varejo,1,369.9,102.64,267.26,Venda
SKU_2048_MAR,13/08/2025,Atacado,6,2309.4,808.26,250.19,Venda
SKU_1680_NAV,13/08/2025,E-commerce,1,334.9,61.52,273.38,Venda
SKU_1709_CRE,13/08/2025,Varejo,1,209.9,56.6,153.3,Venda
SKU_1690_MAG,13/08/2025,Varejo,1,539.9,123.93,415.97,Venda
SKU_1777_FRE,13/08/2025,Atacado,5,1199.5,419.8,155.94,Venda
SKU_1697_PIS,13/08/2025,Varejo,1,219.9,63.48,156.42,Venda
SKU_1745_PEA,13/08/2025,E-commerce,1,409.9,115.52,294.38,Venda
SKU_1679_SHO,13/08/2025,Varejo,1,919.9,246.73,673.17,Venda
SKU_1442_EME,13/08/2025,Atacado,3,869.7,347.88,173.94,Venda
SKU_1750_MIN,13/08/2025,Atacado,4,1479.6,517.84,240.44,Venda
SKU_1569_WHI,13/08/2025,Varejo,1,219.9,35.71,184.19,Venda
SKU_1480_SNO,13/08/2025,Atacado,6,2219.4,776.76,240.44,Venda
SKU_1729_CLE,13/08/2025,E-commerce,3,524.7,132.9,130.6,Venda
SKU_1427_AQU,13/08/2025,Varejo,1,199.9,36.55,163.35,Venda
SKU_1756_BUB,13/08/2025,Varejo,1,179.9,44.46,135.44,Venda
SKU_1732_OFF,13/08/2025,Atacado,3,3344.7,1170.66,724.68,Venda
SKU_1774_COB,13/08/2025,Atacado,5,1024.5,307.35,143.43,Venda
SKU_1743_CLO,13/08/2025,E-commerce,2,879.8,159.76,360.02,Venda
SKU_1421_SER,13/08/2025,Atacado,3,689.7,206.91,160.93,Venda
SKU_1704_BAB,13/08/2025,Varejo,1,334.9,97.31,237.59,Venda
SKU_1745_FOR,13/08/2025,Atacado,4,1639.6,655.84,245.94,Venda
SKU_1732_WHI,13/08/2025,Varejo,1,1114.9,182.11,932.79,Venda
SKU_1767_FUC,13/08/2025,Atacado,4,819.6,245.88,143.43,Venda
SKU_1680_NAV,13/08/2025,E-commerce,1,334.9,82.9,252.0,Venda
SKU_1796_SHO,13/08/2025,Atacado,4,2019.6,605.88,353.43,Venda
SKU_1692_BLU,13/08/2025,E-commerce,1,219.9,35.9,184.0,Venda
SKU_1788_EME,13/08/2025,E-commerce,1,249.9,72.71,177.19,Venda
SKU_1674_PAS,13/08/2025,Atacado,12,2758.8,965.52,149.44,Venda
SKU_1393_COB,13/08/2025,Varejo,1,309.9,84.18,225.72,Venda
SKU_1928_BLU,13/08/2025,Atacado,6,1889.4,566.82,220.43,Venda
SKU_1753_PAL,13/08/2025,Varejo,1,789.9,138.6,651.3,Venda
SKU_2006_PRI,13/08/2025,Varejo,2,1809.8,0.0,904.9,Venda
SKU_1795_RAS,13/08/2025,E-commerce,2,599.8,170.06,214.87,Venda
SKU_1694_SER,13/08/2025,Varejo,2,559.8,131.54,214.13,Venda
SKU_1726_PAS,13/08/2025,E-commerce,1,429.9,85.98,343.92,Venda
SKU_1699_COB,13/08/2025,E-commerce,1,329.9,86.52,243.38,Venda
SKU_1755_BIR,13/08/2025,E-commerce,1,334.9,100.01,234.89,Venda
SKU_1711_VAN,13/08/2025,Varejo,1,994.9,192.97,801.93,Venda
SKU_1772_SNO,13/08/2025,E-commerce,2,829.8,131.1,349.35,Venda
SKU_2099_LIG,13/08/2025,Atacado,2,539.8,161.94,188.93,Venda
SKU_1704_PEA,13/08/2025,Atacado,2,669.8,200.94,234.43,Venda
SKU_1684_HON,13/08/2025,Atacado,4,739.6,295.84,110.94,Venda
SKU_1431_TEA,13/08/2025,E-commerce,1,369.9,80.43,289.47,Venda
SKU_2071_PAS,13/08/2025,Atacado,8,2079.2,727.68,168.94,Venda
SKU_1725_BAB,13/08/2025,Atacado,8,1959.2,685.76,159.18,Venda
SKU_1646_CLE,13/08/2025,Atacado,4,819.6,286.88,133.18,Venda
SKU_1526_FOR,13/08/2025,Varejo,2,339.8,72.98,133.41,Venda
SKU_1711_ARM,13/08/2025,Atacado,6,5969.4,2089.32,646.68,Venda
SKU_1720_PAL,13/08/2025,Varejo,3,674.7,176.52,166.06,Venda
SKU_1707_ARM,13/08/2025,Atacado,10,2799.0,1119.6,167.94,Venda
SKU_1674_WHI,13/08/2025,Atacado,5,1149.5,402.3,149.44,Venda
SKU_1720_PAL,13/08/2025,E-commerce,1,224.9,44.68,180.22,Venda
SKU_1718_SEA,13/08/2025,E-commerce,1,369.9,81.8,288.1,Venda
SKU_1563_WHI,13/08/2025,Atacado,6,899.4,269.82,104.93,Venda
SKU_1578_PAS,13/08/2025,Varejo,2,249.8,42.62,103.59,Venda
SKU_1741_PEA,13/08/2025,Atacado,4,959.6,287.88,167.93,Venda
SKU_1554_SKY,13/08/2025,E-commerce,1,1034.9,297.31,737.59,Venda
SKU_1716_SAL,13/08/2025,Varejo,1,164.9,45.27,119.63,Venda
SKU_1730_MIN,13/08/2025,Atacado,2,639.8,255.92,191.94,Venda
SKU_1733_NAV,13/08/2025,Varejo,2,699.8,195.82,251.99,Venda
SKU_1715_JAD,13/08/2025,Atacado,8,1759.2,615.68,142.94,Venda
SKU_1471_ROS,13/08/2025,Atacado,5,1024.5,358.6,133.18,Venda
SKU_1775_PAL,13/08/2025,Atacado,10,2799.0,1119.6,167.94,Venda
SKU_1575_AQU,13/08/2025,Atacado,10,8649.0,3027.1,562.19,Venda
SKU_1761_SAP,13/08/2025,Varejo,2,2209.8,336.26,936.77,Venda
SKU_1952_PIS,13/08/2025,Varejo,1,204.9,14.34,190.56,Venda
SKU_1501_SAL,13/08/2025,Varejo,1,169.9,46.47,123.43,Venda
SKU_1768_PEA,13/08/2025,Varejo,1,624.9,139.13,485.77,Venda
SKU_1418_CLE,13/08/2025,Varejo,1,844.9,227.98,616.92,Venda
SKU_1689_IVO,13/08/2025,Varejo,3,2894.7,577.41,772.43,Venda
SKU_1814_PRI,13/08/2025,Atacado,5,1899.5,664.8,246.94,Venda
SKU_1680_SEA,13/08/2025,Atacado,4,1339.6,468.84,217.69,Venda
SKU_1765_PAS,13/08/2025,E-commerce,1,259.9,67.22,192.68,Venda
SKU_1715_JAD,13/08/2025,Varejo,1,219.9,45.13,174.77,Venda
SKU_1764_FUC,13/08/2025,Atacado,3,704.7,211.41,164.43,Venda
SKU_1567_PRI,13/08/2025,E-commerce,1,689.9,185.21,504.69,Venda
SKU_1724_PEA,13/08/2025,Varejo,1,1114.9,208.46,906.44,Venda
SKU_1737_SAG,13/08/2025,Varejo,2,1539.8,390.08,574.86,Venda
SKU_1759_COB,13/08/2025,E-commerce,1,269.9,79.2,190.7,Venda
SKU_1745_PEA,13/08/2025,Varejo,2,819.8,148.84,335.48,Venda
SKU_1835_BIR,13/08/2025,Atacado,2,369.8,110.94,129.43,Venda
SKU_1793_WHI,13/08/2025,E-commerce,1,189.9,42.41,147.49,Venda
SKU_1792_MIN,13/08/2025,Varejo,1,439.9,118.59,321.31,Venda
SKU_1788_MYS,13/08/2025,Atacado,4,999.6,399.84,149.94,Venda
SKU_2034_PAS,13/08/2025,Varejo,2,339.8,0.0,169.9,Venda
SKU_1703_PAS,13/08/2025,Atacado,5,1349.5,404.85,188.93,Venda
SKU_1748_COB,13/08/2025,Atacado,5,1549.5,542.3,201.44,Venda
SKU_1795_RAS,13/08/2025,Atacado,5,1499.5,599.8,179.94,Venda
SKU_1580_WHI,13/08/2025,Atacado,5,949.5,332.3,123.44,Venda
SKU_1724_PIN,13/08/2025,Varejo,3,3344.7,705.48,879.74,Venda
SKU_1670_SAP,13/08/2025,Atacado,8,1159.2,405.76,94.18,Venda
SKU_1759_COB,13/08/2025,Varejo,2,539.8,86.94,226.43,Venda
SKU_1774_MOS,13/08/2025,Atacado,4,819.6,286.88,133.18,Venda
SKU_1938_CRE,13/08/2025,Atacado,5,4499.5,1349.85,629.93,Venda
SKU_1708_FLA,13/08/2025,Varejo,1,169.9,37.2,132.7,Venda
SKU_1538_MAG,13/08/2025,Atacado,10,2099.0,839.6,125.94,Venda
SKU_1800_MOS,13/08/2025,Atacado,8,2239.2,671.76,195.93,Venda
SKU_1656_FUC,13/08/2025,Atacado,4,939.6,328.88,152.68,Venda
SKU_1796_SHO,13/08/2025,Varejo,1,504.9,86.76,418.14,Venda
SKU_1748_COB,13/08/2025,Varejo,3,929.7,196.08,244.54,Venda
SKU_1768_MIN,13/08/2025,Atacado,12,7498.8,2249.64,437.43,Venda
SKU_1767_PRI,13/08/2025,E-commerce,1,204.9,33.26,171.64,Venda
SKU_1691_ROS,13/08/2025,Atacado,3,929.7,325.38,201.44,Venda
SKU_1762_BRI,13/08/2025,E-commerce,1,254.9,42.25,212.65,Venda
SKU_1456_DEN,13/08/2025,Atacado,4,1259.6,440.84,204.69,Venda
SKU_2084_MAR,13/08/2025,Varejo,1,254.9,0.0,254.9,Venda
SKU_2035_LIG,13/08/2025,Atacado,5,1124.5,393.6,146.18,Venda
SKU_1800_MOS,13/08/2025,Atacado,3,839.7,251.91,195.93,Venda
SKU_1601_EME,13/08/2025,Varejo,3,2204.7,468.06,578.88,Venda
SKU_1785_HUN,13/08/2025,Varejo,1,244.9,64.65,180.25,Venda
SKU_2011_TUR,13/08/2025,Varejo,1,254.9,0.0,254.9,Venda
SKU_1519_BLU,13/08/2025,Atacado,5,3149.5,1259.8,377.94,Venda
SKU_1725_BAB,13/08/2025,Varejo,2,489.8,140.1,174.85,Venda
SKU_1688_WHI,13/08/2025,Varejo,1,429.9,74.55,355.35,Venda
SKU_1665_RAS,13/08/2025,Varejo,1,249.9,64.5,185.4,Venda
SKU_1510_SNO,13/08/2025,Atacado,4,3339.6,1001.88,584.43,Venda
SKU_1711_VAN,13/08/2025,Atacado,4,3979.6,1193.88,696.43,Venda
SKU_1704_PEA,13/08/2025,Atacado,6,2009.4,703.26,217.69,Venda
SKU_1569_WHI,13/08/2025,Varejo,1,219.9,52.1,167.8,Venda
SKU_1897_JAD,13/08/2025,Varejo,1,234.9,0.0,234.9,Venda
SKU_1797_BLU,13/08/2025,Atacado,10,3799.0,1329.6,246.94,Venda
SKU_1704_BAB,13/08/2025,Varejo,3,1004.7,279.18,241.84,Venda
SKU_1748_BAB,13/08/2025,Varejo,1,309.9,66.62,243.28,Venda
SKU_1737_SAG,13/08/2025,Varejo,3,2309.7,467.52,614.06,Venda
SKU_1734_FRE,13/08/2025,E-commerce,3,1049.7,242.73,268.99,Venda
SKU_1530_PEA,13/08/2025,Atacado,4,519.6,155.88,90.93,Venda
SKU_1755_AQU,13/08/2025,Varejo,1,334.9,72.17,262.73,Venda
SKU_1787_BAB,13/08/2025,Atacado,5,1449.5,579.8,173.94,Venda
SKU_1406_PRI,13/08/2025,Atacado,2,699.8,244.92,227.44,Venda
SKU_1712_NAV,13/08/2025,Atacado,3,539.7,188.88,116.94,Venda
SKU_1584_FLA,13/08/2025,Varejo,1,184.9,53.95,130.95,Venda
SKU_1431_TEA,13/08/2025,Atacado,3,1109.7,332.91,258.93,Venda
SKU_1774_MOS,13/08/2025,Atacado,2,409.8,163.92,122.94,Venda
SKU_1738_ROY,13/08/2025,Varejo,1,194.9,44.78,150.12,Venda
SKU_1450_MAG,13/08/2025,Atacado,3,1229.7,368.91,286.93,Venda
SKU_1548_CLO,13/08/2025,Varejo,2,949.8,212.44,368.68,Venda
SKU_1776_PAS,13/08/2025,Atacado,2,659.8,197.94,230.93,Venda
SKU_1691_HUN,13/08/2025,Atacado,6,1859.4,650.76,201.44,Venda
SKU_1502_PEA,13/08/2025,Varejo,1,209.9,37.07,172.83,Venda
SKU_1797_GAR,13/08/2025,Varejo,1,379.9,65.58,314.32,Venda
SKU_1698_SNO,13/08/2025,Atacado,4,1679.6,671.84,251.94,Venda
SKU_1833_LIG,13/08/2025,Atacado,5,1149.5,402.3,149.44,Venda
SKU_1708_FLA,13/08/2025,Atacado,3,509.7,178.38,110.44,Venda
SKU_1699_COB,13/08/2025,Varejo,1,329.9,50.29,279.61,Venda
SKU_1527_FUC,13/08/2025,Varejo,1,909.9,237.59,672.31,Venda
SKU_1497_VAN,13/08/2025,E-commerce,1,134.9,40.11,94.79,Venda
SKU_2057_VAN,13/08/2025,Atacado,5,4724.5,1417.35,661.43,Venda
SKU_1762_DEN,13/08/2025,Atacado,10,2549.0,892.2,165.68,Venda
SKU_1761_SAP,13/08/2025,Varejo,1,1104.9,171.04,933.86,Venda
SKU_1575_JAD,13/08/2025,Atacado,3,2594.7,908.13,562.19,Venda
SKU_1681_OFF,13/08/2025,Atacado,6,1409.4,493.32,152.68,Venda
SKU_1452_DEE,13/08/2025,Atacado,2,289.8,115.92,86.94,Venda
SKU_1405_FLA,13/08/2025,Atacado,5,1074.5,322.35,150.43,Venda
SKU_1743_CLO,13/08/2025,Varejo,2,879.8,197.64,341.08,Venda
SKU_1923_PEA,13/08/2025,Atacado,4,759.6,227.88,132.93,Venda
SKU_1736_JAD,13/08/2025,Atacado,12,3898.8,1169.64,227.43,Venda
SKU_1751_BLU,13/08/2025,Atacado,4,1319.6,461.84,214.44,Venda
SKU_1453_PRI,13/08/2025,Varejo,1,234.9,62.78,172.12,Venda
SKU_2093_SKY,13/08/2025,Atacado,5,1124.5,337.35,157.43,Venda
SKU_1775_PAS,13/08/2025,E-commerce,1,279.9,62.04,217.86,Venda
SKU_1789_SNO,13/08/2025,Atacado,8,2159.2,647.76,188.93,Venda
SKU_1794_FLA,13/08/2025,Varejo,1,209.9,47.3,162.6,Venda
SKU_1512_TEA,13/08/2025,Varejo,1,224.9,58.53,166.37,Venda
SKU_1434_ARM,13/08/2025,Varejo,1,209.9,41.09,168.81,Venda
SKU_1719_WHI,13/08/2025,E-commerce,1,319.9,65.16,254.74,Venda
SKU_1767_PRI,13/08/2025,E-commerce,1,204.9,56.81,148.09,Venda
SKU_1717_MIN,13/08/2025,Atacado,4,1039.6,415.84,155.94,Venda
SKU_1686_MOS,13/08/2025,Atacado,5,1074.5,376.1,139.68,Venda
SKU_1796_OLI,13/08/2025,E-commerce,1,504.9,75.88,429.02,Venda
SKU_1759_CLE,13/08/2025,E-commerce,1,269.9,48.07,221.83,Venda
SKU_1987_CLO,13/08/2025,Varejo,2,2239.8,0.0,1119.9,Venda
SKU_1710_MEX,13/08/2025,Atacado,3,2429.7,850.38,526.44,Venda
SKU_1719_WHI,13/08/2025,Atacado,6,1919.4,575.82,223.93,Venda
SKU_1681_PIS,13/08/2025,Atacado,10,2349.0,704.7,164.43,Venda
SKU_1789_EME,13/08/2025,Atacado,8,2159.2,863.68,161.94,Venda
SKU_1692_BLU,13/08/2025,E-commerce,2,439.8,127.2,156.3,Venda
SKU_1746_EME,13/08/2025,E-commerce,1,179.9,31.19,148.71,Venda
SKU_1534_MYS,13/08/2025,E-commerce,1,199.9,39.82,160.08,Venda
SKU_1718_DUS,13/08/2025,Varejo,1,369.9,83.71,286.19,Venda
SKU_1753_PAL,13/08/2025,Atacado,4,3159.6,1105.84,513.44,Venda
SKU_1874_JAD,13/08/2025,E-commerce,1,219.9,0.0,219.9,Venda
SKU_1791_IVO,13/08/2025,Atacado,5,1324.5,463.55,172.19,Venda
SKU_1749_SNO,13/08/2025,Atacado,8,2799.2,839.76,244.93,Venda
SKU_1724_PEA,13/08/2025,E-commerce,1,1114.9,175.63,939.27,Venda
SKU_1490_EME,13/08/2025,Varejo,1,314.9,58.69,256.21,Venda
SKU_1711_VAN,13/08/2025,Varejo,1,994.9,290.28,704.62,Venda
SKU_1757_PIN,13/08/2025,Varejo,1,264.9,41.73,223.17,Venda
SKU_2117_RAS,13/08/2025,Atacado,4,3079.6,923.88,538.93,Venda
SKU_1746_EME,13/08/2025,Varejo,1,179.9,36.14,143.76,Venda
SKU_1795_RAS,13/08/2025,Varejo,3,899.7,175.35,241.45,Venda
SKU_1682_OLI,13/08/2025,Varejo,2,469.8,110.9,179.45,Venda
SKU_1790_EGR,13/08/2025,Atacado,3,779.7,233.91,181.93,Venda
SKU_1699_CLO,13/08/2025,E-commerce,1,329.9,88.07,241.83,Venda
SKU_1687_FOR,13/08/2025,Atacado,8,7199.2,2159.76,629.93,Venda
SKU_1456_DEN,13/08/2025,Varejo,1,314.9,58.47,256.43,Venda
SKU_1800_SKY,13/08/2025,Atacado,12,3358.8,1175.52,181.94,Venda
SKU_1738_ROY,13/08/2025,Atacado,3,584.7,175.41,136.43,Venda
SKU_1740_FRE,13/08/2025,Atacado,4,859.6,257.88,150.43,Venda
SKU_1699_COB,13/08/2025,Varejo,1,329.9,72.56,257.34,Venda
SKU_1906_NAV,13/08/2025,E-commerce,1,294.9,0.0,294.9,Venda
SKU_1788_MYS,13/08/2025,E-commerce,1,249.9,65.19,184.71,Venda
SKU_1681_OFF,13/08/2025,E-commerce,2,469.8,96.98,186.41,Venda
SKU_1763_MAR,13/08/2025,Atacado,8,2399.2,839.68,194.94,Venda
SKU_1586_JAD,13/08/2025,Varejo,4,1219.6,323.28,224.08,Venda
SKU_1950_BLU,13/08/2025,Varejo,4,1659.6,0.0,414.9,Venda
SKU_1719_WHI,13/08/2025,E-commerce,1,319.9,70.79,249.11,Venda
SKU_1681_PIS,13/08/2025,Atacado,3,704.7,281.88,140.94,Venda
SKU_2042_SER,13/08/2025,E-commerce,1,764.9,0.0,764.9,Venda
SKU_1413_SAG,13/08/2025,Varejo,2,369.8,105.34,132.23,Venda
SKU_1715_HON,13/08/2025,Atacado,5,1099.5,384.8,142.94,Venda
SKU_1526_POW,13/08/2025,Varejo,1,169.9,49.16,120.74,Venda
SKU_1656_SNO,13/08/2025,Varejo,1,234.9,65.64,169.26,Venda
SKU_1728_MID,13/08/2025,Atacado,8,2639.2,1187.6,181.45,Venda
SKU_1558_MEX,13/08/2025,Atacado,10,3299.0,1154.6,214.44,Venda
SKU_1740_OLI,13/08/2025,Atacado,5,1074.5,376.1,139.68,Venda
SKU_1784_EGR,13/08/2025,Varejo,1,309.9,60.53,249.37,Venda
SKU_1567_POW,13/08/2025,Varejo,3,2069.7,529.86,513.28,Venda
SKU_1717_MIN,13/08/2025,Varejo,3,779.7,129.0,216.9,Venda
SKU_1721_COR,13/08/2025,Varejo,1,419.9,92.54,327.36,Venda
SKU_1753_WHI,13/08/2025,Atacado,6,4739.4,1658.76,513.44,Venda
SKU_1711_ARM,13/08/2025,E-commerce,2,1989.8,594.36,697.72,Venda
SKU_1788_EME,13/08/2025,Varejo,2,499.8,78.2,210.8,Venda
SKU_1708_FLA,13/08/2025,Atacado,3,509.7,203.88,101.94,Venda
SKU_1694_PIS,13/08/2025,Atacado,5,1399.5,489.8,181.94,Venda
SKU_1677_POW,13/08/2025,Atacado,3,1709.7,512.91,398.93,Venda
SKU_1738_BLU,13/08/2025,Atacado,6,1169.4,409.32,126.68,Venda
SKU_1466_SAP,13/08/2025,Atacado,2,539.8,188.92,175.44,Venda
SKU_1609_SAP,13/08/2025,Atacado,5,1349.5,404.85,188.93,Venda
SKU_1778_MIN,13/08/2025,E-commerce,1,284.9,72.4,212.5,Venda
SKU_1737_DEE,13/08/2025,Atacado,5,3849.5,1347.3,500.44,Venda
SKU_1777_FRE,13/08/2025,Atacado,3,719.7,215.91,167.93,Venda
SKU_1527_TEA,13/08/2025,Atacado,8,7279.2,2911.68,545.94,Venda
SKU_1782_NAV,13/08/2025,Varejo,1,249.9,54.36,195.54,Venda
SKU_1717_MIN,13/08/2025,Atacado,4,1039.6,363.84,168.94,Venda
SKU_1656_FUC,13/08/2025,Atacado,8,1879.2,563.76,164.43,Venda
SKU_2089_EGR,13/08/2025,Varejo,2,989.8,0.0,494.9,Venda
SKU_1653_BAB,13/08/2025,Varejo,1,359.9,88.51,271.39,Venda
SKU_1765_PAS,13/08/2025,Atacado,5,1299.5,389.85,181.93,Venda
SKU_1800_MOS,13/08/2025,E-commerce,1,279.9,81.03,198.87,Venda
SKU_1728_MID,13/08/2025,Varejo,2,659.8,103.62,278.09,Venda
SKU_1895_PAS,13/08/2025,Varejo,2,389.8,0.0,194.9,Venda
SKU_1962_LIG,13/08/2025,Atacado,3,644.7,225.66,139.68,Venda
SKU_1948_WHI,13/08/2025,Atacado,6,1199.4,479.76,119.94,Venda
SKU_1580_WHI,13/08/2025,Atacado,4,759.6,265.84,123.44,Venda
SKU_1694_PIS,13/08/2025,Varejo,1,279.9,50.05,229.85,Venda
SKU_1839_DUS,13/08/2025,Varejo,1,294.9,0.0,294.9,Venda
SKU_1687_WHI,13/08/2025,Atacado,8,7199.2,2519.68,584.94,Venda
SKU_1665_RAS,13/08/2025,Atacado,10,2499.0,874.6,162.44,Venda
SKU_1689_IVO,13/08/2025,Varejo,1,964.9,254.72,710.18,Venda
SKU_1727_WHI,13/08/2025,Varejo,1,154.9,26.08,128.82,Venda
SKU_1695_LIM,13/08/2025,Varejo,1,209.9,58.55,151.35,Venda
SKU_1752_SNO,13/08/2025,Varejo,1,429.9,96.92,332.98,Venda
SKU_1985_WHI,13/08/2025,Varejo,1,409.9,0.0,409.9,Venda
SKU_1715_JAD,13/08/2025,E-commerce,2,439.8,128.82,155.49,Venda
SKU_1491_GAR,13/08/2025,Atacado,2,269.8,107.92,80.94,Venda
SKU_2084_GAR,13/08/2025,E-commerce,1,254.9,0.0,254.9,Venda
SKU_1735_COR,13/08/2025,Varejo,1,269.9,66.22,203.68,Venda
SKU_1664_MIN,13/08/2025,Varejo,1,329.9,55.54,274.36,Venda
SKU_1398_SPA,13/08/2025,Varejo,1,674.9,189.73,485.17,Venda
SKU_1680_SEA,13/08/2025,E-commerce,1,334.9,58.88,276.02,Venda
SKU_1459_OFF,13/08/2025,Varejo,1,209.9,44.71,165.19,Venda
SKU_1404_SAP,13/08/2025,E-commerce,1,1019.9,244.96,774.94,Venda
SKU_1482_SHO,13/08/2025,Atacado,8,3559.2,1423.68,266.94,Venda
SKU_1764_FUC,13/08/2025,E-commerce,1,234.9,68.75,166.15,Venda
SKU_1403_AQU,13/08/2025,Varejo,1,384.9,77.99,306.91,Venda
SKU_1696_SER,13/08/2025,Varejo,1,279.9,45.32,234.58,Venda
SKU_1815_WHI,13/08/2025,Atacado,4,1759.6,703.84,263.94,Venda
SKU_1753_WHI,13/08/2025,Atacado,6,4739.4,1421.82,552.93,Venda
SKU_1580_MOS,13/08/2025,Atacado,3,569.7,227.88,113.94,Venda
SKU_1692_BLU,13/08/2025,Atacado,3,659.7,230.88,142.94,Venda
SKU_1596_CER,13/08/2025,Varejo,2,549.8,121.22,214.29,Venda
SKU_1782_HUN,13/08/2025,Varejo,1,249.9,47.86,202.04,Venda
SKU_1692_OLI,13/08/2025,Atacado,5,1099.5,439.8,131.94,Venda
SKU_1646_CLE,13/08/2025,Atacado,2,409.8,122.94,143.43,Venda
SKU_1988_WHI,13/08/2025,Varejo,1,424.9,29.74,395.16,Venda
SKU_1556_SAL,13/08/2025,E-commerce,2,409.8,83.9,162.95,Venda
SKU_1772_SNO,13/08/2025,Varejo,1,414.9,66.09,348.81,Venda
SKU_1795_HUN,13/08/2025,Varejo,1,299.9,47.11,252.79,Venda
SKU_1695_LIM,13/08/2025,Varejo,1,209.9,58.88,151.02,Venda
SKU_1637_WHI,13/08/2025,Atacado,5,4599.5,1379.85,643.93,Venda
SKU_1773_OLI,13/08/2025,Varejo,1,324.9,91.03,233.87,Venda
SKU_1750_MIN,13/08/2025,Atacado,4,1479.6,443.88,258.93,Venda
SKU_1791_IVO,13/08/2025,Atacado,10,2649.0,794.7,185.43,Venda
SKU_1735_COR,13/08/2025,E-commerce,1,269.9,45.72,224.18,Venda
SKU_1681_PIS,13/08/2025,Varejo,1,234.9,46.75,188.15,Venda
SKU_1742_EME,13/08/2025,Atacado,3,779.7,311.88,155.94,Venda
SKU_1776_BIR,13/08/2025,Varejo,1,329.9,90.37,239.53,Venda
SKU_1702_LIG,13/08/2025,Varejo,1,619.9,128.59,491.31,Venda
SKU_1560_CRE,13/08/2025,Varejo,2,449.8,109.4,170.2,Venda
SKU_1696_SHO,13/08/2025,E-commerce,3,839.7,170.79,222.97,Venda
SKU_1750_SNO,13/08/2025,Atacado,4,1479.6,443.88,258.93,Venda
SKU_1759_CLE,13/08/2025,Atacado,8,2159.2,647.76,188.93,Venda
SKU_1692_OLI,13/08/2025,E-commerce,1,219.9,42.29,177.61,Venda
SKU_1709_MAR,13/08/2025,Varejo,1,209.9,61.82,148.08,Venda
SKU_1732_WHI,13/08/2025,Varejo,4,4459.6,743.56,929.01,Venda
SKU_1710_MEX,13/08/2025,E-commerce,1,809.9,182.77,627.13,Venda
SKU_1778_MIN,13/08/2025,Varejo,1,284.9,76.24,208.66,Venda
SKU_1395_TUR,13/08/2025,Atacado,6,1739.4,608.76,188.44,Venda
SKU_1682_OLI,13/08/2025,Varejo,2,469.8,135.56,167.12,Venda
SKU_1747_TEA,13/08/2025,E-commerce,1,174.9,47.32,127.58,Venda
SKU_1719_WHI,13/08/2025,Atacado,6,1919.4,671.76,207.94,Venda
SKU_1722_AQU,13/08/2025,Atacado,6,1949.4,682.26,211.19,Venda
SKU_1775_PAL,13/08/2025,Atacado,2,559.8,195.92,181.94,Venda
SKU_1732_OFF,13/08/2025,Atacado,10,11149.0,3902.2,724.68,Venda
SKU_1756_FLA,13/08/2025,Varejo,1,179.9,49.48,130.42,Venda
SKU_1792_MIN,13/08/2025,Varejo,1,439.9,124.24,315.66,Venda
SKU_1700_PIS,13/08/2025,Varejo,3,2099.7,506.19,531.17,Venda
SKU_1562_CLO,13/08/2025,Atacado,12,3718.8,1487.52,185.94,Venda
SKU_1697_MIN,13/08/2025,E-commerce,1,219.9,43.99,175.91,Venda
SKU_1793_WHI,13/08/2025,Atacado,6,1139.4,455.76,113.94,Venda
SKU_1787_BAB,13/08/2025,E-commerce,1,289.9,58.51,231.39,Venda
SKU_1767_FUC,13/08/2025,Atacado,4,819.6,327.84,122.94,Venda
SKU_1420_LIM,13/08/2025,E-commerce,2,1979.8,400.06,789.87,Venda
SKU_1544_PEA,13/08/2025,Atacado,10,1999.0,799.6,119.94,Venda
SKU_1769_WHI,13/08/2025,Atacado,3,974.7,341.13,211.19,Venda
SKU_1719_OFF,13/08/2025,Atacado,6,1919.4,767.76,191.94,Venda
SKU_2033_PRI,13/08/2025,Atacado,4,1239.6,495.84,185.94,Venda
SKU_1718_DUS,13/08/2025,Atacado,10,3699.0,1109.7,258.93,Venda
SKU_1658_MYS,13/08/2025,E-commerce,2,1759.8,278.64,740.58,Venda
SKU_1731_MIN,13/08/2025,Varejo,1,909.9,255.67,654.23,Venda
SKU_1753_PAL,13/08/2025,Atacado,3,2369.7,710.91,552.93,Venda
SKU_1722_PAS,13/08/2025,Varejo,1,324.9,85.23,239.67,Venda
SKU_1659_MOS,13/08/2025,Atacado,5,5124.5,1793.6,666.18,Venda
SKU_1521_FRE,13/08/2025,Atacado,4,759.6,265.84,123.44,Venda
SKU_1776_PAS,13/08/2025,Varejo,1,329.9,59.56,270.34,Venda
SKU_1717_CRE,13/08/2025,Atacado,8,2079.2,623.76,181.93,Venda
SKU_1458_MIN,13/08/2025,Varejo,1,349.9,55.1,294.8,Venda
SKU_1640_TEA,13/08/2025,Atacado,3,659.7,197.91,153.93,Venda
SKU_1695_LIM,13/08/2025,Atacado,2,419.8,125.94,146.93,Venda
SKU_1513_RAS,13/08/2025,Varejo,4,859.6,200.12,164.87,Venda
SKU_1489_IVO,13/08/2025,Atacado,6,2219.4,665.82,258.93,Venda
SKU_1694_SER,13/08/2025,Varejo,1,279.9,56.16,223.74,Venda
SKU_2033_RAS,13/08/2025,Atacado,2,619.8,216.92,201.44,Venda
SKU_1613_BIR,13/08/2025,Atacado,5,949.5,284.85,132.93,Venda
SKU_1468_BAB,13/08/2025,Atacado,3,1589.7,476.91,370.93,Venda
SKU_1727_WHI,13/08/2025,Atacado,5,774.5,271.1,100.68,Venda
SKU_1726_PAS,13/08/2025,Varejo,1,429.9,114.06,315.84,Venda
SKU_1712_NAV,13/08/2025,Varejo,1,179.9,38.52,141.38,Venda
SKU_1725_OFF,13/08/2025,Varejo,1,244.9,58.86,186.04,Venda
SKU_1493_CLO,13/08/2025,Varejo,4,1319.6,201.04,279.64,Venda
SKU_1734_BRI,13/08/2025,Varejo,1,349.9,103.96,245.94,Venda
SKU_1510_SNO,13/08/2025,Atacado,3,2504.7,876.63,542.69,Venda
SKU_1891_MAR,13/08/2025,Atacado,3,989.7,346.38,214.44,Venda
SKU_1749_BIR,13/08/2025,Varejo,1,349.9,61.87,288.03,Venda
SKU_1715_HON,13/08/2025,E-commerce,2,439.8,102.76,168.52,Venda
SKU_1798_OFF,13/08/2025,Varejo,1,419.9,77.48,342.42,Venda
SKU_1761_SAP,13/08/2025,Atacado,4,4419.6,1546.88,718.18,Venda
SKU_1735_COR,13/08/2025,E-commerce,3,809.7,219.06,196.88,Venda
SKU_1773_OLI,13/08/2025,E-commerce,1,324.9,84.73,240.17,Venda
SKU_1900_FRE,13/08/2025,Varejo,2,849.8,0.0,424.9,Venda
SKU_1775_PAS,13/08/2025,E-commerce,2,559.8,153.22,203.29,Venda
SKU_1964_BRI,13/08/2025,E-commerce,1,294.9,0.0,294.9,Venda
SKU_1788_EME,13/08/2025,Atacado,6,1499.4,524.76,162.44,Venda
SKU_1800_MOS,13/08/2025,E-commerce,2,559.8,116.88,221.46,Venda
SKU_1755_BIR,13/08/2025,Varejo,1,334.9,95.79,239.11,Venda
SKU_1589_TUR,13/08/2025,Atacado,6,4079.4,1631.76,407.94,Venda
SKU_2030_SER,13/08/2025,Atacado,10,3449.0,1207.1,224.19,Venda
SKU_1736_PAS,13/08/2025,Varejo,1,324.9,90.4,234.5,Venda
SKU_1696_SER,13/08/2025,Varejo,2,559.8,100.52,229.64,Venda
SKU_1391_SEA,13/08/2025,Atacado,4,1139.6,341.88,199.43,Venda
SKU_1715_JAD,13/08/2025,E-commerce,1,219.9,62.53,157.37,Venda
SKU_1778_TEA,13/08/2025,Atacado,8,2279.2,683.76,199.43,Venda
SKU_1785_HUN,13/08/2025,E-commerce,1,244.9,49.15,195.75,Venda
SKU_1742_EME,13/08/2025,Varejo,1,259.9,61.29,198.61,Venda
SKU_1796_SHO,13/08/2025,Varejo,1,504.9,143.42,361.48,Venda
SKU_1742_DEN,13/08/2025,Atacado,10,2599.0,909.6,168.94,Venda
SKU_2020_FOR,13/08/2025,Atacado,5,1174.5,352.35,164.43,Venda
SKU_1562_CLO,13/08/2025,Varejo,2,619.8,136.0,241.9,Venda
SKU_1788_EME,13/08/2025,E-commerce,1,249.9,49.4,200.5,Venda
SKU_1759_COB,13/08/2025,Varejo,1,269.9,59.34,210.56,Venda
SKU_1440_BLU,13/08/2025,Atacado,4,4799.6,1679.84,779.94,Venda
SKU_1772_BLU,13/08/2025,Varejo,1,414.9,106.26,308.64,Venda
SKU_1709_CRE,13/08/2025,Atacado,3,629.7,251.88,125.94,Venda
SKU_1757_TUR,13/08/2025,Varejo,1,264.9,57.6,207.3,Venda
SKU_1796_SHO,13/08/2025,Atacado,3,1514.7,454.41,353.43,Venda
SKU_1798_OFF,13/08/2025,Varejo,1,419.9,93.84,326.06,Venda
SKU_1544_OLI,13/08/2025,E-commerce,1,199.9,33.92,165.98,Venda
SKU_1722_AQU,13/08/2025,E-commerce,1,324.9,58.82,266.08,Venda
SKU_1753_PAL,13/08/2025,Atacado,5,3949.5,1184.85,552.93,Venda
SKU_1771_EME,13/08/2025,Atacado,5,1324.5,463.55,172.19,Venda
SKU_1754_IVO,13/08/2025,Varejo,1,339.9,72.09,267.81,Venda
SKU_1685_BIR,13/08/2025,Varejo,1,664.9,120.54,544.36,Venda
SKU_1778_MIN,13/08/2025,Varejo,1,284.9,43.77,241.13,Venda
SKU_1760_OFF,13/08/2025,Atacado,5,1249.5,374.85,174.93,Venda
SKU_1671_MIN,13/08/2025,Atacado,8,2799.2,839.76,244.93,Venda
SKU_1801_FLA,13/08/2025,Varejo,1,374.9,102.6,272.3,Venda
SKU_1742_DEN,13/08/2025,Varejo,1,259.9,63.49,196.41,Venda
SKU_1617_MIN,13/08/2025,Varejo,1,164.9,29.99,134.91,Venda
SKU_1686_SKY,13/08/2025,Atacado,4,859.6,257.88,150.43,Venda
SKU_2083_VAN,13/08/2025,Atacado,3,704.7,211.41,164.43,Venda
SKU_1818_BRI,13/08/2025,Varejo,1,204.9,0.0,204.9,Venda
SKU_2078_ARM,13/08/2025,Atacado,2,479.8,143.94,167.93,Venda
SKU_1903_PAS,13/08/2025,E-commerce,2,659.8,0.0,329.9,Venda
SKU_1694_SER,13/08/2025,E-commerce,1,279.9,70.92,208.98,Venda
SKU_1719_WHI,13/08/2025,Varejo,1,319.9,58.27,261.63,Venda
SKU_1495_FUC,13/08/2025,Atacado,8,2639.2,923.68,214.44,Venda
SKU_1715_HON,13/08/2025,Varejo,1,219.9,42.68,177.22,Venda
SKU_1784_BLA,13/08/2025,E-commerce,1,309.9,86.55,223.35,Venda
SKU_1678_LIG,13/08/2025,E-commerce,1,714.9,121.08,593.82,Venda
SKU_1568_FRE,13/08/2025,Varejo,1,234.9,36.21,198.69,Venda
SKU_1588_CRE,13/08/2025,Atacado,4,1959.6,685.84,318.44,Venda
SKU_1703_BLU,13/08/2025,Varejo,2,539.8,91.52,224.14,Venda
SKU_1391_LIG,13/08/2025,Varejo,2,569.8,91.82,238.99,Venda
SKU_1944_PIS,13/08/2025,Varejo,1,399.9,0.0,399.9,Venda
SKU_1478_TEA,13/08/2025,Atacado,3,584.7,233.88,116.94,Venda
SKU_1783_BAB,13/08/2025,E-commerce,1,1199.9,345.04,854.86,Venda
SKU_1771_PIN,13/08/2025,E-commerce,1,264.9,71.55,193.35,Venda
SKU_1453_SAP,13/08/2025,Atacado,3,704.7,246.66,152.68,Venda
SKU_1769_EME,13/08/2025,E-commerce,2,649.8,108.78,270.51,Venda
SKU_1704_PEA,13/08/2025,Varejo,1,334.9,66.68,268.22,Venda
SKU_1785_PAS,13/08/2025,Atacado,3,734.7,220.41,171.43,Venda
SKU_1796_OLI,13/08/2025,Atacado,6,3029.4,908.82,353.43,Venda
SKU_1682_BIR,13/08/2025,Varejo,1,234.9,54.57,180.33,Venda
SKU_1778_MIN,13/08/2025,Varejo,1,284.9,80.53,204.37,Venda
SKU_1694_PIS,13/08/2025,Atacado,8,2239.2,895.68,167.94,Venda
SKU_1459_CRE,13/08/2025,E-commerce,1,209.9,59.84,150.06,Venda
SKU_1771_PIN,13/08/2025,Varejo,1,264.9,67.42,197.48,Venda
SKU_1728_EGR,13/08/2025,Atacado,2,659.8,230.92,214.44,Venda
SKU_1628_POW,13/08/2025,Atacado,5,2749.5,824.85,384.93,Venda
SKU_1397_SNO,13/08/2025,Atacado,5,1174.5,469.8,140.94,Venda
SKU_1743_CLO,13/08/2025,Atacado,5,2199.5,769.8,285.94,Venda
SKU_1793_MIN,13/08/2025,Varejo,1,189.9,39.07,150.83,Venda
SKU_1781_AQU,13/08/2025,E-commerce,1,129.9,30.08,99.82,Venda
SKU_1824_COR,13/08/2025,Varejo,1,359.9,0.0,359.9,Venda
SKU_1439_SHO,13/08/2025,Atacado,12,2218.8,665.64,129.43,Venda
SKU_1821_NAV,13/08/2025,Atacado,4,1059.6,370.84,172.19,Venda
SKU_1483_WHI,13/08/2025,Atacado,3,974.7,341.13,211.19,Venda
SKU_1599_CER,13/08/2025,Varejo,1,469.9,127.01,342.89,Venda
SKU_1765_MYS,13/08/2025,Varejo,4,1039.6,167.12,218.12,Venda
SKU_1690_MAG,13/08/2025,E-commerce,1,539.9,81.51,458.39,Venda
SKU_1800_SKY,13/08/2025,Atacado,6,1679.4,755.76,153.94,Venda
SKU_1749_SNO,13/08/2025,E-commerce,1,349.9,88.18,261.72,Venda
SKU_1739_AQU,13/08/2025,Atacado,3,764.7,229.41,178.43,Venda
SKU_1930_SHO,13/08/2025,Varejo,1,659.9,0.0,659.9,Venda
SKU_1681_OFF,13/08/2025,Varejo,2,469.8,139.04,165.38,Venda
SKU_1585_BLA,13/08/2025,Atacado,6,1919.4,575.82,223.93,Venda
SKU_1435_SKY,13/08/2025,Varejo,1,1009.9,275.35,734.55,Venda
SKU_1759_CLE,13/08/2025,Atacado,3,809.7,242.91,188.93,Venda
SKU_1767_FUC,13/08/2025,Atacado,2,409.8,143.44,133.18,Venda
SKU_1711_ARM,13/08/2025,Varejo,1,994.9,152.79,842.11,Venda
SKU_1519_BLU,13/08/2025,Varejo,2,1259.8,298.72,480.54,Venda
SKU_1582_PAS,13/08/2025,Atacado,4,919.6,321.84,149.44,Venda
SKU_1761_SAP,13/08/2025,Atacado,4,4419.6,1767.84,662.94,Venda
SKU_1877_SAP,13/08/2025,Atacado,5,2874.5,1149.8,344.94,Venda
SKU_1399_PAL,13/08/2025,Varejo,1,269.9,61.66,208.24,Venda
SKU_1539_BLA,13/08/2025,E-commerce,1,349.9,54.2,295.7,Venda
SKU_1547_FUC,13/08/2025,Atacado,5,1649.5,494.85,230.93,Venda
SKU_1693_MEX,13/08/2025,Varejo,2,409.8,67.56,171.12,Venda
SKU_1733_NAV,13/08/2025,Atacado,3,1049.7,314.91,244.93,Venda
SKU_1661_CER,13/08/2025,Atacado,6,5939.4,2375.76,593.94,Venda
SKU_1471_ROS,13/08/2025,Atacado,6,1229.4,430.32,133.18,Venda
SKU_1795_RAS,13/08/2025,Atacado,8,2399.2,719.76,209.93,Venda
SKU_1708_FLA,13/08/2025,Atacado,5,849.5,297.3,110.44,Venda
SKU_1693_FLA,13/08/2025,Varejo,1,204.9,43.27,161.63,Venda
SKU_1426_NAV,13/08/2025,Atacado,2,259.8,90.92,84.44,Venda
SKU_1587_DEE,13/08/2025,Atacado,4,919.6,275.88,160.93,Venda
SKU_1436_BLU,13/08/2025,E-commerce,2,559.8,104.38,227.71,Venda
SKU_1768_PEA,13/08/2025,Atacado,4,2499.6,874.84,406.19,Venda
SKU_1783_EGR,13/08/2025,Atacado,4,4799.6,1439.88,839.93,Venda
SKU_1619_IVO,13/08/2025,Atacado,4,799.6,279.84,129.94,Venda
SKU_1398_AQU,13/08/2025,Atacado,5,3374.5,1349.8,404.94,Venda
SKU_1839_BAB,13/08/2025,Atacado,8,2359.2,825.68,191.69,Venda
SKU_1708_FRE,13/08/2025,Atacado,6,1019.4,356.76,110.44,Venda
SKU_1505_SNO,13/08/2025,E-commerce,1,234.9,67.82,167.08,Venda
SKU_1790_ROY,13/08/2025,E-commerce,3,779.7,194.37,195.11,Venda
SKU_1800_MOS,13/08/2025,Varejo,2,559.8,163.72,198.04,Venda
SKU_1739_AQU,13/08/2025,Atacado,5,1274.5,382.35,178.43,Venda
SKU_1797_GAR,13/08/2025,E-commerce,1,379.9,59.66,320.24,Venda
SKU_2112_TEA,13/08/2025,Atacado,5,1674.5,502.35,234.43,Venda
SKU_1738_BLU,13/08/2025,E-commerce,2,389.8,90.26,149.77,Venda
SKU_1795_RAS,13/08/2025,Atacado,4,1199.6,419.84,194.94,Venda
SKU_1533_DUS,13/08/2025,Atacado,4,659.6,197.88,115.43,Venda
SKU_1620_SAG,13/08/2025,E-commerce,1,264.9,67.1,197.8,Venda
SKU_1715_HON,13/08/2025,Varejo,1,219.9,48.55,171.35,Venda
SKU_1779_MIN,13/08/2025,Atacado,3,644.7,193.41,150.43,Venda
SKU_1771_EME,13/08/2025,Atacado,4,1059.6,423.84,158.94,Venda
SKU_1489_TEA,13/08/2025,E-commerce,1,369.9,62.19,307.71,Venda
SKU_1732_WHI,13/08/2025,Varejo,2,2229.8,531.3,849.25,Venda
SKU_1470_WHI,13/08/2025,Varejo,1,919.9,205.62,714.28,Venda
SKU_1790_EGR,13/08/2025,Varejo,3,779.7,146.19,211.17,Venda
SKU_1712_MOS,13/08/2025,Varejo,1,179.9,37.12,142.78,Venda
SKU_1717_CRE,13/08/2025,Varejo,1,259.9,54.65,205.25,Venda
SKU_1799_DEN,13/08/2025,Atacado,8,2159.2,755.68,175.44,Venda
SKU_1630_SNO,13/08/2025,Varejo,2,669.8,172.22,248.79,Venda
SKU_1635_SAG,13/08/2025,Atacado,4,2419.6,846.84,393.19,Venda
SKU_1708_FRE,13/08/2025,Atacado,5,849.5,254.85,118.93,Venda
SKU_1780_LIG,13/08/2025,Atacado,3,1004.7,301.41,234.43,Venda
SKU_1776_PAS,13/08/2025,Atacado,4,1319.6,395.88,230.93,Venda
SKU_1765_PAS,13/08/2025,E-commerce,1,259.9,62.84,197.06,Venda
SKU_1725_BAB,13/08/2025,Atacado,5,1224.5,428.6,159.18,Venda
SKU_2111_ARM,13/08/2025,E-commerce,1,234.9,0.0,234.9,Venda
SKU_1983_GAR,13/08/2025,Atacado,6,1349.4,472.32,146.18,Venda
SKU_1784_EGR,13/08/2025,Atacado,4,1239.6,371.88,216.93,Venda
SKU_1824_COR,13/08/2025,Atacado,8,2879.2,1007.68,233.94,Venda
SKU_1696_SHO,13/08/2025,Atacado,4,1119.6,335.88,195.93,Venda
SKU_1543_FLA,13/08/2025,Atacado,6,4409.4,1322.82,514.43,Venda
SKU_1647_BLA,13/08/2025,Atacado,6,2039.4,713.76,220.94,Venda
SKU_1743_DEE,13/08/2025,E-commerce,1,439.9,124.73,315.17,Venda
SKU_1761_SAP,13/08/2025,Atacado,6,6629.4,2320.32,718.18,Venda
SKU_1536_MOS,13/08/2025,E-commerce,2,689.8,128.1,280.85,Venda
SKU_1815_LIM,13/08/2025,Atacado,3,1319.7,461.88,285.94,Venda
SKU_2104_LIG,13/08/2025,Atacado,5,1124.5,449.8,134.94,Venda
SKU_1730_OFF,13/08/2025,Varejo,1,319.9,72.21,247.69,Venda
SKU_1521_MOS,13/08/2025,Atacado,5,949.5,284.85,132.93,Venda
SKU_1445_TEA,13/08/2025,E-commerce,1,409.9,78.7,331.2,Venda
SKU_1797_GAR,13/08/2025,Varejo,1,379.9,72.67,307.23,Venda
SKU_1794_LIG,13/08/2025,Varejo,2,419.8,89.48,165.16,Venda
SKU_1769_WHI,13/08/2025,Varejo,1,324.9,56.23,268.67,Venda
SKU_1733_NAV,13/08/2025,E-commerce,1,349.9,93.08,256.82,Venda
SKU_1738_BLU,13/08/2025,Varejo,1,194.9,41.6,153.3,Venda
SKU_1764_MAR,13/08/2025,Varejo,1,234.9,67.99,166.91,Venda
SKU_1722_AQU,13/08/2025,Varejo,2,649.8,142.88,253.46,Venda
SKU_1784_EGR,13/08/2025,Varejo,1,309.9,79.02,230.88,Venda
SKU_1443_PRI,13/08/2025,Varejo,2,539.8,145.26,197.27,Venda
SKU_1733_SAG,13/08/2025,Varejo,1,349.9,67.4,282.5,Venda
SKU_1615_SHO,13/08/2025,Atacado,8,3719.2,1301.68,302.19,Venda
SKU_1705_SER,13/08/2025,Varejo,2,819.8,123.34,348.23,Venda
SKU_1745_PEA,13/08/2025,Varejo,3,1229.7,315.63,304.69,Venda
SKU_1758_CLO,13/08/2025,Varejo,3,539.7,112.89,142.27,Venda
SKU_1756_FLA,13/08/2025,Atacado,4,719.6,215.88,125.93,Venda
SKU_2097_SPA,13/08/2025,Atacado,5,999.5,299.85,139.93,Venda
SKU_1769_EME,13/08/2025,Atacado,10,3249.0,1299.6,194.94,Venda
SKU_1452_SKY,13/08/2025,Varejo,1,144.9,21.86,123.04,Venda
SKU_1647_BLA,13/08/2025,Atacado,3,1019.7,356.88,220.94,Venda
SKU_1924_BIR,13/08/2025,E-commerce,1,644.9,0.0,644.9,Venda
SKU_1700_HUN,13/08/2025,Atacado,10,6999.0,2799.6,419.94,Venda
SKU_1738_BLU,13/08/2025,Atacado,6,1169.4,467.76,116.94,Venda
SKU_1698_PRI,13/08/2025,E-commerce,1,419.9,68.42,351.48,Venda
SKU_1705_JAD,13/08/2025,Atacado,3,1229.7,368.91,286.93,Venda
SKU_1747_TEA,13/08/2025,Atacado,3,524.7,157.41,122.43,Venda
SKU_1898_EME,13/08/2025,Atacado,4,1939.6,775.84,290.94,Venda
SKU_1799_DEN,13/08/2025,Varejo,1,269.9,41.9,228.0,Venda
SKU_1509_HOT,13/08/2025,Varejo,1,319.9,60.69,259.21,Venda
SKU_1778_TEA,13/08/2025,Atacado,4,1139.6,398.84,185.19,Venda
SKU_1437_AQU,13/08/2025,Varejo,4,659.6,116.6,135.75,Venda
SKU_1723_COB,13/08/2025,Varejo,1,434.9,94.69,340.21,Venda
SKU_2067_MIN,13/08/2025,Atacado,5,1749.5,612.3,227.44,Venda
SKU_2072_BAB,13/08/2025,Atacado,3,809.7,323.88,161.94,Venda
SKU_1774_MOS,13/08/2025,Atacado,5,1024.5,409.8,122.94,Venda
SKU_1793_WHI,13/08/2025,Atacado,6,1139.4,398.76,123.44,Venda
SKU_1435_SKY,13/08/2025,Varejo,1,1009.9,281.0,728.9,Venda
SKU_1739_AQU,13/08/2025,Varejo,2,509.8,85.76,212.02,Venda
SKU_1623_SER,13/08/2025,Varejo,1,914.9,155.8,759.1,Venda
SKU_1774_COB,13/08/2025,Varejo,2,409.8,120.18,144.81,Venda
SKU_1723_COB,13/08/2025,Atacado,4,1739.6,608.84,282.69,Venda
SKU_1720_PAL,13/08/2025,Varejo,1,224.9,38.53,186.37,Venda
SKU_1751_BLU,13/08/2025,Atacado,8,2639.2,791.76,230.93,Venda
SKU_1753_PAL,13/08/2025,Varejo,1,789.9,214.01,575.89,Venda
SKU_1752_SPA,13/08/2025,Atacado,12,5158.8,1547.64,300.93,Venda
SKU_1614_VAN,13/08/2025,Atacado,8,3559.2,1067.76,311.43,Venda
SKU_1763_HOT,13/08/2025,Varejo,1,299.9,87.04,212.86,Venda
SKU_1706_JAD,13/08/2025,E-commerce,1,184.9,35.08,149.82,Venda
SKU_1773_FRE,13/08/2025,E-commerce,1,324.9,59.67,265.23,Venda
SKU_1578_PAS,13/08/2025,Atacado,8,999.2,349.76,81.18,Venda
SKU_1695_LIM,13/08/2025,E-commerce,1,209.9,48.23,161.67,Venda
SKU_1711_ARM,13/08/2025,E-commerce,1,994.9,228.21,766.69,Venda
SKU_1774_MOS,13/08/2025,Varejo,1,204.9,56.53,148.37,Venda
SKU_2065_OFF,13/08/2025,Atacado,10,1999.0,699.6,129.94,Venda
SKU_1883_BLU,13/08/2025,E-commerce,1,224.9,0.0,224.9,Venda
SKU_1744_EME,13/08/2025,Atacado,5,1324.5,463.55,172.19,Venda
SKU_1725_OFF,13/08/2025,Varejo,1,244.9,41.18,203.72,Venda
SKU_1720_PAL,13/08/2025,Atacado,8,1799.2,539.76,157.43,Venda
SKU_1693_MEX,13/08/2025,Atacado,5,1024.5,307.35,143.43,Venda
SKU_1748_COB,13/08/2025,Atacado,3,929.7,325.38,201.44,Venda
SKU_2091_AQU,13/08/2025,Varejo,1,239.9,0.0,239.9,Venda
SKU_1571_BIR,13/08/2025,Atacado,6,1499.4,524.76,162.44,Venda
SKU_1742_EME,13/08/2025,Atacado,3,779.7,272.88,168.94,Venda
SKU_1706_JAD,13/08/2025,Varejo,3,554.7,104.49,150.07,Venda
SKU_1793_WHI,13/08/2025,Atacado,6,1139.4,398.76,123.44,Venda
SKU_1489_TEA,13/08/2025,Varejo,1,369.9,75.76,294.14,Venda
SKU_1640_TEA,13/08/2025,Varejo,1,219.9,33.07,186.83,Venda
SKU_1550_IVO,13/08/2025,Atacado,3,494.7,197.88,98.94,Venda
SKU_1456_EME,13/08/2025,Varejo,1,314.9,53.89,261.01,Venda
SKU_1793_WHI,13/08/2025,Atacado,8,1519.2,531.68,123.44,Venda
SKU_1751_MIN,13/08/2025,Varejo,1,329.9,67.21,262.69,Venda
SKU_1769_WHI,13/08/2025,Atacado,3,974.7,389.88,194.94,Venda
SKU_1991_PIN,13/08/2025,Atacado,10,2999.0,1049.6,194.94,Venda
SKU_1613_BIR,13/08/2025,Atacado,4,759.6,303.84,113.94,Venda
SKU_1708_FLA,13/08/2025,Varejo,1,169.9,46.32,123.58,Venda
SKU_1728_EGR,13/08/2025,Atacado,2,659.8,197.94,230.93,Venda
SKU_1519_BLU,13/08/2025,Atacado,2,1259.8,440.92,409.44,Venda
SKU_1673_PEA,13/08/2025,Atacado,4,1639.6,573.84,266.44,Venda
SKU_1706_JAD,13/08/2025,Atacado,4,739.6,221.88,129.43,Venda
SKU_1767_PRI,13/08/2025,Atacado,3,614.7,184.41,143.43,Venda
SKU_1709_CRE,13/08/2025,E-commerce,1,209.9,46.93,162.97,Venda
SKU_1508_DEE,13/08/2025,Varejo,1,209.9,62.12,147.78,Venda
SKU_1463_DUS,13/08/2025,Atacado,5,1299.5,389.85,181.93,Venda
SKU_1794_FLA,13/08/2025,Varejo,1,209.9,33.82,176.08,Venda
SKU_1605_COR,13/08/2025,Atacado,5,1099.5,384.8,142.94,Venda
SKU_1771_PIN,13/08/2025,E-commerce,1,264.9,73.8,191.1,Venda
SKU_1757_PIN,13/08/2025,Atacado,6,1589.4,556.26,172.19,Venda
SKU_1674_PAS,13/08/2025,Atacado,6,1379.4,482.76,149.44,Venda
SKU_1703_PAS,13/08/2025,Atacado,5,1349.5,472.3,175.44,Venda
SKU_1684_HON,13/08/2025,Atacado,5,924.5,277.35,129.43,Venda
SKU_1462_OFF,13/08/2025,Atacado,4,1459.6,437.88,255.43,Venda
SKU_1717_MIN,13/08/2025,Varejo,1,259.9,41.48,218.42,Venda
SKU_1614_IVO,13/08/2025,Atacado,12,5338.8,1868.52,289.19,Venda
SKU_1704_PEA,13/08/2025,Varejo,2,669.8,123.26,273.27,Venda
SKU_1699_COB,13/08/2025,Atacado,4,1319.6,395.88,230.93,Venda
SKU_1738_ROY,13/08/2025,Varejo,1,194.9,51.4,143.5,Venda
SKU_1704_PEA,13/08/2025,Atacado,6,2009.4,602.82,234.43,Venda
SKU_1785_HUN,13/08/2025,Atacado,8,1959.2,783.68,146.94,Venda
SKU_1712_NAV,13/08/2025,Varejo,1,179.9,35.52,144.38,Venda
SKU_1704_BAB,13/08/2025,Varejo,1,334.9,68.95,265.95,Venda
SKU_1713_SAL,13/08/2025,Atacado,4,2019.6,706.84,328.19,Venda
SKU_1682_BIR,13/08/2025,Atacado,5,1174.5,411.1,152.68,Venda
SKU_1701_SPA,13/08/2025,Varejo,1,339.9,99.23,240.67,Venda
SKU_1728_MID,13/08/2025,Atacado,10,3299.0,1154.6,214.44,Venda
SKU_1558_MEX,13/08/2025,E-commerce,1,329.9,77.6,252.3,Venda
SKU_1639_WHI,13/08/2025,Varejo,4,759.6,117.88,160.43,Venda
SKU_1752_SNO,13/08/2025,Atacado,10,4299.0,1504.6,279.44,Venda
SKU_1399_CRE,13/08/2025,Varejo,1,269.9,69.23,200.67,Venda
SKU_1580_MOS,13/08/2025,Atacado,4,759.6,303.84,113.94,Venda
SKU_1698_SNO,13/08/2025,Atacado,3,1259.7,440.88,272.94,Venda
SKU_1683_PAL,13/08/2025,Atacado,2,629.8,283.4,173.2,Venda
SKU_1765_MYS,13/08/2025,E-commerce,1,259.9,75.61,184.29,Venda
SKU_1716_SAL,13/08/2025,Atacado,5,824.5,288.6,107.18,Venda
SKU_1751_MIN,13/08/2025,Varejo,1,329.9,84.75,245.15,Venda
SKU_1730_MIN,13/08/2025,Varejo,2,639.8,126.24,256.78,Venda
SKU_1745_PEA,13/08/2025,Atacado,3,1229.7,491.88,245.94,Venda
SKU_2054_SAL,13/08/2025,Varejo,1,409.9,0.0,409.9,Venda
SKU_1428_SKY,13/08/2025,Varejo,1,489.9,117.99,371.91,Venda
SKU_1931_COR,13/08/2025,Varejo,1,744.9,0.0,744.9,Venda
SKU_1729_FUC,13/08/2025,Varejo,1,174.9,29.76,145.14,Venda
SKU_1776_PAS,13/08/2025,E-commerce,1,329.9,88.28,241.62,Venda
SKU_1694_PIS,13/08/2025,Atacado,4,1119.6,391.84,181.94,Venda
SKU_1469_ARM,13/08/2025,Varejo,1,294.9,63.82,231.08,Venda
SKU_1685_BIR,13/08/2025,Atacado,8,5319.2,1861.68,432.19,Venda
SKU_1700_HUN,13/08/2025,Atacado,3,2099.7,629.91,489.93,Venda
SKU_1734_BRI,13/08/2025,Varejo,1,349.9,104.49,245.41,Venda
SKU_1428_SKY,13/08/2025,Atacado,5,2449.5,979.8,293.94,Venda
SKU_1730_OFF,13/08/2025,Atacado,2,639.8,191.94,223.93,Venda
SKU_1757_PIN,13/08/2025,Atacado,2,529.8,211.92,158.94,Venda
SKU_1799_POW,13/08/2025,Atacado,8,2159.2,755.68,175.44,Venda
SKU_1778_TEA,13/08/2025,Varejo,1,284.9,79.74,205.16,Venda
SKU_1723_COB,13/08/2025,Atacado,3,1304.7,456.63,282.69,Venda
SKU_1701_BLU,13/08/2025,Varejo,1,339.9,75.73,264.17,Venda
SKU_1746_EME,13/08/2025,E-commerce,2,359.8,67.28,146.26,Venda
SKU_1709_CRE,13/08/2025,Varejo,3,629.7,107.91,173.93,Venda
SKU_1759_CLE,13/08/2025,Atacado,10,2699.0,809.7,188.93,Venda
SKU_1528_PAS,13/08/2025,Atacado,2,429.8,150.44,139.68,Venda
SKU_1740_OLI,13/08/2025,Varejo,1,214.9,59.14,155.76,Venda
SKU_1813_RAS,13/08/2025,Varejo,3,764.7,0.0,254.9,Venda
SKU_1634_SAP,13/08/2025,Varejo,2,1959.8,545.16,707.32,Venda
SKU_1738_ROY,13/08/2025,Atacado,5,974.5,341.1,126.68,Venda
SKU_1717_MIN,13/08/2025,Atacado,4,1039.6,311.88,181.93,Venda
SKU_1435_SKY,13/08/2025,Varejo,1,1009.9,184.86,825.04,Venda
SKU_1785_HUN,13/08/2025,E-commerce,1,244.9,52.07,192.83,Venda
SKU_1572_MAR,13/08/2025,Atacado,4,559.6,195.84,90.94,Venda
SKU_1735_COR,13/08/2025,Varejo,1,269.9,62.23,207.67,Venda
SKU_1718_SEA,13/08/2025,E-commerce,1,369.9,67.35,302.55,Venda
SKU_1819_DEE,13/08/2025,Atacado,3,1034.7,310.41,241.43,Venda
SKU_1778_TEA,13/08/2025,Atacado,10,2849.0,854.7,199.43,Venda
SKU_1785_PAS,13/08/2025,Atacado,2,489.8,171.44,159.18,Venda
SKU_1725_BAB,13/08/2025,Varejo,1,244.9,44.46,200.44,Venda
SKU_1751_MIN,13/08/2025,Varejo,1,329.9,60.57,269.33,Venda
SKU_1679_SHO,13/08/2025,Varejo,1,919.9,252.46,667.44,Venda
SKU_1751_MIN,13/08/2025,E-commerce,1,329.9,98.69,231.21,Venda
SKU_1706_JAD,13/08/2025,Atacado,5,924.5,277.35,129.43,Venda
SKU_1731_MIN,13/08/2025,E-commerce,2,1819.8,304.46,757.67,Venda
SKU_1673_PEA,13/08/2025,Atacado,8,3279.2,983.76,286.93,Venda
SKU_1546_PAS,13/08/2025,E-commerce,1,174.9,34.99,139.91,Venda
SKU_1973_SKY,13/08/2025,Atacado,10,3199.0,1119.6,207.94,Venda
SKU_1727_WHI,13/08/2025,Atacado,3,464.7,185.88,92.94,Venda
SKU_1784_EGR,13/08/2025,Atacado,5,1549.5,542.3,201.44,Venda
SKU_1587_LIG,13/08/2025,Varejo,2,459.8,104.52,177.64,Venda
SKU_1745_FOR,13/08/2025,Atacado,6,2459.4,737.82,286.93,Venda
SKU_1776_PAS,13/08/2025,Varejo,1,329.9,70.98,258.92,Venda
SKU_1702_COR,13/08/2025,Varejo,1,619.9,171.53,448.37,Venda
SKU_1576_BLU,13/08/2025,Varejo,2,489.8,105.22,192.29,Venda
SKU_1717_MIN,13/08/2025,Atacado,4,1039.6,363.84,168.94,Venda
SKU_1731_ARM,13/08/2025,Atacado,5,4549.5,1364.85,636.93,Venda
SKU_1851_DEE,13/08/2025,Atacado,4,859.6,257.88,150.43,Venda
SKU_1691_HUN,13/08/2025,Atacado,6,1859.4,743.76,185.94,Venda
SKU_1631_BAL,13/08/2025,Atacado,4,719.6,251.84,116.94,Venda
SKU_1744_EME,13/08/2025,Varejo,3,794.7,217.86,192.28,Venda
SKU_1682_BIR,13/08/2025,Varejo,1,234.9,40.39,194.51,Venda
SKU_1752_SPA,13/08/2025,Varejo,1,429.9,127.01,302.89,Venda
SKU_1761_MOS,13/08/2025,Atacado,3,3314.7,1491.63,607.69,Venda
SKU_1775_PAL,13/08/2025,E-commerce,1,279.9,53.28,226.62,Venda
SKU_2115_PEA,13/08/2025,Atacado,5,1924.5,673.55,250.19,Venda
SKU_1864_VAN,13/08/2025,E-commerce,1,169.9,0.0,169.9,Venda
SKU_1766_CLE,13/08/2025,Atacado,5,1974.5,592.35,276.43,Venda
SKU_1776_PAS,13/08/2025,Atacado,6,1979.4,692.76,214.44,Venda
SKU_1445_TEA,13/08/2025,Atacado,4,1639.6,573.84,266.44,Venda
SKU_1465_OFF,13/08/2025,Atacado,12,3778.8,1133.64,220.43,Venda
SKU_1402_WHI,13/08/2025,E-commerce,1,234.9,55.76,179.14,Venda
SKU_2004_MIN,13/08/2025,E-commerce,1,224.9,0.0,224.9,Venda
SKU_1579_SAG,13/08/2025,Atacado,12,2758.8,1103.52,137.94,Venda
SKU_1741_PIN,13/08/2025,Atacado,4,959.6,383.84,143.94,Venda
SKU_1703_PAS,13/08/2025,Atacado,4,1079.6,377.84,175.44,Venda
SKU_1512_TEA,13/08/2025,Varejo,2,449.8,101.74,174.03,Venda
SKU_1706_BLA,13/08/2025,Atacado,5,924.5,277.35,129.43,Venda
SKU_1617_DEN,13/08/2025,Varejo,4,659.6,135.76,130.96,Venda
SKU_1626_DEN,13/08/2025,Atacado,5,2699.5,944.8,350.94,Venda
SKU_1525_OLI,13/08/2025,Atacado,8,2319.2,811.68,188.44,Venda
SKU_1788_MYS,13/08/2025,Varejo,2,499.8,80.14,209.83,Venda
SKU_1787_BAB,13/08/2025,Varejo,1,289.9,44.14,245.76,Venda
SKU_1681_PIS,13/08/2025,Atacado,8,1879.2,751.68,140.94,Venda
SKU_1743_DEE,13/08/2025,E-commerce,2,879.8,208.6,335.6,Venda
SKU_1800_MOS,13/08/2025,Atacado,5,1399.5,489.8,181.94,Venda
SKU_1398_AQU,13/08/2025,Atacado,10,6749.0,2024.7,472.43,Venda
SKU_1715_JAD,13/08/2025,Atacado,5,1099.5,384.8,142.94,Venda
SKU_1791_ARM,13/08/2025,Varejo,2,529.8,120.44,204.68,Venda
SKU_1734_FRE,13/08/2025,Atacado,2,699.8,244.92,227.44,Venda
SKU_1763_HOT,13/08/2025,Atacado,6,1799.4,719.76,179.94,Venda
SKU_1681_OFF,13/08/2025,Varejo,1,234.9,46.96,187.94,Venda
SKU_1754_IVO,13/08/2025,Atacado,3,1019.7,356.88,220.94,Venda
SKU_1729_CLE,13/08/2025,Atacado,6,1049.4,419.76,104.94,Venda
SKU_1701_BLU,13/08/2025,E-commerce,1,339.9,95.82,244.08,Venda
SKU_1686_SKY,13/08/2025,E-commerce,1,214.9,49.83,165.07,Venda
SKU_2037_SEA,13/08/2025,Varejo,2,1449.8,0.0,724.9,Venda
SKU_1748_COB,13/08/2025,Atacado,5,1549.5,619.8,185.94,Venda
SKU_1713_SAL,13/08/2025,Atacado,10,5049.0,1514.7,353.43,Venda
SKU_1467_OLI,13/08/2025,Atacado,4,819.6,245.88,143.43,Venda
SKU_1791_ARM,13/08/2025,Atacado,2,529.8,158.94,185.43,Venda
SKU_1519_TEA,13/08/2025,E-commerce,1,629.9,179.87,450.03,Venda
SKU_1606_COB,13/08/2025,Varejo,1,1084.9,195.79,889.11,Venda
SKU_1790_ROY,13/08/2025,Atacado,5,1299.5,389.85,181.93,Venda
SKU_1797_BLU,13/08/2025,Atacado,6,2279.4,683.82,265.93,Venda
SKU_1762_DEN,13/08/2025,E-commerce,1,254.9,70.27,184.63,Venda
SKU_1764_MAR,13/08/2025,Varejo,1,234.9,51.54,183.36,Venda
SKU_1734_BRI,13/08/2025,Varejo,1,349.9,65.3,284.6,Venda
SKU_1688_LIG,13/08/2025,Atacado,6,2579.4,773.82,300.93,Venda
SKU_1799_DEN,13/08/2025,Varejo,1,269.9,70.18,199.72,Venda
SKU_1759_COB,13/08/2025,E-commerce,1,269.9,69.26,200.64,Venda
SKU_1711_VAN,13/08/2025,E-commerce,1,994.9,181.31,813.59,Venda
SKU_1988_WHI,13/08/2025,Varejo,1,424.9,0.0,424.9,Venda
SKU_1472_MYS,13/08/2025,E-commerce,1,469.9,117.44,352.46,Venda
SKU_1752_SPA,13/08/2025,Varejo,1,429.9,102.76,327.14,Venda
SKU_1609_SAP,13/08/2025,Varejo,1,269.9,42.48,227.42,Venda
SKU_1932_COB,13/08/2025,Atacado,8,1559.2,467.76,136.43,Venda
SKU_1640_IVO,13/08/2025,Varejo,3,659.7,105.72,184.66,Venda
SKU_1774_MOS,13/08/2025,Varejo,1,204.9,41.34,163.56,Venda
SKU_2102_CLO,13/08/2025,Atacado,2,1489.8,446.94,521.43,Venda
SKU_1706_JAD,13/08/2025,Varejo,1,184.9,31.58,153.32,Venda
SKU_1742_EME,13/08/2025,Atacado,4,1039.6,311.88,181.93,Venda
SKU_1797_BLU,13/08/2025,Varejo,1,379.9,102.02,277.88,Venda
SKU_1796_SHO,13/08/2025,Varejo,1,504.9,129.35,375.55,Venda
SKU_1753_WHI,13/08/2025,Varejo,4,3159.6,630.88,632.18,Venda
SKU_1761_MOS,13/08/2025,Atacado,3,3314.7,994.41,773.43,Venda
SKU_1754_IVO,13/08/2025,Atacado,8,2719.2,951.68,220.94,Venda
SKU_1687_FOR,13/08/2025,Varejo,3,2699.7,481.11,739.53,Venda
SKU_1686_MOS,13/08/2025,Atacado,4,859.6,257.88,150.43,Venda
SKU_1693_FLA,13/08/2025,Atacado,4,819.6,327.84,122.94,Venda
SKU_2116_BLA,13/08/2025,Varejo,1,379.9,0.0,379.9,Venda
SKU_1750_SNO,13/08/2025,Atacado,2,739.8,221.94,258.93,Venda
SKU_1775_PAS,13/08/2025,Varejo,1,279.9,50.23,229.67,Venda
SKU_1706_BLA,13/08/2025,Atacado,5,924.5,277.35,129.43,Venda
SKU_1801_MOS,13/08/2025,Atacado,4,1499.6,524.84,243.69,Venda
SKU_1916_HOT,13/08/2025,E-commerce,1,254.9,0.0,254.9,Venda
SKU_1723_MOS,13/08/2025,Atacado,2,869.8,260.94,304.43,Venda
SKU_2011_TUR,13/08/2025,Atacado,5,1274.5,509.8,152.94,Venda
SKU_1779_MIN,13/08/2025,Atacado,3,644.7,257.88,128.94,Venda
SKU_1778_TEA,13/08/2025,Varejo,1,284.9,82.74,202.16,Venda
SKU_1692_OLI,13/08/2025,Atacado,6,1319.4,593.76,120.94,Venda
SKU_1741_PIN,13/08/2025,Varejo,1,239.9,71.51,168.39,Venda
SKU_1448_SEA,13/08/2025,Atacado,10,1799.0,629.6,116.94,Venda
SKU_1781_CLE,13/08/2025,Atacado,3,389.7,136.38,84.44,Venda
SKU_1731_ARM,13/08/2025,Varejo,1,909.9,264.85,645.05,Venda
SKU_1713_SAL,13/08/2025,Atacado,2,1009.8,353.42,328.19,Venda
SKU_1561_VAN,13/08/2025,Atacado,2,699.8,209.94,244.93,Venda
SKU_1764_FUC,13/08/2025,Varejo,1,234.9,39.0,195.9,Venda
SKU_1715_HON,13/08/2025,Atacado,5,1099.5,439.8,131.94,Venda
SKU_1706_BLA,13/08/2025,Atacado,3,554.7,166.41,129.43,Venda
SKU_1797_GAR,13/08/2025,Atacado,2,759.8,227.94,265.93,Venda
SKU_1985_WHI,13/08/2025,Varejo,1,409.9,0.0,409.9,Venda
SKU_2071_PEA,13/08/2025,Atacado,10,2599.0,779.7,181.93,Venda
SKU_1733_SAG,13/08/2025,E-commerce,1,349.9,75.6,274.3,Venda
SKU_1705_SER,13/08/2025,Varejo,2,819.8,142.1,338.85,Venda
SKU_1763_MAR,13/08/2025,E-commerce,1,299.9,69.24,230.66,Venda
SKU_1781_CLE,13/08/2025,Varejo,1,129.9,22.3,107.6,Venda
SKU_1947_CLE,13/08/2025,E-commerce,2,879.8,0.0,439.9,Venda
SKU_1590_MYS,13/08/2025,Atacado,2,379.8,132.92,123.44,Venda
SKU_1617_DEN,13/08/2025,Atacado,8,1319.2,461.76,107.18,Venda
SKU_1425_LIG,13/08/2025,Atacado,3,629.7,188.91,146.93,Venda
SKU_1710_MEX,13/08/2025,Atacado,2,1619.8,566.92,526.44,Venda
SKU_1393_COB,13/08/2025,Atacado,10,3099.0,929.7,216.93,Venda
SKU_1686_SKY,13/08/2025,Atacado,4,859.6,257.88,150.43,Venda
SKU_2013_MYS,13/08/2025,Atacado,4,739.6,258.88,120.18,Venda
SKU_1776_PAS,13/08/2025,E-commerce,1,329.9,61.96,267.94,Venda
SKU_1603_BUB,13/08/2025,Atacado,6,4469.4,1340.82,521.43,Venda
SKU_1761_MOS,13/08/2025,Varejo,1,1104.9,245.47,859.43,Venda
SKU_2015_OLI,13/08/2025,Varejo,2,629.8,0.0,314.9,Venda
SKU_2034_PAS,13/08/2025,Varejo,2,339.8,0.0,169.9,Venda
SKU_1721_COR,13/08/2025,Atacado,5,2099.5,629.85,293.93,Venda
SKU_1710_OLI,13/08/2025,E-commerce,1,809.9,151.24,658.66,Venda
SKU_1416_CLE,13/08/2025,Atacado,8,2239.2,783.68,181.94,Venda
SKU_1798_OFF,13/08/2025,Varejo,1,419.9,98.33,321.57,Venda
SKU_1682_OLI,13/08/2025,Atacado,2,469.8,187.92,140.94,Venda
SKU_1709_MAR,13/08/2025,Varejo,1,209.9,36.25,173.65,Venda
SKU_1743_CLO,13/08/2025,Atacado,8,3519.2,1231.68,285.94,Venda
SKU_1701_SPA,13/08/2025,Atacado,3,1019.7,356.88,220.94,Venda
SKU_1420_LIM,13/08/2025,Atacado,4,3959.6,1187.88,692.93,Venda
SKU_1671_MIN,13/08/2025,Varejo,1,349.9,72.11,277.79,Venda
SKU_1701_BLU,13/08/2025,Atacado,5,1699.5,594.8,220.94,Venda
SKU_1636_LIG,13/08/2025,Atacado,2,879.8,351.92,263.94,Venda
SKU_1722_AQU,13/08/2025,Varejo,2,649.8,150.52,249.64,Venda
SKU_1503_VAN,13/08/2025,Atacado,6,1379.4,551.76,137.94,Venda
SKU_1468_MYS,13/08/2025,Atacado,3,1589.7,556.38,344.44,Venda
SKU_1613_BIR,13/08/2025,Varejo,1,189.9,45.03,144.87,Venda
SKU_1780_LIG,13/08/2025,Atacado,8,2679.2,1071.68,200.94,Venda
SKU_1684_HON,13/08/2025,Atacado,5,924.5,369.8,110.94,Venda
SKU_1510_ROS,13/08/2025,E-commerce,1,834.9,230.05,604.85,Venda
SKU_1651_SAL,13/08/2025,Varejo,2,529.8,101.52,214.14,Venda
SKU_1717_MIN,13/08/2025,Varejo,1,259.9,66.76,193.14,Venda
SKU_1846_SEA,13/08/2025,Varejo,2,699.8,0.0,349.9,Venda
SKU_1697_MIN,13/08/2025,Atacado,3,659.7,230.88,142.94,Venda
SKU_1530_PEA,13/08/2025,Varejo,1,129.9,24.84,105.06,Venda
SKU_1789_SNO,13/08/2025,Varejo,2,539.8,148.56,195.62,Venda
SKU_1716_AQU,13/08/2025,Varejo,1,164.9,43.71,121.19,Venda
SKU_1784_BLA,13/08/2025,Atacado,12,3718.8,1115.64,216.93,Venda
SKU_1799_DEN,13/08/2025,Atacado,3,809.7,283.38,175.44,Venda
SKU_1785_PAS,13/08/2025,Atacado,10,2449.0,857.2,159.18,Venda
SKU_1782_HUN,13/08/2025,Atacado,4,999.6,299.88,174.93,Venda
SKU_1798_OFF,13/08/2025,Atacado,10,4199.0,1469.6,272.94,Venda
SKU_1763_HOT,13/08/2025,Varejo,1,299.9,83.08,216.82,Venda
SKU_1749_SNO,13/08/2025,Atacado,3,1049.7,419.88,209.94,Venda
SKU_1774_MOS,13/08/2025,Atacado,4,819.6,245.88,143.43,Venda
SKU_1749_BIR,13/08/2025,Atacado,6,2099.4,629.82,244.93,Venda
SKU_1715_HON,13/08/2025,Atacado,8,1759.2,527.76,153.93,Venda
SKU_1714_DEE,13/08/2025,Atacado,2,609.8,243.92,182.94,Venda
SKU_1731_ARM,13/08/2025,Atacado,12,10918.8,3275.64,636.93,Venda
SKU_1758_CLO,13/08/2025,Atacado,4,719.6,251.84,116.94,Venda
SKU_1937_BUB,13/08/2025,Varejo,1,209.9,0.0,209.9,Venda
SKU_1684_HON,13/08/2025,E-commerce,2,369.8,76.84,146.48,Venda
SKU_1750_SNO,13/08/2025,Atacado,3,1109.7,388.38,240.44,Venda
SKU_1488_IVO,13/08/2025,Varejo,1,339.9,79.1,260.8,Venda
SKU_1798_MOS,13/08/2025,Varejo,2,839.8,136.24,351.78,Venda
SKU_1792_AQU,13/08/2025,E-commerce,1,439.9,82.87,357.03,Venda
SKU_1921_PIN,13/08/2025,Atacado,2,499.8,149.94,174.93,Venda
SKU_1742_EME,13/08/2025,Atacado,8,2079.2,727.68,168.94,Venda
SKU_1519_TEA,13/08/2025,Atacado,2,1259.8,377.94,440.93,Venda
SKU_1653_ROS,13/08/2025,E-commerce,1,359.9,105.89,254.01,Venda
SKU_1703_BLU,13/08/2025,Atacado,5,1349.5,539.8,161.94,Venda
SKU_1792_MIN,13/08/2025,Atacado,2,879.8,351.92,263.94,Venda
SKU_1615_SHO,13/08/2025,Varejo,1,464.9,114.58,350.32,Venda
SKU_1763_HOT,13/08/2025,Atacado,10,2999.0,1049.6,194.94,Venda
SKU_1522_MOS,13/08/2025,Atacado,4,599.6,239.84,89.94,Venda
SKU_1615_MOS,13/08/2025,Atacado,5,2324.5,929.8,278.94,Venda
SKU_1791_ARM,13/08/2025,Varejo,1,264.9,57.14,207.76,Venda
SKU_1798_MOS,13/08/2025,Atacado,4,1679.6,587.84,272.94,Venda
SKU_1785_HUN,13/08/2025,Varejo,1,244.9,46.35,198.55,Venda
SKU_1714_MID,13/08/2025,Varejo,1,304.9,51.0,253.9,Venda
SKU_1728_MID,14/08/2025,E-commerce,1,329.9,61.15,268.75,Venda
SKU_1681_PIS,14/08/2025,Atacado,4,939.6,328.88,152.68,Venda
SKU_1606_SEA,14/08/2025,Varejo,1,1084.9,259.68,825.22,Venda
SKU_1777_FRE,14/08/2025,Atacado,8,1919.2,575.76,167.93,Venda
SKU_1699_CLO,14/08/2025,Varejo,1,329.9,56.27,273.63,Venda
SKU_1706_JAD,14/08/2025,Varejo,1,184.9,46.55,138.35,Venda
SKU_1699_COB,14/08/2025,Varejo,1,329.9,75.6,254.3,Venda
SKU_1705_JAD,14/08/2025,Varejo,1,409.9,65.73,344.17,Venda
SKU_1775_PAS,14/08/2025,Varejo,1,279.9,52.11,227.79,Venda
SKU_1707_SAP,14/08/2025,E-commerce,2,559.8,128.52,215.64,Venda
SKU_1719_WHI,14/08/2025,Atacado,3,959.7,335.88,207.94,Venda
SKU_1562_CLO,14/08/2025,Atacado,4,1239.6,433.84,201.44,Venda
SKU_1887_CLE,14/08/2025,Atacado,6,1199.4,419.76,129.94,Venda
SKU_1992_BAL,14/08/2025,Varejo,1,924.9,64.74,860.16,Venda
SKU_1657_SPA,14/08/2025,Atacado,3,644.7,257.88,128.94,Venda
SKU_1690_MAG,14/08/2025,Atacado,10,5399.0,1619.7,377.93,Venda
SKU_1904_SNO,14/08/2025,Atacado,4,2979.6,893.88,521.43,Venda
SKU_1755_AQU,14/08/2025,Atacado,5,1674.5,586.05,217.69,Venda
SKU_1546_PAS,14/08/2025,Atacado,10,1749.0,612.2,113.68,Venda
SKU_1447_BLU,14/08/2025,Atacado,6,1439.4,503.76,155.94,Venda
SKU_1776_BIR,14/08/2025,Varejo,1,329.9,61.61,268.29,Venda
SKU_1771_EME,14/08/2025,E-commerce,1,264.9,43.65,221.25,Venda
SKU_1722_AQU,14/08/2025,Varejo,1,324.9,64.9,260.0,Venda
SKU_1687_WHI,14/08/2025,Varejo,2,1799.8,429.24,685.28,Venda
SKU_1719_OFF,14/08/2025,Varejo,1,319.9,82.98,236.92,Venda
SKU_1753_WHI,14/08/2025,Varejo,1,789.9,174.69,615.21,Venda
SKU_1950_FLA,14/08/2025,Varejo,1,414.9,0.0,414.9,Venda
SKU_1689_MAG,14/08/2025,Varejo,1,964.9,167.08,797.82,Venda
SKU_1804_SPA,14/08/2025,Atacado,12,5458.8,1910.52,295.69,Venda
SKU_1763_MAR,14/08/2025,E-commerce,1,299.9,47.62,252.28,Venda
SKU_1795_RAS,14/08/2025,E-commerce,1,299.9,46.73,253.17,Venda
SKU_2104_LIG,14/08/2025,Atacado,4,899.6,359.84,134.94,Venda
SKU_1760_PAS,14/08/2025,E-commerce,1,249.9,70.75,179.15,Venda
SKU_1437_ROY,14/08/2025,Atacado,8,1319.2,395.76,115.43,Venda
SKU_1766_MYS,14/08/2025,Varejo,3,1184.7,314.43,290.09,Venda
SKU_1668_DEN,14/08/2025,Atacado,10,2699.0,809.7,188.93,Venda
SKU_1796_OLI,14/08/2025,E-commerce,1,504.9,136.95,367.95,Venda
SKU_1706_JAD,14/08/2025,Atacado,5,924.5,277.35,129.43,Venda
SKU_1761_MOS,14/08/2025,Varejo,1,1104.9,286.83,818.07,Venda
SKU_2097_ROS,14/08/2025,Varejo,1,199.9,0.0,199.9,Venda
SKU_1712_MOS,14/08/2025,Atacado,6,1079.4,377.76,116.94,Venda
SKU_1752_SPA,14/08/2025,Atacado,6,2579.4,902.76,279.44,Venda
SKU_1732_WHI,14/08/2025,Varejo,1,1114.9,289.22,825.68,Venda
SKU_1918_WHI,14/08/2025,Atacado,6,1199.4,419.76,129.94,Venda
SKU_1595_FLA,14/08/2025,E-commerce,1,299.9,89.14,210.76,Venda
SKU_1732_OFF,14/08/2025,E-commerce,1,1114.9,250.24,864.66,Venda
SKU_1786_TEA,14/08/2025,Varejo,1,179.9,31.65,148.25,Venda
SKU_1699_COB,14/08/2025,Atacado,4,1319.6,461.84,214.44,Venda
SKU_2115_CER,14/08/2025,Atacado,4,1539.6,615.84,230.94,Venda
SKU_1436_PAS,14/08/2025,Atacado,6,1679.4,587.76,181.94,Venda
SKU_1448_SEA,14/08/2025,E-commerce,1,179.9,48.22,131.68,Venda
SKU_1789_EME,14/08/2025,Atacado,10,2699.0,1079.6,161.94,Venda
SKU_1665_RAS,14/08/2025,Atacado,4,999.6,299.88,174.93,Venda
SKU_1604_CLE,14/08/2025,Varejo,1,604.9,170.42,434.48,Venda
SKU_1903_PAS,14/08/2025,E-commerce,1,329.9,0.0,329.9,Venda
SKU_1702_COR,14/08/2025,Atacado,3,1859.7,557.91,433.93,Venda
SKU_1790_EGR,14/08/2025,Atacado,2,519.8,181.92,168.94,Venda
SKU_1502_VAN,14/08/2025,Atacado,6,1259.4,503.76,125.94,Venda
SKU_1719_WHI,14/08/2025,Varejo,2,639.8,105.42,267.19,Venda
SKU_1741_PIN,14/08/2025,Atacado,2,479.8,143.94,167.93,Venda
SKU_1403_AQU,14/08/2025,Varejo,1,384.9,77.22,307.68,Venda
SKU_1690_MYS,14/08/2025,Atacado,8,4319.2,1727.68,323.94,Venda
SKU_1756_FLA,14/08/2025,Atacado,4,719.6,215.88,125.93,Venda
SKU_1768_MIN,14/08/2025,Atacado,10,6249.0,1874.7,437.43,Venda
SKU_1768_PEA,14/08/2025,Atacado,6,3749.4,1312.26,406.19,Venda
SKU_1456_EME,14/08/2025,Varejo,2,629.8,112.3,258.75,Venda
SKU_1700_HUN,14/08/2025,E-commerce,1,699.9,159.27,540.63,Venda
SKU_1853_BLU,14/08/2025,Varejo,3,2699.7,0.0,899.9,Venda
SKU_1411_BLU,14/08/2025,E-commerce,1,224.9,39.12,185.78,Venda
SKU_1770_DEE,14/08/2025,Varejo,1,219.9,43.09,176.81,Venda
SKU_1752_SNO,14/08/2025,Atacado,5,2149.5,644.85,300.93,Venda
SKU_1800_SKY,14/08/2025,Atacado,2,559.8,167.94,195.93,Venda
SKU_1719_OFF,14/08/2025,Varejo,1,319.9,60.12,259.78,Venda
SKU_1748_COB,14/08/2025,Varejo,1,309.9,61.11,248.79,Venda
SKU_1693_FLA,14/08/2025,Varejo,1,204.9,37.05,167.85,Venda
SKU_1703_BLU,14/08/2025,Atacado,3,809.7,283.38,175.44,Venda
SKU_1734_FRE,14/08/2025,Varejo,2,699.8,132.88,283.46,Venda
SKU_1733_NAV,14/08/2025,Varejo,1,349.9,61.33,288.57,Venda
SKU_1672_FOR,14/08/2025,E-commerce,2,589.8,90.56,249.62,Venda
SKU_1487_CLE,14/08/2025,Atacado,4,1339.6,401.88,234.43,Venda
SKU_1794_LIG,14/08/2025,Varejo,1,209.9,53.16,156.74,Venda
SKU_1809_SHO,14/08/2025,Varejo,1,239.9,0.0,239.9,Venda
SKU_1685_BIR,14/08/2025,Varejo,2,1329.8,246.22,541.79,Venda
SKU_1411_RAS,14/08/2025,Varejo,1,224.9,45.19,179.71,Venda
SKU_1710_MEX,14/08/2025,Atacado,4,3239.6,971.88,566.93,Venda
SKU_1714_MID,14/08/2025,Varejo,1,304.9,47.13,257.77,Venda
SKU_1785_HUN,14/08/2025,Atacado,5,1224.5,367.35,171.43,Venda
SKU_1729_FUC,14/08/2025,Varejo,1,174.9,46.53,128.37,Venda
SKU_1464_BIR,14/08/2025,Atacado,3,689.7,241.38,149.44,Venda
SKU_1579_SAG,14/08/2025,E-commerce,1,229.9,55.4,174.5,Venda
SKU_1786_POW,14/08/2025,E-commerce,1,179.9,47.73,132.17,Venda
SKU_1461_NAV,14/08/2025,Varejo,2,2139.8,571.76,784.02,Venda
SKU_1799_POW,14/08/2025,Varejo,1,269.9,44.03,225.87,Venda
SKU_1743_CLO,14/08/2025,Varejo,1,439.9,79.55,360.35,Venda
SKU_1772_BLU,14/08/2025,Atacado,6,2489.4,1120.2,228.2,Venda
SKU_1744_EME,14/08/2025,Atacado,10,2649.0,1192.0,145.7,Venda
SKU_1753_PAL,14/08/2025,E-commerce,1,789.9,157.62,632.28,Venda
SKU_1763_HOT,14/08/2025,Atacado,6,1799.4,539.82,209.93,Venda
SKU_1408_PAS,14/08/2025,Varejo,2,1839.8,447.28,696.26,Venda
SKU_1789_SNO,14/08/2025,Varejo,2,539.8,151.76,194.02,Venda
SKU_1787_BAB,14/08/2025,Atacado,6,1739.4,521.82,202.93,Venda
SKU_1712_MOS,14/08/2025,Varejo,1,179.9,46.22,133.68,Venda
SKU_1703_PAS,14/08/2025,Atacado,5,1349.5,472.3,175.44,Venda
SKU_1705_JAD,14/08/2025,Varejo,2,819.8,223.22,298.29,Venda
SKU_1797_BLU,14/08/2025,E-commerce,2,759.8,182.86,288.47,Venda
SKU_1675_CRE,14/08/2025,Varejo,1,764.9,166.22,598.68,Venda
SKU_1741_PIN,14/08/2025,Varejo,1,239.9,48.11,191.79,Venda
SKU_1399_CRE,14/08/2025,Atacado,5,1349.5,404.85,188.93,Venda
SKU_1707_SAP,14/08/2025,Varejo,3,839.7,203.16,212.18,Venda
SKU_1782_NAV,14/08/2025,E-commerce,2,499.8,98.62,200.59,Venda
SKU_1688_WHI,14/08/2025,E-commerce,1,429.9,86.75,343.15,Venda
SKU_1936_WHI,14/08/2025,Varejo,1,129.9,0.0,129.9,Venda
SKU_1746_NAV,14/08/2025,Atacado,4,719.6,287.84,107.94,Venda
SKU_1737_DEE,14/08/2025,Atacado,5,3849.5,1347.3,500.44,Venda
SKU_2032_LIM,14/08/2025,Atacado,5,1274.5,382.35,178.43,Venda
SKU_1703_PAS,14/08/2025,Varejo,1,269.9,59.83,210.07,Venda
SKU_1684_HON,14/08/2025,Atacado,4,739.6,221.88,129.43,Venda
SKU_1760_OFF,14/08/2025,Varejo,1,249.9,56.57,193.33,Venda
SKU_1753_PAL,14/08/2025,Varejo,1,789.9,217.76,572.14,Venda
SKU_1789_SNO,14/08/2025,Atacado,8,2159.2,755.68,175.44,Venda
SKU_1558_MEX,14/08/2025,Varejo,3,989.7,250.08,246.54,Venda
SKU_1788_EME,14/08/2025,Atacado,5,1249.5,437.3,162.44,Venda
SKU_1514_SPA,14/08/2025,E-commerce,1,829.9,132.21,697.69,Venda
SKU_1685_COB,14/08/2025,Varejo,1,664.9,101.73,563.17,Venda
SKU_1711_VAN,14/08/2025,E-commerce,2,1989.8,337.52,826.14,Venda
SKU_1696_SER,14/08/2025,Atacado,8,2239.2,783.68,181.94,Venda
SKU_1632_SPA,14/08/2025,E-commerce,1,184.9,49.83,135.07,Venda
SKU_1719_WHI,14/08/2025,E-commerce,1,319.9,66.57,253.33,Venda
SKU_1859_PEA,14/08/2025,Varejo,1,429.9,0.0,429.9,Venda
SKU_1396_FUC,14/08/2025,Varejo,1,134.9,39.08,95.82,Venda
SKU_1734_FRE,14/08/2025,Varejo,1,349.9,60.4,289.5,Venda
SKU_1725_BAB,14/08/2025,Varejo,1,244.9,62.75,182.15,Venda
SKU_1877_TEA,14/08/2025,Varejo,2,1149.8,0.0,574.9,Venda
SKU_1697_MIN,14/08/2025,Atacado,12,2638.8,923.52,142.94,Venda
SKU_1732_OFF,14/08/2025,Varejo,1,1114.9,314.28,800.62,Venda
SKU_1752_SPA,14/08/2025,Varejo,1,429.9,65.82,364.08,Venda
SKU_1717_CRE,14/08/2025,E-commerce,1,259.9,59.78,200.12,Venda
SKU_1496_PEA,14/08/2025,Atacado,2,2269.8,794.44,737.68,Venda
SKU_1648_RAS,14/08/2025,E-commerce,1,699.9,206.65,493.25,Venda
SKU_1773_FRE,14/08/2025,Atacado,3,974.7,341.13,211.19,Venda
SKU_1775_PAL,14/08/2025,Atacado,4,1119.6,447.84,167.94,Venda
SKU_1754_SER,14/08/2025,Atacado,2,679.8,237.92,220.94,Venda
SKU_1725_BAB,14/08/2025,Atacado,2,489.8,195.92,146.94,Venda
SKU_1745_PEA,14/08/2025,Atacado,4,1639.6,573.84,266.44,Venda
SKU_1525_MYS,14/08/2025,E-commerce,1,289.9,45.99,243.91,Venda
SKU_1747_TEA,14/08/2025,Atacado,3,524.7,157.41,122.43,Venda
SKU_1752_SPA,14/08/2025,Atacado,2,859.8,343.92,257.94,Venda
SKU_1801_FLA,14/08/2025,Varejo,1,374.9,110.62,264.28,Venda
SKU_1485_PAS,14/08/2025,Varejo,1,664.9,153.34,511.56,Venda
SKU_1777_FRE,14/08/2025,Varejo,1,239.9,46.05,193.85,Venda
SKU_1766_CLE,14/08/2025,Atacado,4,1579.6,473.88,276.43,Venda
SKU_1632_SAP,14/08/2025,Varejo,1,184.9,31.4,153.5,Venda
SKU_1691_HUN,14/08/2025,Varejo,3,929.7,174.96,251.58,Venda
SKU_1630_SNO,14/08/2025,Atacado,4,1339.6,468.84,217.69,Venda
SKU_1490_EME,14/08/2025,Atacado,5,1574.5,472.35,220.43,Venda
SKU_1715_HON,14/08/2025,Varejo,1,219.9,61.83,158.07,Venda
SKU_1712_NAV,14/08/2025,Varejo,1,179.9,45.86,134.04,Venda
SKU_1720_PAS,14/08/2025,Atacado,10,2249.0,787.2,146.18,Venda
SKU_1637_WHI,14/08/2025,Varejo,1,919.9,171.41,748.49,Venda
SKU_1798_MOS,14/08/2025,E-commerce,1,419.9,115.27,304.63,Venda
SKU_1555_FUC,14/08/2025,Atacado,5,949.5,284.85,132.93,Venda
SKU_1728_MID,14/08/2025,Atacado,8,2639.2,923.68,214.44,Venda
SKU_1976_JAD,14/08/2025,Varejo,1,539.9,0.0,539.9,Venda
SKU_2056_DEN,14/08/2025,E-commerce,1,1034.9,72.44,962.46,Venda
SKU_1791_IVO,14/08/2025,Atacado,2,529.8,185.42,172.19,Venda
SKU_1800_MOS,14/08/2025,Atacado,6,1679.4,587.76,181.94,Venda
SKU_1650_OLI,14/08/2025,E-commerce,1,1004.9,166.27,838.63,Venda
SKU_1681_OFF,14/08/2025,E-commerce,1,234.9,59.22,175.68,Venda
SKU_1739_MOS,14/08/2025,Atacado,3,764.7,305.88,152.94,Venda
SKU_1549_BAL,14/08/2025,Atacado,8,1479.2,665.6,101.7,Venda
SKU_1434_ARM,14/08/2025,Atacado,5,1049.5,367.3,136.44,Venda
SKU_1750_SNO,14/08/2025,Varejo,1,369.9,79.13,290.77,Venda
SKU_1776_PAS,14/08/2025,Atacado,2,659.8,197.94,230.93,Venda
SKU_1598_DUS,14/08/2025,Varejo,1,489.9,139.08,350.82,Venda
SKU_1786_TEA,14/08/2025,E-commerce,1,179.9,33.76,146.14,Venda
SKU_1968_PAS,14/08/2025,Atacado,2,349.8,122.44,113.68,Venda
SKU_1403_AQU,14/08/2025,Atacado,6,2309.4,692.82,269.43,Venda
SKU_1659_SNO,14/08/2025,Atacado,10,10249.0,3587.2,666.18,Venda
SKU_1634_NAV,14/08/2025,Varejo,1,979.9,291.47,688.43,Venda
SKU_1721_FRE,14/08/2025,Varejo,1,419.9,73.65,346.25,Venda
SKU_1787_BAB,14/08/2025,Atacado,3,869.7,347.88,173.94,Venda
SKU_1760_OFF,14/08/2025,Varejo,2,499.8,95.28,202.26,Venda
SKU_1775_PAS,14/08/2025,Atacado,5,1399.5,489.8,181.94,Venda
SKU_1709_MAR,14/08/2025,Atacado,6,1259.4,377.82,146.93,Venda
SKU_2011_PIN,14/08/2025,Atacado,3,764.7,229.41,178.43,Venda
SKU_1765_MYS,14/08/2025,Atacado,3,779.7,311.88,155.94,Venda
SKU_1782_HUN,14/08/2025,Varejo,1,249.9,47.47,202.43,Venda
SKU_1433_OLI,14/08/2025,Varejo,1,314.9,77.47,237.43,Venda
SKU_1717_CRE,14/08/2025,Varejo,1,259.9,68.19,191.71,Venda
SKU_1725_BAB,14/08/2025,Atacado,4,979.6,342.88,159.18,Venda
SKU_1801_MOS,14/08/2025,Atacado,3,1124.7,337.41,262.43,Venda
SKU_1685_BIR,14/08/2025,Atacado,5,3324.5,1496.0,365.7,Venda
SKU_1623_SER,14/08/2025,Atacado,12,10978.8,3293.64,640.43,Venda
SKU_1438_DEE,14/08/2025,Varejo,1,204.9,40.66,164.24,Venda
SKU_1537_BLA,14/08/2025,Varejo,1,254.9,41.5,213.4,Venda
SKU_1747_FUC,14/08/2025,Varejo,1,174.9,43.4,131.5,Venda
SKU_1687_WHI,14/08/2025,Atacado,6,5399.4,1889.76,584.94,Venda
SKU_1764_FUC,14/08/2025,Atacado,2,469.8,164.44,152.68,Venda
SKU_1785_HUN,14/08/2025,Atacado,4,979.6,293.88,171.43,Venda
SKU_1740_FRE,14/08/2025,Atacado,3,644.7,193.41,150.43,Venda
SKU_1460_OLI,14/08/2025,Atacado,2,349.8,122.44,113.68,Venda
SKU_1430_PEA,14/08/2025,E-commerce,1,179.9,29.75,150.15,Venda
SKU_1730_OFF,14/08/2025,Atacado,2,639.8,191.94,223.93,Venda
SKU_1722_AQU,14/08/2025,Atacado,3,974.7,389.88,194.94,Venda
SKU_1697_MIN,14/08/2025,E-commerce,2,439.8,97.1,171.35,Venda
SKU_1661_WHI,14/08/2025,Varejo,1,989.9,251.75,738.15,Venda
SKU_1790_EGR,14/08/2025,Atacado,10,2599.0,909.6,168.94,Venda
SKU_1456_EME,14/08/2025,Atacado,6,1889.4,566.82,220.43,Venda
SKU_1773_FRE,14/08/2025,Atacado,2,649.8,194.94,227.43,Venda
SKU_1760_OFF,14/08/2025,E-commerce,1,249.9,56.13,193.77,Venda
SKU_1697_PIS,14/08/2025,Varejo,1,219.9,60.52,159.38,Venda
SKU_1415_MID,14/08/2025,Varejo,2,709.8,139.3,285.25,Venda
SKU_1402_WHI,14/08/2025,E-commerce,1,234.9,38.26,196.64,Venda
SKU_1586_EGR,14/08/2025,Atacado,3,914.7,320.13,198.19,Venda
SKU_1751_BLU,14/08/2025,Varejo,2,659.8,156.98,251.41,Venda
SKU_1685_BIR,14/08/2025,Atacado,3,1994.7,598.41,465.43,Venda
SKU_1728_MID,14/08/2025,Varejo,1,329.9,58.67,271.23,Venda
SKU_1780_AQU,14/08/2025,Varejo,1,334.9,90.68,244.22,Venda
SKU_1392_BLU,14/08/2025,Varejo,1,294.9,66.36,228.54,Venda
SKU_1779_LIG,14/08/2025,Atacado,6,1289.4,515.76,128.94,Venda
SKU_1687_FOR,14/08/2025,Varejo,1,899.9,235.19,664.71,Venda
SKU_1783_EGR,14/08/2025,Atacado,5,5999.5,1799.85,839.93,Venda
SKU_1766_MYS,14/08/2025,Varejo,3,1184.7,208.17,325.51,Venda
SKU_1784_BLA,14/08/2025,Atacado,3,929.7,325.38,201.44,Venda
SKU_1694_SER,14/08/2025,Varejo,1,279.9,44.83,235.07,Venda
SKU_1530_HON,14/08/2025,Varejo,1,129.9,31.53,98.37,Venda
SKU_1651_PAS,14/08/2025,Varejo,1,264.9,75.91,188.99,Venda
SKU_1702_COR,14/08/2025,Varejo,3,1859.7,544.98,438.24,Venda
SKU_1750_SNO,14/08/2025,E-commerce,1,369.9,63.91,305.99,Venda
SKU_1733_NAV,14/08/2025,E-commerce,1,349.9,85.17,264.73,Venda
SKU_1733_NAV,14/08/2025,Atacado,4,1399.6,559.84,209.94,Venda
SKU_1430_PEA,14/08/2025,Varejo,1,179.9,29.6,150.3,Venda
SKU_1800_MOS,14/08/2025,E-commerce,1,279.9,83.19,196.71,Venda
SKU_1698_PRI,14/08/2025,Varejo,1,419.9,78.7,341.2,Venda
SKU_1914_BIR,14/08/2025,Atacado,3,599.7,179.91,139.93,Venda
SKU_1722_PAS,14/08/2025,Atacado,10,3249.0,1299.6,194.94,Venda
SKU_1801_MOS,14/08/2025,Atacado,6,2249.4,899.76,224.94,Venda
SKU_1757_PIN,14/08/2025,Varejo,1,264.9,40.39,224.51,Venda
SKU_1684_SHO,14/08/2025,Varejo,1,184.9,51.16,133.74,Venda
SKU_1747_TEA,14/08/2025,Varejo,1,174.9,42.84,132.06,Venda
SKU_1545_TEA,14/08/2025,E-commerce,2,519.8,82.66,218.57,Venda
SKU_1694_SER,14/08/2025,Varejo,3,839.7,164.28,225.14,Venda
SKU_1694_PIS,14/08/2025,Varejo,1,279.9,77.94,201.96,Venda
SKU_1853_BLU,14/08/2025,Varejo,1,899.9,0.0,899.9,Venda
SKU_1698_SNO,14/08/2025,Atacado,5,2099.5,839.8,251.94,Venda
SKU_2104_PEA,14/08/2025,Varejo,1,224.9,15.74,209.16,Venda
SKU_1779_LIG,14/08/2025,Varejo,1,214.9,33.24,181.66,Venda
SKU_1720_PAS,14/08/2025,Atacado,5,1124.5,393.6,146.18,Venda
SKU_1866_DUS,14/08/2025,Atacado,12,3898.8,1169.64,227.43,Venda
SKU_1409_PEA,14/08/2025,Atacado,4,839.6,251.88,146.93,Venda
SKU_1728_EGR,14/08/2025,Atacado,5,1649.5,659.8,197.94,Venda
SKU_1717_MIN,14/08/2025,Atacado,3,779.7,233.91,181.93,Venda
SKU_1796_OLI,14/08/2025,Atacado,6,3029.4,908.82,353.43,Venda
SKU_1785_HUN,14/08/2025,Varejo,1,244.9,64.95,179.95,Venda
SKU_1628_PEA,14/08/2025,Atacado,4,2199.6,659.88,384.93,Venda
SKU_1743_CLO,14/08/2025,Atacado,8,3519.2,1231.68,285.94,Venda
SKU_1653_ROS,14/08/2025,Atacado,4,1439.6,575.84,215.94,Venda
SKU_1682_BIR,14/08/2025,Atacado,8,1879.2,657.76,152.68,Venda
SKU_1738_BLU,14/08/2025,Varejo,1,194.9,47.87,147.03,Venda
SKU_1720_PAS,14/08/2025,Atacado,5,1124.5,337.35,157.43,Venda
SKU_1520_ROY,14/08/2025,Atacado,5,1124.5,393.6,146.18,Venda
SKU_1985_WHI,14/08/2025,E-commerce,1,409.9,0.0,409.9,Venda
SKU_2018_OFF,14/08/2025,Varejo,1,479.9,0.0,479.9,Venda
SKU_1844_MOS,14/08/2025,Varejo,1,249.9,0.0,249.9,Venda
SKU_1709_CRE,14/08/2025,Atacado,6,1259.4,503.76,125.94,Venda
SKU_1772_BLU,14/08/2025,Atacado,8,3319.2,995.76,290.43,Venda
SKU_1474_DEN,14/08/2025,Atacado,5,5299.5,1589.85,741.93,Venda
SKU_1787_BAB,14/08/2025,Atacado,3,869.7,260.91,202.93,Venda
SKU_1734_FRE,14/08/2025,Varejo,2,699.8,203.38,248.21,Venda
SKU_1796_OLI,14/08/2025,Atacado,6,3029.4,1060.26,328.19,Venda
SKU_1555_FUC,14/08/2025,Atacado,8,1519.2,531.68,123.44,Venda
SKU_1470_MAR,14/08/2025,E-commerce,1,919.9,195.03,724.87,Venda
SKU_1395_BLA,14/08/2025,Atacado,5,1449.5,434.85,202.93,Venda
SKU_1683_PAL,14/08/2025,Varejo,1,314.9,54.75,260.15,Venda
SKU_1727_WHI,14/08/2025,Varejo,1,154.9,29.11,125.79,Venda
SKU_1706_BLA,14/08/2025,Atacado,10,1849.0,739.6,110.94,Venda
SKU_1704_BAB,14/08/2025,Atacado,5,1674.5,586.05,217.69,Venda
SKU_1724_PIN,14/08/2025,Varejo,4,4459.6,884.32,893.82,Venda
SKU_2023_MID,14/08/2025,E-commerce,1,159.9,0.0,159.9,Venda
SKU_1513_RAS,14/08/2025,Varejo,3,644.7,162.42,160.76,Venda
SKU_1743_DEE,14/08/2025,Atacado,2,879.8,307.92,285.94,Venda
SKU_1716_SAL,14/08/2025,Varejo,1,164.9,39.05,125.85,Venda
SKU_1708_FLA,14/08/2025,Varejo,1,169.9,29.3,140.6,Venda
SKU_1757_PIN,14/08/2025,Atacado,5,1324.5,397.35,185.43,Venda
SKU_1735_COR,14/08/2025,Varejo,1,269.9,70.1,199.8,Venda
SKU_1750_SNO,14/08/2025,Varejo,1,369.9,97.98,271.92,Venda
SKU_1695_CRE,14/08/2025,Varejo,1,209.9,39.09,170.81,Venda
SKU_1694_SER,14/08/2025,Varejo,1,279.9,57.09,222.81,Venda
SKU_1705_SER,14/08/2025,Atacado,10,4099.0,1434.6,266.44,Venda
SKU_1699_COB,14/08/2025,Atacado,6,1979.4,692.76,214.44,Venda
SKU_1713_SNO,14/08/2025,E-commerce,1,504.9,90.64,414.26,Venda
SKU_1433_OLI,14/08/2025,Atacado,10,3149.0,1102.1,204.69,Venda
SKU_1688_WHI,14/08/2025,Atacado,5,2149.5,644.85,300.93,Venda
SKU_1728_EGR,14/08/2025,Atacado,10,3299.0,1319.6,197.94,Venda
SKU_1720_PAL,14/08/2025,Atacado,3,674.7,202.41,157.43,Venda
SKU_1817_BUB,14/08/2025,Atacado,5,1099.5,439.8,131.94,Venda
SKU_1625_GAR,14/08/2025,Atacado,12,2458.8,860.64,133.18,Venda
SKU_1599_CER,14/08/2025,Atacado,4,1879.6,657.84,305.44,Venda
SKU_1718_SEA,14/08/2025,Varejo,4,1479.6,333.68,286.48,Venda
SKU_1770_DEE,14/08/2025,Varejo,1,219.9,55.99,163.91,Venda
SKU_1806_ROS,14/08/2025,Varejo,1,194.9,13.64,181.26,Venda
SKU_1774_MOS,14/08/2025,E-commerce,1,204.9,39.58,165.32,Venda
SKU_1747_TEA,14/08/2025,Varejo,1,174.9,43.53,131.37,Venda
SKU_1759_COB,14/08/2025,Varejo,1,269.9,70.31,199.59,Venda
SKU_1734_FRE,14/08/2025,Varejo,1,349.9,57.12,292.78,Venda
SKU_1757_PIN,14/08/2025,Varejo,1,264.9,73.41,191.49,Venda
SKU_1551_ROS,14/08/2025,Varejo,1,219.9,64.2,155.7,Venda
SKU_1786_POW,14/08/2025,Varejo,2,359.8,87.56,136.12,Venda
SKU_1786_POW,14/08/2025,Atacado,5,899.5,359.8,107.94,Venda
SKU_1800_SKY,14/08/2025,Atacado,5,1399.5,489.8,181.94,Venda
SKU_1735_COR,14/08/2025,Atacado,8,2159.2,755.68,175.44,Venda
SKU_1781_CLE,14/08/2025,E-commerce,2,259.8,62.2,98.8,Venda
SKU_1716_AQU,14/08/2025,Varejo,1,164.9,43.82,121.08,Venda
SKU_1759_COB,14/08/2025,E-commerce,1,269.9,67.38,202.52,Venda
SKU_1738_BLU,14/08/2025,Varejo,3,584.7,111.87,157.61,Venda
SKU_1422_MIN,14/08/2025,Varejo,2,629.8,146.94,241.43,Venda
SKU_1774_COB,14/08/2025,Atacado,5,1024.5,307.35,143.43,Venda
SKU_1700_HUN,14/08/2025,Varejo,1,699.9,130.64,569.26,Venda
SKU_1503_VAN,14/08/2025,E-commerce,1,229.9,65.51,164.39,Venda
SKU_1714_DEE,14/08/2025,Atacado,3,914.7,320.13,198.19,Venda
SKU_1569_WHI,14/08/2025,Varejo,1,219.9,48.15,171.75,Venda
SKU_1709_CRE,14/08/2025,Varejo,1,209.9,48.39,161.51,Venda
SKU_1795_RAS,14/08/2025,Atacado,4,1199.6,359.88,209.93,Venda
SKU_1737_SAG,14/08/2025,E-commerce,1,769.9,214.54,555.36,Venda
SKU_1542_PEA,14/08/2025,Varejo,1,469.9,140.64,329.26,Venda
SKU_1684_HON,14/08/2025,Atacado,2,369.8,110.94,129.43,Venda
SKU_1450_MAG,14/08/2025,E-commerce,1,409.9,113.32,296.58,Venda
SKU_1744_EME,14/08/2025,Atacado,10,2649.0,794.7,185.43,Venda
SKU_1704_BAB,14/08/2025,Varejo,1,334.9,86.35,248.55,Venda
SKU_1745_FOR,14/08/2025,Varejo,1,409.9,112.43,297.47,Venda
SKU_1752_SPA,14/08/2025,Atacado,5,2149.5,644.85,300.93,Venda
SKU_1713_SAL,14/08/2025,Atacado,5,2524.5,883.55,328.19,Venda
SKU_1623_SER,14/08/2025,Atacado,6,5489.4,1646.82,640.43,Venda
SKU_1724_PEA,14/08/2025,E-commerce,2,2229.8,642.02,793.89,Venda
SKU_1706_JAD,14/08/2025,Atacado,10,1849.0,739.6,110.94,Venda
SKU_1738_ROY,14/08/2025,Varejo,3,584.7,155.13,143.19,Venda
SKU_1774_COB,14/08/2025,Atacado,3,614.7,184.41,143.43,Venda
SKU_1631_SNO,14/08/2025,Varejo,1,179.9,47.45,132.45,Venda
SKU_1696_SHO,14/08/2025,Varejo,1,279.9,68.86,211.04,Venda
SKU_1700_PIS,14/08/2025,Atacado,2,1399.8,559.92,419.94,Venda
SKU_1790_ROY,14/08/2025,Atacado,10,2599.0,779.7,181.93,Venda
SKU_1421_LIG,14/08/2025,E-commerce,1,229.9,47.1,182.8,Venda
SKU_1690_MYS,14/08/2025,Atacado,10,5399.0,1619.7,377.93,Venda
SKU_1752_SNO,14/08/2025,Varejo,1,429.9,72.52,357.38,Venda
SKU_1705_SER,14/08/2025,Atacado,6,2459.4,860.76,266.44,Venda
SKU_1775_PAS,14/08/2025,Atacado,5,1399.5,489.8,181.94,Venda
SKU_1767_PRI,14/08/2025,Varejo,4,819.6,157.84,165.44,Venda
SKU_1774_COB,14/08/2025,Atacado,4,819.6,245.88,143.43,Venda
SKU_1633_SER,14/08/2025,E-commerce,1,234.9,58.98,175.92,Venda
SKU_1598_DUS,14/08/2025,Varejo,1,489.9,114.75,375.15,Venda
SKU_1893_TEA,14/08/2025,Varejo,1,629.9,0.0,629.9,Venda
SKU_1757_PIN,14/08/2025,Atacado,4,1059.6,423.84,158.94,Venda
SKU_1420_EGR,14/08/2025,E-commerce,1,989.9,228.15,761.75,Venda
SKU_1791_ARM,14/08/2025,E-commerce,1,264.9,67.43,197.47,Venda
SKU_1542_DEE,14/08/2025,Atacado,5,2349.5,822.3,305.44,Venda
SKU_1685_BIR,14/08/2025,Atacado,12,7978.8,2792.52,432.19,Venda
SKU_1519_TEA,14/08/2025,Varejo,1,629.9,113.25,516.65,Venda
SKU_1776_BIR,14/08/2025,Atacado,4,1319.6,461.84,214.44,Venda
SKU_1726_BUB,14/08/2025,E-commerce,1,429.9,77.08,352.82,Venda
SKU_1437_ROY,14/08/2025,Varejo,1,164.9,46.45,118.45,Venda
SKU_1751_BLU,14/08/2025,Varejo,1,329.9,56.08,273.82,Venda
SKU_1608_WHI,14/08/2025,Atacado,4,1219.6,365.88,213.43,Venda
SKU_1741_PIN,14/08/2025,Varejo,1,239.9,48.91,190.99,Venda
SKU_1765_PAS,14/08/2025,Atacado,4,1039.6,311.88,181.93,Venda
SKU_2025_SAP,14/08/2025,Varejo,1,229.9,0.0,229.9,Venda
SKU_1715_JAD,14/08/2025,Varejo,1,219.9,53.36,166.54,Venda
SKU_1462_MID,14/08/2025,E-commerce,1,364.9,92.2,272.7,Venda
SKU_1594_BAL,14/08/2025,Varejo,1,499.9,104.21,395.69,Venda
SKU_1595_MYS,14/08/2025,Varejo,1,299.9,65.48,234.42,Venda
SKU_1777_TUR,14/08/2025,Atacado,3,719.7,215.91,167.93,Venda
SKU_1718_DUS,14/08/2025,Atacado,5,1849.5,739.8,221.94,Venda
SKU_1710_OLI,14/08/2025,Varejo,1,809.9,170.4,639.5,Venda
SKU_1754_IVO,14/08/2025,Varejo,1,339.9,95.56,244.34,Venda
SKU_1771_PIN,14/08/2025,Atacado,8,2119.2,847.68,158.94,Venda
SKU_1731_ARM,14/08/2025,Varejo,2,1819.8,380.42,719.69,Venda
SKU_1800_SKY,14/08/2025,Atacado,2,559.8,195.92,181.94,Venda
SKU_1408_PAS,14/08/2025,Atacado,10,9199.0,3219.6,597.94,Venda
SKU_1563_MEX,14/08/2025,Varejo,2,299.8,50.6,124.6,Venda
SKU_1465_CLE,14/08/2025,Atacado,10,3149.0,944.7,220.43,Venda
SKU_1706_JAD,14/08/2025,Atacado,3,554.7,194.16,120.18,Venda
SKU_1647_BLA,14/08/2025,Atacado,6,2039.4,611.82,237.93,Venda
SKU_1983_GAR,14/08/2025,E-commerce,2,449.8,0.0,224.9,Venda
SKU_1751_MIN,14/08/2025,Atacado,5,1649.5,577.3,214.44,Venda
SKU_1758_HON,14/08/2025,Varejo,1,179.9,48.54,131.36,Venda
SKU_1428_SKY,14/08/2025,E-commerce,1,489.9,119.8,370.1,Venda
SKU_1723_MOS,14/08/2025,E-commerce,1,434.9,68.16,366.74,Venda
SKU_1730_OFF,14/08/2025,Varejo,1,319.9,73.83,246.07,Venda
SKU_1433_SAP,14/08/2025,Atacado,5,1574.5,472.35,220.43,Venda
SKU_1782_NAV,14/08/2025,Atacado,3,749.7,224.91,174.93,Venda
SKU_1777_FRE,14/08/2025,Atacado,3,719.7,323.88,131.94,Venda
SKU_1970_PEA,14/08/2025,Atacado,6,4619.4,1385.82,538.93,Venda
SKU_1790_EGR,14/08/2025,Varejo,1,259.9,64.82,195.08,Venda
SKU_1456_EME,14/08/2025,Atacado,4,1259.6,440.84,204.69,Venda
SKU_1659_SNO,14/08/2025,E-commerce,1,1024.9,162.05,862.85,Venda
SKU_1799_POW,14/08/2025,Varejo,1,269.9,43.96,225.94,Venda
SKU_1794_LIG,14/08/2025,Varejo,3,629.7,173.1,152.2,Venda
SKU_1697_PIS,14/08/2025,Atacado,10,2199.0,769.6,142.94,Venda
SKU_1748_BAB,14/08/2025,Atacado,3,929.7,325.38,201.44,Venda
SKU_1576_BLU,14/08/2025,Varejo,1,244.9,58.24,186.66,Venda
SKU_1777_FRE,14/08/2025,Atacado,3,719.7,251.88,155.94,Venda
SKU_1770_DEE,14/08/2025,Varejo,4,879.6,164.64,178.74,Venda
SKU_1704_BAB,14/08/2025,Atacado,6,2009.4,703.26,217.69,Venda
SKU_1685_BIR,14/08/2025,E-commerce,1,664.9,124.28,540.62,Venda
SKU_1703_BLU,14/08/2025,E-commerce,1,269.9,74.73,195.17,Venda
SKU_1688_LIG,14/08/2025,Atacado,8,3439.2,1031.76,300.93,Venda
SKU_2021_NAV,14/08/2025,Varejo,3,569.7,0.0,189.9,Venda
SKU_1579_SAG,14/08/2025,E-commerce,1,229.9,68.75,161.15,Venda
SKU_1612_PAL,14/08/2025,Atacado,8,2639.2,791.76,230.93,Venda
SKU_1614_VAN,14/08/2025,Atacado,2,889.8,311.42,289.19,Venda
SKU_1754_IVO,14/08/2025,Varejo,1,339.9,57.74,282.16,Venda
SKU_1719_WHI,14/08/2025,Varejo,1,319.9,48.05,271.85,Venda
SKU_1428_COB,14/08/2025,E-commerce,1,489.9,112.8,377.1,Venda
SKU_1748_COB,14/08/2025,Varejo,1,309.9,89.86,220.04,Venda
SKU_1690_MAG,14/08/2025,Atacado,6,3239.4,971.82,377.93,Venda
SKU_1643_PAS,14/08/2025,Atacado,5,1124.5,393.6,146.18,Venda
SKU_1439_SHO,14/08/2025,Atacado,10,1849.0,554.7,129.43,Venda
SKU_1667_LIG,14/08/2025,Atacado,2,419.8,125.94,146.93,Venda
SKU_1755_BIR,14/08/2025,Varejo,1,334.9,95.74,239.16,Venda
SKU_1498_OLI,14/08/2025,Atacado,4,1359.6,475.84,220.94,Venda
SKU_1714_MID,14/08/2025,Varejo,3,914.7,240.75,224.65,Venda
SKU_1787_BAB,14/08/2025,Atacado,2,579.8,173.94,202.93,Venda
SKU_1771_PIN,14/08/2025,Atacado,2,529.8,185.42,172.19,Venda
SKU_1819_DEE,14/08/2025,Atacado,8,2759.2,965.68,224.19,Venda
SKU_1704_PEA,14/08/2025,E-commerce,1,334.9,98.47,236.43,Venda
SKU_1428_COB,14/08/2025,Varejo,1,489.9,74.37,415.53,Venda
SKU_1686_SKY,14/08/2025,Varejo,2,429.8,123.64,153.08,Venda
SKU_1912_MEX,14/08/2025,Atacado,3,1154.7,346.41,269.43,Venda
SKU_1611_MID,14/08/2025,Varejo,1,219.9,54.56,165.34,Venda
SKU_1763_HOT,14/08/2025,Atacado,8,2399.2,719.76,209.93,Venda
SKU_1534_MYS,14/08/2025,Varejo,1,199.9,30.68,169.22,Venda
SKU_1697_PIS,14/08/2025,E-commerce,1,219.9,51.99,167.91,Venda
SKU_1767_FUC,14/08/2025,Varejo,1,204.9,42.12,162.78,Venda
SKU_1549_BAL,14/08/2025,Varejo,1,184.9,39.98,144.92,Venda
SKU_1485_PAS,14/08/2025,Atacado,8,5319.2,1861.68,432.19,Venda
SKU_1714_MID,14/08/2025,Varejo,1,304.9,71.48,233.42,Venda
SKU_1470_MAR,14/08/2025,E-commerce,1,919.9,275.93,643.97,Venda
SKU_2070_COR,14/08/2025,Varejo,3,644.7,0.0,214.9,Venda
SKU_1681_PIS,14/08/2025,Atacado,12,2818.8,986.64,152.68,Venda
SKU_1923_TUR,14/08/2025,Atacado,5,949.5,332.3,123.44,Venda
SKU_2115_CER,14/08/2025,Atacado,6,2309.4,692.82,269.43,Venda
SKU_1711_VAN,14/08/2025,Varejo,1,994.9,153.72,841.18,Venda
SKU_1704_PEA,14/08/2025,Atacado,4,1339.6,535.84,200.94,Venda
SKU_1712_MOS,14/08/2025,Atacado,12,2158.8,971.52,98.94,Venda
SKU_1767_FUC,14/08/2025,E-commerce,1,204.9,34.24,170.66,Venda
SKU_1715_HON,14/08/2025,Varejo,1,219.9,62.82,157.08,Venda
SKU_1683_PAL,14/08/2025,Atacado,4,1259.6,503.84,188.94,Venda
SKU_1539_PEA,14/08/2025,Varejo,2,699.8,149.78,275.01,Venda
SKU_1740_FRE,14/08/2025,E-commerce,1,214.9,39.3,175.6,Venda
SKU_1569_WHI,14/08/2025,E-commerce,1,219.9,47.65,172.25,Venda
SKU_1780_LIG,14/08/2025,Atacado,3,1004.7,401.88,200.94,Venda
SKU_1736_JAD,14/08/2025,Varejo,1,324.9,90.3,234.6,Venda
SKU_1968_PAS,14/08/2025,Atacado,8,1399.2,489.76,113.68,Venda
SKU_1776_BIR,14/08/2025,Varejo,1,329.9,65.76,264.14,Venda
SKU_1954_WHI,14/08/2025,E-commerce,2,419.8,0.0,209.9,Venda
SKU_1699_CLO,14/08/2025,Varejo,1,329.9,74.1,255.8,Venda
SKU_1602_PAS,14/08/2025,Varejo,3,689.7,156.54,177.72,Venda
SKU_1393_COB,14/08/2025,E-commerce,1,309.9,56.97,252.93,Venda
SKU_1723_COB,14/08/2025,Varejo,1,434.9,99.57,335.33,Venda
SKU_1754_SER,14/08/2025,Varejo,1,339.9,94.45,245.45,Venda
SKU_1634_NAV,14/08/2025,Varejo,1,979.9,286.16,693.74,Venda
SKU_1684_HON,14/08/2025,E-commerce,1,184.9,54.88,130.02,Venda
SKU_1532_BRI,14/08/2025,Varejo,1,979.9,272.63,707.27,Venda
SKU_1710_OLI,14/08/2025,E-commerce,1,809.9,233.69,576.21,Venda
SKU_1744_EME,14/08/2025,E-commerce,1,264.9,41.64,223.26,Venda
SKU_1702_COR,14/08/2025,Varejo,2,1239.8,201.02,519.39,Venda
SKU_1707_SAP,14/08/2025,Atacado,6,1679.4,503.82,195.93,Venda
SKU_2015_HUN,14/08/2025,E-commerce,1,314.9,0.0,314.9,Venda
SKU_1751_BLU,14/08/2025,Atacado,10,3299.0,989.7,230.93,Venda
SKU_1796_OLI,14/08/2025,Atacado,3,1514.7,530.13,328.19,Venda
SKU_1735_MOS,14/08/2025,E-commerce,2,539.8,112.36,213.72,Venda
SKU_1799_POW,14/08/2025,Varejo,2,539.8,101.88,218.96,Venda
SKU_1880_TUR,14/08/2025,Varejo,1,849.9,0.0,849.9,Venda
SKU_1685_BIR,14/08/2025,Atacado,3,1994.7,598.41,465.43,Venda
SKU_1716_SAL,14/08/2025,Atacado,6,989.4,395.76,98.94,Venda
SKU_1718_DUS,14/08/2025,Atacado,5,1849.5,739.8,221.94,Venda
SKU_1790_EGR,14/08/2025,E-commerce,1,259.9,44.47,215.43,Venda
SKU_1957_CRE,14/08/2025,Varejo,1,189.9,0.0,189.9,Venda
SKU_1553_DEN,14/08/2025,E-commerce,1,254.9,64.84,190.06,Venda
SKU_1697_PIS,14/08/2025,Atacado,4,879.6,263.88,153.93,Venda
SKU_1703_BLU,14/08/2025,Varejo,3,809.7,230.73,192.99,Venda
SKU_1709_MAR,14/08/2025,Varejo,2,419.8,96.94,161.43,Venda
SKU_1469_ARM,14/08/2025,Atacado,6,1769.4,619.26,191.69,Venda
SKU_1792_MIN,14/08/2025,Varejo,1,439.9,92.04,347.86,Venda
SKU_1572_BAL,14/08/2025,Atacado,2,279.8,83.94,97.93,Venda
SKU_1769_WHI,14/08/2025,Atacado,10,3249.0,974.7,227.43,Venda
SKU_1621_PAS,14/08/2025,E-commerce,1,234.9,58.97,175.93,Venda
SKU_1768_MIN,14/08/2025,Atacado,12,7498.8,2249.64,437.43,Venda
SKU_1716_SAL,14/08/2025,Varejo,2,329.8,53.02,138.39,Venda
SKU_1740_OLI,14/08/2025,E-commerce,1,214.9,60.95,153.95,Venda
SKU_1467_OLI,14/08/2025,Varejo,1,204.9,49.19,155.71,Venda
SKU_1701_SPA,14/08/2025,E-commerce,1,339.9,90.03,249.87,Venda
SKU_1707_SAP,14/08/2025,Atacado,2,559.8,223.92,167.94,Venda
SKU_1792_AQU,14/08/2025,Atacado,6,2639.4,791.82,307.93,Venda
SKU_1509_HOT,14/08/2025,Varejo,1,319.9,60.59,259.31,Venda
SKU_2058_MOS,14/08/2025,Atacado,4,839.6,293.84,136.44,Venda
SKU_1767_PRI,14/08/2025,Atacado,5,1024.5,307.35,143.43,Venda
SKU_1505_BLU,14/08/2025,Varejo,1,234.9,40.8,194.1,Venda
SKU_1703_BLU,14/08/2025,E-commerce,1,269.9,78.66,191.24,Venda
SKU_1754_SER,14/08/2025,Atacado,8,2719.2,815.76,237.93,Venda
SKU_1783_EGR,14/08/2025,Varejo,1,1199.9,325.73,874.17,Venda
SKU_1507_PAS,14/08/2025,Varejo,1,179.9,47.8,132.1,Venda
SKU_1771_PIN,14/08/2025,Varejo,1,264.9,58.04,206.86,Venda
SKU_1703_PAS,14/08/2025,Atacado,8,2159.2,755.68,175.44,Venda
SKU_1672_TEA,14/08/2025,E-commerce,1,294.9,67.21,227.69,Venda
SKU_1529_HUN,14/08/2025,Atacado,6,1469.4,440.82,171.43,Venda
SKU_1778_TEA,14/08/2025,Varejo,1,284.9,50.4,234.5,Venda
SKU_1649_GAR,14/08/2025,Atacado,10,2349.0,822.2,152.68,Venda
SKU_1543_BAB,14/08/2025,Varejo,1,734.9,168.41,566.49,Venda
SKU_1498_LIG,14/08/2025,Varejo,1,339.9,59.89,280.01,Venda
SKU_1777_FRE,14/08/2025,Varejo,1,239.9,44.79,195.11,Venda
SKU_1655_SNO,14/08/2025,Atacado,8,5159.2,1547.76,451.43,Venda
SKU_1762_BRI,14/08/2025,Varejo,1,254.9,71.06,183.84,Venda
SKU_1705_SER,14/08/2025,Atacado,3,1229.7,368.91,286.93,Venda
SKU_1715_HON,14/08/2025,Varejo,3,659.7,109.86,183.28,Venda
SKU_1712_MOS,14/08/2025,Atacado,10,1799.0,719.6,107.94,Venda
SKU_1743_DEE,14/08/2025,Varejo,1,439.9,127.54,312.36,Venda
SKU_1766_CLE,14/08/2025,E-commerce,1,394.9,104.26,290.64,Venda
SKU_1781_CLE,14/08/2025,Atacado,10,1299.0,519.6,77.94,Venda
SKU_1423_SAG,14/08/2025,E-commerce,2,2399.8,521.1,939.35,Venda
SKU_1956_PEA,14/08/2025,Atacado,4,839.6,293.84,136.44,Venda
SKU_1741_PIN,14/08/2025,Atacado,5,1199.5,479.8,143.94,Venda
SKU_1759_COB,14/08/2025,Atacado,3,809.7,283.38,175.44,Venda
SKU_1799_DEN,14/08/2025,Atacado,5,1349.5,404.85,188.93,Venda
SKU_1924_BIR,14/08/2025,Varejo,1,644.9,0.0,644.9,Venda
SKU_1737_SAG,14/08/2025,Atacado,8,6159.2,1847.76,538.93,Venda
SKU_1750_MIN,14/08/2025,Atacado,5,1849.5,647.3,240.44,Venda
SKU_1797_BLU,14/08/2025,Varejo,1,379.9,100.76,279.14,Venda
SKU_1898_EME,14/08/2025,Atacado,5,2424.5,848.55,315.19,Venda
SKU_1735_MOS,14/08/2025,Atacado,2,539.8,188.92,175.44,Venda
SKU_1453_PRI,14/08/2025,Atacado,4,939.6,328.88,152.68,Venda
SKU_1770_JAD,14/08/2025,Varejo,1,219.9,39.37,180.53,Venda
SKU_1703_PAS,14/08/2025,Varejo,3,809.7,170.34,213.12,Venda
SKU_1465_OFF,14/08/2025,E-commerce,1,314.9,66.27,248.63,Venda
SKU_1794_FLA,14/08/2025,Varejo,3,629.7,167.94,153.92,Venda
SKU_1932_NAV,14/08/2025,Atacado,5,974.5,292.35,136.43,Venda
SKU_1487_CLE,14/08/2025,Atacado,12,4018.8,1406.52,217.69,Venda
SKU_1784_BLA,14/08/2025,Varejo,2,619.8,117.24,251.28,Venda
SKU_1693_MEX,14/08/2025,Atacado,8,1639.2,491.76,143.43,Venda
SKU_1497_VAN,14/08/2025,Varejo,1,134.9,28.38,106.52,Venda
SKU_1828_CER,14/08/2025,Varejo,1,244.9,0.0,244.9,Venda
SKU_1717_CRE,14/08/2025,Varejo,2,519.8,90.74,214.53,Venda
SKU_1769_WHI,14/08/2025,E-commerce,1,324.9,97.13,227.77,Venda
SKU_1521_FRE,14/08/2025,E-commerce,2,379.8,113.62,133.09,Venda
SKU_1845_BAL,14/08/2025,Varejo,2,1639.8,0.0,819.9,Venda
SKU_1725_OFF,14/08/2025,Atacado,8,1959.2,881.6,134.7,Venda
SKU_1713_SAL,14/08/2025,Atacado,4,2019.6,908.8,277.7,Venda
SKU_1502_VAN,14/08/2025,Atacado,5,1049.5,314.85,146.93,Venda
SKU_1521_FRE,14/08/2025,Varejo,1,189.9,29.3,160.6,Venda
SKU_1782_HUN,14/08/2025,Atacado,8,1999.2,599.76,174.93,Venda
SKU_1705_SER,14/08/2025,Atacado,3,1229.7,430.38,266.44,Venda
SKU_1745_PEA,14/08/2025,Varejo,1,409.9,62.43,347.47,Venda
SKU_1741_PIN,14/08/2025,Varejo,1,239.9,66.3,173.6,Venda
SKU_1714_MID,14/08/2025,Atacado,6,1829.4,731.76,182.94,Venda
SKU_1708_FRE,14/08/2025,Varejo,1,169.9,48.62,121.28,Venda
SKU_1774_MOS,14/08/2025,Atacado,4,819.6,286.88,133.18,Venda
SKU_1744_LIG,14/08/2025,Varejo,1,264.9,67.31,197.59,Venda
SKU_1778_MIN,14/08/2025,E-commerce,2,569.8,162.56,203.62,Venda
SKU_1447_BLU,14/08/2025,Atacado,6,1439.4,575.76,143.94,Venda
SKU_1453_SAP,14/08/2025,Atacado,10,2349.0,704.7,164.43,Venda
SKU_1582_PAS,14/08/2025,Varejo,1,229.9,39.97,189.93,Venda
SKU_1682_BIR,14/08/2025,Atacado,8,1879.2,751.68,140.94,Venda
SKU_1792_MIN,14/08/2025,Atacado,4,1759.6,527.88,307.93,Venda
SKU_1683_SHO,14/08/2025,E-commerce,2,629.8,144.0,242.9,Venda
SKU_1725_OFF,14/08/2025,E-commerce,1,244.9,57.83,187.07,Venda
SKU_1698_PRI,14/08/2025,Atacado,3,1259.7,440.88,272.94,Venda
SKU_1690_MAG,14/08/2025,Atacado,2,1079.8,431.92,323.94,Venda
SKU_1729_CLE,14/08/2025,Varejo,3,524.7,111.12,137.86,Venda
SKU_1717_MIN,14/08/2025,Varejo,1,259.9,68.14,191.76,Venda
SKU_1797_GAR,14/08/2025,Varejo,2,759.8,136.76,311.52,Venda
SKU_1569_WHI,14/08/2025,Varejo,1,219.9,49.4,170.5,Venda
SKU_1765_PAS,14/08/2025,Varejo,4,1039.6,233.28,201.58,Venda
SKU_1749_SNO,14/08/2025,Atacado,5,1749.5,699.8,209.94,Venda
SKU_1552_CLE,14/08/2025,Atacado,12,7918.8,2771.52,428.94,Venda
SKU_1666_PAS,14/08/2025,Atacado,3,2399.7,839.88,519.94,Venda
SKU_1469_SAL,14/08/2025,Atacado,2,589.8,176.94,206.43,Venda
SKU_1753_PAL,14/08/2025,Atacado,10,7899.0,3159.6,473.94,Venda
SKU_1797_BLU,14/08/2025,Varejo,1,379.9,88.98,290.92,Venda
SKU_2096_TEA,14/08/2025,Atacado,4,1039.6,415.84,155.94,Venda
SKU_1425_LIG,14/08/2025,Atacado,5,1049.5,367.3,136.44,Venda
SKU_1395_BLA,14/08/2025,Atacado,6,1739.4,608.76,188.44,Venda
SKU_1499_RAS,14/08/2025,E-commerce,1,259.9,56.61,203.29,Venda
SKU_1760_PAS,14/08/2025,Varejo,3,749.7,148.29,200.47,Venda
SKU_1750_MIN,14/08/2025,Atacado,3,1109.7,332.91,258.93,Venda
SKU_1683_SHO,14/08/2025,Varejo,2,629.8,188.74,220.53,Venda
SKU_1791_ARM,14/08/2025,Varejo,3,794.7,141.99,217.57,Venda
SKU_1758_CLO,14/08/2025,Varejo,1,179.9,42.72,137.18,Venda
SKU_1706_BLA,14/08/2025,Varejo,1,184.9,32.51,152.39,Venda
SKU_1718_DUS,14/08/2025,Atacado,5,1849.5,647.3,240.44,Venda
SKU_1427_BLA,14/08/2025,Varejo,1,199.9,44.27,155.63,Venda
SKU_1410_JAD,14/08/2025,Varejo,1,1139.9,220.04,919.86,Venda
SKU_2081_PAL,14/08/2025,Varejo,1,389.9,0.0,389.9,Venda
SKU_1759_CLE,14/08/2025,Atacado,10,2699.0,944.6,175.44,Venda
SKU_1793_MIN,14/08/2025,E-commerce,1,189.9,48.21,141.69,Venda
SKU_1689_MAG,14/08/2025,Varejo,1,964.9,219.61,745.29,Venda
SKU_1777_FRE,14/08/2025,Atacado,4,959.6,335.84,155.94,Venda
SKU_1772_BLU,14/08/2025,Varejo,2,829.8,157.24,336.28,Venda
SKU_1461_NAV,14/08/2025,E-commerce,1,1069.9,206.01,863.89,Venda
SKU_1698_SNO,14/08/2025,Atacado,8,3359.2,1007.76,293.93,Venda
SKU_1737_DEE,14/08/2025,Atacado,3,2309.7,808.38,500.44,Venda
SKU_1801_MOS,14/08/2025,Atacado,2,749.8,262.42,243.69,Venda
SKU_1722_AQU,14/08/2025,Varejo,1,324.9,70.37,254.53,Venda
SKU_1637_WHI,14/08/2025,Varejo,2,1839.8,310.54,764.63,Venda
SKU_1610_PRI,14/08/2025,E-commerce,2,369.8,107.14,131.33,Venda
SKU_1611_MID,14/08/2025,E-commerce,1,219.9,37.05,182.85,Venda
SKU_1424_VAN,14/08/2025,Varejo,2,1989.8,520.72,734.54,Venda
SKU_1751_BLU,14/08/2025,Varejo,1,329.9,90.46,239.44,Venda
SKU_1550_PAL,14/08/2025,Atacado,5,824.5,288.6,107.18,Venda
SKU_1724_PIN,14/08/2025,Varejo,1,1114.9,178.63,936.27,Venda
SKU_1637_WHI,14/08/2025,E-commerce,1,919.9,171.56,748.34,Venda
SKU_1606_SEA,14/08/2025,Atacado,3,3254.7,976.41,759.43,Venda
SKU_1518_LIM,14/08/2025,E-commerce,1,234.9,58.18,176.72,Venda
SKU_1681_PIS,14/08/2025,Atacado,6,1409.4,493.32,152.68,Venda
SKU_1568_PIN,14/08/2025,E-commerce,1,234.9,62.65,172.25,Venda
SKU_1423_JAD,14/08/2025,Varejo,1,1199.9,286.79,913.11,Venda
SKU_1663_SNO,14/08/2025,Varejo,1,794.9,144.7,650.2,Venda
SKU_1720_PAL,14/08/2025,Varejo,1,224.9,36.15,188.75,Venda
SKU_1678_MAG,14/08/2025,Atacado,4,2859.6,1000.84,464.69,Venda
SKU_1655_SNO,14/08/2025,Varejo,1,644.9,97.88,547.02,Venda
SKU_2006_DEN,14/08/2025,Atacado,10,9049.0,4072.0,497.7,Venda
SKU_1600_SHO,14/08/2025,Atacado,2,789.8,276.42,256.69,Venda
SKU_1796_SHO,14/08/2025,Varejo,1,504.9,147.39,357.51,Venda
SKU_1774_MOS,14/08/2025,Varejo,1,204.9,44.49,160.41,Venda
SKU_1759_COB,14/08/2025,Varejo,2,539.8,137.06,201.37,Venda
SKU_1747_TEA,14/08/2025,Varejo,1,174.9,49.05,125.85,Venda
SKU_1705_JAD,14/08/2025,Atacado,4,1639.6,573.84,266.44,Venda
SKU_1676_NAV,14/08/2025,E-commerce,1,169.9,32.33,137.57,Venda
SKU_1419_WHI,14/08/2025,Atacado,3,749.7,262.38,162.44,Venda
SKU_1739_AQU,14/08/2025,Atacado,2,509.8,178.44,165.68,Venda
SKU_1700_HUN,14/08/2025,Varejo,2,1399.8,289.76,555.02,Venda
SKU_1709_CRE,14/08/2025,Varejo,1,209.9,34.95,174.95,Venda
SKU_2018_OFF,14/08/2025,Atacado,3,1439.7,503.88,311.94,Venda
SKU_1693_MEX,14/08/2025,Varejo,1,204.9,55.71,149.19,Venda
SKU_1759_COB,14/08/2025,Atacado,12,3238.8,971.64,188.93,Venda
SKU_1694_SER,14/08/2025,E-commerce,1,279.9,60.47,219.43,Venda
SKU_1712_MOS,14/08/2025,Atacado,12,2158.8,647.64,125.93,Venda
SKU_1926_SHO,14/08/2025,E-commerce,1,269.9,0.0,269.9,Venda
SKU_1747_FUC,14/08/2025,Varejo,1,174.9,51.14,123.76,Venda
SKU_1674_WHI,14/08/2025,E-commerce,1,229.9,60.21,169.69,Venda
SKU_1693_MEX,14/08/2025,Varejo,1,204.9,36.36,168.54,Venda
SKU_1786_POW,14/08/2025,Varejo,1,179.9,28.73,151.17,Venda
SKU_1745_FOR,14/08/2025,Atacado,5,2049.5,614.85,286.93,Venda
SKU_1706_JAD,14/08/2025,Atacado,8,1479.2,443.76,129.43,Venda
SKU_1698_PRI,14/08/2025,Atacado,2,839.8,251.94,293.93,Venda
SKU_1689_IVO,14/08/2025,Varejo,1,964.9,217.02,747.88,Venda
SKU_1726_BUB,14/08/2025,Varejo,2,859.8,183.9,337.95,Venda
SKU_1711_VAN,14/08/2025,Atacado,4,3979.6,1392.88,646.68,Venda
SKU_1780_AQU,14/08/2025,Atacado,3,1004.7,351.63,217.69,Venda
SKU_1737_SAG,14/08/2025,Varejo,1,769.9,230.57,539.33,Venda
SKU_1714_MID,14/08/2025,Atacado,4,1219.6,487.84,182.94,Venda
SKU_1747_TEA,14/08/2025,Varejo,2,349.8,77.2,136.3,Venda
SKU_1839_DUS,14/08/2025,E-commerce,1,294.9,0.0,294.9,Venda
SKU_1756_BUB,14/08/2025,Varejo,3,539.7,96.6,147.7,Venda
SKU_1987_MYS,14/08/2025,Atacado,2,2239.8,783.92,727.94,Venda
SKU_1513_PAS,14/08/2025,E-commerce,1,214.9,32.71,182.19,Venda
SKU_1679_SHO,14/08/2025,E-commerce,1,919.9,267.16,652.74,Venda
SKU_1558_CLE,14/08/2025,Atacado,6,1979.4,593.82,230.93,Venda
SKU_1728_MID,14/08/2025,E-commerce,1,329.9,53.41,276.49,Venda
SKU_1783_EGR,14/08/2025,Varejo,2,2399.8,406.2,996.8,Venda
SKU_1737_SAG,14/08/2025,Atacado,4,3079.6,923.88,538.93,Venda
SKU_1711_VAN,14/08/2025,Atacado,3,2984.7,1044.66,646.68,Venda
SKU_1761_SAP,14/08/2025,E-commerce,1,1104.9,267.31,837.59,Venda
SKU_1725_OFF,14/08/2025,Atacado,4,979.6,342.88,159.18,Venda
SKU_1730_MIN,14/08/2025,Varejo,2,639.8,153.5,243.15,Venda
SKU_1730_OFF,14/08/2025,Varejo,1,319.9,73.1,246.8,Venda
SKU_1587_LIG,14/08/2025,Varejo,1,229.9,37.57,192.33,Venda
SKU_1404_SAP,14/08/2025,E-commerce,1,1019.9,274.5,745.4,Venda
SKU_1781_AQU,14/08/2025,Varejo,2,259.8,53.92,102.94,Venda
SKU_1745_PEA,14/08/2025,Atacado,4,1639.6,655.84,245.94,Venda
SKU_1993_MEX,14/08/2025,Atacado,3,614.7,245.88,122.94,Venda
SKU_1938_PAS,14/08/2025,Atacado,8,7199.2,2879.68,539.94,Venda
SKU_1691_ROS,14/08/2025,Atacado,3,929.7,278.91,216.93,Venda
SKU_1814_PRI,14/08/2025,Varejo,1,379.9,0.0,379.9,Venda
SKU_1719_WHI,14/08/2025,Varejo,1,319.9,72.17,247.73,Venda
SKU_1793_MIN,14/08/2025,Atacado,2,379.8,113.94,132.93,Venda
SKU_1794_FLA,14/08/2025,Atacado,8,1679.2,503.76,146.93,Venda
SKU_1842_SAG,14/08/2025,E-commerce,2,1069.8,0.0,534.9,Venda
SKU_1735_MOS,14/08/2025,Atacado,2,539.8,188.92,175.44,Venda
SKU_1717_MIN,14/08/2025,Atacado,5,1299.5,454.8,168.94,Venda
SKU_1841_LIM,14/08/2025,E-commerce,1,144.9,0.0,144.9,Venda
SKU_1767_PRI,14/08/2025,Atacado,5,1024.5,307.35,143.43,Venda
SKU_1752_SNO,14/08/2025,Atacado,10,4299.0,1289.7,300.93,Venda
SKU_1777_FRE,14/08/2025,Varejo,1,239.9,71.4,168.5,Venda
SKU_1983_GAR,14/08/2025,Atacado,8,1799.2,539.76,157.43,Venda
SKU_1738_BLU,14/08/2025,Atacado,5,974.5,389.8,116.94,Venda
SKU_1749_BIR,14/08/2025,E-commerce,1,349.9,61.44,288.46,Venda
SKU_1701_BLU,14/08/2025,Atacado,4,1359.6,407.88,237.93,Venda
SKU_1760_OFF,14/08/2025,Atacado,2,499.8,149.94,174.93,Venda
SKU_1713_SAL,14/08/2025,Atacado,4,2019.6,605.88,353.43,Venda
SKU_1611_MID,14/08/2025,Atacado,4,879.6,307.84,142.94,Venda
SKU_1747_TEA,14/08/2025,E-commerce,1,174.9,43.71,131.19,Venda
SKU_1684_HON,14/08/2025,Atacado,4,739.6,221.88,129.43,Venda
SKU_1511_SKY,14/08/2025,Atacado,2,1869.8,747.92,560.94,Venda
SKU_1454_BUB,14/08/2025,Atacado,5,749.5,299.8,89.94,Venda
SKU_1742_DEN,14/08/2025,Atacado,10,2599.0,909.6,168.94,Venda
SKU_1751_BLU,14/08/2025,Varejo,1,329.9,64.66,265.24,Venda
SKU_1735_COR,14/08/2025,Varejo,1,269.9,69.68,200.22,Venda
SKU_1678_MAG,14/08/2025,Varejo,1,714.9,137.93,576.97,Venda
SKU_1766_CLE,14/08/2025,Atacado,4,1579.6,473.88,276.43,Venda
SKU_1532_BRI,14/08/2025,Atacado,4,3919.6,1371.84,636.94,Venda
SKU_1979_DEN,14/08/2025,Varejo,3,584.7,40.92,181.26,Venda
SKU_1599_WHI,14/08/2025,Atacado,5,2349.5,822.3,305.44,Venda
SKU_1684_SHO,14/08/2025,Atacado,3,554.7,166.41,129.43,Venda
SKU_1690_MYS,14/08/2025,Atacado,4,2159.6,971.84,296.94,Venda
SKU_1691_HUN,14/08/2025,Atacado,6,1859.4,743.76,185.94,Venda
SKU_1427_AQU,14/08/2025,Atacado,6,1199.4,359.82,139.93,Venda
SKU_1693_MEX,14/08/2025,Varejo,1,204.9,32.28,172.62,Venda
SKU_1789_SNO,14/08/2025,Atacado,8,2159.2,755.68,175.44,Venda
SKU_1792_MIN,14/08/2025,Atacado,6,2639.4,791.82,307.93,Venda
SKU_1514_SPA,14/08/2025,Atacado,5,4149.5,1452.3,539.44,Venda
SKU_1734_BRI,14/08/2025,Varejo,2,699.8,129.52,285.14,Venda
SKU_1759_COB,14/08/2025,Atacado,5,1349.5,472.3,175.44,Venda
SKU_1708_FLA,14/08/2025,Atacado,5,849.5,297.3,110.44,Venda
SKU_1760_PAS,14/08/2025,Atacado,3,749.7,262.38,162.44,Venda
SKU_1478_COB,14/08/2025,Varejo,1,194.9,55.21,139.69,Venda
SKU_1762_BRI,14/08/2025,E-commerce,1,254.9,74.04,180.86,Venda
SKU_1738_ROY,14/08/2025,E-commerce,1,194.9,40.72,154.18,Venda
SKU_1789_EME,14/08/2025,Varejo,1,269.9,48.51,221.39,Venda
SKU_1689_MAG,14/08/2025,Atacado,3,2894.7,1013.16,627.18,Venda
SKU_1733_NAV,14/08/2025,Atacado,3,1049.7,314.91,244.93,Venda
SKU_2013_TEA,14/08/2025,Atacado,6,1109.4,388.32,120.18,Venda
SKU_1720_PAL,14/08/2025,Atacado,6,1349.4,472.32,146.18,Venda
SKU_1688_WHI,14/08/2025,Varejo,1,429.9,64.6,365.3,Venda
SKU_1783_EGR,14/08/2025,Atacado,4,4799.6,1439.88,839.93,Venda
SKU_1758_HON,14/08/2025,Atacado,5,899.5,404.8,98.94,Venda
SKU_1788_EME,14/08/2025,Atacado,12,2998.8,1049.52,162.44,Venda
SKU_1479_FUC,14/08/2025,Atacado,4,2219.6,776.84,360.69,Venda
SKU_1517_FOR,14/08/2025,E-commerce,2,2399.8,442.32,978.74,Venda
SKU_1728_MID,14/08/2025,Varejo,1,329.9,67.0,262.9,Venda
SKU_1751_MIN,14/08/2025,Atacado,4,1319.6,527.84,197.94,Venda
SKU_1605_VAN,14/08/2025,Atacado,10,2199.0,659.7,153.93,Venda
SKU_2096_TEA,14/08/2025,Varejo,2,519.8,0.0,259.9,Venda
SKU_1487_CLE,14/08/2025,Varejo,1,334.9,70.03,264.87,Venda
SKU_1657_EME,14/08/2025,Atacado,8,1719.2,601.76,139.68,Venda
SKU_1432_BRI,14/08/2025,Atacado,10,7199.0,2159.7,503.93,Venda
SKU_1392_BLU,14/08/2025,Atacado,4,1179.6,353.88,206.43,Venda
SKU_2002_VAN,14/08/2025,Atacado,3,614.7,184.41,143.43,Venda
SKU_1527_FUC,14/08/2025,Atacado,6,5459.4,2183.76,545.94,Venda
SKU_2076_SAG,14/08/2025,E-commerce,2,949.8,0.0,474.9,Venda
SKU_1698_SNO,14/08/2025,Atacado,6,2519.4,755.82,293.93,Venda
SKU_1683_PAL,14/08/2025,Varejo,3,944.7,152.79,263.97,Venda
SKU_1724_PIN,14/08/2025,Atacado,3,3344.7,1505.13,613.19,Venda
SKU_2089_CLO,14/08/2025,Atacado,4,1979.6,692.84,321.69,Venda
SKU_1701_SPA,14/08/2025,Atacado,3,1019.7,305.91,237.93,Venda
SKU_2025_SAP,14/08/2025,Varejo,1,229.9,0.0,229.9,Venda
SKU_1534_MYS,14/08/2025,Varejo,1,199.9,46.58,153.32,Venda
SKU_1693_MEX,14/08/2025,Atacado,5,1024.5,409.8,122.94,Venda
SKU_1723_COB,14/08/2025,Atacado,5,2174.5,652.35,304.43,Venda
SKU_1989_MAG,14/08/2025,Varejo,1,349.9,0.0,349.9,Venda
SKU_1764_FUC,14/08/2025,Atacado,4,939.6,422.8,129.2,Venda
SKU_1683_PAL,14/08/2025,Atacado,10,3149.0,1102.1,204.69,Venda
SKU_1749_SNO,14/08/2025,Varejo,1,349.9,63.0,286.9,Venda
SKU_1741_PIN,14/08/2025,Atacado,5,1199.5,419.8,155.94,Venda
SKU_1765_PAS,14/08/2025,Varejo,1,259.9,52.21,207.69,Venda
SKU_1434_ARM,14/08/2025,Atacado,4,839.6,293.84,136.44,Venda
SKU_1534_HUN,14/08/2025,Varejo,1,199.9,59.63,140.27,Venda
SKU_1703_PAS,14/08/2025,Atacado,4,1079.6,323.88,188.93,Venda
SKU_1747_TEA,14/08/2025,Varejo,1,174.9,37.49,137.41,Venda
SKU_1459_OFF,14/08/2025,Varejo,2,419.8,83.56,168.12,Venda
SKU_1768_PEA,14/08/2025,Atacado,6,3749.4,1499.76,374.94,Venda
SKU_1774_COB,14/08/2025,Atacado,10,2049.0,819.6,122.94,Venda
SKU_1725_OFF,14/08/2025,Varejo,1,244.9,59.94,184.96,Venda
SKU_1777_FRE,14/08/2025,Atacado,6,1439.4,431.82,167.93,Venda
SKU_1686_MOS,14/08/2025,E-commerce,1,214.9,56.76,158.14,Venda
SKU_1736_JAD,14/08/2025,Atacado,2,649.8,227.42,211.19,Venda
SKU_1757_PIN,14/08/2025,Atacado,4,1059.6,423.84,158.94,Venda
SKU_1922_TEA,14/08/2025,Atacado,4,2779.6,833.88,486.43,Venda
SKU_1770_DEE,14/08/2025,Atacado,6,1319.4,461.76,142.94,Venda
SKU_1789_SNO,14/08/2025,Atacado,4,1079.6,323.88,188.93,Venda
SKU_1763_HOT,14/08/2025,Atacado,6,1799.4,629.76,194.94,Venda
SKU_1562_CLO,14/08/2025,Atacado,5,1549.5,542.3,201.44,Venda
SKU_1779_MIN,14/08/2025,E-commerce,1,214.9,33.49,181.41,Venda
SKU_1772_BLU,14/08/2025,Varejo,1,414.9,100.86,314.04,Venda
SKU_2064_PIS,14/08/2025,E-commerce,1,399.9,0.0,399.9,Venda
SKU_1794_LIG,14/08/2025,Varejo,1,209.9,57.9,152.0,Venda
SKU_1734_BRI,14/08/2025,Atacado,8,2799.2,839.76,244.93,Venda
SKU_1460_OLI,14/08/2025,Varejo,1,174.9,41.55,133.35,Venda
SKU_1557_SAG,14/08/2025,Varejo,2,399.8,66.04,166.88,Venda
SKU_1791_IVO,14/08/2025,Varejo,2,529.8,124.66,202.57,Venda
SKU_1523_CRE,14/08/2025,E-commerce,1,374.9,77.35,297.55,Venda
SKU_1664_PIN,14/08/2025,Varejo,1,329.9,72.31,257.59,Venda
SKU_1672_FOR,14/08/2025,Atacado,3,884.7,265.41,206.43,Venda
SKU_1692_OLI,14/08/2025,Varejo,1,219.9,59.15,160.75,Venda
SKU_1738_ROY,14/08/2025,E-commerce,2,389.8,103.22,143.29,Venda
SKU_1711_ARM,14/08/2025,Atacado,8,7959.2,2785.76,646.68,Venda
SKU_1566_POW,14/08/2025,Varejo,1,1034.9,198.64,836.26,Venda
SKU_1778_MIN,14/08/2025,Varejo,1,284.9,80.73,204.17,Venda
SKU_1795_HUN,14/08/2025,Varejo,4,1199.6,237.72,240.47,Venda
SKU_1638_PEA,14/08/2025,Varejo,1,1139.9,182.05,957.85,Venda
SKU_2025_BAB,14/08/2025,Varejo,1,229.9,16.09,213.81,Venda
SKU_1782_NAV,14/08/2025,E-commerce,1,249.9,52.57,197.33,Venda
SKU_1733_NAV,14/08/2025,E-commerce,1,349.9,77.09,272.81,Venda
SKU_1692_BLU,14/08/2025,Varejo,1,219.9,45.15,174.75,Venda
SKU_1410_ROS,14/08/2025,Atacado,6,6839.4,2393.76,740.94,Venda
SKU_1688_WHI,14/08/2025,Atacado,5,2149.5,644.85,300.93,Venda
SKU_1721_COR,14/08/2025,Atacado,10,4199.0,1679.6,251.94,Venda
SKU_1698_PRI,14/08/2025,E-commerce,1,419.9,122.95,296.95,Venda
SKU_1687_FOR,14/08/2025,Varejo,1,899.9,172.76,727.14,Venda
SKU_1782_NAV,14/08/2025,Varejo,1,249.9,69.42,180.48,Venda
SKU_1764_MAR,14/08/2025,Atacado,10,2349.0,822.2,152.68,Venda
SKU_1737_SAG,14/08/2025,Atacado,10,7699.0,2309.7,538.93,Venda
SKU_2023_MID,14/08/2025,Atacado,6,959.4,383.76,95.94,Venda
SKU_1814_PAS,14/08/2025,Varejo,3,1139.7,0.0,379.9,Venda
SKU_1920_GAR,14/08/2025,Varejo,1,254.9,0.0,254.9,Venda
SKU_1781_AQU,14/08/2025,Varejo,2,259.8,75.84,91.98,Venda
SKU_1428_COB,14/08/2025,Varejo,1,489.9,114.49,375.41,Venda
SKU_1756_BUB,14/08/2025,Atacado,8,1439.2,503.68,116.94,Venda
SKU_1740_FRE,14/08/2025,Atacado,6,1289.4,386.82,150.43,Venda
SKU_1750_SNO,14/08/2025,Atacado,3,1109.7,388.38,240.44,Venda
SKU_1760_OFF,14/08/2025,Varejo,1,249.9,49.52,200.38,Venda
SKU_1743_CLO,14/08/2025,E-commerce,1,439.9,113.99,325.91,Venda
SKU_1695_CRE,14/08/2025,Varejo,1,209.9,34.17,175.73,Venda
SKU_1429_MAG,14/08/2025,E-commerce,1,189.9,29.1,160.8,Venda
SKU_1658_MYS,14/08/2025,Varejo,1,879.9,196.95,682.95,Venda
SKU_1755_AQU,14/08/2025,Varejo,3,1004.7,211.71,264.33,Venda
SKU_1567_POW,14/08/2025,Varejo,1,689.9,126.21,563.69,Venda
SKU_1777_TUR,14/08/2025,Atacado,5,1199.5,419.8,155.94,Venda
SKU_1736_JAD,14/08/2025,E-commerce,2,649.8,173.24,238.28,Venda
SKU_1787_BAB,14/08/2025,Atacado,5,1449.5,434.85,202.93,Venda
SKU_1726_BUB,14/08/2025,Varejo,1,429.9,124.51,305.39,Venda
SKU_2074_PAS,14/08/2025,Atacado,3,794.7,238.41,185.43,Venda
SKU_1491_GAR,14/08/2025,Varejo,1,134.9,40.39,94.51,Venda
SKU_1696_SER,14/08/2025,Atacado,4,1119.6,391.84,181.94,Venda
SKU_1430_JAD,14/08/2025,E-commerce,1,179.9,51.16,128.74,Venda
SKU_1781_CLE,14/08/2025,Varejo,1,129.9,31.21,98.69,Venda
SKU_1728_EGR,14/08/2025,Varejo,1,329.9,74.22,255.68,Venda
SKU_1435_OLI,14/08/2025,Atacado,6,6059.4,2120.76,656.44,Venda
SKU_1734_BRI,14/08/2025,Atacado,10,3499.0,1224.6,227.44,Venda
SKU_1751_MIN,14/08/2025,Varejo,2,659.8,162.76,248.52,Venda
SKU_1735_MOS,14/08/2025,Varejo,3,809.7,130.05,226.55,Venda
SKU_1688_LIG,14/08/2025,Varejo,1,429.9,101.41,328.49,Venda
SKU_1758_HON,14/08/2025,Atacado,6,1079.4,323.82,125.93,Venda
SKU_1710_OLI,14/08/2025,Varejo,1,809.9,205.5,604.4,Venda
SKU_1765_MYS,14/08/2025,E-commerce,1,259.9,71.59,188.31,Venda
SKU_1396_PAS,14/08/2025,Atacado,10,1349.0,472.2,87.68,Venda
SKU_1731_MIN,14/08/2025,Varejo,1,909.9,166.62,743.28,Venda
SKU_1722_PAS,14/08/2025,Varejo,1,324.9,80.3,244.6,Venda
SKU_1715_JAD,14/08/2025,Atacado,10,2199.0,769.6,142.94,Venda
SKU_1694_SER,14/08/2025,Varejo,1,279.9,69.54,210.36,Venda
SKU_1609_LIM,14/08/2025,Atacado,6,1619.4,485.82,188.93,Venda
SKU_1766_MYS,14/08/2025,Varejo,1,394.9,70.43,324.47,Venda
SKU_1775_PAL,14/08/2025,Varejo,1,279.9,78.96,200.94,Venda
SKU_1580_MOS,14/08/2025,Varejo,1,189.9,54.26,135.64,Venda
SKU_1779_LIG,14/08/2025,E-commerce,1,214.9,51.16,163.74,Venda
SKU_1791_IVO,14/08/2025,Varejo,1,264.9,59.63,205.27,Venda
SKU_1784_BLA,14/08/2025,E-commerce,1,309.9,82.82,227.08,Venda
SKU_1684_SHO,14/08/2025,Atacado,5,924.5,323.6,120.18,Venda
SKU_1537_SAP,14/08/2025,Varejo,1,254.9,71.63,183.27,Venda
SKU_1793_WHI,14/08/2025,Varejo,1,189.9,32.92,156.98,Venda
SKU_1739_MOS,14/08/2025,Atacado,6,1529.4,611.76,152.94,Venda
SKU_1729_CLE,14/08/2025,Varejo,1,174.9,31.66,143.24,Venda
SKU_1771_PIN,14/08/2025,Atacado,8,2119.2,847.68,158.94,Venda
SKU_1761_SAP,14/08/2025,Atacado,3,3314.7,1325.88,662.94,Venda
SKU_1400_FOR,14/08/2025,E-commerce,1,209.9,39.24,170.66,Venda
SKU_1755_AQU,14/08/2025,Atacado,10,3349.0,1004.7,234.43,Venda
SKU_1783_EGR,14/08/2025,Varejo,1,1199.9,358.51,841.39,Venda
SKU_1789_SNO,14/08/2025,Varejo,1,269.9,40.96,228.94,Venda
SKU_1691_ROS,14/08/2025,Atacado,4,1239.6,433.84,201.44,Venda
SKU_1731_ARM,14/08/2025,E-commerce,1,909.9,272.02,637.88,Venda
SKU_1471_LIG,14/08/2025,Atacado,8,1639.2,573.76,133.18,Venda
SKU_1678_LIG,14/08/2025,Varejo,1,714.9,177.39,537.51,Venda
SKU_1750_MIN,14/08/2025,Varejo,1,369.9,88.82,281.08,Venda
SKU_1607_MAR,14/08/2025,Varejo,1,299.9,82.53,217.37,Venda
SKU_1703_PAS,14/08/2025,Atacado,4,1079.6,377.84,175.44,Venda
SKU_1721_COR,14/08/2025,Atacado,6,2519.4,755.82,293.93,Venda
SKU_1682_OLI,14/08/2025,Varejo,1,234.9,36.03,198.87,Venda
SKU_1725_BAB,14/08/2025,Atacado,6,1469.4,514.32,159.18,Venda
SKU_1709_CRE,14/08/2025,E-commerce,1,209.9,53.7,156.2,Venda
SKU_1749_BIR,14/08/2025,Varejo,1,349.9,65.49,284.41,Venda
SKU_1592_SAG,14/08/2025,Varejo,2,419.8,86.64,166.58,Venda
SKU_1802_OLI,14/08/2025,E-commerce,1,744.9,0.0,744.9,Venda
SKU_1619_PAS,14/08/2025,Atacado,4,799.6,319.84,119.94,Venda
SKU_1728_EGR,14/08/2025,E-commerce,1,329.9,77.02,252.88,Venda
SKU_1705_JAD,14/08/2025,E-commerce,1,409.9,64.77,345.13,Venda
SKU_1684_SHO,14/08/2025,Atacado,4,739.6,295.84,110.94,Venda
SKU_1716_SAL,14/08/2025,E-commerce,1,164.9,42.85,122.05,Venda
SKU_1794_FLA,14/08/2025,E-commerce,1,209.9,58.35,151.55,Venda
SKU_1395_TUR,14/08/2025,Atacado,4,1159.6,347.88,202.93,Venda
SKU_1652_TEA,14/08/2025,Varejo,1,219.9,51.99,167.91,Venda
SKU_1699_COB,14/08/2025,Atacado,2,659.8,197.94,230.93,Venda
SKU_1801_FLA,14/08/2025,Atacado,4,1499.6,524.84,243.69,Venda
SKU_1614_IVO,14/08/2025,Atacado,6,2669.4,800.82,311.43,Venda
SKU_1669_TEA,14/08/2025,Varejo,2,399.8,94.96,152.42,Venda
SKU_1778_MIN,14/08/2025,Atacado,5,1424.5,427.35,199.43,Venda
SKU_1698_SNO,14/08/2025,Atacado,8,3359.2,1007.76,293.93,Venda
SKU_1447_OLI,14/08/2025,Varejo,1,239.9,68.03,171.87,Venda
SKU_1721_COR,14/08/2025,Varejo,1,419.9,77.1,342.8,Venda
SKU_1686_MOS,14/08/2025,E-commerce,1,214.9,35.62,179.28,Venda
SKU_1463_LIG,14/08/2025,Atacado,5,1299.5,389.85,181.93,Venda
SKU_1483_POW,14/08/2025,Atacado,12,3898.8,1364.52,211.19,Venda
SKU_1778_MIN,14/08/2025,Atacado,8,2279.2,911.68,170.94,Venda
SKU_1776_BIR,14/08/2025,Varejo,1,329.9,54.51,275.39,Venda
SKU_1917_IVO,14/08/2025,Varejo,1,374.9,0.0,374.9,Venda
SKU_1751_MIN,14/08/2025,Varejo,1,329.9,94.75,235.15,Venda
SKU_1771_PIN,14/08/2025,Atacado,6,1589.4,635.76,158.94,Venda
SKU_1774_MOS,14/08/2025,Varejo,2,409.8,117.58,146.11,Venda
SKU_1740_FRE,14/08/2025,Varejo,2,429.8,97.92,165.94,Venda
SKU_1790_ROY,14/08/2025,Varejo,1,259.9,41.54,218.36,Venda
SKU_1787_BAB,14/08/2025,E-commerce,1,289.9,73.04,216.86,Venda
SKU_1509_MAG,14/08/2025,Atacado,6,1919.4,575.82,223.93,Venda
SKU_1694_SER,14/08/2025,E-commerce,1,279.9,64.1,215.8,Venda
SKU_1733_SAG,14/08/2025,Atacado,8,2799.2,979.68,227.44,Venda
SKU_1743_DEE,14/08/2025,Varejo,1,439.9,123.66,316.24,Venda
SKU_1746_EME,14/08/2025,Varejo,1,179.9,43.17,136.73,Venda
SKU_1763_MAR,14/08/2025,Atacado,4,1199.6,419.84,194.94,Venda
SKU_1734_FRE,14/08/2025,E-commerce,1,349.9,61.35,288.55,Venda
SKU_1482_MOS,14/08/2025,Atacado,5,2224.5,667.35,311.43,Venda
SKU_1397_BUB,14/08/2025,Atacado,2,469.8,164.44,152.68,Venda
SKU_1508_DEE,14/08/2025,Varejo,1,209.9,50.83,159.07,Venda
SKU_1775_PAL,14/08/2025,Atacado,3,839.7,251.91,195.93,Venda
SKU_1549_BAL,14/08/2025,Atacado,4,739.6,295.84,110.94,Venda
SKU_1760_PAS,14/08/2025,Atacado,2,499.8,174.92,162.44,Venda
SKU_1589_CER,14/08/2025,Atacado,6,4079.4,1631.76,407.94,Venda
SKU_1715_JAD,14/08/2025,E-commerce,1,219.9,37.69,182.21,Venda
SKU_1754_IVO,14/08/2025,Varejo,1,339.9,76.57,263.33,Venda
SKU_1758_HON,14/08/2025,Varejo,1,179.9,33.55,146.35,Venda
SKU_1992_DEE,14/08/2025,Varejo,1,924.9,0.0,924.9,Venda
SKU_1696_SHO,14/08/2025,Atacado,8,2239.2,783.68,181.94,Venda
SKU_1737_SAG,14/08/2025,Varejo,1,769.9,228.41,541.49,Venda
SKU_1674_PAS,14/08/2025,Varejo,1,229.9,58.66,171.24,Venda
SKU_1776_PAS,14/08/2025,Varejo,1,329.9,84.07,245.83,Venda
SKU_1719_WHI,14/08/2025,Varejo,1,319.9,63.82,256.08,Venda
SKU_1787_BAB,14/08/2025,Atacado,3,869.7,304.38,188.44,Venda
SKU_1766_MYS,14/08/2025,Varejo,1,394.9,81.92,312.98,Venda
SKU_1753_WHI,14/08/2025,Atacado,3,2369.7,829.38,513.44,Venda
SKU_1747_FUC,14/08/2025,Atacado,5,874.5,306.1,113.68,Venda
SKU_1732_WHI,14/08/2025,Atacado,6,6689.4,2341.32,724.68,Venda
SKU_1789_EME,14/08/2025,Atacado,10,2699.0,1214.6,148.44,Venda
SKU_1761_SAP,14/08/2025,E-commerce,3,3314.7,946.44,789.42,Venda
SKU_1681_PIS,14/08/2025,Varejo,4,939.6,260.64,169.74,Venda
SKU_1483_WHI,14/08/2025,Atacado,8,2599.2,1039.68,194.94,Venda
SKU_1791_ARM,14/08/2025,Atacado,5,1324.5,463.55,172.19,Venda
SKU_1752_SNO,14/08/2025,Atacado,10,4299.0,1504.6,279.44,Venda
SKU_1475_VAN,14/08/2025,Varejo,1,249.9,59.99,189.91,Venda
SKU_1423_SAG,14/08/2025,Varejo,1,1199.9,262.15,937.75,Venda
SKU_1793_MIN,14/08/2025,Atacado,3,569.7,227.88,113.94,Venda
SKU_1771_PIN,14/08/2025,E-commerce,1,264.9,63.66,201.24,Venda
SKU_1620_SAG,14/08/2025,Atacado,4,1059.6,370.84,172.19,Venda
SKU_1717_MIN,14/08/2025,Varejo,2,519.8,149.04,185.38,Venda
SKU_1763_MAR,14/08/2025,Atacado,5,1499.5,599.8,179.94,Venda
SKU_1760_PAS,14/08/2025,Atacado,12,2998.8,1049.52,162.44,Venda
SKU_1449_BLA,14/08/2025,E-commerce,1,324.9,84.21,240.69,Venda
SKU_1698_PRI,14/08/2025,Varejo,1,419.9,92.28,327.62,Venda
SKU_1749_BIR,14/08/2025,Varejo,1,349.9,79.58,270.32,Venda
SKU_1927_FUC,14/08/2025,Varejo,2,599.8,0.0,299.9,Venda
SKU_1766_MYS,14/08/2025,Varejo,2,789.8,196.92,296.44,Venda
SKU_1717_CRE,14/08/2025,Varejo,1,259.9,60.42,199.48,Venda
SKU_1748_BAB,14/08/2025,Atacado,3,929.7,325.38,201.44,Venda
SKU_1788_EME,14/08/2025,Atacado,6,1499.4,449.82,174.93,Venda
SKU_1794_FLA,14/08/2025,Atacado,6,1259.4,440.76,136.44,Venda
SKU_1725_OFF,14/08/2025,Varejo,2,489.8,116.36,186.72,Venda
SKU_1788_MYS,14/08/2025,E-commerce,1,249.9,53.69,196.21,Venda
SKU_1676_PIN,14/08/2025,Atacado,3,509.7,178.38,110.44,Venda
SKU_1571_WHI,14/08/2025,Varejo,1,249.9,53.53,196.37,Venda
SKU_1520_GAR,14/08/2025,Atacado,5,1124.5,393.6,146.18,Venda
SKU_1913_PIS,14/08/2025,Atacado,3,584.7,204.66,126.68,Venda
SKU_1543_FLA,14/08/2025,Varejo,2,1469.8,292.66,588.57,Venda
SKU_1777_FRE,14/08/2025,Varejo,1,239.9,52.4,187.5,Venda
SKU_1797_BLU,14/08/2025,Atacado,4,1519.6,455.88,265.93,Venda
SKU_1793_WHI,14/08/2025,Atacado,6,1139.4,398.76,123.44,Venda
SKU_1798_OFF,14/08/2025,Atacado,3,1259.7,440.88,272.94,Venda
SKU_1759_COB,14/08/2025,Varejo,1,269.9,65.18,204.72,Venda
SKU_1746_EME,14/08/2025,E-commerce,1,179.9,44.7,135.2,Venda
SKU_1616_COR,14/08/2025,Varejo,1,1024.9,294.33,730.57,Venda
SKU_1788_EME,14/08/2025,Varejo,1,249.9,72.32,177.58,Venda
SKU_1520_ROY,14/08/2025,Atacado,3,674.7,202.41,157.43,Venda
SKU_1504_EME,14/08/2025,Varejo,1,339.9,56.89,283.01,Venda
SKU_1782_HUN,14/08/2025,Atacado,4,999.6,349.84,162.44,Venda
SKU_1686_SKY,14/08/2025,Atacado,3,644.7,257.88,128.94,Venda
SKU_1676_NAV,14/08/2025,Varejo,1,169.9,37.81,132.09,Venda
SKU_1795_HUN,14/08/2025,Atacado,5,1499.5,449.85,209.93,Venda
SKU_1768_PEA,14/08/2025,Atacado,10,6249.0,2187.1,406.19,Venda
SKU_2054_SAL,14/08/2025,E-commerce,1,409.9,0.0,409.9,Venda
SKU_1453_SAP,14/08/2025,Atacado,2,469.8,140.94,164.43,Venda
SKU_2083_GAR,14/08/2025,Atacado,5,1174.5,411.1,152.68,Venda
SKU_1547_IVO,14/08/2025,E-commerce,1,329.9,90.05,239.85,Venda
SKU_1781_AQU,14/08/2025,Varejo,4,519.6,81.84,109.44,Venda
SKU_1657_SPA,14/08/2025,Varejo,1,214.9,33.65,181.25,Venda
SKU_1788_EME,14/08/2025,Varejo,2,499.8,118.4,190.7,Venda
SKU_1697_MIN,14/08/2025,Atacado,5,1099.5,384.8,142.94,Venda
SKU_1745_PEA,14/08/2025,Varejo,1,409.9,99.62,310.28,Venda
SKU_1796_SHO,14/08/2025,Varejo,1,504.9,97.07,407.83,Venda
SKU_1740_FRE,14/08/2025,Atacado,6,1289.4,386.82,150.43,Venda
SKU_1721_COR,14/08/2025,Atacado,3,1259.7,503.88,251.94,Venda
SKU_1928_COR,14/08/2025,Varejo,2,629.8,0.0,314.9,Venda
SKU_1774_COB,14/08/2025,Varejo,1,204.9,61.35,143.55,Venda
SKU_1701_BLU,14/08/2025,Varejo,1,339.9,70.4,269.5,Venda
SKU_1609_SAP,14/08/2025,Varejo,1,269.9,59.29,210.61,Venda
SKU_1737_SAG,14/08/2025,E-commerce,1,769.9,223.89,546.01,Venda
SKU_1735_COR,14/08/2025,Atacado,5,1349.5,404.85,188.93,Venda
SKU_1680_NAV,14/08/2025,Atacado,5,1674.5,586.05,217.69,Venda
SKU_1677_POW,14/08/2025,Varejo,1,569.9,143.0,426.9,Venda
SKU_1769_WHI,14/08/2025,Varejo,3,974.7,187.89,262.27,Venda
SKU_1748_BAB,14/08/2025,Atacado,10,3099.0,1239.6,185.94,Venda
SKU_1611_BRI,14/08/2025,Varejo,1,219.9,36.45,183.45,Venda
SKU_1699_CLO,14/08/2025,Varejo,2,659.8,150.8,254.5,Venda
SKU_1686_MOS,14/08/2025,Varejo,2,429.8,121.48,154.16,Venda
SKU_1738_ROY,14/08/2025,Atacado,2,389.8,136.44,126.68,Venda
SKU_1416_CLE,14/08/2025,Atacado,4,1119.6,335.88,195.93,Venda
SKU_1921_PIN,14/08/2025,Varejo,1,249.9,0.0,249.9,Venda
SKU_2017_FRE,14/08/2025,Varejo,3,854.7,0.0,284.9,Venda
SKU_1742_EME,14/08/2025,Varejo,3,779.7,191.88,195.94,Venda
SKU_1794_LIG,14/08/2025,Varejo,1,209.9,53.34,156.56,Venda
SKU_1737_DEE,14/08/2025,Atacado,4,3079.6,1077.84,500.44,Venda
SKU_1680_NAV,14/08/2025,Varejo,2,669.8,137.82,265.99,Venda
SKU_1458_MIN,14/08/2025,Atacado,3,1049.7,367.38,227.44,Venda
SKU_1730_MIN,14/08/2025,Atacado,8,2559.2,1151.6,175.95,Venda
SKU_1440_PIS,14/08/2025,Varejo,1,1199.9,339.61,860.29,Venda
SKU_2013_MYS,14/08/2025,Varejo,2,369.8,0.0,184.9,Venda
SKU_1771_EME,14/08/2025,Varejo,1,264.9,62.63,202.27,Venda
SKU_1798_MOS,14/08/2025,Varejo,1,419.9,125.6,294.3,Venda
SKU_1775_PAL,14/08/2025,E-commerce,1,279.9,63.81,216.09,Venda
SKU_1727_LIG,14/08/2025,Atacado,4,619.6,216.88,100.68,Venda
SKU_1523_CRE,14/08/2025,Atacado,4,1499.6,599.84,224.94,Venda
SKU_1877_SAP,14/08/2025,Atacado,8,4599.2,1379.76,402.43,Venda
SKU_1780_AQU,14/08/2025,Atacado,5,1674.5,502.35,234.43,Venda
SKU_1696_SHO,14/08/2025,Varejo,2,559.8,154.26,202.77,Venda
SKU_1454_BRI,14/08/2025,Atacado,3,449.7,134.91,104.93,Venda
SKU_1803_SER,14/08/2025,Varejo,2,399.8,0.0,199.9,Venda
SKU_1961_LIG,14/08/2025,Varejo,1,414.9,0.0,414.9,Venda
SKU_1473_BAB,14/08/2025,Atacado,8,1439.2,503.68,116.94,Venda
SKU_1700_HUN,14/08/2025,Varejo,1,699.9,181.82,518.08,Venda
SKU_1702_LIG,14/08/2025,Atacado,5,3099.5,1239.8,371.94,Venda
SKU_1682_OLI,14/08/2025,Varejo,1,234.9,46.75,188.15,Venda
SKU_1738_ROY,14/08/2025,Varejo,2,389.8,112.4,138.7,Venda
SKU_1485_PAS,14/08/2025,E-commerce,2,1329.8,391.2,469.3,Venda
SKU_1670_SAP,14/08/2025,Atacado,4,579.6,202.88,94.18,Venda
SKU_1721_FRE,14/08/2025,E-commerce,1,419.9,110.72,309.18,Venda
SKU_1710_OLI,14/08/2025,Varejo,1,809.9,170.9,639.0,Venda
SKU_1769_EME,14/08/2025,Atacado,4,1299.6,389.88,227.43,Venda
SKU_1752_SNO,14/08/2025,E-commerce,2,859.8,163.74,348.03,Venda
SKU_1610_MEX,14/08/2025,Varejo,2,369.8,82.88,143.46,Venda
SKU_1492_SKY,14/08/2025,E-commerce,1,374.9,62.28,312.62,Venda
SKU_1739_MOS,14/08/2025,Varejo,1,254.9,63.57,191.33,Venda
SKU_1700_PIS,14/08/2025,Varejo,2,1399.8,308.72,545.54,Venda
SKU_1867_LIG,14/08/2025,E-commerce,1,199.9,0.0,199.9,Venda
SKU_1962_FRE,14/08/2025,Varejo,1,214.9,0.0,214.9,Venda
SKU_1692_BLU,14/08/2025,Varejo,2,439.8,70.94,184.43,Venda
SKU_2012_SKY,14/08/2025,Atacado,12,9838.8,3443.52,532.94,Venda
SKU_1713_SNO,14/08/2025,Varejo,1,504.9,150.6,354.3,Venda
SKU_1841_WHI,14/08/2025,E-commerce,1,144.9,0.0,144.9,Venda
SKU_1683_SHO,14/08/2025,Atacado,6,1889.4,566.82,220.43,Venda
SKU_1721_COR,14/08/2025,Varejo,1,419.9,87.03,332.87,Venda
SKU_1792_AQU,14/08/2025,E-commerce,1,439.9,129.03,310.87,Venda
SKU_1979_DEN,14/08/2025,Varejo,1,194.9,0.0,194.9,Venda
SKU_1490_VAN,14/08/2025,Atacado,6,1889.4,755.76,188.94,Venda
SKU_1549_BAL,14/08/2025,Varejo,2,369.8,89.4,140.2,Venda
SKU_1797_GAR,14/08/2025,Varejo,1,379.9,112.08,267.82,Venda
SKU_1774_COB,14/08/2025,Atacado,5,1024.5,358.6,133.18,Venda
SKU_1866_DUS,14/08/2025,Atacado,4,1299.6,519.84,194.94,Venda
SKU_1725_BAB,14/08/2025,Varejo,2,489.8,133.9,177.95,Venda
SKU_1790_EGR,14/08/2025,Atacado,3,779.7,233.91,181.93,Venda
SKU_1506_BRI,14/08/2025,Atacado,2,459.8,137.94,160.93,Venda
SKU_1680_NAV,14/08/2025,Varejo,1,334.9,94.51,240.39,Venda
SKU_1691_ROS,14/08/2025,Varejo,1,309.9,88.77,221.13,Venda
SKU_1735_COR,14/08/2025,Atacado,4,1079.6,485.84,148.44,Venda
SKU_1763_HOT,14/08/2025,Varejo,2,599.8,135.66,232.07,Venda
SKU_1598_DUS,14/08/2025,Atacado,5,2449.5,857.3,318.44,Venda
SKU_1748_BAB,14/08/2025,Varejo,1,309.9,92.11,217.79,Venda
SKU_1776_BIR,14/08/2025,Varejo,1,329.9,87.15,242.75,Venda
SKU_1399_CRE,14/08/2025,E-commerce,3,809.7,132.96,225.58,Venda
SKU_1744_EME,14/08/2025,Atacado,10,2649.0,794.7,185.43,Venda
SKU_1971_RAS,14/08/2025,Atacado,5,4149.5,1659.8,497.94,Venda
SKU_1763_HOT,14/08/2025,Varejo,2,599.8,164.88,217.46,Venda
SKU_1729_CLE,14/08/2025,Atacado,5,874.5,349.8,104.94,Venda
SKU_1866_ROS,14/08/2025,Varejo,1,324.9,0.0,324.9,Venda
SKU_1768_MIN,14/08/2025,E-commerce,1,624.9,108.65,516.25,Venda
SKU_1762_DEN,14/08/2025,Atacado,10,2549.0,764.7,178.43,Venda
SKU_1799_DEN,14/08/2025,Atacado,3,809.7,283.38,175.44,Venda
SKU_1787_BAB,14/08/2025,Varejo,3,869.7,163.02,235.56,Venda
SKU_1801_MOS,14/08/2025,Atacado,3,1124.7,393.63,243.69,Venda
SKU_1639_FRE,14/08/2025,Atacado,4,759.6,303.84,113.94,Venda
SKU_1792_AQU,14/08/2025,E-commerce,1,439.9,99.78,340.12,Venda
SKU_1692_OLI,14/08/2025,Atacado,8,1759.2,527.76,153.93,Venda
SKU_1734_BRI,14/08/2025,E-commerce,2,699.8,201.64,249.08,Venda
SKU_1800_SKY,14/08/2025,Atacado,5,1399.5,419.85,195.93,Venda
SKU_1759_CLE,14/08/2025,Varejo,1,269.9,43.98,225.92,Venda
SKU_1500_PAS,14/08/2025,Atacado,3,779.7,272.88,168.94,Venda
SKU_1752_SNO,14/08/2025,Atacado,4,1719.6,687.84,257.94,Venda
SKU_1781_AQU,14/08/2025,Atacado,8,1039.2,363.68,84.44,Venda
SKU_1654_CRE,14/08/2025,Atacado,6,1859.4,557.82,216.93,Venda
SKU_1783_EGR,14/08/2025,E-commerce,1,1199.9,233.88,966.02,Venda
SKU_1745_PEA,14/08/2025,Atacado,3,1229.7,430.38,266.44,Venda
SKU_1933_GAR,14/08/2025,Atacado,6,1349.4,404.82,157.43,Venda
SKU_1705_JAD,14/08/2025,E-commerce,2,819.8,240.26,289.77,Venda
SKU_1699_COB,14/08/2025,Atacado,6,1979.4,692.76,214.44,Venda
SKU_1701_SPA,14/08/2025,Varejo,1,339.9,65.53,274.37,Venda
SKU_1623_EGR,14/08/2025,Atacado,10,9149.0,2744.7,640.43,Venda
SKU_1504_NAV,14/08/2025,Atacado,4,1359.6,543.84,203.94,Venda
SKU_1717_CRE,14/08/2025,E-commerce,1,259.9,54.46,205.44,Venda
SKU_1715_JAD,14/08/2025,Varejo,1,219.9,64.27,155.63,Venda
SKU_1728_EGR,14/08/2025,Varejo,1,329.9,83.7,246.2,Venda
SKU_1431_CRE,14/08/2025,Varejo,1,369.9,87.69,282.21,Venda
SKU_1774_COB,14/08/2025,Varejo,1,204.9,44.34,160.56,Venda
SKU_1745_PEA,14/08/2025,Varejo,1,409.9,89.41,320.49,Venda
SKU_1702_COR,14/08/2025,E-commerce,1,619.9,152.98,466.92,Venda
SKU_1754_IVO,14/08/2025,Varejo,1,339.9,92.36,247.54,Venda
SKU_1781_CLE,14/08/2025,Varejo,1,129.9,24.78,105.12,Venda
SKU_1454_BRI,14/08/2025,Varejo,2,299.8,46.36,126.72,Venda
SKU_1765_MYS,14/08/2025,E-commerce,2,519.8,101.54,209.13,Venda
SKU_1790_EGR,14/08/2025,Atacado,10,2599.0,909.6,168.94,Venda
SKU_1760_PAS,14/08/2025,Atacado,5,1249.5,437.3,162.44,Venda
SKU_2021_SAL,14/08/2025,Varejo,1,189.9,0.0,189.9,Venda
SKU_1714_MID,14/08/2025,Atacado,10,3049.0,1067.1,198.19,Venda
SKU_2013_TEA,14/08/2025,Varejo,1,184.9,0.0,184.9,Venda
SKU_1801_FLA,14/08/2025,E-commerce,1,374.9,88.18,286.72,Venda
SKU_1784_EGR,14/08/2025,Atacado,5,1549.5,542.3,201.44,Venda
SKU_1785_HUN,14/08/2025,Atacado,10,2449.0,734.7,171.43,Venda
SKU_1717_CRE,14/08/2025,Atacado,3,779.7,233.91,181.93,Venda
SKU_1686_SKY,14/08/2025,Atacado,6,1289.4,451.32,139.68,Venda
SKU_1766_CLE,14/08/2025,Atacado,3,1184.7,355.41,276.43,Venda
SKU_1402_WHI,14/08/2025,Varejo,1,234.9,38.96,195.94,Venda
SKU_1764_MAR,14/08/2025,Varejo,1,234.9,55.65,179.25,Venda
SKU_1633_DEN,14/08/2025,Atacado,4,939.6,281.88,164.43,Venda
SKU_1634_SAP,14/08/2025,Varejo,1,979.9,271.41,708.49,Venda
SKU_1734_BRI,14/08/2025,Varejo,2,699.8,201.74,249.03,Venda
SKU_1425_WHI,14/08/2025,Atacado,8,1679.2,587.68,136.44,Venda
SKU_1682_OLI,14/08/2025,Varejo,1,234.9,67.04,167.86,Venda
SKU_1810_OFF,14/08/2025,Atacado,3,479.7,191.88,95.94,Venda
SKU_1703_PAS,14/08/2025,E-commerce,1,269.9,68.87,201.03,Venda
SKU_1660_MAG,14/08/2025,Atacado,10,3149.0,1259.6,188.94,Venda
SKU_1699_CLO,14/08/2025,Atacado,4,1319.6,527.84,197.94,Venda
SKU_1758_HON,14/08/2025,Varejo,2,359.8,84.56,137.62,Venda
SKU_1999_COB,14/08/2025,Atacado,3,704.7,246.66,152.68,Venda
SKU_1734_BRI,14/08/2025,Atacado,10,3499.0,1224.6,227.44,Venda
SKU_1751_BLU,14/08/2025,Varejo,2,659.8,160.58,249.61,Venda
SKU_1773_OLI,14/08/2025,Varejo,2,649.8,173.3,238.25,Venda
SKU_1700_PIS,14/08/2025,Varejo,1,699.9,124.11,575.79,Venda
SKU_1694_PIS,14/08/2025,Varejo,2,559.8,117.82,220.99,Venda
SKU_1785_HUN,14/08/2025,Atacado,5,1224.5,367.35,171.43,Venda
SKU_1653_ROS,14/08/2025,Atacado,6,2159.4,755.76,233.94,Venda
SKU_1684_SHO,14/08/2025,E-commerce,2,369.8,98.1,135.85,Venda
SKU_1671_MIN,14/08/2025,Varejo,1,349.9,102.36,247.54,Venda
SKU_1744_LIG,14/08/2025,Atacado,2,529.8,185.42,172.19,Venda
SKU_1453_SAP,14/08/2025,Atacado,8,1879.2,657.76,152.68,Venda
SKU_1759_CLE,14/08/2025,E-commerce,1,269.9,68.67,201.23,Venda
SKU_1788_EME,14/08/2025,Atacado,8,1999.2,699.68,162.44,Venda
SKU_1785_PAS,14/08/2025,Varejo,1,244.9,44.01,200.89,Venda
SKU_1910_MYS,14/08/2025,E-commerce,2,1499.8,0.0,749.9,Venda
SKU_1706_JAD,14/08/2025,Atacado,10,1849.0,647.2,120.18,Venda
SKU_1573_SAG,14/08/2025,E-commerce,1,1024.9,244.25,780.65,Venda
SKU_1692_OLI,14/08/2025,Atacado,2,439.8,153.92,142.94,Venda
SKU_1898_WHI,14/08/2025,Varejo,1,484.9,0.0,484.9,Venda
SKU_1790_EGR,14/08/2025,E-commerce,1,259.9,63.08,196.82,Venda
SKU_1708_FLA,14/08/2025,Atacado,8,1359.2,543.68,101.94,Venda
SKU_1674_WHI,14/08/2025,Varejo,1,229.9,55.36,174.54,Venda
SKU_1711_VAN,14/08/2025,Atacado,10,9949.0,2984.7,696.43,Venda
SKU_1701_BLU,14/08/2025,Atacado,12,4078.8,1427.52,220.94,Venda
SKU_1783_BAB,14/08/2025,E-commerce,1,1199.9,181.36,1018.54,Venda
SKU_1694_SER,14/08/2025,Atacado,8,2239.2,671.76,195.93,Venda
SKU_1690_MYS,14/08/2025,Varejo,2,1079.8,253.72,413.04,Venda
SKU_1692_BLU,14/08/2025,Varejo,3,659.7,159.15,166.85,Venda
SKU_1761_SAP,14/08/2025,Varejo,3,3314.7,637.59,892.37,Venda
SKU_1752_SPA,14/08/2025,Atacado,5,2149.5,752.3,279.44,Venda
SKU_1691_HUN,14/08/2025,Varejo,1,309.9,69.19,240.71,Venda
SKU_1755_BIR,14/08/2025,Atacado,5,1674.5,502.35,234.43,Venda
SKU_1721_FRE,14/08/2025,Atacado,4,1679.6,503.88,293.93,Venda
SKU_1741_PIN,14/08/2025,Varejo,1,239.9,69.71,170.19,Venda
SKU_1709_MAR,14/08/2025,Atacado,8,1679.2,503.76,146.93,Venda
SKU_1742_EME,14/08/2025,E-commerce,2,519.8,80.02,219.89,Venda
SKU_1799_POW,14/08/2025,Varejo,2,539.8,110.58,214.61,Venda
SKU_1775_PAL,14/08/2025,Atacado,10,2799.0,839.7,195.93,Venda
SKU_1572_BAL,14/08/2025,Varejo,1,139.9,39.21,100.69,Venda
SKU_1783_EGR,14/08/2025,Varejo,1,1199.9,271.59,928.31,Venda
SKU_1754_IVO,14/08/2025,Varejo,1,339.9,93.22,246.68,Venda
SKU_1544_PEA,14/08/2025,E-commerce,1,199.9,43.34,156.56,Venda
SKU_1623_EGR,14/08/2025,Varejo,1,914.9,192.88,722.02,Venda
SKU_1740_FRE,14/08/2025,Atacado,6,1289.4,386.82,150.43,Venda
SKU_1779_MIN,14/08/2025,Atacado,5,1074.5,322.35,150.43,Venda
SKU_1556_SAL,14/08/2025,Varejo,2,409.8,95.02,157.39,Venda
SKU_1755_AQU,14/08/2025,Atacado,5,1674.5,502.35,234.43,Venda
SKU_1796_SHO,14/08/2025,Atacado,5,2524.5,757.35,353.43,Venda
SKU_1733_SAG,14/08/2025,Atacado,12,4198.8,1259.64,244.93,Venda
SKU_1664_MIN,14/08/2025,Varejo,1,329.9,70.13,259.77,Venda
SKU_1791_IVO,14/08/2025,Atacado,6,1589.4,556.26,172.19,Venda
SKU_1741_PIN,14/08/2025,Varejo,4,959.6,237.04,180.64,Venda
SKU_1755_BIR,14/08/2025,Atacado,5,1674.5,586.05,217.69,Venda
SKU_1645_MYS,14/08/2025,Atacado,2,799.8,279.92,259.94,Venda
SKU_1722_AQU,14/08/2025,Varejo,1,324.9,90.46,234.44,Venda
SKU_1958_PAS,14/08/2025,Atacado,3,554.7,194.16,120.18,Venda
SKU_1530_HON,14/08/2025,E-commerce,1,129.9,38.28,91.62,Venda
SKU_1787_BAB,14/08/2025,Varejo,1,289.9,71.18,218.72,Venda
SKU_1718_DUS,14/08/2025,Atacado,4,1479.6,517.84,240.44,Venda
SKU_1662_LIG,14/08/2025,Varejo,1,199.9,44.83,155.07,Venda
SKU_1717_CRE,14/08/2025,Atacado,4,1039.6,415.84,155.94,Venda
SKU_1602_PAS,14/08/2025,Varejo,1,229.9,48.18,181.72,Venda
SKU_1406_SHO,14/08/2025,Atacado,5,1749.5,524.85,244.93,Venda
SKU_1467_FUC,14/08/2025,Varejo,1,204.9,59.09,145.81,Venda
SKU_1691_HUN,14/08/2025,E-commerce,1,309.9,78.28,231.62,Venda
SKU_1800_SKY,14/08/2025,Varejo,1,279.9,43.07,236.83,Venda
SKU_1667_LIG,14/08/2025,Varejo,2,419.8,65.94,176.93,Venda
SKU_1731_ARM,14/08/2025,Varejo,1,909.9,257.8,652.1,Venda
SKU_1751_BLU,14/08/2025,Atacado,3,989.7,395.88,197.94,Venda
SKU_1702_LIG,14/08/2025,Varejo,1,619.9,159.98,459.92,Venda
SKU_1786_TEA,14/08/2025,Varejo,4,719.6,144.6,143.75,Venda
SKU_2048_FOR,14/08/2025,Varejo,1,384.9,0.0,384.9,Venda
SKU_1800_SKY,14/08/2025,Atacado,8,2239.2,895.68,167.94,Venda
SKU_1778_MIN,14/08/2025,Atacado,8,2279.2,797.68,185.19,Venda
SKU_1748_COB,14/08/2025,Varejo,1,309.9,49.67,260.23,Venda
SKU_1394_EME,14/08/2025,Varejo,1,469.9,136.44,333.46,Venda
SKU_1754_IVO,14/08/2025,Varejo,3,1019.7,276.87,247.61,Venda
SKU_1801_MOS,14/08/2025,Varejo,1,374.9,99.95,274.95,Venda
SKU_1496_PAS,14/08/2025,Atacado,3,3404.7,1021.41,794.43,Venda
SKU_1620_BLU,14/08/2025,E-commerce,1,264.9,69.91,194.99,Venda
SKU_1684_HON,14/08/2025,Varejo,1,184.9,29.51,155.39,Venda
SKU_1533_DUS,14/08/2025,Varejo,1,164.9,29.94,134.96,Venda
SKU_1437_ROY,14/08/2025,Varejo,2,329.8,58.68,135.56,Venda
SKU_1478_COB,14/08/2025,Varejo,1,194.9,45.63,149.27,Venda
SKU_1640_IVO,14/08/2025,Atacado,4,879.6,307.84,142.94,Venda
SKU_1774_MOS,14/08/2025,Atacado,4,819.6,327.84,122.94,Venda
SKU_1753_WHI,14/08/2025,Atacado,3,2369.7,710.91,552.93,Venda
SKU_1856_PAS,14/08/2025,Varejo,1,324.9,0.0,324.9,Venda
SKU_1682_BIR,14/08/2025,Atacado,3,704.7,211.41,164.43,Venda
SKU_1771_EME,14/08/2025,Atacado,4,1059.6,317.88,185.43,Venda
SKU_1578_TEA,14/08/2025,Varejo,1,124.9,23.67,101.23,Venda
SKU_1693_MEX,14/08/2025,Atacado,8,1639.2,573.76,133.18,Venda
SKU_1703_BLU,14/08/2025,Atacado,5,1349.5,607.3,148.44,Venda
SKU_1926_IVO,14/08/2025,Atacado,3,809.7,323.88,161.94,Venda
SKU_1684_SHO,14/08/2025,Varejo,1,184.9,35.13,149.77,Venda
SKU_1773_OLI,14/08/2025,Varejo,1,324.9,74.38,250.52,Venda
SKU_1743_DEE,14/08/2025,Atacado,3,1319.7,395.91,307.93,Venda
SKU_1775_PAL,14/08/2025,Varejo,1,279.9,69.87,210.03,Venda
SKU_1735_MOS,14/08/2025,Varejo,2,539.8,119.56,210.12,Venda
SKU_1728_EGR,14/08/2025,Atacado,3,989.7,346.38,214.44,Venda
SKU_1668_DEN,14/08/2025,Atacado,3,809.7,242.91,188.93,Venda
SKU_1568_FRE,14/08/2025,Varejo,1,234.9,62.7,172.2,Venda
SKU_1694_SER,14/08/2025,Varejo,1,279.9,74.0,205.9,Venda
SKU_1750_SNO,14/08/2025,Varejo,1,369.9,86.37,283.53,Venda
SKU_1799_POW,14/08/2025,E-commerce,2,539.8,114.7,212.55,Venda
SKU_1786_POW,14/08/2025,Atacado,6,1079.4,323.82,125.93,Venda
SKU_2074_PAS,14/08/2025,Atacado,10,2649.0,927.1,172.19,Venda
SKU_1731_ARM,14/08/2025,Varejo,1,909.9,173.52,736.38,Venda
SKU_1785_PAS,14/08/2025,Atacado,10,2449.0,857.2,159.18,Venda
SKU_1791_IVO,14/08/2025,Atacado,6,1589.4,556.26,172.19,Venda
SKU_1742_DEN,14/08/2025,Atacado,2,519.8,155.94,181.93,Venda
SKU_1742_EME,14/08/2025,Varejo,1,259.9,51.45,208.45,Venda
SKU_1692_OLI,14/08/2025,Atacado,5,1099.5,384.8,142.94,Venda
SKU_1763_HOT,14/08/2025,Atacado,5,1499.5,524.8,194.94,Venda
SKU_1680_SEA,14/08/2025,Atacado,5,1674.5,502.35,234.43,Venda
SKU_1772_SNO,14/08/2025,Atacado,6,2489.4,746.82,290.43,Venda
SKU_1800_SKY,14/08/2025,Varejo,1,279.9,58.3,221.6,Venda
SKU_1762_BRI,14/08/2025,Atacado,4,1019.6,305.88,178.43,Venda
SKU_2052_FLA,14/08/2025,Atacado,6,1799.4,629.76,194.94,Venda
SKU_1768_MIN,14/08/2025,Atacado,3,1874.7,656.13,406.19,Venda
SKU_1438_DEE,14/08/2025,Atacado,8,1639.2,573.76,133.18,Venda
SKU_1851_BLU,14/08/2025,Atacado,5,1074.5,322.35,150.43,Venda
SKU_1529_MIN,14/08/2025,Varejo,4,979.6,246.4,183.3,Venda
SKU_1777_FRE,14/08/2025,Atacado,3,719.7,215.91,167.93,Venda
SKU_1604_CLE,14/08/2025,Atacado,8,4839.2,1693.68,393.19,Venda
SKU_1610_MEX,14/08/2025,Atacado,4,739.6,258.88,120.18,Venda
SKU_1717_MIN,14/08/2025,Varejo,2,519.8,96.5,211.65,Venda
SKU_1759_COB,14/08/2025,Varejo,1,269.9,64.84,205.06,Venda
SKU_1694_SER,14/08/2025,Atacado,5,1399.5,559.8,167.94,Venda
SKU_1492_BIR,14/08/2025,Varejo,2,749.8,216.76,266.52,Venda
SKU_1684_SHO,14/08/2025,Atacado,6,1109.4,388.32,120.18,Venda
SKU_1479_FUC,14/08/2025,E-commerce,1,554.9,130.69,424.21,Venda
SKU_1800_SKY,14/08/2025,Atacado,4,1119.6,391.84,181.94,Venda
SKU_1910_MYS,14/08/2025,E-commerce,1,749.9,0.0,749.9,Venda
SKU_1794_FLA,14/08/2025,Atacado,4,839.6,251.88,146.93,Venda
SKU_1768_MIN,14/08/2025,Atacado,8,4999.2,1749.68,406.19,Venda
SKU_1437_AQU,14/08/2025,Atacado,3,494.7,148.41,115.43,Venda
SKU_1468_BAB,14/08/2025,Atacado,5,2649.5,1059.8,317.94,Venda
SKU_1776_PAS,14/08/2025,Varejo,2,659.8,108.18,275.81,Venda
SKU_1555_RAS,14/08/2025,E-commerce,2,379.8,77.24,151.28,Venda
SKU_1740_FRE,14/08/2025,Varejo,1,214.9,34.19,180.71,Venda
SKU_1791_IVO,14/08/2025,E-commerce,1,264.9,77.54,187.36,Venda
SKU_1750_MIN,14/08/2025,Varejo,3,1109.7,281.01,276.23,Venda
SKU_1744_EME,14/08/2025,Atacado,5,1324.5,529.8,158.94,Venda
SKU_1435_OLI,14/08/2025,Atacado,3,3029.7,908.91,706.93,Venda
SKU_1720_PAS,14/08/2025,Varejo,1,224.9,45.39,179.51,Venda
SKU_1508_DEE,14/08/2025,Atacado,3,629.7,220.38,136.44,Venda
SKU_1756_BUB,14/08/2025,Atacado,2,359.8,143.92,107.94,Venda
SKU_1713_SAL,14/08/2025,Varejo,1,504.9,91.46,413.44,Venda
SKU_1743_DEE,14/08/2025,Atacado,12,5278.8,1583.64,307.93,Venda
SKU_1399_PAL,14/08/2025,E-commerce,1,269.9,73.1,196.8,Venda
SKU_1498_LIG,14/08/2025,E-commerce,2,679.8,103.2,288.3,Venda
SKU_1707_SAP,14/08/2025,Atacado,6,1679.4,587.76,181.94,Venda
SKU_1588_PAS,14/08/2025,Varejo,2,979.8,164.0,407.9,Venda
SKU_1462_MID,14/08/2025,Atacado,10,3649.0,1277.1,237.19,Venda
SKU_1788_EME,14/08/2025,Varejo,1,249.9,72.28,177.62,Venda
SKU_1721_FRE,14/08/2025,Varejo,1,419.9,100.8,319.1,Venda
SKU_1498_LIG,14/08/2025,Atacado,3,1019.7,305.91,237.93,Venda
SKU_1735_MOS,14/08/2025,Varejo,1,269.9,47.0,222.9,Venda
SKU_1737_SAG,14/08/2025,E-commerce,2,1539.8,414.14,562.83,Venda
SKU_2001_MAR,14/08/2025,Atacado,12,4618.8,1616.52,250.19,Venda
SKU_1695_LIM,14/08/2025,Varejo,1,209.9,40.2,169.7,Venda
SKU_1746_NAV,14/08/2025,E-commerce,1,179.9,50.34,129.56,Venda
SKU_1798_OFF,14/08/2025,Atacado,8,3359.2,1175.68,272.94,Venda
SKU_1778_TEA,14/08/2025,Varejo,1,284.9,74.98,209.92,Venda
SKU_1793_WHI,14/08/2025,E-commerce,1,189.9,31.77,158.13,Venda
SKU_1912_MEX,14/08/2025,Atacado,10,3849.0,1347.1,250.19,Venda
SKU_1493_PEA,14/08/2025,E-commerce,3,989.7,201.78,262.64,Venda
SKU_1479_FUC,14/08/2025,Atacado,4,2219.6,776.84,360.69,Venda
SKU_1505_BLU,14/08/2025,Varejo,1,234.9,58.94,175.96,Venda
SKU_2106_HON,14/08/2025,Varejo,1,234.9,0.0,234.9,Venda
SKU_1750_SNO,14/08/2025,Varejo,1,369.9,92.83,277.07,Venda
SKU_1929_COB,14/08/2025,Varejo,1,294.9,0.0,294.9,Venda
SKU_1645_MYS,14/08/2025,Atacado,6,2399.4,719.82,279.93,Venda
SKU_1728_EGR,14/08/2025,Varejo,2,659.8,129.1,265.35,Venda
SKU_1584_FLA,14/08/2025,Atacado,6,1109.4,388.32,120.18,Venda
SKU_1774_MOS,14/08/2025,Varejo,1,204.9,32.52,172.38,Venda
SKU_1702_COR,14/08/2025,Varejo,1,619.9,160.57,459.33,Venda
SKU_1864_BRI,14/08/2025,Atacado,3,509.7,203.88,101.94,Venda
SKU_1713_SNO,14/08/2025,Atacado,2,1009.8,353.42,328.19,Venda
SKU_1446_GAR,14/08/2025,Atacado,3,809.7,242.91,188.93,Venda
SKU_1801_MOS,14/08/2025,Atacado,6,2249.4,787.26,243.69,Venda
SKU_1688_WHI,14/08/2025,Varejo,1,429.9,93.94,335.96,Venda
SKU_1721_COR,14/08/2025,Varejo,1,419.9,72.13,347.77,Venda
SKU_1630_LIM,14/08/2025,E-commerce,1,334.9,71.76,263.14,Venda
SKU_1760_PAS,14/08/2025,Atacado,12,2998.8,899.64,174.93,Venda
SKU_1685_COB,14/08/2025,Atacado,3,1994.7,698.13,432.19,Venda
SKU_1761_SAP,14/08/2025,Atacado,6,6629.4,1988.82,773.43,Venda
SKU_1873_BAB,14/08/2025,Varejo,1,449.9,31.49,418.41,Venda
SKU_1656_SNO,14/08/2025,Atacado,6,1409.4,422.82,164.43,Venda
SKU_1745_FOR,14/08/2025,Atacado,2,819.8,286.92,266.44,Venda
SKU_1746_NAV,14/08/2025,Varejo,1,179.9,52.26,127.64,Venda
SKU_1621_PAS,14/08/2025,Varejo,3,704.7,137.55,189.05,Venda
SKU_1788_EME,14/08/2025,Atacado,6,1499.4,449.82,174.93,Venda
SKU_1556_HUN,14/08/2025,Varejo,2,409.8,88.48,160.66,Venda
SKU_1486_PAL,14/08/2025,E-commerce,1,289.9,61.56,228.34,Venda
SKU_1706_BLA,14/08/2025,E-commerce,1,184.9,41.43,143.47,Venda
SKU_1735_COR,14/08/2025,Atacado,8,2159.2,647.76,188.93,Venda
SKU_1789_EME,14/08/2025,Varejo,1,269.9,64.55,205.35,Venda
SKU_1781_AQU,14/08/2025,Atacado,3,389.7,116.91,90.93,Venda
SKU_1794_FLA,14/08/2025,Atacado,6,1259.4,440.76,136.44,Venda
SKU_1758_CLO,14/08/2025,Varejo,1,179.9,50.65,129.25,Venda
SKU_1753_PAL,14/08/2025,Atacado,4,3159.6,947.88,552.93,Venda
SKU_1733_SAG,14/08/2025,Atacado,5,1749.5,524.85,244.93,Venda
SKU_1766_MYS,14/08/2025,Varejo,1,394.9,70.7,324.2,Venda
SKU_1472_EME,14/08/2025,Atacado,4,1879.6,657.84,305.44,Venda
SKU_1786_TEA,14/08/2025,Atacado,6,1079.4,323.82,125.93,Venda
SKU_1563_MEX,14/08/2025,Varejo,1,149.9,29.19,120.71,Venda
SKU_1744_LIG,14/08/2025,Varejo,2,529.8,99.42,215.19,Venda
SKU_1594_WHI,14/08/2025,Varejo,1,499.9,113.27,386.63,Venda
SKU_1736_PAS,14/08/2025,Varejo,1,324.9,54.81,270.09,Venda
SKU_1772_SNO,14/08/2025,Atacado,5,2074.5,622.35,290.43,Venda
SKU_1863_MOS,14/08/2025,Varejo,1,254.9,17.84,237.06,Venda
SKU_1797_BLU,14/08/2025,Atacado,8,3039.2,1063.68,246.94,Venda
SKU_1716_AQU,14/08/2025,Atacado,8,1319.2,461.76,107.18,Venda
SKU_1680_SEA,14/08/2025,Varejo,1,334.9,77.92,256.98,Venda
SKU_2069_BUB,14/08/2025,Varejo,1,219.9,0.0,219.9,Venda
SKU_1932_NAV,14/08/2025,Atacado,6,1169.4,350.82,136.43,Venda
SKU_1742_DEN,14/08/2025,Varejo,1,259.9,53.94,205.96,Venda
SKU_1800_SKY,14/08/2025,Varejo,2,559.8,144.64,207.58,Venda
SKU_1773_OLI,14/08/2025,Varejo,1,324.9,51.39,273.51,Venda
SKU_1708_FLA,14/08/2025,Atacado,4,679.6,237.84,110.44,Venda
SKU_1771_EME,14/08/2025,Atacado,3,794.7,278.13,172.19,Venda
SKU_1755_BIR,14/08/2025,Varejo,1,334.9,81.02,253.88,Venda
SKU_2065_OFF,14/08/2025,Atacado,3,599.7,179.91,139.93,Venda
SKU_1453_SAP,14/08/2025,E-commerce,2,469.8,95.92,186.94,Venda
SKU_1883_ARM,14/08/2025,Atacado,8,1799.2,809.6,123.7,Venda
SKU_1769_WHI,14/08/2025,Varejo,1,324.9,64.06,260.84,Venda
SKU_1702_COR,14/08/2025,Atacado,5,3099.5,1084.8,402.94,Venda
SKU_2088_VAN,14/08/2025,Atacado,5,5474.5,1916.1,711.68,Venda
SKU_1787_BAB,14/08/2025,Varejo,1,289.9,81.82,208.08,Venda
SKU_1697_MIN,14/08/2025,Atacado,3,659.7,230.88,142.94,Venda
SKU_1701_BLU,14/08/2025,Atacado,3,1019.7,407.88,203.94,Venda
SKU_1730_OFF,14/08/2025,Varejo,2,639.8,184.22,227.79,Venda
SKU_1725_OFF,14/08/2025,Atacado,3,734.7,257.16,159.18,Venda
SKU_1766_CLE,14/08/2025,Varejo,1,394.9,80.12,314.78,Venda
SKU_1775_PAL,14/08/2025,Varejo,2,559.8,156.54,201.63,Venda
SKU_1739_MOS,14/08/2025,E-commerce,3,764.7,145.92,206.26,Venda
SKU_1746_NAV,14/08/2025,Atacado,12,2158.8,647.64,125.93,Venda
SKU_1729_CLE,14/08/2025,Atacado,8,1399.2,489.76,113.68,Venda
SKU_1751_MIN,14/08/2025,Atacado,5,1649.5,577.3,214.44,Venda
SKU_1751_MIN,14/08/2025,Varejo,1,329.9,95.17,234.73,Venda
SKU_1757_TUR,14/08/2025,Varejo,1,264.9,76.33,188.57,Venda
SKU_1770_JAD,14/08/2025,E-commerce,1,219.9,49.92,169.98,Venda
SKU_1792_MIN,14/08/2025,Varejo,2,879.8,220.44,329.68,Venda
SKU_1792_AQU,14/08/2025,E-commerce,1,439.9,70.31,369.59,Venda
SKU_1551_ROS,14/08/2025,Varejo,2,439.8,111.7,164.05,Venda
SKU_1698_PRI,14/08/2025,Varejo,1,419.9,96.47,323.43,Venda
SKU_1512_MYS,14/08/2025,Atacado,8,1799.2,629.76,146.18,Venda
SKU_1903_DUS,14/08/2025,E-commerce,1,329.9,0.0,329.9,Venda
SKU_1394_EME,14/08/2025,Atacado,4,1879.6,751.84,281.94,Venda
SKU_1721_COR,14/08/2025,Varejo,1,419.9,112.52,307.38,Venda
SKU_1487_CLE,14/08/2025,Varejo,1,334.9,91.64,243.26,Venda
SKU_1706_BLA,14/08/2025,Varejo,3,554.7,158.25,132.15,Venda
SKU_1727_LIG,14/08/2025,E-commerce,1,154.9,26.77,128.13,Venda
SKU_1856_PAS,14/08/2025,Atacado,3,974.7,341.13,211.19,Venda
SKU_1691_HUN,14/08/2025,Varejo,1,309.9,48.19,261.71,Venda
SKU_1768_PEA,14/08/2025,Atacado,3,1874.7,562.41,437.43,Venda
SKU_1721_FRE,14/08/2025,Varejo,1,419.9,70.18,349.72,Venda
SKU_1544_OLI,14/08/2025,Varejo,2,399.8,90.9,154.45,Venda
SKU_1434_MIN,14/08/2025,Atacado,5,1049.5,314.85,146.93,Venda
SKU_1758_HON,14/08/2025,Varejo,1,179.9,49.67,130.23,Venda
SKU_1868_SEA,14/08/2025,Atacado,8,6319.2,1895.76,552.93,Venda
SKU_1690_MAG,14/08/2025,Varejo,1,539.9,112.11,427.79,Venda
SKU_1702_LIG,14/08/2025,Atacado,3,1859.7,557.91,433.93,Venda
SKU_1712_MOS,14/08/2025,Varejo,1,179.9,50.17,129.73,Venda
SKU_1755_AQU,14/08/2025,E-commerce,1,334.9,51.45,283.45,Venda
SKU_1660_MAG,14/08/2025,Varejo,1,314.9,58.46,256.44,Venda
SKU_1735_COR,14/08/2025,Atacado,5,1349.5,472.3,175.44,Venda
SKU_1698_PRI,14/08/2025,Atacado,5,2099.5,734.8,272.94,Venda
SKU_1794_FLA,14/08/2025,Varejo,1,209.9,38.75,171.15,Venda
SKU_1704_PEA,14/08/2025,Atacado,6,2009.4,602.82,234.43,Venda
SKU_1643_PAS,14/08/2025,Atacado,3,674.7,236.16,146.18,Venda
SKU_1896_PAS,14/08/2025,Atacado,4,4039.6,1413.84,656.44,Venda
SKU_1700_HUN,14/08/2025,Atacado,4,2799.6,979.84,454.94,Venda
SKU_1696_SER,14/08/2025,Atacado,10,2799.0,1119.6,167.94,Venda
SKU_2027_CLE,14/08/2025,Atacado,6,2099.4,629.82,244.93,Venda
SKU_1684_HON,14/08/2025,E-commerce,1,184.9,39.1,145.8,Venda
SKU_1468_BAB,15/08/2025,Atacado,6,3179.4,1112.76,344.44,Venda
SKU_1766_MYS,15/08/2025,Atacado,6,2369.4,829.26,256.69,Venda
SKU_1538_PAS,15/08/2025,Atacado,4,839.6,335.84,125.94,Venda
SKU_1782_NAV,15/08/2025,Atacado,8,1999.2,799.68,149.94,Venda
SKU_1694_SER,15/08/2025,Atacado,6,1679.4,503.82,195.93,Venda
SKU_1520_GAR,15/08/2025,Atacado,3,674.7,236.16,146.18,Venda
SKU_1539_BLA,15/08/2025,Varejo,2,699.8,148.26,275.77,Venda
SKU_1741_PEA,15/08/2025,Atacado,6,1439.4,647.76,131.94,Venda
SKU_1746_EME,15/08/2025,Varejo,1,179.9,49.4,130.5,Venda
SKU_1912_PAS,15/08/2025,Atacado,3,1154.7,404.13,250.19,Venda
SKU_1602_PAS,15/08/2025,Varejo,1,229.9,39.93,189.97,Venda
SKU_1771_PIN,15/08/2025,E-commerce,1,264.9,48.45,216.45,Venda
SKU_1605_VAN,15/08/2025,E-commerce,1,219.9,52.17,167.73,Venda
SKU_1601_AQU,15/08/2025,Varejo,1,734.9,125.84,609.06,Venda
SKU_1833_LIG,15/08/2025,Atacado,4,919.6,275.88,160.93,Venda
SKU_1703_BLU,15/08/2025,Varejo,2,539.8,156.62,191.59,Venda
SKU_1389_SHO,15/08/2025,Varejo,1,139.9,38.18,101.72,Venda
SKU_1692_BLU,15/08/2025,Varejo,2,439.8,71.56,184.12,Venda
SKU_1730_OFF,15/08/2025,Atacado,12,3838.8,1151.64,223.93,Venda
SKU_1620_BLU,15/08/2025,Varejo,2,529.8,130.04,199.88,Venda
SKU_2084_GAR,15/08/2025,Varejo,1,254.9,0.0,254.9,Venda
SKU_1693_FLA,15/08/2025,Atacado,5,1024.5,358.6,133.18,Venda
SKU_1651_SAL,15/08/2025,Varejo,1,264.9,48.49,216.41,Venda
SKU_1749_BIR,15/08/2025,Varejo,1,349.9,56.89,293.01,Venda
SKU_1508_LIM,15/08/2025,Varejo,2,419.8,86.18,166.81,Venda
SKU_1714_DEE,15/08/2025,E-commerce,1,304.9,77.78,227.12,Venda
SKU_1917_IVO,15/08/2025,Atacado,3,1124.7,337.41,262.43,Venda
SKU_1914_BIR,15/08/2025,Atacado,4,799.6,319.84,119.94,Venda
SKU_1733_SAG,15/08/2025,Atacado,5,1749.5,524.85,244.93,Venda
SKU_1753_WHI,15/08/2025,Atacado,10,7899.0,3159.6,473.94,Venda
SKU_1696_SHO,15/08/2025,Varejo,1,279.9,77.83,202.07,Venda
SKU_1713_SNO,15/08/2025,Atacado,10,5049.0,1767.1,328.19,Venda
SKU_1699_COB,15/08/2025,E-commerce,1,329.9,51.65,278.25,Venda
SKU_1719_WHI,15/08/2025,Varejo,1,319.9,74.84,245.06,Venda
SKU_1780_AQU,15/08/2025,Atacado,4,1339.6,468.84,217.69,Venda
SKU_1539_PEA,15/08/2025,E-commerce,1,349.9,61.82,288.08,Venda
SKU_1763_HOT,15/08/2025,Atacado,6,1799.4,629.76,194.94,Venda
SKU_1777_FRE,15/08/2025,E-commerce,1,239.9,70.13,169.77,Venda
SKU_1711_ARM,15/08/2025,Atacado,6,5969.4,1790.82,696.43,Venda
SKU_1418_MOS,15/08/2025,Varejo,1,844.9,209.59,635.31,Venda
SKU_1755_AQU,15/08/2025,Varejo,1,334.9,77.29,257.61,Venda
SKU_1794_FLA,15/08/2025,Varejo,1,209.9,38.73,171.17,Venda
SKU_1410_ROS,15/08/2025,E-commerce,1,1139.9,309.74,830.16,Venda
SKU_1717_MIN,15/08/2025,Atacado,4,1039.6,415.84,155.94,Venda
SKU_1801_FLA,15/08/2025,Varejo,1,374.9,95.26,279.64,Venda
SKU_1767_PRI,15/08/2025,Atacado,2,409.8,143.44,133.18,Venda
SKU_1435_SKY,15/08/2025,Atacado,5,5049.5,2019.8,605.94,Venda
SKU_1706_BLA,15/08/2025,Atacado,4,739.6,258.88,120.18,Venda
SKU_2009_DUS,15/08/2025,Varejo,1,249.9,0.0,249.9,Venda
SKU_1778_TEA,15/08/2025,Atacado,6,1709.4,512.82,199.43,Venda
SKU_1682_OLI,15/08/2025,Varejo,1,234.9,46.2,188.7,Venda
SKU_1813_RAS,15/08/2025,Varejo,1,254.9,0.0,254.9,Venda
SKU_1710_MEX,15/08/2025,Varejo,1,809.9,195.67,614.23,Venda
SKU_1732_WHI,15/08/2025,E-commerce,1,1114.9,247.96,866.94,Venda
SKU_1750_SNO,15/08/2025,Varejo,1,369.9,69.77,300.13,Venda
SKU_1528_PAS,15/08/2025,Atacado,3,644.7,193.41,150.43,Venda
SKU_1793_MIN,15/08/2025,Varejo,1,189.9,40.81,149.09,Venda
SKU_1628_POW,15/08/2025,Varejo,1,549.9,148.41,401.49,Venda
SKU_1497_VAN,15/08/2025,Atacado,6,809.4,242.82,94.43,Venda
SKU_1399_PAL,15/08/2025,Varejo,1,269.9,53.97,215.93,Venda
SKU_2014_BLA,15/08/2025,Atacado,6,1919.4,671.76,207.94,Venda
SKU_1799_DEN,15/08/2025,Atacado,4,1079.6,323.88,188.93,Venda
SKU_1837_SAP,15/08/2025,Atacado,2,499.8,199.92,149.94,Venda
SKU_1736_JAD,15/08/2025,Varejo,1,324.9,86.07,238.83,Venda
SKU_1698_SNO,15/08/2025,E-commerce,1,419.9,117.34,302.56,Venda
SKU_1636_LIG,15/08/2025,Atacado,3,1319.7,461.88,285.94,Venda
SKU_1626_DEN,15/08/2025,Varejo,1,539.9,103.9,436.0,Venda
SKU_1690_MYS,15/08/2025,Atacado,4,2159.6,755.84,350.94,Venda
SKU_1531_SNO,15/08/2025,Varejo,1,549.9,88.67,461.23,Venda
SKU_1799_POW,15/08/2025,Varejo,1,269.9,69.35,200.55,Venda
SKU_1792_AQU,15/08/2025,Atacado,5,2199.5,769.8,285.94,Venda
SKU_1735_MOS,15/08/2025,Atacado,8,2159.2,647.76,188.93,Venda
SKU_1697_PIS,15/08/2025,Varejo,1,219.9,36.86,183.04,Venda
SKU_1730_MIN,15/08/2025,Atacado,10,3199.0,1119.6,207.94,Venda
SKU_1717_CRE,15/08/2025,Atacado,6,1559.4,545.76,168.94,Venda
SKU_1520_ROY,15/08/2025,Varejo,1,224.9,43.39,181.51,Venda
SKU_1704_PEA,15/08/2025,Atacado,8,2679.2,937.68,217.69,Venda
SKU_1630_SNO,15/08/2025,Atacado,6,2009.4,602.82,234.43,Venda
SKU_1770_JAD,15/08/2025,Varejo,1,219.9,38.26,181.64,Venda
SKU_1730_MIN,15/08/2025,Atacado,5,1599.5,559.8,207.94,Venda
SKU_1761_MOS,15/08/2025,E-commerce,1,1104.9,278.61,826.29,Venda
SKU_1487_CLE,15/08/2025,Atacado,8,2679.2,937.68,217.69,Venda
SKU_1719_OFF,15/08/2025,Varejo,1,319.9,53.95,265.95,Venda
SKU_1630_LIM,15/08/2025,E-commerce,1,334.9,100.15,234.75,Venda
SKU_1559_BLU,15/08/2025,Atacado,8,9599.2,3359.68,779.94,Venda
SKU_1771_PIN,15/08/2025,E-commerce,1,264.9,47.2,217.7,Venda
SKU_1691_HUN,15/08/2025,Atacado,8,2479.2,867.68,201.44,Venda
SKU_2048_FOR,15/08/2025,Varejo,1,384.9,0.0,384.9,Venda
SKU_1733_SAG,15/08/2025,Atacado,3,1049.7,367.38,227.44,Venda
SKU_1725_BAB,15/08/2025,Atacado,4,979.6,293.88,171.43,Venda
SKU_1789_SNO,15/08/2025,Atacado,2,539.8,188.92,175.44,Venda
SKU_1729_FUC,15/08/2025,Atacado,5,874.5,393.5,96.2,Venda
SKU_1786_TEA,15/08/2025,Atacado,5,899.5,269.85,125.93,Venda
SKU_1684_SHO,15/08/2025,Atacado,4,739.6,295.84,110.94,Venda
SKU_1776_PAS,15/08/2025,Atacado,4,1319.6,461.84,214.44,Venda
SKU_1528_PAS,15/08/2025,Atacado,6,1289.4,451.32,139.68,Venda
SKU_1760_PAS,15/08/2025,Atacado,4,999.6,349.84,162.44,Venda
SKU_1718_SEA,15/08/2025,Atacado,2,739.8,295.92,221.94,Venda
SKU_1594_BAL,15/08/2025,Varejo,1,499.9,142.97,356.93,Venda
SKU_1688_WHI,15/08/2025,Atacado,6,2579.4,1031.76,257.94,Venda
SKU_1665_SAG,15/08/2025,Atacado,5,1249.5,437.3,162.44,Venda
SKU_1701_SPA,15/08/2025,Varejo,1,339.9,87.55,252.35,Venda
SKU_1869_CRE,15/08/2025,Varejo,1,489.9,0.0,489.9,Venda
SKU_1693_MEX,15/08/2025,Varejo,4,819.6,244.68,143.73,Venda
SKU_1753_WHI,15/08/2025,Varejo,1,789.9,203.89,586.01,Venda
SKU_1725_OFF,15/08/2025,Atacado,2,489.8,146.94,171.43,Venda
SKU_1709_MAR,15/08/2025,Varejo,1,209.9,53.53,156.37,Venda
SKU_1518_LIM,15/08/2025,Atacado,6,1409.4,422.82,164.43,Venda
SKU_1760_OFF,15/08/2025,Varejo,1,249.9,62.52,187.38,Venda
SKU_1495_FUC,15/08/2025,Atacado,4,1319.6,395.88,230.93,Venda
SKU_1702_COR,15/08/2025,Varejo,1,619.9,130.17,489.73,Venda
SKU_1782_NAV,15/08/2025,Atacado,5,1249.5,437.3,162.44,Venda
SKU_1415_MID,15/08/2025,Varejo,3,1064.7,224.49,280.07,Venda
SKU_1428_COB,15/08/2025,Varejo,1,489.9,94.43,395.47,Venda
SKU_1402_WHI,15/08/2025,Atacado,4,939.6,281.88,164.43,Venda
SKU_1787_BAB,15/08/2025,E-commerce,1,289.9,50.58,239.32,Venda
SKU_1773_OLI,15/08/2025,E-commerce,1,324.9,72.29,252.61,Venda
SKU_1519_TEA,15/08/2025,Atacado,4,2519.6,755.88,440.93,Venda
SKU_1660_MAG,15/08/2025,Atacado,6,1889.4,566.82,220.43,Venda
SKU_1752_SNO,15/08/2025,Varejo,1,429.9,110.23,319.67,Venda
SKU_1785_PAS,15/08/2025,Atacado,2,489.8,195.92,146.94,Venda
SKU_1443_PRI,15/08/2025,Varejo,2,539.8,136.7,201.55,Venda
SKU_1700_HUN,15/08/2025,Varejo,1,699.9,157.25,542.65,Venda
SKU_1681_PIS,15/08/2025,E-commerce,1,234.9,40.75,194.15,Venda
SKU_2006_DEN,15/08/2025,Atacado,4,3619.6,1085.88,633.43,Venda
SKU_1764_MAR,15/08/2025,Varejo,2,469.8,97.62,186.09,Venda
SKU_1744_LIG,15/08/2025,Varejo,1,264.9,66.94,197.96,Venda
SKU_1544_PEA,15/08/2025,E-commerce,1,199.9,46.43,153.47,Venda
SKU_1713_SNO,15/08/2025,E-commerce,1,504.9,108.91,395.99,Venda
SKU_1702_COR,15/08/2025,Atacado,8,4959.2,1735.68,402.94,Venda
SKU_1392_BLU,15/08/2025,Varejo,1,294.9,87.43,207.47,Venda
SKU_1712_MOS,15/08/2025,Varejo,1,179.9,44.12,135.78,Venda
SKU_1759_COB,15/08/2025,Atacado,6,1619.4,566.76,175.44,Venda
SKU_2006_PRI,15/08/2025,Atacado,6,5429.4,1628.82,633.43,Venda
SKU_1582_WHI,15/08/2025,E-commerce,1,229.9,51.66,178.24,Venda
SKU_1673_PEA,15/08/2025,E-commerce,1,409.9,92.09,317.81,Venda
SKU_1503_VAN,15/08/2025,Atacado,12,2758.8,1103.52,137.94,Venda
SKU_1911_LIG,15/08/2025,Atacado,3,644.7,257.88,128.94,Venda
SKU_1719_WHI,15/08/2025,Atacado,8,2559.2,767.76,223.93,Venda
SKU_1700_PIS,15/08/2025,Atacado,2,1399.8,559.92,419.94,Venda
SKU_2102_WHI,15/08/2025,Atacado,12,8938.8,4022.4,409.7,Venda
SKU_1754_SER,15/08/2025,E-commerce,1,339.9,57.31,282.59,Venda
SKU_1793_WHI,15/08/2025,Varejo,2,379.8,74.32,152.74,Venda
SKU_1396_PAS,15/08/2025,Varejo,1,134.9,22.8,112.1,Venda
SKU_1782_NAV,15/08/2025,Atacado,3,749.7,224.91,174.93,Venda
SKU_2098_SPA,15/08/2025,Atacado,5,1474.5,516.05,191.69,Venda
SKU_1835_BAB,15/08/2025,Atacado,2,369.8,129.44,120.18,Venda
SKU_1723_COB,15/08/2025,Atacado,3,1304.7,391.41,304.43,Venda
SKU_1788_EME,15/08/2025,E-commerce,1,249.9,57.05,192.85,Venda
SKU_1749_BIR,15/08/2025,Atacado,2,699.8,244.92,227.44,Venda
SKU_1776_PAS,15/08/2025,E-commerce,1,329.9,61.1,268.8,Venda
SKU_1713_SNO,15/08/2025,Atacado,5,2524.5,883.55,328.19,Venda
SKU_1712_MOS,15/08/2025,Atacado,6,1079.4,323.82,125.93,Venda
SKU_1722_AQU,15/08/2025,Atacado,3,974.7,389.88,194.94,Venda
SKU_1478_COB,15/08/2025,Atacado,6,1169.4,409.32,126.68,Venda
SKU_1696_SER,15/08/2025,Varejo,1,279.9,65.57,214.33,Venda
SKU_1608_MID,15/08/2025,Atacado,8,2439.2,731.76,213.43,Venda
SKU_1833_LIG,15/08/2025,Varejo,1,229.9,0.0,229.9,Venda
SKU_1696_SHO,15/08/2025,Varejo,1,279.9,49.36,230.54,Venda
SKU_1799_POW,15/08/2025,Atacado,4,1079.6,377.84,175.44,Venda
SKU_1609_SAP,15/08/2025,Atacado,5,1349.5,404.85,188.93,Venda
SKU_1693_FLA,15/08/2025,Varejo,1,204.9,46.38,158.52,Venda
SKU_1769_WHI,15/08/2025,Atacado,5,1624.5,568.55,211.19,Venda
SKU_1780_AQU,15/08/2025,Atacado,5,1674.5,586.05,217.69,Venda
SKU_1721_COR,15/08/2025,Varejo,2,839.8,224.32,307.74,Venda
SKU_2033_RAS,15/08/2025,Varejo,2,619.8,0.0,309.9,Venda
SKU_1779_LIG,15/08/2025,E-commerce,1,214.9,43.85,171.05,Venda
SKU_1481_BLA,15/08/2025,Atacado,6,4859.4,1700.76,526.44,Venda
SKU_1748_BAB,15/08/2025,Varejo,2,619.8,115.66,252.07,Venda
SKU_1799_POW,15/08/2025,Varejo,1,269.9,48.81,221.09,Venda
SKU_1840_LIM,15/08/2025,Atacado,3,644.7,193.41,150.43,Venda
SKU_1824_COR,15/08/2025,Atacado,12,4318.8,1511.52,233.94,Venda
SKU_1681_PIS,15/08/2025,Atacado,3,704.7,211.41,164.43,Venda
SKU_1503_CER,15/08/2025,Atacado,2,459.8,160.92,149.44,Venda
SKU_1794_LIG,15/08/2025,Atacado,6,1259.4,377.82,146.93,Venda
SKU_1806_ROS,15/08/2025,Atacado,10,1949.0,682.2,126.68,Venda
SKU_1950_BLU,15/08/2025,E-commerce,1,414.9,0.0,414.9,Venda
SKU_1879_WHI,15/08/2025,Varejo,2,609.8,0.0,304.9,Venda
SKU_1776_BIR,15/08/2025,Atacado,2,659.8,263.92,197.94,Venda
SKU_1763_MAR,15/08/2025,Atacado,8,2399.2,839.68,194.94,Venda
SKU_2063_POW,15/08/2025,Atacado,8,1759.2,615.68,142.94,Venda
SKU_1764_FUC,15/08/2025,Varejo,1,234.9,62.72,172.18,Venda
SKU_1431_CRE,15/08/2025,Atacado,6,2219.4,665.82,258.93,Venda
SKU_1716_AQU,15/08/2025,Atacado,5,824.5,329.8,98.94,Venda
SKU_1687_FOR,15/08/2025,Atacado,10,8999.0,3149.6,584.94,Venda
SKU_1446_SHO,15/08/2025,Atacado,4,1079.6,323.88,188.93,Venda
SKU_2064_PIS,15/08/2025,Varejo,2,799.8,0.0,399.9,Venda
SKU_1536_MOS,15/08/2025,Varejo,1,344.9,66.38,278.52,Venda
SKU_1759_COB,15/08/2025,Varejo,1,269.9,77.17,192.73,Venda
SKU_1761_SAP,15/08/2025,E-commerce,1,1104.9,319.54,785.36,Venda
SKU_1684_SHO,15/08/2025,Varejo,2,369.8,74.62,147.59,Venda
SKU_1562_BLU,15/08/2025,E-commerce,1,309.9,73.55,236.35,Venda
SKU_1603_BUB,15/08/2025,Atacado,8,5959.2,1787.76,521.43,Venda
SKU_1897_SHO,15/08/2025,Varejo,1,234.9,0.0,234.9,Venda
SKU_1799_POW,15/08/2025,Varejo,1,269.9,49.46,220.44,Venda
SKU_2075_COR,15/08/2025,Varejo,1,239.9,0.0,239.9,Venda
SKU_1726_PAS,15/08/2025,Atacado,3,1289.7,451.38,279.44,Venda
SKU_1711_ARM,15/08/2025,Varejo,1,994.9,199.02,795.88,Venda
SKU_1571_BIR,15/08/2025,Atacado,4,999.6,349.84,162.44,Venda
SKU_1731_MIN,15/08/2025,Varejo,3,2729.7,434.07,765.21,Venda
SKU_1707_ARM,15/08/2025,Varejo,1,279.9,76.52,203.38,Venda
SKU_1710_OLI,15/08/2025,Atacado,3,2429.7,850.38,526.44,Venda
SKU_1773_FRE,15/08/2025,Atacado,6,1949.4,682.26,211.19,Venda
SKU_1766_CLE,15/08/2025,E-commerce,1,394.9,103.77,291.13,Venda
SKU_1405_FLA,15/08/2025,Varejo,1,214.9,36.65,178.25,Venda
SKU_1671_MIN,15/08/2025,Varejo,3,1049.7,172.35,292.45,Venda
SKU_1504_EME,15/08/2025,Varejo,1,339.9,96.18,243.72,Venda
SKU_1721_FRE,15/08/2025,Atacado,6,2519.4,755.82,293.93,Venda
SKU_1624_PRI,15/08/2025,Atacado,4,839.6,335.84,125.94,Venda
SKU_1745_PEA,15/08/2025,E-commerce,2,819.8,233.9,292.95,Venda
SKU_1780_LIG,15/08/2025,Varejo,1,334.9,83.15,251.75,Venda
SKU_1418_MOS,15/08/2025,Atacado,6,5069.4,1774.26,549.19,Venda
SKU_2000_SAG,15/08/2025,E-commerce,1,214.9,0.0,214.9,Venda
SKU_1743_DEE,15/08/2025,Atacado,4,1759.6,527.88,307.93,Venda
SKU_1800_SKY,15/08/2025,Atacado,6,1679.4,503.82,195.93,Venda
SKU_1722_PAS,15/08/2025,Varejo,1,324.9,50.82,274.08,Venda
SKU_1712_NAV,15/08/2025,Atacado,5,899.5,269.85,125.93,Venda
SKU_1765_MYS,15/08/2025,Atacado,5,1299.5,519.8,155.94,Venda
SKU_1915_SPA,15/08/2025,Atacado,3,3494.7,1223.16,757.18,Venda
SKU_1782_HUN,15/08/2025,E-commerce,1,249.9,37.68,212.22,Venda
SKU_1613_BIR,15/08/2025,Varejo,1,189.9,51.19,138.71,Venda
SKU_1743_DEE,15/08/2025,Atacado,8,3519.2,1231.68,285.94,Venda
SKU_1767_FUC,15/08/2025,Varejo,1,204.9,52.63,152.27,Venda
SKU_1699_COB,15/08/2025,Varejo,1,329.9,65.53,264.37,Venda
SKU_1792_MIN,15/08/2025,E-commerce,1,439.9,109.37,330.53,Venda
SKU_1713_SAL,15/08/2025,E-commerce,2,1009.8,173.68,418.06,Venda
SKU_1847_MYS,15/08/2025,Varejo,1,269.9,0.0,269.9,Venda
SKU_1662_LIG,15/08/2025,Varejo,1,199.9,31.06,168.84,Venda
SKU_1458_PEA,15/08/2025,Atacado,4,1399.6,419.88,244.93,Venda
SKU_1504_NAV,15/08/2025,Varejo,2,679.8,142.48,268.66,Venda
SKU_1789_EME,15/08/2025,Varejo,2,539.8,143.42,198.19,Venda
SKU_1775_PAL,15/08/2025,Atacado,5,1399.5,489.8,181.94,Venda
SKU_1614_VAN,15/08/2025,Varejo,1,444.9,97.43,347.47,Venda
SKU_1736_PAS,15/08/2025,Varejo,1,324.9,55.54,269.36,Venda
SKU_2110_SPA,15/08/2025,Varejo,1,219.9,0.0,219.9,Venda
SKU_1714_MID,15/08/2025,Varejo,1,304.9,49.61,255.29,Venda
SKU_1688_LIG,15/08/2025,Atacado,4,1719.6,515.88,300.93,Venda
SKU_1737_SAG,15/08/2025,Atacado,6,4619.4,1616.76,500.44,Venda
SKU_1737_DEE,15/08/2025,Varejo,1,769.9,155.91,613.99,Venda
SKU_1746_NAV,15/08/2025,Atacado,10,1799.0,539.7,125.93,Venda
SKU_1787_BAB,15/08/2025,Varejo,1,289.9,58.72,231.18,Venda
SKU_2050_MOS,15/08/2025,Varejo,1,454.9,0.0,454.9,Venda
SKU_1624_PRI,15/08/2025,Atacado,12,2518.8,881.52,136.44,Venda
SKU_1756_BUB,15/08/2025,Atacado,3,539.7,188.88,116.94,Venda
SKU_1747_FUC,15/08/2025,Varejo,1,174.9,39.27,135.63,Venda
SKU_1718_DUS,15/08/2025,Atacado,5,1849.5,647.3,240.44,Venda
SKU_2088_VAN,15/08/2025,Atacado,12,13138.8,5255.52,656.94,Venda
SKU_1790_EGR,15/08/2025,Varejo,1,259.9,58.51,201.39,Venda
SKU_1775_PAS,15/08/2025,E-commerce,2,559.8,157.3,201.25,Venda
SKU_1749_BIR,15/08/2025,Varejo,1,349.9,103.39,246.51,Venda
SKU_1762_BRI,15/08/2025,Varejo,2,509.8,119.34,195.23,Venda
SKU_1795_HUN,15/08/2025,Atacado,4,1199.6,419.84,194.94,Venda
SKU_1416_CLE,15/08/2025,Varejo,1,279.9,63.31,216.59,Venda
SKU_1689_IVO,15/08/2025,E-commerce,2,1929.8,381.6,774.1,Venda
SKU_1450_JAD,15/08/2025,Atacado,5,2049.5,717.3,266.44,Venda
SKU_1668_DEN,15/08/2025,Atacado,6,1619.4,485.82,188.93,Venda
SKU_1574_GAR,15/08/2025,E-commerce,1,604.9,111.63,493.27,Venda
SKU_1701_BLU,15/08/2025,Atacado,4,1359.6,407.88,237.93,Venda
SKU_1689_IVO,15/08/2025,Atacado,4,3859.6,1543.84,578.94,Venda
SKU_1571_WHI,15/08/2025,Atacado,6,1499.4,524.76,162.44,Venda
SKU_1775_PAL,15/08/2025,Varejo,3,839.7,178.62,220.36,Venda
SKU_1685_BIR,15/08/2025,Varejo,4,2659.6,679.8,494.95,Venda
SKU_1759_COB,15/08/2025,Atacado,8,2159.2,647.76,188.93,Venda
SKU_1776_BIR,15/08/2025,Atacado,2,659.8,197.94,230.93,Venda
SKU_1748_BAB,15/08/2025,Atacado,8,2479.2,743.76,216.93,Venda
SKU_1931_COR,15/08/2025,E-commerce,1,744.9,52.14,692.76,Venda
SKU_1749_BIR,15/08/2025,Varejo,1,349.9,58.37,291.53,Venda
SKU_1681_OFF,15/08/2025,E-commerce,1,234.9,48.11,186.79,Venda
SKU_2114_DUS,15/08/2025,Varejo,1,389.9,0.0,389.9,Venda
SKU_1940_BIR,15/08/2025,Atacado,5,5424.5,1898.6,705.18,Venda
SKU_1779_LIG,15/08/2025,Atacado,3,644.7,290.1,118.2,Venda
SKU_1794_LIG,15/08/2025,Atacado,8,1679.2,587.68,136.44,Venda
SKU_1748_COB,15/08/2025,Varejo,3,929.7,276.45,217.75,Venda
SKU_2099_LIG,15/08/2025,Varejo,1,269.9,0.0,269.9,Venda
SKU_1518_LIM,15/08/2025,Varejo,1,234.9,50.91,183.99,Venda
SKU_1759_COB,15/08/2025,E-commerce,2,539.8,107.8,216.0,Venda
SKU_1779_MIN,15/08/2025,Atacado,5,1074.5,429.8,128.94,Venda
SKU_2006_DEN,15/08/2025,Atacado,5,4524.5,1583.55,588.19,Venda
SKU_2103_FUC,15/08/2025,Varejo,1,469.9,0.0,469.9,Venda
SKU_1694_PIS,15/08/2025,Varejo,2,559.8,157.12,201.34,Venda
SKU_1779_MIN,15/08/2025,Atacado,8,1719.2,687.68,128.94,Venda
SKU_1790_EGR,15/08/2025,Varejo,1,259.9,39.4,220.5,Venda
SKU_1404_SAP,15/08/2025,Atacado,2,2039.8,611.94,713.93,Venda
SKU_1758_HON,15/08/2025,Varejo,1,179.9,51.97,127.93,Venda
SKU_2001_MAR,15/08/2025,E-commerce,1,384.9,0.0,384.9,Venda
SKU_1792_AQU,15/08/2025,Atacado,4,1759.6,527.88,307.93,Venda
SKU_1589_TUR,15/08/2025,Varejo,2,1359.8,386.8,486.5,Venda
SKU_1733_SAG,15/08/2025,E-commerce,1,349.9,77.45,272.45,Venda
SKU_1418_MOS,15/08/2025,Atacado,8,6759.2,2027.76,591.43,Venda
SKU_1738_ROY,15/08/2025,Varejo,1,194.9,36.14,158.76,Venda
SKU_1446_SHO,15/08/2025,Atacado,8,2159.2,755.68,175.44,Venda
SKU_1685_BIR,15/08/2025,Atacado,6,3989.4,1396.26,432.19,Venda
SKU_1768_MIN,15/08/2025,Atacado,3,1874.7,656.13,406.19,Venda
SKU_1693_FLA,15/08/2025,E-commerce,1,204.9,50.86,154.04,Venda
SKU_1503_VAN,15/08/2025,E-commerce,1,229.9,50.77,179.13,Venda
SKU_2114_DUS,15/08/2025,Atacado,3,1169.7,409.38,253.44,Venda
SKU_1712_MOS,15/08/2025,Atacado,4,719.6,215.88,125.93,Venda
SKU_1463_DUS,15/08/2025,Atacado,6,1559.4,545.76,168.94,Venda
SKU_2094_OLI,15/08/2025,Atacado,5,924.5,323.6,120.18,Venda
SKU_1569_WHI,15/08/2025,E-commerce,2,439.8,111.08,164.36,Venda
SKU_1685_BIR,15/08/2025,Atacado,10,6649.0,2659.6,398.94,Venda
SKU_1779_MIN,15/08/2025,E-commerce,2,429.8,82.96,173.42,Venda
SKU_1732_OFF,15/08/2025,Varejo,1,1114.9,180.18,934.72,Venda
SKU_1636_LIG,15/08/2025,Varejo,2,879.8,258.1,310.85,Venda
SKU_1776_PAS,15/08/2025,Atacado,2,659.8,197.94,230.93,Venda
SKU_1711_ARM,15/08/2025,Atacado,6,5969.4,2089.32,646.68,Venda
SKU_1601_AQU,15/08/2025,Atacado,10,7349.0,2204.7,514.43,Venda
SKU_1428_COB,15/08/2025,Atacado,6,2939.4,881.82,342.93,Venda
SKU_1760_PAS,15/08/2025,Varejo,3,749.7,206.49,181.07,Venda
SKU_1728_EGR,15/08/2025,Atacado,10,3299.0,989.7,230.93,Venda
SKU_1595_MYS,15/08/2025,Atacado,8,2399.2,959.68,179.94,Venda
SKU_2088_VAN,15/08/2025,Varejo,1,1094.9,0.0,1094.9,Venda
SKU_2058_MOS,15/08/2025,Atacado,10,2099.0,629.7,146.93,Venda
SKU_1715_JAD,15/08/2025,Atacado,5,1099.5,384.8,142.94,Venda
SKU_1741_PIN,15/08/2025,Varejo,1,239.9,42.98,196.92,Venda
SKU_1577_HUN,15/08/2025,Varejo,1,159.9,35.71,124.19,Venda
SKU_1706_BLA,15/08/2025,Atacado,3,554.7,194.16,120.18,Venda
SKU_1399_PAL,15/08/2025,Atacado,2,539.8,161.94,188.93,Venda
SKU_1730_OFF,15/08/2025,E-commerce,1,319.9,64.79,255.11,Venda
SKU_1783_EGR,15/08/2025,Varejo,1,1199.9,321.59,878.31,Venda
SKU_1680_NAV,15/08/2025,E-commerce,1,334.9,84.58,250.32,Venda
SKU_1731_ARM,15/08/2025,Atacado,5,4549.5,1364.85,636.93,Venda
SKU_1690_MAG,15/08/2025,Atacado,6,3239.4,1133.76,350.94,Venda
SKU_1680_SEA,15/08/2025,Atacado,8,2679.2,803.76,234.43,Venda
SKU_1792_MIN,15/08/2025,Varejo,1,439.9,76.72,363.18,Venda
SKU_1641_SER,15/08/2025,Atacado,5,1624.5,487.35,227.43,Venda
SKU_1792_AQU,15/08/2025,Atacado,2,879.8,263.94,307.93,Venda
SKU_2093_MYS,15/08/2025,Varejo,1,224.9,0.0,224.9,Venda
SKU_1726_BUB,15/08/2025,E-commerce,1,429.9,115.68,314.22,Venda
SKU_1869_CRE,15/08/2025,Varejo,1,489.9,0.0,489.9,Venda
SKU_1766_CLE,15/08/2025,Varejo,1,394.9,89.99,304.91,Venda
SKU_1792_AQU,15/08/2025,Atacado,2,879.8,307.92,285.94,Venda
SKU_1730_OFF,15/08/2025,E-commerce,1,319.9,60.98,258.92,Venda
SKU_2071_PAS,15/08/2025,E-commerce,2,519.8,0.0,259.9,Venda
SKU_2033_RAS,15/08/2025,Varejo,1,309.9,0.0,309.9,Venda
SKU_1436_PAS,15/08/2025,Varejo,1,279.9,83.87,196.03,Venda
SKU_1770_JAD,15/08/2025,Varejo,3,659.7,126.84,177.62,Venda
SKU_1512_MYS,15/08/2025,Atacado,6,1349.4,539.76,134.94,Venda
SKU_1791_ARM,15/08/2025,Varejo,1,264.9,61.57,203.33,Venda
SKU_1774_MOS,15/08/2025,Varejo,1,204.9,35.22,169.68,Venda
SKU_1750_SNO,15/08/2025,Atacado,10,3699.0,1294.6,240.44,Venda
SKU_1502_VAN,15/08/2025,Atacado,5,1049.5,367.3,136.44,Venda
SKU_1730_OFF,15/08/2025,Varejo,1,319.9,65.19,254.71,Venda
SKU_1448_SEA,15/08/2025,Atacado,10,1799.0,539.7,125.93,Venda
SKU_1432_BRI,15/08/2025,Atacado,6,4319.4,1295.82,503.93,Venda
SKU_1761_MOS,15/08/2025,Atacado,4,4419.6,1546.88,718.18,Venda
SKU_1481_BLA,15/08/2025,Atacado,8,6479.2,1943.76,566.93,Venda
SKU_1757_PIN,15/08/2025,Varejo,1,264.9,41.58,223.32,Venda
SKU_1516_EME,15/08/2025,Atacado,4,1399.6,419.88,244.93,Venda
SKU_1715_JAD,15/08/2025,Varejo,1,219.9,37.7,182.2,Venda
SKU_1724_PIN,15/08/2025,Varejo,2,2229.8,553.9,837.95,Venda
SKU_1700_HUN,15/08/2025,E-commerce,1,699.9,191.96,507.94,Venda
SKU_1755_BIR,15/08/2025,Atacado,4,1339.6,535.84,200.94,Venda
SKU_1799_POW,15/08/2025,Varejo,1,269.9,66.81,203.09,Venda
SKU_1493_CLO,15/08/2025,Atacado,5,1649.5,494.85,230.93,Venda
SKU_1751_MIN,15/08/2025,Atacado,5,1649.5,494.85,230.93,Venda
SKU_1752_SNO,15/08/2025,E-commerce,1,429.9,118.2,311.7,Venda
SKU_1799_POW,15/08/2025,Varejo,1,269.9,57.59,212.31,Venda
SKU_2112_TEA,15/08/2025,Atacado,5,1674.5,753.5,184.2,Venda
SKU_1739_MOS,15/08/2025,Varejo,1,254.9,63.17,191.73,Venda
SKU_1715_HON,15/08/2025,Varejo,1,219.9,41.29,178.61,Venda
SKU_1701_BLU,15/08/2025,Varejo,1,339.9,87.85,252.05,Venda
SKU_1415_MID,15/08/2025,Atacado,4,1419.6,425.88,248.43,Venda
SKU_1499_HOT,15/08/2025,Varejo,1,259.9,42.66,217.24,Venda
SKU_1704_PEA,15/08/2025,Varejo,1,334.9,81.05,253.85,Venda
SKU_1781_AQU,15/08/2025,Varejo,1,129.9,21.18,108.72,Venda
SKU_1793_WHI,15/08/2025,E-commerce,1,189.9,54.94,134.96,Venda
SKU_1770_DEE,15/08/2025,Atacado,4,879.6,307.84,142.94,Venda
SKU_1689_IVO,15/08/2025,Varejo,1,964.9,191.59,773.31,Venda
SKU_1702_LIG,15/08/2025,Atacado,8,4959.2,1487.76,433.93,Venda
SKU_1746_EME,15/08/2025,Varejo,1,179.9,34.75,145.15,Venda
SKU_1701_SPA,15/08/2025,Atacado,2,679.8,237.92,220.94,Venda
SKU_1787_BAB,15/08/2025,Atacado,4,1159.6,347.88,202.93,Venda
SKU_1680_SEA,15/08/2025,Varejo,1,334.9,91.31,243.59,Venda
SKU_1546_PAS,15/08/2025,Atacado,3,524.7,157.41,122.43,Venda
SKU_1712_MOS,15/08/2025,Varejo,1,179.9,33.33,146.57,Venda
SKU_1788_MYS,15/08/2025,Atacado,6,1499.4,449.82,174.93,Venda
SKU_1746_NAV,15/08/2025,E-commerce,1,179.9,50.83,129.07,Venda
SKU_1658_BAB,15/08/2025,Varejo,1,879.9,194.24,685.66,Venda
SKU_1701_SPA,15/08/2025,Atacado,4,1359.6,407.88,237.93,Venda
SKU_1748_BAB,15/08/2025,Varejo,1,309.9,74.69,235.21,Venda
SKU_1403_AQU,15/08/2025,Varejo,1,384.9,59.68,325.22,Venda
SKU_1698_PRI,15/08/2025,Atacado,5,2099.5,629.85,293.93,Venda
SKU_1700_PIS,15/08/2025,E-commerce,1,699.9,180.55,519.35,Venda
SKU_1734_FRE,15/08/2025,Varejo,1,349.9,83.67,266.23,Venda
SKU_1680_SEA,15/08/2025,Varejo,2,669.8,143.52,263.14,Venda
SKU_1734_FRE,15/08/2025,Varejo,2,699.8,192.14,253.83,Venda
SKU_1859_LIG,15/08/2025,Varejo,1,429.9,0.0,429.9,Venda
SKU_1749_SNO,15/08/2025,Varejo,1,349.9,100.1,249.8,Venda
SKU_1530_PEA,15/08/2025,E-commerce,1,129.9,35.16,94.74,Venda
SKU_1834_SAL,15/08/2025,Varejo,1,399.9,0.0,399.9,Venda
SKU_1924_TEA,15/08/2025,Varejo,1,644.9,0.0,644.9,Venda
SKU_1714_MID,15/08/2025,Varejo,1,304.9,78.69,226.21,Venda
SKU_1801_FLA,15/08/2025,Atacado,5,1874.5,749.8,224.94,Venda
SKU_1485_CER,15/08/2025,E-commerce,1,664.9,174.1,490.8,Venda
SKU_1740_FRE,15/08/2025,Varejo,1,214.9,47.08,167.82,Venda
SKU_1788_MYS,15/08/2025,Atacado,6,1499.4,524.76,162.44,Venda
SKU_1725_BAB,15/08/2025,Atacado,5,1224.5,428.6,159.18,Venda
SKU_1699_COB,15/08/2025,Varejo,1,329.9,94.9,235.0,Venda
SKU_1684_HON,15/08/2025,Atacado,5,924.5,323.6,120.18,Venda
SKU_1721_COR,15/08/2025,Varejo,2,839.8,130.8,354.5,Venda
SKU_1705_SER,15/08/2025,Atacado,8,3279.2,1147.68,266.44,Venda
SKU_1817_PRI,15/08/2025,Varejo,1,219.9,0.0,219.9,Venda
SKU_1769_WHI,15/08/2025,Atacado,5,1624.5,649.8,194.94,Venda
SKU_1442_EME,15/08/2025,Atacado,12,3478.8,1217.52,188.44,Venda
SKU_1707_SAP,15/08/2025,Atacado,4,1119.6,335.88,195.93,Venda
SKU_2116_SNO,15/08/2025,Atacado,4,1519.6,531.84,246.94,Venda
SKU_1736_PAS,15/08/2025,E-commerce,1,324.9,65.22,259.68,Venda
SKU_1689_MAG,15/08/2025,Atacado,4,3859.6,1157.88,675.43,Venda
SKU_1506_PAL,15/08/2025,Varejo,3,689.7,127.26,187.48,Venda
SKU_1727_LIG,15/08/2025,Atacado,4,619.6,247.84,92.94,Venda
SKU_1752_SPA,15/08/2025,Atacado,5,2149.5,859.8,257.94,Venda
SKU_1551_DUS,15/08/2025,Atacado,4,879.6,351.84,131.94,Venda
SKU_1694_SER,15/08/2025,Varejo,1,279.9,56.54,223.36,Venda
SKU_1709_MAR,15/08/2025,Varejo,1,209.9,54.92,154.98,Venda
SKU_1761_MOS,15/08/2025,Atacado,4,4419.6,1325.88,773.43,Venda
SKU_1713_SAL,15/08/2025,Atacado,6,3029.4,1211.76,302.94,Venda
SKU_1725_BAB,15/08/2025,Atacado,8,1959.2,587.76,171.43,Venda
SKU_1725_BAB,15/08/2025,Atacado,8,1959.2,587.76,171.43,Venda
SKU_1692_OLI,15/08/2025,Varejo,3,659.7,104.67,185.01,Venda
SKU_1778_MIN,15/08/2025,Varejo,1,284.9,80.2,204.7,Venda
SKU_1412_BAB,15/08/2025,E-commerce,3,2684.7,608.58,692.04,Venda
SKU_1799_DEN,15/08/2025,Varejo,3,809.7,210.21,199.83,Venda
SKU_1769_EME,15/08/2025,Atacado,3,974.7,292.41,227.43,Venda
SKU_1472_MYS,15/08/2025,Varejo,4,1879.6,411.44,367.04,Venda
SKU_1688_LIG,15/08/2025,Varejo,1,429.9,104.28,325.62,Venda
SKU_1798_MOS,15/08/2025,Atacado,5,2099.5,839.8,251.94,Venda
SKU_1734_FRE,15/08/2025,Atacado,4,1399.6,419.88,244.93,Venda
SKU_1888_NAV,15/08/2025,Varejo,1,199.9,13.99,185.91,Venda
SKU_1695_CRE,15/08/2025,E-commerce,1,209.9,53.28,156.62,Venda
SKU_1789_EME,15/08/2025,Varejo,1,269.9,65.32,204.58,Venda
SKU_1733_NAV,15/08/2025,Atacado,8,2799.2,979.68,227.44,Venda
SKU_1455_TEA,15/08/2025,Varejo,1,334.9,57.72,277.18,Venda
SKU_1732_OFF,15/08/2025,Varejo,1,1114.9,244.2,870.7,Venda
SKU_1698_PRI,15/08/2025,Atacado,12,5038.8,1763.52,272.94,Venda
SKU_1746_NAV,15/08/2025,Atacado,5,899.5,359.8,107.94,Venda
SKU_1781_AQU,15/08/2025,Atacado,10,1299.0,454.6,84.44,Venda
SKU_1717_CRE,15/08/2025,Atacado,6,1559.4,467.82,181.93,Venda
SKU_1761_MOS,15/08/2025,Atacado,4,4419.6,1767.84,662.94,Venda
SKU_1779_LIG,15/08/2025,Atacado,6,1289.4,451.32,139.68,Venda
SKU_1783_BAB,15/08/2025,Atacado,6,7199.4,2879.76,719.94,Venda
SKU_1720_PAS,15/08/2025,Atacado,6,1349.4,539.76,134.94,Venda
SKU_1720_PAS,15/08/2025,E-commerce,2,449.8,107.98,170.91,Venda
SKU_1776_BIR,15/08/2025,Varejo,1,329.9,97.71,232.19,Venda
SKU_1998_COR,15/08/2025,Atacado,2,709.8,212.94,248.43,Venda
SKU_1622_VAN,15/08/2025,E-commerce,1,269.9,56.27,213.63,Venda
SKU_1782_HUN,15/08/2025,Atacado,6,1499.4,524.76,162.44,Venda
SKU_2024_LIG,15/08/2025,Atacado,3,1154.7,346.41,269.43,Venda
SKU_1718_DUS,15/08/2025,Atacado,10,3699.0,1294.6,240.44,Venda
SKU_1721_FRE,15/08/2025,Varejo,2,839.8,228.26,305.77,Venda
SKU_1623_SER,15/08/2025,Varejo,1,914.9,137.54,777.36,Venda
SKU_1750_MIN,15/08/2025,Varejo,1,369.9,69.01,300.89,Venda
SKU_1721_FRE,15/08/2025,Atacado,2,839.8,293.92,272.94,Venda
SKU_1564_BLA,15/08/2025,Varejo,2,1179.8,295.84,441.98,Venda
SKU_1785_PAS,15/08/2025,Varejo,2,489.8,144.56,172.62,Venda
SKU_1637_WHI,15/08/2025,Varejo,1,919.9,174.02,745.88,Venda
SKU_1685_BIR,15/08/2025,E-commerce,1,664.9,108.56,556.34,Venda
SKU_1801_MOS,15/08/2025,Varejo,1,374.9,98.8,276.1,Venda
SKU_2050_MOS,15/08/2025,Varejo,1,454.9,0.0,454.9,Venda
SKU_1534_HUN,15/08/2025,Atacado,2,399.8,139.92,129.94,Venda
SKU_1720_PAL,15/08/2025,Varejo,3,674.7,162.93,170.59,Venda
SKU_1733_SAG,15/08/2025,Varejo,1,349.9,83.88,266.02,Venda
SKU_1799_POW,15/08/2025,Varejo,1,269.9,58.59,211.31,Venda
SKU_1861_SAP,15/08/2025,E-commerce,1,194.9,0.0,194.9,Venda
SKU_1784_BLA,15/08/2025,Atacado,6,1859.4,650.76,201.44,Venda
SKU_1688_WHI,15/08/2025,Atacado,4,1719.6,515.88,300.93,Venda
SKU_1794_FLA,15/08/2025,E-commerce,3,629.7,104.58,175.04,Venda
SKU_1755_AQU,15/08/2025,Atacado,5,1674.5,586.05,217.69,Venda
SKU_1748_BAB,15/08/2025,Varejo,1,309.9,61.02,248.88,Venda
SKU_1745_PEA,15/08/2025,Atacado,6,2459.4,860.76,266.44,Venda
SKU_1551_ROS,15/08/2025,Atacado,12,2638.8,791.64,153.93,Venda
SKU_1560_CRE,15/08/2025,Atacado,5,1124.5,393.6,146.18,Venda
SKU_1720_PAL,15/08/2025,Atacado,5,1124.5,449.8,134.94,Venda
SKU_1918_SKY,15/08/2025,Atacado,8,1599.2,479.76,139.93,Venda
SKU_1730_OFF,15/08/2025,Atacado,8,2559.2,895.68,207.94,Venda
SKU_1795_RAS,15/08/2025,Varejo,2,599.8,125.1,237.35,Venda
SKU_1691_ROS,15/08/2025,Atacado,3,929.7,325.38,201.44,Venda
SKU_1743_DEE,15/08/2025,Atacado,6,2639.4,791.82,307.93,Venda
SKU_1598_NAV,15/08/2025,Varejo,1,489.9,78.3,411.6,Venda
SKU_1762_BRI,15/08/2025,Atacado,3,764.7,267.66,165.68,Venda
SKU_1776_BIR,15/08/2025,Varejo,1,329.9,92.54,237.36,Venda
SKU_1792_MIN,15/08/2025,Atacado,3,1319.7,527.88,263.94,Venda
SKU_1796_SHO,15/08/2025,Atacado,3,1514.7,454.41,353.43,Venda
SKU_2075_COB,15/08/2025,Atacado,10,2399.0,839.6,155.94,Venda
SKU_1713_SNO,15/08/2025,Atacado,3,1514.7,530.13,328.19,Venda
SKU_1760_PAS,15/08/2025,Atacado,10,2499.0,749.7,174.93,Venda
SKU_1705_JAD,15/08/2025,Atacado,10,4099.0,1229.7,286.93,Venda
SKU_1735_COR,15/08/2025,Atacado,4,1079.6,323.88,188.93,Venda
SKU_1747_TEA,15/08/2025,Atacado,3,524.7,209.88,104.94,Venda
SKU_1449_NAV,15/08/2025,Atacado,3,974.7,389.88,194.94,Venda
SKU_1520_GAR,15/08/2025,Varejo,3,674.7,161.61,171.03,Venda
SKU_1733_NAV,15/08/2025,E-commerce,1,349.9,67.16,282.74,Venda
SKU_1690_MAG,15/08/2025,Varejo,2,1079.8,270.64,404.58,Venda
SKU_1768_PEA,15/08/2025,Atacado,10,6249.0,2187.1,406.19,Venda
SKU_1705_JAD,15/08/2025,E-commerce,1,409.9,116.89,293.01,Venda
SKU_1754_IVO,15/08/2025,Atacado,5,1699.5,679.8,203.94,Venda
SKU_1577_FLA,15/08/2025,Varejo,3,479.7,117.45,120.75,Venda
SKU_1745_FOR,15/08/2025,Varejo,1,409.9,62.97,346.93,Venda
SKU_1750_MIN,15/08/2025,Atacado,6,2219.4,776.76,240.44,Venda
SKU_1725_BAB,15/08/2025,Varejo,3,734.7,218.16,172.18,Venda
SKU_1792_MIN,15/08/2025,Varejo,1,439.9,85.69,354.21,Venda
SKU_1410_ROS,15/08/2025,Varejo,1,1139.9,215.27,924.63,Venda
SKU_1790_ROY,15/08/2025,Varejo,1,259.9,61.18,198.72,Venda
SKU_1764_FUC,15/08/2025,Atacado,3,704.7,211.41,164.43,Venda
SKU_1599_CER,15/08/2025,Atacado,8,3759.2,1503.68,281.94,Venda
SKU_2057_VAN,15/08/2025,E-commerce,1,944.9,0.0,944.9,Venda
SKU_1696_SHO,15/08/2025,Atacado,3,839.7,335.88,167.94,Venda
SKU_1872_SAP,15/08/2025,Varejo,1,854.9,0.0,854.9,Venda
SKU_1709_CRE,15/08/2025,Varejo,2,419.8,121.46,149.17,Venda
SKU_1739_MOS,15/08/2025,Atacado,6,1529.4,611.76,152.94,Venda
SKU_1777_FRE,15/08/2025,Atacado,5,1199.5,359.85,167.93,Venda
SKU_1681_PIS,15/08/2025,E-commerce,1,234.9,62.5,172.4,Venda
SKU_1773_OLI,15/08/2025,E-commerce,1,324.9,70.24,254.66,Venda
SKU_1778_TEA,15/08/2025,Atacado,10,2849.0,854.7,199.43,Venda
SKU_1514_SPA,15/08/2025,E-commerce,1,829.9,210.46,619.44,Venda
SKU_1943_AQU,15/08/2025,Varejo,1,279.9,19.59,260.31,Venda
SKU_1794_LIG,15/08/2025,Varejo,2,419.8,86.08,166.86,Venda
SKU_1778_TEA,15/08/2025,Varejo,1,284.9,42.86,242.04,Venda
SKU_1760_OFF,15/08/2025,E-commerce,1,249.9,57.85,192.05,Venda
SKU_1747_FUC,15/08/2025,Atacado,5,874.5,262.35,122.43,Venda
SKU_1741_PEA,15/08/2025,Varejo,2,479.8,81.32,199.24,Venda
SKU_1687_WHI,15/08/2025,Atacado,10,8999.0,2699.7,629.93,Venda
SKU_1506_BRI,15/08/2025,Varejo,1,229.9,37.64,192.26,Venda
SKU_1711_VAN,15/08/2025,E-commerce,1,994.9,283.57,711.33,Venda
SKU_1903_DUS,15/08/2025,Varejo,1,329.9,0.0,329.9,Venda
SKU_1771_PIN,15/08/2025,Varejo,1,264.9,48.38,216.52,Venda
SKU_1781_AQU,15/08/2025,E-commerce,1,129.9,36.68,93.22,Venda
SKU_1685_COB,15/08/2025,Varejo,1,664.9,141.52,523.38,Venda
SKU_1760_OFF,15/08/2025,Varejo,1,249.9,70.06,179.84,Venda
SKU_1755_AQU,15/08/2025,E-commerce,2,669.8,121.74,274.03,Venda
SKU_1800_SKY,15/08/2025,Atacado,8,2239.2,783.68,181.94,Venda
SKU_1757_TUR,15/08/2025,Atacado,3,794.7,238.41,185.43,Venda
SKU_2105_RAS,15/08/2025,E-commerce,1,339.9,23.79,316.11,Venda
SKU_1718_DUS,15/08/2025,Atacado,6,2219.4,776.76,240.44,Venda
SKU_1774_COB,15/08/2025,Atacado,4,819.6,368.8,112.7,Venda
SKU_1785_PAS,15/08/2025,Atacado,6,1469.4,514.32,159.18,Venda
SKU_1796_OLI,15/08/2025,E-commerce,2,1009.8,226.98,391.41,Venda
SKU_2107_SNO,15/08/2025,E-commerce,1,424.9,0.0,424.9,Venda
SKU_1789_EME,15/08/2025,Varejo,1,269.9,60.96,208.94,Venda
SKU_1764_FUC,15/08/2025,Atacado,8,1879.2,563.76,164.43,Venda
SKU_1685_BIR,15/08/2025,Atacado,3,1994.7,598.41,465.43,Venda
SKU_1446_GAR,15/08/2025,Varejo,1,269.9,48.73,221.17,Venda
SKU_1625_GAR,15/08/2025,Varejo,1,204.9,33.02,171.88,Venda
SKU_1888_SEA,15/08/2025,Atacado,5,999.5,399.8,119.94,Venda
SKU_1592_CER,15/08/2025,Varejo,1,209.9,36.18,173.72,Venda
SKU_1411_RAS,15/08/2025,Varejo,4,899.6,174.88,181.18,Venda
SKU_2082_HON,15/08/2025,Atacado,4,2039.6,713.84,331.44,Venda
SKU_1785_HUN,15/08/2025,Atacado,8,1959.2,783.68,146.94,Venda
SKU_1769_EME,15/08/2025,E-commerce,1,324.9,51.23,273.67,Venda
SKU_1719_OFF,15/08/2025,Atacado,8,2559.2,767.76,223.93,Venda
SKU_1428_COB,15/08/2025,E-commerce,1,489.9,108.16,381.74,Venda
SKU_1790_ROY,15/08/2025,Atacado,5,1299.5,454.8,168.94,Venda
SKU_1829_HUN,15/08/2025,Varejo,4,1039.6,72.76,241.71,Venda
SKU_1690_MYS,15/08/2025,Varejo,1,539.9,149.99,389.91,Venda
SKU_1706_JAD,15/08/2025,E-commerce,2,369.8,84.66,142.57,Venda
SKU_1529_HUN,15/08/2025,Atacado,8,1959.2,587.76,171.43,Venda
SKU_1766_CLE,15/08/2025,Atacado,2,789.8,236.94,276.43,Venda
SKU_1729_FUC,15/08/2025,Varejo,2,349.8,73.92,137.94,Venda
SKU_1705_JAD,15/08/2025,Atacado,6,2459.4,737.82,286.93,Venda
SKU_1550_PAL,15/08/2025,Varejo,1,164.9,48.2,116.7,Venda
SKU_1748_COB,15/08/2025,E-commerce,1,309.9,74.31,235.59,Venda
SKU_1689_IVO,15/08/2025,E-commerce,1,964.9,150.43,814.47,Venda
SKU_1706_BLA,15/08/2025,E-commerce,1,184.9,41.65,143.25,Venda
SKU_1752_SNO,15/08/2025,E-commerce,2,859.8,181.12,339.34,Venda
SKU_1434_MIN,15/08/2025,Atacado,8,1679.2,587.68,136.44,Venda
SKU_1706_BLA,15/08/2025,Atacado,5,924.5,369.8,110.94,Venda
SKU_1787_BAB,15/08/2025,Atacado,10,2899.0,1014.6,188.44,Venda
SKU_1406_PRI,15/08/2025,Varejo,2,699.8,112.74,293.53,Venda
SKU_1731_ARM,15/08/2025,E-commerce,1,909.9,155.94,753.96,Venda
SKU_1793_WHI,15/08/2025,Atacado,5,949.5,284.85,132.93,Venda
SKU_1790_EGR,15/08/2025,Atacado,2,519.8,181.92,168.94,Venda
SKU_1726_BUB,15/08/2025,Varejo,1,429.9,95.78,334.12,Venda
SKU_1742_DEN,15/08/2025,Varejo,1,259.9,59.72,200.18,Venda
SKU_1852_BLA,15/08/2025,Varejo,1,499.9,0.0,499.9,Venda
SKU_1639_WHI,15/08/2025,E-commerce,1,189.9,47.79,142.11,Venda
SKU_1763_MAR,15/08/2025,Atacado,4,1199.6,359.88,209.93,Venda
SKU_1437_AQU,15/08/2025,Atacado,6,989.4,296.82,115.43,Venda
SKU_1790_ROY,15/08/2025,Atacado,8,2079.2,727.68,168.94,Venda
SKU_1744_LIG,15/08/2025,Varejo,1,264.9,50.46,214.44,Venda
SKU_1669_TEA,15/08/2025,Atacado,4,799.6,319.84,119.94,Venda
SKU_1584_AQU,15/08/2025,Atacado,5,924.5,277.35,129.43,Venda
SKU_1531_TEA,15/08/2025,Varejo,2,1099.8,274.58,412.61,Venda
SKU_1781_CLE,15/08/2025,Atacado,8,1039.2,415.68,77.94,Venda
SKU_1755_BIR,15/08/2025,Varejo,1,334.9,52.38,282.52,Venda
SKU_1656_SNO,15/08/2025,Atacado,2,469.8,187.92,140.94,Venda
SKU_1431_TEA,15/08/2025,Atacado,6,2219.4,776.76,240.44,Venda
SKU_1974_JAD,15/08/2025,Atacado,3,599.7,209.88,129.94,Venda
SKU_1740_FRE,15/08/2025,Varejo,1,214.9,46.81,168.09,Venda
SKU_1698_SNO,15/08/2025,E-commerce,1,419.9,103.64,316.26,Venda
SKU_1963_IVO,15/08/2025,Varejo,1,694.9,0.0,694.9,Venda
SKU_1726_PAS,15/08/2025,Varejo,2,859.8,150.5,354.65,Venda
SKU_1410_ROS,15/08/2025,E-commerce,1,1139.9,302.35,837.55,Venda
SKU_1686_MOS,15/08/2025,Atacado,6,1289.4,451.32,139.68,Venda
SKU_1672_FOR,15/08/2025,Atacado,10,2949.0,884.7,206.43,Venda
SKU_1680_SEA,15/08/2025,Atacado,8,2679.2,937.68,217.69,Venda
SKU_1736_PAS,15/08/2025,Atacado,5,1624.5,487.35,227.43,Venda
SKU_1536_FRE,15/08/2025,Atacado,6,2069.4,724.26,224.19,Venda
SKU_1670_SAP,15/08/2025,Atacado,6,869.4,260.82,101.43,Venda
SKU_1723_COB,15/08/2025,Varejo,3,1304.7,296.46,336.08,Venda
SKU_1727_LIG,15/08/2025,Atacado,3,464.7,139.41,108.43,Venda
SKU_1656_FUC,15/08/2025,Atacado,10,2349.0,704.7,164.43,Venda
SKU_1759_COB,15/08/2025,Atacado,10,2699.0,944.6,175.44,Venda
SKU_1799_DEN,15/08/2025,Atacado,5,1349.5,404.85,188.93,Venda
SKU_1791_IVO,15/08/2025,Varejo,1,264.9,69.71,195.19,Venda
SKU_1491_CER,15/08/2025,Varejo,1,134.9,21.67,113.23,Venda
SKU_1718_DUS,15/08/2025,Varejo,1,369.9,59.81,310.09,Venda
SKU_1446_GAR,15/08/2025,Atacado,3,809.7,283.38,175.44,Venda
SKU_1451_BIR,15/08/2025,Varejo,2,489.8,129.3,180.25,Venda
SKU_1710_MEX,15/08/2025,Atacado,10,8099.0,2429.7,566.93,Venda
SKU_1793_MIN,15/08/2025,E-commerce,1,189.9,39.38,150.52,Venda
SKU_1756_BUB,15/08/2025,E-commerce,1,179.9,36.22,143.68,Venda
SKU_1684_SHO,15/08/2025,Atacado,2,369.8,129.44,120.18,Venda
SKU_1788_EME,15/08/2025,Atacado,6,1499.4,599.76,149.94,Venda
SKU_1716_AQU,15/08/2025,Atacado,2,329.8,148.4,90.7,Venda
SKU_2022_ROY,15/08/2025,Varejo,1,279.9,0.0,279.9,Venda
SKU_1699_COB,15/08/2025,Varejo,1,329.9,93.4,236.5,Venda
SKU_1709_MAR,15/08/2025,E-commerce,1,209.9,55.24,154.66,Venda
SKU_1799_POW,15/08/2025,Varejo,1,269.9,46.63,223.27,Venda
SKU_1750_SNO,15/08/2025,Varejo,1,369.9,85.48,284.42,Venda
SKU_1697_MIN,15/08/2025,Varejo,1,219.9,49.93,169.97,Venda
SKU_1757_PIN,15/08/2025,Varejo,2,529.8,110.92,209.44,Venda
SKU_1688_WHI,15/08/2025,Varejo,1,429.9,78.7,351.2,Venda
SKU_1727_LIG,15/08/2025,E-commerce,1,154.9,41.49,113.41,Venda
SKU_1460_FUC,15/08/2025,Varejo,3,524.7,114.57,136.71,Venda
SKU_1796_OLI,15/08/2025,Atacado,6,3029.4,1211.76,302.94,Venda
SKU_1691_HUN,15/08/2025,Varejo,1,309.9,61.07,248.83,Venda
SKU_1683_SHO,15/08/2025,Varejo,1,314.9,64.8,250.1,Venda
SKU_1711_VAN,15/08/2025,Atacado,10,9949.0,3482.2,646.68,Venda
SKU_1701_SPA,15/08/2025,Atacado,6,2039.4,611.82,237.93,Venda
SKU_1704_PEA,15/08/2025,E-commerce,2,669.8,130.04,269.88,Venda
SKU_1774_MOS,15/08/2025,Atacado,6,1229.4,430.32,133.18,Venda
SKU_1789_SNO,15/08/2025,Varejo,2,539.8,96.76,221.52,Venda
SKU_1752_SPA,15/08/2025,E-commerce,1,429.9,67.3,362.6,Venda
SKU_1615_SHO,15/08/2025,Atacado,3,1394.7,557.88,278.94,Venda
SKU_1975_MYS,15/08/2025,E-commerce,1,444.9,0.0,444.9,Venda
SKU_1687_FOR,15/08/2025,E-commerce,1,899.9,213.99,685.91,Venda
SKU_1786_POW,15/08/2025,Atacado,3,539.7,215.88,107.94,Venda
SKU_1646_CLE,15/08/2025,Atacado,4,819.6,286.88,133.18,Venda
SKU_1708_FLA,15/08/2025,Atacado,5,849.5,297.3,110.44,Venda
SKU_1753_WHI,15/08/2025,Atacado,8,6319.2,2211.68,513.44,Venda
SKU_1770_DEE,15/08/2025,Atacado,5,1099.5,329.85,153.93,Venda
SKU_1783_BAB,15/08/2025,Atacado,4,4799.6,2159.84,659.94,Venda
SKU_1767_FUC,15/08/2025,Atacado,5,1024.5,307.35,143.43,Venda
SKU_1741_PEA,15/08/2025,Atacado,5,1199.5,359.85,167.93,Venda
SKU_1757_TUR,15/08/2025,Atacado,4,1059.6,370.84,172.19,Venda
SKU_1725_OFF,15/08/2025,Varejo,3,734.7,208.32,175.46,Venda
SKU_1732_OFF,15/08/2025,Atacado,6,6689.4,2006.82,780.43,Venda
SKU_1766_MYS,15/08/2025,Atacado,8,3159.2,947.76,276.43,Venda
SKU_1797_GAR,15/08/2025,Atacado,12,4558.8,1823.52,227.94,Venda
SKU_1792_AQU,15/08/2025,Atacado,2,879.8,307.92,285.94,Venda
SKU_1782_HUN,15/08/2025,Atacado,5,1249.5,437.3,162.44,Venda
SKU_1424_BAB,15/08/2025,Varejo,2,1989.8,423.54,783.13,Venda
SKU_1797_GAR,15/08/2025,Atacado,3,1139.7,398.88,246.94,Venda
SKU_1717_MIN,15/08/2025,Varejo,1,259.9,67.98,191.92,Venda
SKU_1567_POW,15/08/2025,Atacado,4,2759.6,1103.84,413.94,Venda
SKU_1769_WHI,15/08/2025,Atacado,5,1624.5,649.8,194.94,Venda
SKU_1728_EGR,15/08/2025,Varejo,2,659.8,195.1,232.35,Venda
SKU_1421_SER,15/08/2025,Varejo,1,229.9,43.01,186.89,Venda
SKU_1719_WHI,15/08/2025,Atacado,6,1919.4,671.76,207.94,Venda
SKU_1730_MIN,15/08/2025,Atacado,8,2559.2,895.68,207.94,Venda
SKU_1733_NAV,15/08/2025,Atacado,8,2799.2,839.76,244.93,Venda
SKU_1582_WHI,15/08/2025,Atacado,4,919.6,367.84,137.94,Venda
SKU_1682_OLI,15/08/2025,Atacado,6,1409.4,422.82,164.43,Venda
SKU_1796_OLI,15/08/2025,Varejo,2,1009.8,177.9,415.95,Venda
SKU_2075_COR,15/08/2025,Atacado,8,1919.2,863.68,131.94,Venda
SKU_1766_MYS,15/08/2025,Varejo,1,394.9,90.25,304.65,Venda
SKU_1708_FRE,15/08/2025,Atacado,8,1359.2,407.76,118.93,Venda
SKU_1744_EME,15/08/2025,E-commerce,1,264.9,58.55,206.35,Venda
SKU_1683_SHO,15/08/2025,Varejo,1,314.9,83.37,231.53,Venda
SKU_1781_AQU,15/08/2025,Varejo,1,129.9,38.38,91.52,Venda
SKU_1742_EME,15/08/2025,Atacado,10,2599.0,779.7,181.93,Venda
SKU_1773_FRE,15/08/2025,Varejo,1,324.9,78.1,246.8,Venda
SKU_1739_AQU,15/08/2025,Atacado,10,2549.0,764.7,178.43,Venda
SKU_1750_SNO,15/08/2025,Varejo,1,369.9,104.05,265.85,Venda
SKU_1725_BAB,15/08/2025,Varejo,1,244.9,52.35,192.55,Venda
SKU_1685_BIR,15/08/2025,Varejo,1,664.9,170.74,494.16,Venda
SKU_2078_CLE,15/08/2025,Varejo,1,239.9,0.0,239.9,Venda
SKU_1787_BAB,15/08/2025,Varejo,1,289.9,56.41,233.49,Venda
SKU_1932_COB,15/08/2025,Varejo,1,194.9,0.0,194.9,Venda
SKU_1759_CLE,15/08/2025,Atacado,8,2159.2,863.68,161.94,Venda
SKU_1752_SPA,15/08/2025,Varejo,1,429.9,121.96,307.94,Venda
SKU_1750_SNO,15/08/2025,Atacado,6,2219.4,887.76,221.94,Venda
SKU_1675_DEN,15/08/2025,Varejo,1,764.9,119.59,645.31,Venda
SKU_1710_MEX,15/08/2025,Atacado,4,3239.6,971.88,566.93,Venda
SKU_1780_LIG,15/08/2025,Atacado,5,1674.5,669.8,200.94,Venda
SKU_1652_MOS,15/08/2025,E-commerce,1,219.9,63.9,156.0,Venda
SKU_1738_BLU,15/08/2025,Atacado,4,779.6,233.88,136.43,Venda
SKU_1769_EME,15/08/2025,Atacado,10,3249.0,974.7,227.43,Venda
SKU_1710_MEX,15/08/2025,Atacado,2,1619.8,647.92,485.94,Venda
SKU_1710_OLI,15/08/2025,Varejo,1,809.9,150.0,659.9,Venda
SKU_1745_PEA,15/08/2025,Atacado,6,2459.4,737.82,286.93,Venda
SKU_1695_CRE,15/08/2025,Varejo,1,209.9,44.23,165.67,Venda
SKU_1716_AQU,15/08/2025,Atacado,8,1319.2,527.68,98.94,Venda
SKU_1774_COB,15/08/2025,Atacado,4,819.6,245.88,143.43,Venda
SKU_1685_COB,15/08/2025,Atacado,10,6649.0,1994.7,465.43,Venda
SKU_1872_SAP,15/08/2025,Varejo,1,854.9,0.0,854.9,Venda
SKU_1783_BAB,15/08/2025,Atacado,2,2399.8,719.94,839.93,Venda
SKU_1752_SPA,15/08/2025,Varejo,1,429.9,93.39,336.51,Venda
SKU_1709_MAR,15/08/2025,Varejo,2,419.8,82.58,168.61,Venda
SKU_1765_PAS,15/08/2025,Atacado,5,1299.5,454.8,168.94,Venda
SKU_2001_MAR,15/08/2025,Atacado,8,3079.2,923.76,269.43,Venda
SKU_1719_OFF,15/08/2025,Atacado,10,3199.0,959.7,223.93,Venda
SKU_1701_BLU,15/08/2025,Varejo,1,339.9,100.76,239.14,Venda
SKU_1557_SAG,15/08/2025,Atacado,4,799.6,239.88,139.93,Venda
SKU_1753_PAL,15/08/2025,Atacado,8,6319.2,2527.68,473.94,Venda
SKU_1720_PAS,15/08/2025,E-commerce,1,224.9,54.84,170.06,Venda
SKU_1793_MIN,15/08/2025,Atacado,4,759.6,265.84,123.44,Venda
SKU_1795_HUN,15/08/2025,Varejo,1,299.9,82.49,217.41,Venda
SKU_1687_FOR,15/08/2025,Atacado,12,10798.8,3239.64,629.93,Venda
SKU_1690_MYS,15/08/2025,Atacado,3,1619.7,566.88,350.94,Venda
SKU_1801_FLA,15/08/2025,Atacado,4,1499.6,524.84,243.69,Venda
SKU_1779_LIG,15/08/2025,Atacado,5,1074.5,483.5,118.2,Venda
SKU_1773_FRE,15/08/2025,Atacado,2,649.8,259.92,194.94,Venda
SKU_2028_PIS,15/08/2025,Varejo,1,244.9,0.0,244.9,Venda
SKU_1766_CLE,15/08/2025,Atacado,5,1974.5,592.35,276.43,Venda
SKU_1733_NAV,15/08/2025,Atacado,2,699.8,279.92,209.94,Venda
SKU_1760_PAS,15/08/2025,Atacado,4,999.6,349.84,162.44,Venda
SKU_1722_AQU,15/08/2025,Varejo,1,324.9,59.3,265.6,Venda
SKU_1727_LIG,15/08/2025,Atacado,2,309.8,108.44,100.68,Venda
SKU_1681_OFF,15/08/2025,Varejo,3,704.7,163.86,180.28,Venda
SKU_1770_JAD,15/08/2025,Varejo,1,219.9,47.43,172.47,Venda
SKU_1771_PIN,15/08/2025,Varejo,3,794.7,175.71,206.33,Venda
SKU_1717_MIN,15/08/2025,Varejo,1,259.9,77.37,182.53,Venda
SKU_1760_OFF,15/08/2025,Atacado,2,499.8,149.94,174.93,Venda
SKU_1425_LIG,15/08/2025,Atacado,4,839.6,335.84,125.94,Venda
SKU_1690_MYS,15/08/2025,Atacado,6,3239.4,971.82,377.93,Venda
SKU_1710_MEX,15/08/2025,Varejo,1,809.9,157.48,652.42,Venda
SKU_1523_HOT,15/08/2025,Atacado,2,749.8,224.94,262.43,Venda
SKU_1619_IVO,15/08/2025,Atacado,4,799.6,279.84,129.94,Venda
SKU_1739_MOS,15/08/2025,Varejo,2,509.8,89.36,210.22,Venda
SKU_1790_ROY,15/08/2025,Atacado,6,1559.4,545.76,168.94,Venda
SKU_1909_PEA,15/08/2025,Varejo,2,899.8,0.0,449.9,Venda
SKU_1861_SAP,15/08/2025,E-commerce,1,194.9,0.0,194.9,Venda
SKU_1521_FRE,15/08/2025,E-commerce,1,189.9,46.95,142.95,Venda
SKU_1589_CER,15/08/2025,E-commerce,3,2039.7,327.93,570.59,Venda
SKU_1710_MEX,15/08/2025,Atacado,6,4859.4,2186.76,445.44,Venda
SKU_1402_VAN,15/08/2025,Varejo,1,234.9,62.27,172.63,Venda
SKU_1777_TUR,15/08/2025,Atacado,4,959.6,287.88,167.93,Venda
SKU_1799_DEN,15/08/2025,Atacado,3,809.7,283.38,175.44,Venda
SKU_1715_HON,15/08/2025,E-commerce,1,219.9,47.54,172.36,Venda
SKU_1748_COB,15/08/2025,E-commerce,1,309.9,91.95,217.95,Venda
SKU_1592_CER,15/08/2025,Varejo,1,209.9,38.16,171.74,Venda
SKU_1773_OLI,15/08/2025,Atacado,6,1949.4,584.82,227.43,Venda
SKU_1759_COB,15/08/2025,Atacado,2,539.8,188.92,175.44,Venda
SKU_1785_PAS,15/08/2025,Varejo,2,489.8,112.48,188.66,Venda
SKU_1622_CLO,15/08/2025,Atacado,4,1079.6,377.84,175.44,Venda
SKU_1627_BAB,15/08/2025,E-commerce,1,329.9,96.9,233.0,Venda
SKU_1455_TEA,15/08/2025,Varejo,1,334.9,81.88,253.02,Venda
SKU_1699_COB,15/08/2025,Varejo,2,659.8,114.82,272.49,Venda
SKU_1682_OLI,15/08/2025,Atacado,4,939.6,328.88,152.68,Venda
SKU_1744_LIG,15/08/2025,Varejo,1,264.9,76.38,188.52,Venda
SKU_1703_PAS,15/08/2025,Atacado,4,1079.6,323.88,188.93,Venda
SKU_1726_BUB,15/08/2025,Atacado,4,1719.6,601.84,279.44,Venda
SKU_1556_SAL,15/08/2025,Varejo,2,409.8,119.84,144.98,Venda
SKU_1490_EME,15/08/2025,Atacado,4,1259.6,377.88,220.43,Venda
SKU_2114_DUS,15/08/2025,Varejo,1,389.9,0.0,389.9,Venda
SKU_1798_OFF,15/08/2025,Atacado,3,1259.7,377.91,293.93,Venda
SKU_1704_PEA,15/08/2025,Atacado,4,1339.6,535.84,200.94,Venda
SKU_1787_BAB,15/08/2025,Atacado,10,2899.0,1304.5,159.45,Venda
SKU_1633_DEN,15/08/2025,Varejo,2,469.8,129.52,170.14,Venda
SKU_1685_BIR,15/08/2025,Atacado,8,5319.2,1861.68,432.19,Venda
SKU_1766_CLE,15/08/2025,Atacado,4,1579.6,631.84,236.94,Venda
SKU_1722_PAS,15/08/2025,E-commerce,1,324.9,77.85,247.05,Venda
SKU_1735_COR,15/08/2025,Atacado,8,2159.2,755.68,175.44,Venda
SKU_1683_PAL,15/08/2025,Atacado,6,1889.4,661.26,204.69,Venda
SKU_1774_COB,15/08/2025,Varejo,1,204.9,61.09,143.81,Venda
SKU_1793_MIN,15/08/2025,Atacado,3,569.7,199.38,123.44,Venda
SKU_1752_SNO,15/08/2025,Atacado,5,2149.5,644.85,300.93,Venda
SKU_1645_MIN,15/08/2025,Varejo,1,399.9,64.68,335.22,Venda
SKU_1719_WHI,15/08/2025,Varejo,1,319.9,62.01,257.89,Venda
SKU_1745_FOR,15/08/2025,Atacado,3,1229.7,430.38,266.44,Venda
SKU_1538_PAS,15/08/2025,Varejo,1,209.9,52.97,156.93,Venda
SKU_1448_SKY,15/08/2025,Atacado,6,1079.4,377.76,116.94,Venda
SKU_1779_MIN,15/08/2025,Varejo,1,214.9,62.23,152.67,Venda
SKU_1653_BAB,15/08/2025,Atacado,5,1799.5,809.75,197.95,Venda
SKU_1737_DEE,15/08/2025,Atacado,10,7699.0,2694.6,500.44,Venda
SKU_1799_POW,15/08/2025,Atacado,12,3238.8,971.64,188.93,Venda
SKU_1746_NAV,15/08/2025,Varejo,1,179.9,41.01,138.89,Venda
SKU_1714_DEE,15/08/2025,Varejo,1,304.9,62.34,242.56,Venda
SKU_1729_FUC,15/08/2025,Atacado,5,874.5,306.1,113.68,Venda
SKU_1742_DEN,15/08/2025,Atacado,4,1039.6,363.84,168.94,Venda
SKU_1737_DEE,15/08/2025,Varejo,1,769.9,189.79,580.11,Venda
SKU_1553_DEN,15/08/2025,Atacado,2,509.8,178.44,165.68,Venda
SKU_1724_PIN,15/08/2025,Atacado,6,6689.4,2675.76,668.94,Venda
SKU_1757_PIN,15/08/2025,Atacado,5,1324.5,397.35,185.43,Venda
SKU_1717_CRE,15/08/2025,E-commerce,1,259.9,67.33,192.57,Venda
SKU_1772_SNO,15/08/2025,Atacado,2,829.8,290.42,269.69,Venda
SKU_1916_HOT,15/08/2025,E-commerce,2,509.8,0.0,254.9,Venda
SKU_2058_BUB,15/08/2025,Varejo,1,209.9,0.0,209.9,Venda
SKU_1737_DEE,15/08/2025,Varejo,1,769.9,221.18,548.72,Venda
SKU_1742_EME,15/08/2025,Atacado,4,1039.6,363.84,168.94,Venda
SKU_1711_VAN,15/08/2025,Atacado,5,4974.5,1492.35,696.43,Venda
SKU_1772_BLU,15/08/2025,Atacado,4,1659.6,580.84,269.69,Venda
SKU_1455_ROY,15/08/2025,Atacado,4,1339.6,468.84,217.69,Venda
SKU_1780_LIG,15/08/2025,E-commerce,1,334.9,62.15,272.75,Venda
SKU_1896_PAS,15/08/2025,Atacado,4,4039.6,1413.84,656.44,Venda
SKU_1499_RAS,15/08/2025,Varejo,1,259.9,67.44,192.46,Venda
SKU_1574_COB,15/08/2025,Varejo,1,604.9,116.09,488.81,Venda
SKU_1713_SAL,15/08/2025,Atacado,5,2524.5,883.55,328.19,Venda
SKU_1712_NAV,15/08/2025,Varejo,1,179.9,51.63,128.27,Venda
SKU_1754_SER,15/08/2025,Atacado,4,1359.6,475.84,220.94,Venda
SKU_1672_TEA,15/08/2025,Varejo,1,294.9,55.61,239.29,Venda
SKU_1763_MAR,15/08/2025,Atacado,8,2399.2,839.68,194.94,Venda
SKU_1506_BRI,15/08/2025,E-commerce,1,229.9,46.33,183.57,Venda
SKU_1563_MEX,15/08/2025,Varejo,1,149.9,36.3,113.6,Venda
SKU_1718_DUS,15/08/2025,Varejo,1,369.9,83.16,286.74,Venda
SKU_1781_CLE,15/08/2025,Varejo,2,259.8,64.74,97.53,Venda
SKU_1573_SAG,15/08/2025,Varejo,1,1024.9,272.15,752.75,Venda
SKU_1754_SER,15/08/2025,Varejo,1,339.9,95.59,244.31,Venda
SKU_1579_DEN,15/08/2025,Varejo,1,229.9,68.94,160.96,Venda
SKU_1692_OLI,15/08/2025,Varejo,1,219.9,60.58,159.32,Venda
SKU_1750_MIN,15/08/2025,Varejo,3,1109.7,212.13,299.19,Venda
SKU_1738_ROY,15/08/2025,Varejo,1,194.9,43.48,151.42,Venda
SKU_1694_PIS,15/08/2025,Atacado,8,2239.2,783.68,181.94,Venda
SKU_1771_EME,15/08/2025,Varejo,1,264.9,40.73,224.17,Venda
SKU_1420_EGR,15/08/2025,Varejo,1,989.9,150.03,839.87,Venda
SKU_1698_SNO,15/08/2025,Atacado,8,3359.2,1175.68,272.94,Venda
SKU_1734_BRI,15/08/2025,Atacado,4,1399.6,419.88,244.93,Venda
SKU_1681_OFF,15/08/2025,Atacado,4,939.6,328.88,152.68,Venda
SKU_1491_GAR,15/08/2025,Atacado,5,674.5,236.1,87.68,Venda
SKU_1493_CLO,15/08/2025,Varejo,1,329.9,74.71,255.19,Venda
SKU_1760_PAS,15/08/2025,Varejo,1,249.9,52.22,197.68,Venda
SKU_1721_COR,15/08/2025,E-commerce,1,419.9,78.2,341.7,Venda
SKU_1693_FLA,15/08/2025,Atacado,12,2458.8,737.64,143.43,Venda
SKU_1758_CLO,15/08/2025,Varejo,1,179.9,29.44,150.46,Venda
SKU_1455_TEA,15/08/2025,Atacado,3,1004.7,351.63,217.69,Venda
SKU_1683_PAL,15/08/2025,Atacado,5,1574.5,472.35,220.43,Venda
SKU_1749_BIR,15/08/2025,Varejo,1,349.9,71.54,278.36,Venda
SKU_1786_POW,15/08/2025,E-commerce,1,179.9,44.53,135.37,Venda
SKU_1688_WHI,15/08/2025,Varejo,2,859.8,154.74,352.53,Venda
SKU_1760_PAS,15/08/2025,Atacado,5,1249.5,437.3,162.44,Venda
SKU_1757_TUR,15/08/2025,Atacado,8,2119.2,847.68,158.94,Venda
SKU_1890_TEA,15/08/2025,Varejo,1,254.9,0.0,254.9,Venda
SKU_1705_SER,15/08/2025,Varejo,1,409.9,91.91,317.99,Venda
SKU_1814_PRI,15/08/2025,Varejo,2,759.8,53.18,353.31,Venda
SKU_1725_OFF,15/08/2025,Atacado,10,2449.0,734.7,171.43,Venda
SKU_1728_EGR,15/08/2025,Varejo,3,989.7,179.1,270.2,Venda
SKU_1736_JAD,15/08/2025,Varejo,1,324.9,62.3,262.6,Venda
SKU_1680_SEA,15/08/2025,Atacado,2,669.8,200.94,234.43,Venda
SKU_1786_POW,15/08/2025,Atacado,6,1079.4,377.76,116.94,Venda
SKU_1797_BLU,15/08/2025,Atacado,5,1899.5,664.8,246.94,Venda
SKU_1718_DUS,15/08/2025,Atacado,10,3699.0,1109.7,258.93,Venda
SKU_1682_OLI,15/08/2025,Atacado,10,2349.0,704.7,164.43,Venda
SKU_1784_BLA,15/08/2025,Atacado,10,3099.0,1084.6,201.44,Venda
SKU_1713_SAL,15/08/2025,Varejo,2,1009.8,160.16,424.82,Venda
SKU_1725_OFF,15/08/2025,Varejo,1,244.9,42.62,202.28,Venda
SKU_1688_LIG,15/08/2025,E-commerce,1,429.9,74.61,355.29,Venda
SKU_1775_PAS,15/08/2025,Atacado,2,559.8,167.94,195.93,Venda
SKU_1766_MYS,15/08/2025,Atacado,6,2369.4,710.82,276.43,Venda
SKU_1547_IVO,15/08/2025,Varejo,4,1319.6,319.12,250.12,Venda
SKU_1791_ARM,15/08/2025,E-commerce,1,264.9,47.47,217.43,Venda
SKU_1731_MIN,15/08/2025,Atacado,6,5459.4,1910.76,591.44,Venda
SKU_1779_MIN,15/08/2025,Atacado,2,429.8,193.4,118.2,Venda
SKU_2055_SAP,15/08/2025,Varejo,1,459.9,0.0,459.9,Venda
SKU_1778_TEA,15/08/2025,Atacado,3,854.7,256.41,199.43,Venda
SKU_1714_MID,15/08/2025,Atacado,3,914.7,274.41,213.43,Venda
SKU_1768_PEA,15/08/2025,E-commerce,1,624.9,163.68,461.22,Venda
SKU_1796_SHO,15/08/2025,Varejo,1,504.9,86.34,418.56,Venda
SKU_1782_NAV,15/08/2025,Varejo,1,249.9,71.58,178.32,Venda
SKU_1776_BIR,15/08/2025,Atacado,3,989.7,395.88,197.94,Venda
SKU_1433_OLI,15/08/2025,E-commerce,2,629.8,164.56,232.62,Venda
SKU_1770_JAD,15/08/2025,Atacado,2,439.8,153.92,142.94,Venda
SKU_1661_WHI,15/08/2025,Atacado,6,5939.4,1781.82,692.93,Venda
SKU_1794_LIG,15/08/2025,Varejo,1,209.9,47.82,162.08,Venda
SKU_1796_OLI,15/08/2025,Atacado,5,2524.5,883.55,328.19,Venda
SKU_1742_EME,15/08/2025,E-commerce,1,259.9,39.33,220.57,Venda
SKU_1752_SPA,15/08/2025,Varejo,1,429.9,81.83,348.07,Venda
SKU_1734_BRI,15/08/2025,Varejo,2,699.8,118.52,290.64,Venda
SKU_1410_ROS,15/08/2025,Atacado,10,11399.0,3989.6,740.94,Venda
SKU_1771_PIN,15/08/2025,Varejo,1,264.9,73.92,190.98,Venda
SKU_1753_WHI,15/08/2025,Atacado,3,2369.7,710.91,552.93,Venda
SKU_2085_ARM,15/08/2025,Varejo,1,454.9,0.0,454.9,Venda
SKU_1779_LIG,15/08/2025,Atacado,3,644.7,225.66,139.68,Venda
SKU_1465_CLE,15/08/2025,Atacado,4,1259.6,377.88,220.43,Venda
SKU_2102_CLO,15/08/2025,Varejo,1,744.9,0.0,744.9,Venda
SKU_1738_ROY,15/08/2025,Varejo,2,389.8,104.18,142.81,Venda
SKU_1766_CLE,15/08/2025,E-commerce,1,394.9,105.06,289.84,Venda
SKU_1741_PEA,15/08/2025,E-commerce,1,239.9,68.09,171.81,Venda
SKU_2039_EME,15/08/2025,Atacado,10,10249.0,3587.2,666.18,Venda
SKU_1776_BIR,15/08/2025,Varejo,1,329.9,98.01,231.89,Venda
SKU_1625_DUS,15/08/2025,Varejo,1,204.9,50.69,154.21,Venda
SKU_1801_MOS,15/08/2025,Atacado,8,2999.2,1049.68,243.69,Venda
SKU_1754_IVO,15/08/2025,E-commerce,1,339.9,67.68,272.22,Venda
SKU_1750_SNO,15/08/2025,Varejo,1,369.9,73.24,296.66,Venda
SKU_1469_SAL,15/08/2025,E-commerce,1,294.9,63.22,231.68,Venda
SKU_1932_NAV,15/08/2025,Atacado,3,584.7,175.41,136.43,Venda
SKU_1555_RAS,15/08/2025,E-commerce,1,189.9,34.53,155.37,Venda
SKU_1766_CLE,15/08/2025,Atacado,2,789.8,315.92,236.94,Venda
SKU_1411_RAS,15/08/2025,Atacado,5,1124.5,337.35,157.43,Venda
SKU_1579_DEN,15/08/2025,Varejo,1,229.9,61.36,168.54,Venda
SKU_1795_RAS,15/08/2025,Atacado,4,1199.6,419.84,194.94,Venda
SKU_1711_VAN,15/08/2025,Varejo,2,1989.8,486.16,751.82,Venda
SKU_1930_GAR,15/08/2025,Atacado,5,3299.5,1154.8,428.94,Venda
SKU_1791_IVO,15/08/2025,Atacado,3,794.7,238.41,185.43,Venda
SKU_1694_SER,15/08/2025,Varejo,2,559.8,139.32,210.24,Venda
SKU_1653_ROS,15/08/2025,E-commerce,1,359.9,59.24,300.66,Venda
SKU_1775_PAS,15/08/2025,Varejo,1,279.9,55.24,224.66,Venda
SKU_1766_CLE,15/08/2025,Atacado,10,3949.0,1382.1,256.69,Venda
SKU_1463_LIG,15/08/2025,Varejo,1,259.9,54.78,205.12,Venda
SKU_1772_SNO,15/08/2025,Atacado,6,2489.4,871.26,269.69,Venda
SKU_1947_SKY,15/08/2025,Atacado,2,879.8,263.94,307.93,Venda
SKU_1792_AQU,15/08/2025,Varejo,1,439.9,121.82,318.08,Venda
SKU_1720_PAS,15/08/2025,E-commerce,1,224.9,38.04,186.86,Venda
SKU_1787_BAB,15/08/2025,Varejo,1,289.9,69.96,219.94,Venda
SKU_1784_BLA,15/08/2025,Atacado,4,1239.6,433.84,201.44,Venda
SKU_1751_MIN,15/08/2025,Varejo,1,329.9,75.83,254.07,Venda
SKU_1974_MIN,15/08/2025,Varejo,1,199.9,0.0,199.9,Venda
SKU_1755_AQU,15/08/2025,Varejo,1,334.9,81.61,253.29,Venda
SKU_1622_VAN,15/08/2025,Atacado,5,1349.5,472.3,175.44,Venda
SKU_1628_PEA,15/08/2025,Atacado,8,4399.2,1319.76,384.93,Venda
SKU_1708_FRE,15/08/2025,Atacado,6,1019.4,407.76,101.94,Venda
SKU_1775_PAS,15/08/2025,Atacado,3,839.7,251.91,195.93,Venda
SKU_1751_BLU,15/08/2025,Atacado,5,1649.5,577.3,214.44,Venda
SKU_1701_BLU,15/08/2025,Atacado,4,1359.6,543.84,203.94,Venda
SKU_1739_AQU,15/08/2025,Atacado,10,2549.0,892.2,165.68,Venda
SKU_1755_AQU,15/08/2025,E-commerce,1,334.9,70.45,264.45,Venda
SKU_1620_BLU,15/08/2025,Atacado,5,1324.5,397.35,185.43,Venda
SKU_2085_OLI,15/08/2025,E-commerce,1,454.9,0.0,454.9,Venda
SKU_1680_SEA,15/08/2025,Varejo,2,669.8,193.02,238.39,Venda
SKU_1761_SAP,15/08/2025,E-commerce,1,1104.9,173.07,931.83,Venda
SKU_1447_BLU,15/08/2025,E-commerce,1,239.9,44.98,194.92,Venda
SKU_1534_MYS,15/08/2025,Varejo,1,199.9,52.68,147.22,Venda
SKU_1501_OLI,15/08/2025,Atacado,2,339.8,101.94,118.93,Venda
SKU_1801_FLA,15/08/2025,Atacado,4,1499.6,449.88,262.43,Venda
SKU_1392_BLU,15/08/2025,Atacado,5,1474.5,516.05,191.69,Venda
SKU_1879_WHI,15/08/2025,E-commerce,2,609.8,0.0,304.9,Venda
SKU_1625_DUS,15/08/2025,Atacado,4,819.6,286.88,133.18,Venda
SKU_1777_TUR,15/08/2025,Varejo,2,479.8,83.52,198.14,Venda
SKU_1800_SKY,15/08/2025,Atacado,10,2799.0,979.6,181.94,Venda
SKU_1470_MAR,15/08/2025,Atacado,4,3679.6,1471.84,551.94,Venda
SKU_1758_CLO,15/08/2025,Atacado,6,1079.4,323.82,125.93,Venda
SKU_1756_BUB,15/08/2025,Varejo,1,179.9,29.22,150.68,Venda
SKU_1595_FLA,15/08/2025,Varejo,2,599.8,112.46,243.67,Venda
SKU_1966_FOR,15/08/2025,Atacado,12,8098.8,2429.64,472.43,Venda
SKU_1672_FOR,15/08/2025,E-commerce,1,294.9,48.16,246.74,Venda
SKU_1713_SAL,15/08/2025,Varejo,1,504.9,138.57,366.33,Venda
SKU_1732_WHI,15/08/2025,Atacado,10,11149.0,3344.7,780.43,Venda
SKU_1700_HUN,15/08/2025,Varejo,1,699.9,146.97,552.93,Venda
SKU_2079_WHI,15/08/2025,Atacado,3,3209.7,962.91,748.93,Venda
SKU_1791_IVO,15/08/2025,E-commerce,2,529.8,81.78,224.01,Venda
SKU_1909_SPA,15/08/2025,Varejo,1,449.9,0.0,449.9,Venda
SKU_1720_PAL,15/08/2025,Atacado,10,2249.0,674.7,157.43,Venda
SKU_1741_PIN,15/08/2025,Varejo,3,719.7,127.59,197.37,Venda
SKU_2048_FOR,15/08/2025,Atacado,10,3849.0,1347.1,250.19,Venda
SKU_1719_OFF,15/08/2025,Atacado,4,1279.6,383.88,223.93,Venda
SKU_1651_SAL,15/08/2025,E-commerce,1,264.9,63.38,201.52,Venda
SKU_1724_PEA,15/08/2025,Varejo,3,3344.7,935.25,803.15,Venda
SKU_1753_WHI,15/08/2025,Atacado,4,3159.6,1421.84,434.44,Venda
SKU_1753_WHI,15/08/2025,Atacado,4,3159.6,947.88,552.93,Venda
SKU_1584_FLA,15/08/2025,Varejo,1,184.9,29.4,155.5,Venda
SKU_1702_COR,15/08/2025,Varejo,1,619.9,148.24,471.66,Venda
SKU_1926_IVO,15/08/2025,Varejo,2,539.8,0.0,269.9,Venda
SKU_2090_LIG,15/08/2025,Atacado,4,1059.6,317.88,185.43,Venda
SKU_1545_TEA,15/08/2025,Atacado,6,1559.4,467.82,181.93,Venda
SKU_1730_OFF,15/08/2025,Varejo,1,319.9,80.91,238.99,Venda
SKU_1979_MAR,15/08/2025,Atacado,8,1559.2,623.68,116.94,Venda
SKU_1768_MIN,15/08/2025,Atacado,3,1874.7,656.13,406.19,Venda
SKU_1717_CRE,15/08/2025,Varejo,2,519.8,135.42,192.19,Venda
SKU_1785_PAS,15/08/2025,Atacado,8,1959.2,587.76,171.43,Venda
SKU_1726_PAS,15/08/2025,E-commerce,1,429.9,78.74,351.16,Venda
SKU_1597_SHO,15/08/2025,Atacado,4,2119.6,635.88,370.93,Venda
SKU_1656_FUC,15/08/2025,Atacado,5,1174.5,352.35,164.43,Venda
SKU_2040_BIR,15/08/2025,Varejo,4,1179.6,0.0,294.9,Venda
SKU_1680_NAV,15/08/2025,E-commerce,1,334.9,93.0,241.9,Venda
SKU_1797_GAR,15/08/2025,Varejo,4,1519.6,343.08,294.13,Venda
SKU_1991_PIN,15/08/2025,Atacado,8,2399.2,719.76,209.93,Venda
SKU_1951_COR,15/08/2025,Atacado,4,1019.6,356.88,165.68,Venda
SKU_1748_BAB,15/08/2025,Atacado,2,619.8,216.92,201.44,Venda
SKU_1744_EME,15/08/2025,Varejo,1,264.9,42.79,222.11,Venda
SKU_1750_MIN,15/08/2025,Atacado,3,1109.7,332.91,258.93,Venda
SKU_1768_MIN,15/08/2025,Atacado,5,3124.5,1249.8,374.94,Venda
SKU_1719_WHI,15/08/2025,E-commerce,1,319.9,62.55,257.35,Venda
SKU_1766_CLE,15/08/2025,Varejo,1,394.9,97.94,296.96,Venda
SKU_1739_MOS,15/08/2025,Varejo,1,254.9,41.02,213.88,Venda
SKU_1789_SNO,15/08/2025,E-commerce,2,539.8,86.1,226.85,Venda
SKU_1814_PAS,15/08/2025,Atacado,3,1139.7,455.88,227.94,Venda
SKU_2099_LIG,15/08/2025,Atacado,2,539.8,215.92,161.94,Venda
SKU_1773_OLI,15/08/2025,Varejo,1,324.9,78.06,246.84,Venda
SKU_1775_PAS,15/08/2025,Atacado,5,1399.5,489.8,181.94,Venda
SKU_1786_POW,15/08/2025,Varejo,1,179.9,47.07,132.83,Venda
SKU_1901_MIN,15/08/2025,Atacado,3,704.7,317.1,129.2,Venda
SKU_1719_WHI,15/08/2025,E-commerce,1,319.9,84.51,235.39,Venda
SKU_1729_CLE,15/08/2025,E-commerce,1,174.9,29.06,145.84,Venda
SKU_1684_HON,15/08/2025,Varejo,2,369.8,102.76,133.52,Venda
SKU_1684_HON,15/08/2025,Varejo,1,184.9,37.19,147.71,Venda
SKU_1786_POW,15/08/2025,Atacado,6,1079.4,323.82,125.93,Venda
SKU_1786_TEA,15/08/2025,Atacado,8,1439.2,431.76,125.93,Venda
SKU_1758_HON,15/08/2025,Varejo,3,539.7,111.6,142.7,Venda
SKU_1624_PRI,15/08/2025,Atacado,10,2099.0,629.7,146.93,Venda
SKU_1769_WHI,15/08/2025,Atacado,4,1299.6,519.84,194.94,Venda
SKU_1683_SHO,15/08/2025,Varejo,2,629.8,159.88,234.96,Venda
SKU_1686_SKY,15/08/2025,E-commerce,1,214.9,33.2,181.7,Venda
SKU_1492_SKY,15/08/2025,Varejo,1,374.9,92.34,282.56,Venda
SKU_1699_COB,15/08/2025,Atacado,10,3299.0,989.7,230.93,Venda
SKU_1953_LIM,15/08/2025,Atacado,6,1409.4,422.82,164.43,Venda
SKU_1777_TUR,15/08/2025,Atacado,5,1199.5,419.8,155.94,Venda
SKU_1765_MYS,15/08/2025,Varejo,2,519.8,128.2,195.8,Venda
SKU_1779_LIG,15/08/2025,Atacado,2,429.8,150.44,139.68,Venda
SKU_1732_WHI,15/08/2025,E-commerce,1,1114.9,213.8,901.1,Venda
SKU_1720_PAL,15/08/2025,Varejo,3,674.7,160.35,171.45,Venda
SKU_1607_MAR,15/08/2025,E-commerce,3,899.7,206.04,231.22,Venda
SKU_1683_SHO,15/08/2025,Atacado,5,1574.5,708.5,173.2,Venda
SKU_1689_MAG,15/08/2025,Atacado,4,3859.6,1157.88,675.43,Venda
SKU_1691_ROS,15/08/2025,E-commerce,1,309.9,54.33,255.57,Venda
SKU_1712_MOS,15/08/2025,E-commerce,1,179.9,53.14,126.76,Venda
SKU_1633_SER,15/08/2025,Varejo,1,234.9,59.74,175.16,Venda
SKU_1725_BAB,15/08/2025,Varejo,2,489.8,134.5,177.65,Venda
SKU_1740_FRE,15/08/2025,Atacado,6,1289.4,386.82,150.43,Venda
SKU_1722_PAS,15/08/2025,Varejo,2,649.8,126.64,261.58,Venda
SKU_1738_BLU,15/08/2025,E-commerce,1,194.9,48.42,146.48,Venda
SKU_1784_EGR,15/08/2025,Atacado,12,3718.8,1487.52,185.94,Venda
SKU_1700_PIS,15/08/2025,Varejo,3,2099.7,518.07,527.21,Venda
SKU_1798_OFF,15/08/2025,Atacado,6,2519.4,755.82,293.93,Venda
SKU_1675_DEN,15/08/2025,Atacado,2,1529.8,535.42,497.19,Venda
SKU_1743_DEE,15/08/2025,Atacado,6,2639.4,923.76,285.94,Venda
SKU_1749_SNO,15/08/2025,E-commerce,1,349.9,88.2,261.7,Venda
SKU_1752_SNO,15/08/2025,Varejo,2,859.8,187.78,336.01,Venda
SKU_1729_CLE,15/08/2025,Varejo,2,349.8,62.26,143.77,Venda
SKU_1680_SEA,15/08/2025,Varejo,3,1004.7,174.09,276.87,Venda
SKU_1749_SNO,15/08/2025,E-commerce,1,349.9,81.94,267.96,Venda
SKU_1733_SAG,15/08/2025,Varejo,1,349.9,74.74,275.16,Venda
SKU_1707_SAP,15/08/2025,E-commerce,1,279.9,57.85,222.05,Venda
SKU_1995_WHI,15/08/2025,Atacado,6,1409.4,493.32,152.68,Venda
SKU_1426_SEA,15/08/2025,Varejo,1,129.9,28.29,101.61,Venda
SKU_1756_BUB,15/08/2025,Atacado,3,539.7,215.88,107.94,Venda
SKU_1971_RAS,15/08/2025,Atacado,4,3319.6,1327.84,497.94,Venda
SKU_1667_LIG,15/08/2025,Atacado,8,1679.2,587.68,136.44,Venda
SKU_1775_PAS,15/08/2025,Varejo,1,279.9,62.87,217.03,Venda
SKU_1775_PAS,15/08/2025,Atacado,5,1399.5,489.8,181.94,Venda
SKU_1787_BAB,15/08/2025,Varejo,3,869.7,243.87,208.61,Venda
SKU_1503_CER,15/08/2025,Atacado,2,459.8,160.92,149.44,Venda
SKU_1737_DEE,15/08/2025,Atacado,3,2309.7,808.38,500.44,Venda
SKU_1779_MIN,15/08/2025,Varejo,1,214.9,34.61,180.29,Venda
SKU_1956_CLO,15/08/2025,Varejo,1,209.9,0.0,209.9,Venda
SKU_1953_LIM,15/08/2025,Varejo,2,469.8,0.0,234.9,Venda
SKU_1738_BLU,15/08/2025,Atacado,3,584.7,175.41,136.43,Venda
SKU_1751_MIN,15/08/2025,Varejo,3,989.7,197.49,264.07,Venda
SKU_1487_CLE,15/08/2025,E-commerce,3,1004.7,186.75,272.65,Venda
SKU_1712_NAV,15/08/2025,Varejo,1,179.9,38.72,141.18,Venda
SKU_1700_HUN,15/08/2025,Atacado,10,6999.0,2099.7,489.93,Venda
SKU_1686_MOS,15/08/2025,Atacado,5,1074.5,376.1,139.68,Venda
SKU_1749_SNO,15/08/2025,Atacado,3,1049.7,419.88,209.94,Venda
SKU_1672_TEA,15/08/2025,Varejo,1,294.9,50.96,243.94,Venda
SKU_1764_FUC,15/08/2025,Varejo,1,234.9,54.21,180.69,Venda
SKU_1690_MAG,15/08/2025,Varejo,1,539.9,112.3,427.6,Venda
SKU_1463_LIG,15/08/2025,Atacado,6,1559.4,467.82,181.93,Venda
SKU_1716_AQU,15/08/2025,Atacado,3,494.7,173.16,107.18,Venda
SKU_1709_CRE,15/08/2025,Varejo,1,209.9,31.77,178.13,Venda
SKU_1716_AQU,15/08/2025,Varejo,1,164.9,48.43,116.47,Venda
SKU_1780_AQU,15/08/2025,Atacado,3,1004.7,301.41,234.43,Venda
SKU_1676_PIN,15/08/2025,Atacado,6,1019.4,356.76,110.44,Venda
SKU_1766_CLE,15/08/2025,Varejo,1,394.9,101.15,293.75,Venda
SKU_1688_LIG,15/08/2025,Atacado,10,4299.0,1504.6,279.44,Venda
SKU_1463_LIG,15/08/2025,E-commerce,1,259.9,63.33,196.57,Venda
SKU_1733_NAV,15/08/2025,Varejo,1,349.9,78.03,271.87,Venda
SKU_1854_NAV,15/08/2025,Atacado,2,369.8,147.92,110.94,Venda
SKU_1737_SAG,15/08/2025,Atacado,3,2309.7,692.91,538.93,Venda
SKU_1738_BLU,15/08/2025,Varejo,1,194.9,36.1,158.8,Venda
SKU_1722_AQU,15/08/2025,E-commerce,1,324.9,71.33,253.57,Venda
SKU_1714_MID,15/08/2025,Varejo,1,304.9,67.93,236.97,Venda
SKU_1799_POW,15/08/2025,Atacado,8,2159.2,755.68,175.44,Venda
SKU_1786_POW,15/08/2025,Atacado,5,899.5,314.8,116.94,Venda
SKU_1838_BAL,15/08/2025,Atacado,10,3199.0,959.7,223.93,Venda
SKU_1588_PAS,15/08/2025,Varejo,1,489.9,140.15,349.75,Venda
SKU_1925_PIN,15/08/2025,Atacado,6,2189.4,656.82,255.43,Venda
SKU_1777_TUR,15/08/2025,Varejo,1,239.9,52.01,187.89,Venda
SKU_1715_JAD,15/08/2025,E-commerce,2,439.8,94.48,172.66,Venda
SKU_1754_IVO,15/08/2025,Varejo,1,339.9,63.71,276.19,Venda
SKU_1772_SNO,15/08/2025,Atacado,6,2489.4,746.82,290.43,Venda
SKU_1818_BRI,15/08/2025,Atacado,12,2458.8,1106.4,112.7,Venda
SKU_1757_PIN,15/08/2025,Atacado,10,2649.0,1059.6,158.94,Venda
SKU_1753_PAL,15/08/2025,Atacado,4,3159.6,1263.84,473.94,Venda
SKU_1683_SHO,15/08/2025,Atacado,5,1574.5,472.35,220.43,Venda
SKU_1772_SNO,15/08/2025,Varejo,4,1659.6,331.4,332.05,Venda
SKU_1766_MYS,15/08/2025,Atacado,12,4738.8,1421.64,276.43,Venda
SKU_1447_OLI,15/08/2025,Atacado,2,479.8,191.92,143.94,Venda
SKU_1796_SHO,15/08/2025,Atacado,8,4039.2,1211.76,353.43,Venda
SKU_1855_FLA,15/08/2025,Atacado,2,549.8,192.42,178.69,Venda
SKU_1777_TUR,15/08/2025,Atacado,8,1919.2,575.76,167.93,Venda
SKU_1687_WHI,15/08/2025,Varejo,1,899.9,224.73,675.17,Venda
SKU_1709_CRE,15/08/2025,Atacado,2,419.8,167.92,125.94,Venda
SKU_1728_EGR,15/08/2025,Varejo,1,329.9,51.78,278.12,Venda
SKU_1598_NAV,15/08/2025,Varejo,2,979.8,187.04,396.38,Venda
SKU_1801_MOS,15/08/2025,E-commerce,1,374.9,85.75,289.15,Venda
SKU_1778_TEA,15/08/2025,E-commerce,2,569.8,130.94,219.43,Venda
SKU_1684_SHO,15/08/2025,Atacado,8,1479.2,517.76,120.18,Venda
SKU_2026_HON,15/08/2025,Atacado,10,10299.0,3604.6,669.44,Venda
SKU_1749_BIR,15/08/2025,Atacado,3,1049.7,367.38,227.44,Venda
SKU_1735_COR,15/08/2025,Varejo,1,269.9,44.89,225.01,Venda
SKU_1636_SHO,15/08/2025,Atacado,2,879.8,307.92,285.94,Venda
SKU_1708_FRE,15/08/2025,Varejo,2,339.8,79.58,130.11,Venda
SKU_1795_RAS,15/08/2025,Atacado,6,1799.4,539.82,209.93,Venda
SKU_1726_BUB,15/08/2025,Varejo,2,859.8,182.1,338.85,Venda
SKU_1487_BRI,15/08/2025,Atacado,5,1674.5,586.05,217.69,Venda
SKU_1724_PEA,15/08/2025,E-commerce,1,1114.9,270.98,843.92,Venda
SKU_2075_COB,15/08/2025,Varejo,1,239.9,0.0,239.9,Venda
SKU_1764_MAR,15/08/2025,Atacado,6,1409.4,493.32,152.68,Venda
SKU_1680_NAV,15/08/2025,Varejo,1,334.9,73.18,261.72,Venda
SKU_1792_MIN,15/08/2025,Atacado,6,2639.4,1055.76,263.94,Venda
SKU_1794_LIG,15/08/2025,Varejo,2,419.8,76.68,171.56,Venda
SKU_1933_GAR,15/08/2025,Varejo,1,224.9,0.0,224.9,Venda
SKU_1634_NAV,15/08/2025,Atacado,10,9799.0,3429.6,636.94,Venda
SKU_1594_WHI,15/08/2025,Varejo,1,499.9,102.71,397.19,Venda
SKU_1609_LIM,15/08/2025,Varejo,2,539.8,95.26,222.27,Venda
SKU_1438_DEE,15/08/2025,Varejo,2,409.8,76.42,166.69,Venda
SKU_1792_AQU,15/08/2025,Atacado,2,879.8,351.92,263.94,Venda
SKU_1704_BAB,15/08/2025,Varejo,1,334.9,52.36,282.54,Venda
SKU_1685_COB,15/08/2025,Atacado,2,1329.8,531.92,398.94,Venda
SKU_1762_BRI,15/08/2025,E-commerce,3,764.7,203.16,187.18,Venda
SKU_1726_PAS,15/08/2025,Varejo,1,429.9,125.96,303.94,Venda
SKU_1795_HUN,15/08/2025,Atacado,3,899.7,314.88,194.94,Venda
SKU_1690_MAG,15/08/2025,E-commerce,1,539.9,95.24,444.66,Venda
SKU_1727_WHI,15/08/2025,Atacado,2,309.8,92.94,108.43,Venda
SKU_1778_TEA,15/08/2025,E-commerce,1,284.9,52.62,232.28,Venda
SKU_1749_SNO,15/08/2025,Atacado,3,1049.7,314.91,244.93,Venda
SKU_1799_POW,15/08/2025,Atacado,6,1619.4,647.76,161.94,Venda
SKU_1759_COB,15/08/2025,E-commerce,1,269.9,43.11,226.79,Venda
SKU_1719_WHI,15/08/2025,Varejo,3,959.7,165.72,264.66,Venda
SKU_1749_BIR,15/08/2025,Varejo,3,1049.7,185.19,288.17,Venda
SKU_1725_BAB,15/08/2025,Varejo,2,489.8,126.06,181.87,Venda
SKU_1690_MAG,15/08/2025,Varejo,1,539.9,101.84,438.06,Venda
SKU_1749_SNO,15/08/2025,Varejo,2,699.8,166.1,266.85,Venda
SKU_1716_AQU,15/08/2025,E-commerce,1,164.9,25.2,139.7,Venda
SKU_1737_DEE,15/08/2025,Atacado,3,2309.7,923.88,461.94,Venda
SKU_1718_DUS,15/08/2025,Varejo,1,369.9,57.15,312.75,Venda
SKU_1687_FOR,15/08/2025,Atacado,3,2699.7,809.91,629.93,Venda
SKU_1766_MYS,15/08/2025,Varejo,2,789.8,179.52,305.14,Venda
SKU_1712_NAV,15/08/2025,E-commerce,1,179.9,44.71,135.19,Venda
SKU_1954_ROY,15/08/2025,Atacado,8,1679.2,503.76,146.93,Venda
SKU_1448_SEA,15/08/2025,Varejo,1,179.9,37.92,141.98,Venda
SKU_1719_WHI,15/08/2025,Atacado,4,1279.6,447.84,207.94,Venda
SKU_1513_PAS,15/08/2025,Atacado,3,644.7,225.66,139.68,Venda
SKU_1752_SPA,15/08/2025,Atacado,3,1289.7,451.38,279.44,Venda
SKU_1703_PAS,15/08/2025,E-commerce,1,269.9,64.27,205.63,Venda
SKU_2087_DEN,15/08/2025,Atacado,2,499.8,199.92,149.94,Venda
SKU_1434_ARM,15/08/2025,Atacado,10,2099.0,839.6,125.94,Venda
SKU_1773_OLI,15/08/2025,Atacado,10,3249.0,974.7,227.43,Venda
SKU_1744_EME,15/08/2025,E-commerce,1,264.9,51.45,213.45,Venda
SKU_1686_MOS,15/08/2025,Atacado,12,2578.8,773.64,150.43,Venda
SKU_1722_AQU,15/08/2025,Atacado,5,1624.5,568.55,211.19,Venda
SKU_1800_SKY,15/08/2025,Varejo,1,279.9,44.62,235.28,Venda
SKU_1712_NAV,15/08/2025,Varejo,1,179.9,35.25,144.65,Venda
SKU_1773_FRE,15/08/2025,E-commerce,1,324.9,94.64,230.26,Venda
SKU_1976_SKY,15/08/2025,Atacado,6,3239.4,971.82,377.93,Venda
SKU_1688_WHI,15/08/2025,Atacado,4,1719.6,601.84,279.44,Venda
SKU_1516_CRE,15/08/2025,Varejo,1,349.9,103.73,246.17,Venda
SKU_1768_PEA,15/08/2025,E-commerce,1,624.9,114.96,509.94,Venda
SKU_1735_MOS,15/08/2025,Atacado,3,809.7,283.38,175.44,Venda
SKU_1607_MAR,15/08/2025,Varejo,1,299.9,81.61,218.29,Venda
SKU_1647_ARM,15/08/2025,Atacado,6,2039.4,611.82,237.93,Venda
SKU_1730_OFF,15/08/2025,Atacado,3,959.7,383.88,191.94,Venda
SKU_1425_WHI,15/08/2025,Atacado,4,839.6,335.84,125.94,Venda
SKU_1590_MYS,15/08/2025,Atacado,4,759.6,227.88,132.93,Venda
SKU_1701_BLU,15/08/2025,E-commerce,1,339.9,98.9,241.0,Venda
SKU_1688_WHI,15/08/2025,E-commerce,1,429.9,101.84,328.06,Venda
SKU_1890_TEA,15/08/2025,Atacado,2,509.8,178.44,165.68,Venda
SKU_1707_SAP,15/08/2025,Varejo,3,839.7,159.27,226.81,Venda
SKU_2108_BLU,15/08/2025,Varejo,2,599.8,0.0,299.9,Venda
SKU_1740_OLI,15/08/2025,Varejo,2,429.8,126.72,151.54,Venda
SKU_1568_PIN,15/08/2025,Atacado,3,704.7,281.88,140.94,Venda
SKU_1682_BIR,15/08/2025,E-commerce,1,234.9,51.31,183.59,Venda
SKU_1786_POW,15/08/2025,Atacado,6,1079.4,323.82,125.93,Venda
SKU_1752_SNO,15/08/2025,Varejo,1,429.9,75.08,354.82,Venda
SKU_1754_IVO,15/08/2025,Atacado,6,2039.4,611.82,237.93,Venda
SKU_1994_COB,15/08/2025,Atacado,3,809.7,283.38,175.44,Venda
SKU_1591_MYS,15/08/2025,Varejo,1,889.9,213.42,676.48,Venda
SKU_1742_EME,15/08/2025,Atacado,6,1559.4,545.76,168.94,Venda
SKU_1665_RAS,15/08/2025,E-commerce,2,499.8,109.16,195.32,Venda
SKU_1703_PAS,15/08/2025,Varejo,3,809.7,223.62,195.36,Venda
SKU_1786_POW,15/08/2025,Atacado,2,359.8,125.92,116.94,Venda
SKU_1707_SAP,15/08/2025,Varejo,1,279.9,57.43,222.47,Venda
SKU_1976_SKY,15/08/2025,Varejo,1,539.9,0.0,539.9,Venda
SKU_1783_EGR,15/08/2025,Varejo,1,1199.9,213.82,986.08,Venda
SKU_1790_ROY,15/08/2025,Atacado,3,779.7,233.91,181.93,Venda
SKU_1726_BUB,15/08/2025,Atacado,4,1719.6,773.84,236.44,Venda
SKU_1770_DEE,15/08/2025,Varejo,1,219.9,51.82,168.08,Venda
SKU_2015_OLI,15/08/2025,E-commerce,1,314.9,0.0,314.9,Venda
SKU_1956_PEA,15/08/2025,Atacado,4,839.6,293.84,136.44,Venda
SKU_1606_SEA,15/08/2025,Varejo,1,1084.9,206.13,878.77,Venda
SKU_1706_JAD,15/08/2025,Varejo,1,184.9,54.77,130.13,Venda
SKU_1781_AQU,15/08/2025,Varejo,1,129.9,34.78,95.12,Venda
SKU_1800_MOS,15/08/2025,Varejo,2,559.8,125.86,216.97,Venda
SKU_1685_BIR,15/08/2025,Varejo,1,664.9,182.71,482.19,Venda
SKU_1612_SNO,15/08/2025,Atacado,5,1649.5,494.85,230.93,Venda
SKU_1731_ARM,15/08/2025,Varejo,3,2729.7,666.45,687.75,Venda
SKU_1880_DUS,15/08/2025,Atacado,4,3399.6,1019.88,594.93,Venda
SKU_1657_SPA,15/08/2025,Atacado,3,644.7,225.66,139.68,Venda
SKU_1714_MID,15/08/2025,Atacado,3,914.7,274.41,213.43,Venda
SKU_1790_ROY,15/08/2025,Varejo,1,259.9,72.88,187.02,Venda
SKU_1745_PEA,15/08/2025,E-commerce,2,819.8,242.52,288.64,Venda
SKU_1743_DEE,15/08/2025,Atacado,5,2199.5,659.85,307.93,Venda
SKU_1773_FRE,15/08/2025,Atacado,8,2599.2,779.76,227.43,Venda
SKU_1597_SHO,15/08/2025,E-commerce,3,1589.7,383.61,402.03,Venda
SKU_1752_SNO,15/08/2025,Varejo,1,429.9,117.46,312.44,Venda
SKU_1419_WHI,15/08/2025,Atacado,3,749.7,262.38,162.44,Venda
SKU_1732_WHI,15/08/2025,E-commerce,1,1114.9,265.08,849.82,Venda
SKU_1745_FOR,15/08/2025,Atacado,4,1639.6,655.84,245.94,Venda
SKU_1644_BAB,15/08/2025,E-commerce,1,319.9,51.24,268.66,Venda
SKU_1729_FUC,15/08/2025,Atacado,4,699.6,209.88,122.43,Venda
SKU_1782_NAV,15/08/2025,Atacado,8,1999.2,699.68,162.44,Venda
SKU_1456_EME,15/08/2025,E-commerce,1,314.9,92.0,222.9,Venda
SKU_1770_JAD,15/08/2025,Varejo,1,219.9,53.37,166.53,Venda
SKU_1759_COB,16/08/2025,Atacado,10,2699.0,944.6,175.44,Venda
SKU_1740_FRE,16/08/2025,Varejo,1,214.9,38.62,176.28,Venda
SKU_1747_TEA,16/08/2025,E-commerce,1,174.9,49.11,125.79,Venda
SKU_1696_SER,16/08/2025,E-commerce,1,279.9,59.55,220.35,Venda
SKU_1784_BLA,16/08/2025,Atacado,12,3718.8,1487.52,185.94,Venda
SKU_1748_BAB,16/08/2025,Atacado,3,929.7,278.91,216.93,Venda
SKU_1601_EME,16/08/2025,Varejo,2,1469.8,232.62,618.59,Venda
SKU_1763_MAR,16/08/2025,Varejo,2,599.8,163.92,217.94,Venda
SKU_1801_FLA,16/08/2025,Atacado,5,1874.5,562.35,262.43,Venda
SKU_1687_WHI,16/08/2025,Atacado,4,3599.6,1259.84,584.94,Venda
SKU_1442_EME,16/08/2025,Varejo,2,579.8,118.88,230.46,Venda
SKU_1448_SKY,16/08/2025,E-commerce,1,179.9,53.23,126.67,Venda
SKU_1694_SER,16/08/2025,E-commerce,1,279.9,43.95,235.95,Venda
SKU_1801_MOS,16/08/2025,Varejo,1,374.9,89.68,285.22,Venda
SKU_1695_CRE,16/08/2025,E-commerce,1,209.9,49.24,160.66,Venda
SKU_1729_FUC,16/08/2025,E-commerce,2,349.8,72.0,138.9,Venda
SKU_1449_NAV,16/08/2025,Atacado,6,1949.4,584.82,227.43,Venda
SKU_2092_FUC,16/08/2025,Atacado,5,1374.5,481.05,178.69,Venda
SKU_1520_ROY,16/08/2025,Varejo,2,449.8,87.04,181.38,Venda
SKU_1743_CLO,16/08/2025,E-commerce,1,439.9,78.49,361.41,Venda
SKU_1782_NAV,16/08/2025,Varejo,1,249.9,38.3,211.6,Venda
SKU_1737_SAG,16/08/2025,Atacado,4,3079.6,923.88,538.93,Venda
SKU_1722_PAS,16/08/2025,Atacado,12,3898.8,1169.64,227.43,Venda
SKU_1779_MIN,16/08/2025,Atacado,10,2149.0,644.7,150.43,Venda
SKU_1759_COB,16/08/2025,Atacado,10,2699.0,809.7,188.93,Venda
SKU_1862_PIN,16/08/2025,Varejo,2,449.8,0.0,224.9,Venda
SKU_1433_SAP,16/08/2025,E-commerce,1,314.9,50.24,264.66,Venda
SKU_1690_MYS,16/08/2025,E-commerce,1,539.9,81.9,458.0,Venda
SKU_1547_FUC,16/08/2025,Atacado,3,989.7,296.91,230.93,Venda
SKU_1444_HUN,16/08/2025,Atacado,10,2399.0,959.6,143.94,Venda
SKU_1729_CLE,16/08/2025,E-commerce,3,524.7,150.03,124.89,Venda
SKU_1818_BRI,16/08/2025,E-commerce,1,204.9,0.0,204.9,Venda
SKU_1782_HUN,16/08/2025,E-commerce,1,249.9,50.26,199.64,Venda
SKU_1411_RAS,16/08/2025,Atacado,10,2249.0,899.6,134.94,Venda
SKU_1571_WHI,16/08/2025,Atacado,5,1249.5,499.8,149.94,Venda
SKU_1680_NAV,16/08/2025,Atacado,8,2679.2,803.76,234.43,Venda
SKU_1760_PAS,16/08/2025,Varejo,1,249.9,67.05,182.85,Venda
SKU_1770_DEE,16/08/2025,Varejo,3,659.7,183.54,158.72,Venda
SKU_1541_AQU,16/08/2025,Atacado,4,2699.6,1079.84,404.94,Venda
SKU_1476_WHI,16/08/2025,Atacado,6,1649.4,494.82,192.43,Venda
SKU_1475_VAN,16/08/2025,Varejo,2,499.8,94.16,202.82,Venda
SKU_1591_MYS,16/08/2025,Varejo,1,889.9,236.79,653.11,Venda
SKU_1693_MEX,16/08/2025,Atacado,5,1024.5,307.35,143.43,Venda
SKU_1432_BRI,16/08/2025,Atacado,10,7199.0,2519.6,467.94,Venda
SKU_1734_FRE,16/08/2025,Atacado,5,1749.5,699.8,209.94,Venda
SKU_1651_SAL,16/08/2025,Varejo,1,264.9,57.85,207.05,Venda
SKU_1588_CRE,16/08/2025,E-commerce,1,489.9,94.33,395.57,Venda
SKU_1692_BLU,16/08/2025,Atacado,6,1319.4,395.82,153.93,Venda
SKU_1579_DEN,16/08/2025,Atacado,10,2299.0,804.6,149.44,Venda
SKU_1835_BAB,16/08/2025,Atacado,2,369.8,129.44,120.18,Venda
SKU_1561_LIM,16/08/2025,Varejo,1,349.9,66.26,283.64,Venda
SKU_1749_BIR,16/08/2025,Atacado,4,1399.6,419.88,244.93,Venda
SKU_1756_FLA,16/08/2025,Varejo,1,179.9,51.31,128.59,Venda
SKU_1595_FLA,16/08/2025,Varejo,1,299.9,79.61,220.29,Venda
SKU_1505_BLU,16/08/2025,Atacado,6,1409.4,634.2,129.2,Venda
SKU_1684_HON,16/08/2025,E-commerce,1,184.9,31.4,153.5,Venda
SKU_1495_BLA,16/08/2025,Atacado,8,2639.2,923.68,214.44,Venda
SKU_1655_TEA,16/08/2025,Varejo,3,1934.7,401.73,510.99,Venda
SKU_1410_JAD,16/08/2025,Atacado,5,5699.5,1994.8,740.94,Venda
SKU_1439_CER,16/08/2025,Varejo,1,184.9,43.29,141.61,Venda
SKU_1654_CRE,16/08/2025,Varejo,3,929.7,222.15,235.85,Venda
SKU_1948_WHI,16/08/2025,Varejo,1,199.9,0.0,199.9,Venda
SKU_1769_WHI,16/08/2025,E-commerce,1,324.9,78.75,246.15,Venda
SKU_1716_AQU,16/08/2025,Atacado,3,494.7,173.16,107.18,Venda
SKU_1553_DEN,16/08/2025,Atacado,3,764.7,305.88,152.94,Venda
SKU_1682_BIR,16/08/2025,Varejo,2,469.8,114.0,177.9,Venda
SKU_1721_COR,16/08/2025,Varejo,3,1259.7,281.91,325.93,Venda
SKU_1773_FRE,16/08/2025,Varejo,2,649.8,109.2,270.3,Venda
SKU_1626_DEN,16/08/2025,Varejo,1,539.9,156.65,383.25,Venda
SKU_1390_PAS,16/08/2025,Atacado,3,689.7,206.91,160.93,Venda
SKU_1782_NAV,16/08/2025,Atacado,5,1249.5,374.85,174.93,Venda
SKU_1730_MIN,16/08/2025,Varejo,1,319.9,82.49,237.41,Venda
SKU_1772_SNO,16/08/2025,Varejo,1,414.9,97.25,317.65,Venda
SKU_1695_LIM,16/08/2025,Atacado,8,1679.2,587.68,136.44,Venda
SKU_1760_OFF,16/08/2025,Varejo,1,249.9,50.73,199.17,Venda
SKU_1719_OFF,16/08/2025,Atacado,8,2559.2,767.76,223.93,Venda
SKU_1744_EME,16/08/2025,Atacado,3,794.7,238.41,185.43,Venda
SKU_1776_BIR,16/08/2025,Atacado,5,1649.5,659.8,197.94,Venda
SKU_1757_PIN,16/08/2025,Atacado,8,2119.2,847.68,158.94,Venda
SKU_1603_BUB,16/08/2025,Varejo,1,744.9,128.05,616.85,Venda
SKU_1668_DEN,16/08/2025,Varejo,1,269.9,68.37,201.53,Venda
SKU_1866_ROS,16/08/2025,Varejo,1,324.9,0.0,324.9,Venda
SKU_1726_BUB,16/08/2025,E-commerce,1,429.9,73.38,356.52,Venda
SKU_1716_SAL,16/08/2025,Atacado,6,989.4,395.76,98.94,Venda
SKU_1714_DEE,16/08/2025,E-commerce,1,304.9,57.5,247.4,Venda
SKU_1783_EGR,16/08/2025,Varejo,2,2399.8,680.2,859.8,Venda
SKU_1616_COR,16/08/2025,Atacado,3,3074.7,922.41,717.43,Venda
SKU_1794_LIG,16/08/2025,Varejo,1,209.9,56.01,153.89,Venda
SKU_1737_DEE,16/08/2025,Atacado,4,3079.6,923.88,538.93,Venda
SKU_1506_PAL,16/08/2025,Atacado,5,1149.5,459.8,137.94,Venda
SKU_1766_MYS,16/08/2025,Atacado,5,1974.5,592.35,276.43,Venda
SKU_1773_OLI,16/08/2025,E-commerce,1,324.9,56.86,268.04,Venda
SKU_1756_BUB,16/08/2025,Atacado,5,899.5,269.85,125.93,Venda
SKU_1910_MID,16/08/2025,Atacado,3,2249.7,674.91,524.93,Venda
SKU_1479_FUC,16/08/2025,E-commerce,1,554.9,83.42,471.48,Venda
SKU_1708_FLA,16/08/2025,Atacado,2,339.8,101.94,118.93,Venda
SKU_1574_COB,16/08/2025,Varejo,3,1814.7,436.86,459.28,Venda
SKU_2057_SNO,16/08/2025,Atacado,2,1889.8,661.44,614.18,Venda
SKU_1490_EME,16/08/2025,Varejo,2,629.8,142.18,243.81,Venda
SKU_1703_BLU,16/08/2025,Varejo,2,539.8,139.08,200.36,Venda
SKU_1771_PIN,16/08/2025,Atacado,5,1324.5,463.55,172.19,Venda
SKU_1713_SNO,16/08/2025,Varejo,1,504.9,139.23,365.67,Venda
SKU_1755_AQU,16/08/2025,Atacado,5,1674.5,502.35,234.43,Venda
SKU_1795_RAS,16/08/2025,Varejo,1,299.9,54.01,245.89,Venda
SKU_1783_EGR,16/08/2025,Atacado,4,4799.6,1439.88,839.93,Venda
SKU_1607_MAR,16/08/2025,Atacado,5,1499.5,449.85,209.93,Venda
SKU_1607_MAR,16/08/2025,Varejo,2,599.8,97.1,251.35,Venda
SKU_1779_LIG,16/08/2025,Varejo,1,214.9,44.55,170.35,Venda
SKU_1707_SAP,16/08/2025,Atacado,8,2239.2,783.68,181.94,Venda
SKU_1796_OLI,16/08/2025,E-commerce,1,504.9,127.33,377.57,Venda
SKU_1789_EME,16/08/2025,Varejo,1,269.9,46.49,223.41,Venda
SKU_1683_PAL,16/08/2025,Varejo,1,314.9,88.25,226.65,Venda
SKU_1796_SHO,16/08/2025,Atacado,6,3029.4,908.82,353.43,Venda
SKU_1711_VAN,16/08/2025,Varejo,2,1989.8,596.92,696.44,Venda
SKU_2067_DUS,16/08/2025,Atacado,8,2799.2,839.76,244.93,Venda
SKU_1680_NAV,16/08/2025,Varejo,1,334.9,58.9,276.0,Venda
SKU_1762_BRI,16/08/2025,Atacado,6,1529.4,611.76,152.94,Venda
SKU_1503_CER,16/08/2025,Varejo,1,229.9,57.75,172.15,Venda
SKU_1697_MIN,16/08/2025,E-commerce,1,219.9,40.17,179.73,Venda
SKU_1591_HON,16/08/2025,Varejo,1,889.9,177.54,712.36,Venda
SKU_1473_BAB,16/08/2025,Atacado,3,539.7,215.88,107.94,Venda
SKU_1744_EME,16/08/2025,Varejo,1,264.9,68.26,196.64,Venda
SKU_1723_COB,16/08/2025,Varejo,1,434.9,121.4,313.5,Venda
SKU_1687_FOR,16/08/2025,E-commerce,1,899.9,190.61,709.29,Venda
SKU_1568_PIN,16/08/2025,Varejo,1,234.9,42.55,192.35,Venda
SKU_1445_PRI,16/08/2025,E-commerce,2,819.8,191.4,314.2,Venda
SKU_1709_MAR,16/08/2025,Atacado,4,839.6,293.84,136.44,Venda
SKU_1702_LIG,16/08/2025,E-commerce,1,619.9,166.3,453.6,Venda
SKU_1762_DEN,16/08/2025,Varejo,1,254.9,59.0,195.9,Venda
SKU_1630_LIM,16/08/2025,Atacado,5,1674.5,669.8,200.94,Venda
SKU_1553_DEN,16/08/2025,Atacado,4,1019.6,356.88,165.68,Venda
SKU_1785_HUN,16/08/2025,Varejo,3,734.7,206.28,176.14,Venda
SKU_1578_TEA,16/08/2025,Varejo,1,124.9,27.54,97.36,Venda
SKU_1736_PAS,16/08/2025,Varejo,1,324.9,62.35,262.55,Venda
SKU_1719_OFF,16/08/2025,Atacado,10,3199.0,1119.6,207.94,Venda
SKU_1690_MAG,16/08/2025,Varejo,2,1079.8,186.16,446.82,Venda
SKU_1429_MAG,16/08/2025,Varejo,2,379.8,109.68,135.06,Venda
SKU_1709_MAR,16/08/2025,Varejo,2,419.8,65.74,177.03,Venda
SKU_1706_JAD,16/08/2025,Varejo,1,184.9,35.12,149.78,Venda
SKU_1790_ROY,16/08/2025,Atacado,4,1039.6,311.88,181.93,Venda
SKU_1738_ROY,16/08/2025,Atacado,5,974.5,341.1,126.68,Venda
SKU_1979_DEN,16/08/2025,E-commerce,1,194.9,0.0,194.9,Venda
SKU_1747_TEA,16/08/2025,Atacado,6,1049.4,367.32,113.68,Venda
SKU_1717_MIN,16/08/2025,Varejo,1,259.9,67.39,192.51,Venda
SKU_1761_SAP,16/08/2025,Varejo,3,3314.7,678.93,878.59,Venda
SKU_1399_CRE,16/08/2025,E-commerce,1,269.9,56.14,213.76,Venda
SKU_1731_MIN,16/08/2025,Atacado,6,5459.4,1637.82,636.93,Venda
SKU_1735_COR,16/08/2025,Atacado,3,809.7,283.38,175.44,Venda
SKU_1756_FLA,16/08/2025,Varejo,1,179.9,38.08,141.82,Venda
SKU_1763_MAR,16/08/2025,E-commerce,1,299.9,56.17,243.73,Venda
SKU_1461_PRI,16/08/2025,Atacado,8,8559.2,2995.68,695.44,Venda
SKU_1604_SNO,16/08/2025,Atacado,5,3024.5,1058.55,393.19,Venda
SKU_1713_SAL,16/08/2025,Varejo,1,504.9,112.26,392.64,Venda
SKU_1711_VAN,16/08/2025,Atacado,5,4974.5,1492.35,696.43,Venda
SKU_1696_SHO,16/08/2025,Atacado,2,559.8,195.92,181.94,Venda
SKU_1537_SAP,16/08/2025,Varejo,1,254.9,57.51,197.39,Venda
SKU_2043_WHI,16/08/2025,Atacado,5,1749.5,524.85,244.93,Venda
SKU_1903_DUS,16/08/2025,Atacado,4,1319.6,461.84,214.44,Venda
SKU_1720_PAS,16/08/2025,Atacado,4,899.6,359.84,134.94,Venda
SKU_1708_FRE,16/08/2025,Varejo,3,509.7,83.13,142.19,Venda
SKU_1625_DUS,16/08/2025,Atacado,2,409.8,122.94,143.43,Venda
SKU_1693_MEX,16/08/2025,Varejo,1,204.9,31.4,173.5,Venda
SKU_1702_COR,16/08/2025,Atacado,3,1859.7,650.88,402.94,Venda
SKU_2018_BAB,16/08/2025,Varejo,4,1919.6,0.0,479.9,Venda
SKU_1789_EME,16/08/2025,Varejo,1,269.9,55.76,214.14,Venda
SKU_1479_MIN,16/08/2025,Varejo,1,554.9,96.26,458.64,Venda
SKU_1735_MOS,16/08/2025,Varejo,1,269.9,73.41,196.49,Venda
SKU_1595_FLA,16/08/2025,Varejo,1,299.9,88.96,210.94,Venda
SKU_1704_PEA,16/08/2025,Varejo,1,334.9,95.25,239.65,Venda
SKU_1770_JAD,16/08/2025,Varejo,1,219.9,46.32,173.58,Venda
SKU_1799_POW,16/08/2025,Varejo,1,269.9,76.47,193.43,Venda
SKU_1685_BIR,16/08/2025,Atacado,10,6649.0,2327.1,432.19,Venda
SKU_1738_ROY,16/08/2025,Varejo,1,194.9,55.81,139.09,Venda
SKU_1780_LIG,16/08/2025,E-commerce,1,334.9,57.57,277.33,Venda
SKU_1775_PAS,16/08/2025,Varejo,1,279.9,43.04,236.86,Venda
SKU_1698_SNO,16/08/2025,E-commerce,1,419.9,100.84,319.06,Venda
SKU_1777_FRE,16/08/2025,E-commerce,1,239.9,67.99,171.91,Venda
SKU_1734_FRE,16/08/2025,Varejo,1,349.9,100.14,249.76,Venda
SKU_1878_SEA,16/08/2025,Varejo,2,879.8,0.0,439.9,Venda
SKU_1709_MAR,16/08/2025,Varejo,3,629.7,166.2,154.5,Venda
SKU_1713_SNO,16/08/2025,Atacado,4,2019.6,706.84,328.19,Venda
SKU_1914_SNO,16/08/2025,E-commerce,1,199.9,0.0,199.9,Venda
SKU_1775_PAS,16/08/2025,Varejo,1,279.9,53.49,226.41,Venda
SKU_1586_EGR,16/08/2025,Atacado,6,1829.4,640.26,198.19,Venda
SKU_1784_BLA,16/08/2025,Varejo,1,309.9,87.06,222.84,Venda
SKU_1696_SHO,16/08/2025,Atacado,10,2799.0,979.6,181.94,Venda
SKU_1785_PAS,16/08/2025,Atacado,10,2449.0,857.2,159.18,Venda
SKU_1691_HUN,16/08/2025,Varejo,1,309.9,76.98,232.92,Venda
SKU_1693_MEX,16/08/2025,Varejo,1,204.9,44.23,160.67,Venda
SKU_1772_BLU,16/08/2025,Varejo,1,414.9,118.2,296.7,Venda
SKU_1714_MID,16/08/2025,E-commerce,1,304.9,81.7,223.2,Venda
SKU_1691_HUN,16/08/2025,Varejo,1,309.9,57.86,252.04,Venda
SKU_1783_BAB,16/08/2025,Varejo,2,2399.8,400.68,999.56,Venda
SKU_1753_WHI,16/08/2025,Atacado,8,6319.2,1895.76,552.93,Venda
SKU_1785_HUN,16/08/2025,Varejo,1,244.9,59.92,184.98,Venda
SKU_1467_OLI,16/08/2025,E-commerce,1,204.9,54.48,150.42,Venda
SKU_1764_MAR,16/08/2025,Varejo,1,234.9,37.62,197.28,Venda
SKU_1767_FUC,16/08/2025,Atacado,4,819.6,245.88,143.43,Venda
SKU_1628_PEA,16/08/2025,E-commerce,1,549.9,105.28,444.62,Venda
SKU_1725_BAB,16/08/2025,Atacado,10,2449.0,734.7,171.43,Venda
SKU_1487_BRI,16/08/2025,Atacado,4,1339.6,401.88,234.43,Venda
SKU_1735_MOS,16/08/2025,Atacado,2,539.8,161.94,188.93,Venda
SKU_1741_PEA,16/08/2025,Varejo,1,239.9,68.94,170.96,Venda
SKU_1681_OFF,16/08/2025,Atacado,3,704.7,246.66,152.68,Venda
SKU_1750_MIN,16/08/2025,Varejo,1,369.9,87.08,282.82,Venda
SKU_1636_SHO,16/08/2025,E-commerce,1,439.9,104.86,335.04,Venda
SKU_1785_HUN,16/08/2025,Atacado,8,1959.2,685.76,159.18,Venda
SKU_1780_LIG,16/08/2025,Atacado,5,1674.5,586.05,217.69,Venda
SKU_1912_MEX,16/08/2025,Varejo,1,384.9,0.0,384.9,Venda
SKU_2016_SAP,16/08/2025,E-commerce,1,224.9,0.0,224.9,Venda
SKU_1759_CLE,16/08/2025,Atacado,8,2159.2,647.76,188.93,Venda
SKU_1786_TEA,16/08/2025,E-commerce,1,179.9,29.96,149.94,Venda
SKU_1787_BAB,16/08/2025,Varejo,2,579.8,147.06,216.37,Venda
SKU_1870_AQU,16/08/2025,Varejo,1,229.9,0.0,229.9,Venda
SKU_1799_DEN,16/08/2025,Varejo,1,269.9,50.28,219.62,Venda
SKU_1463_LIG,16/08/2025,Atacado,4,1039.6,363.84,168.94,Venda
SKU_1696_SHO,16/08/2025,Varejo,4,1119.6,224.36,223.81,Venda
SKU_1808_PAS,16/08/2025,Varejo,1,959.9,0.0,959.9,Venda
SKU_1932_COB,16/08/2025,Atacado,6,1169.4,526.2,107.2,Venda
SKU_1713_SAL,16/08/2025,Varejo,1,504.9,147.31,357.59,Venda
SKU_1725_OFF,16/08/2025,Atacado,8,1959.2,685.76,159.18,Venda
SKU_1904_SNO,16/08/2025,Varejo,1,744.9,0.0,744.9,Venda
SKU_1753_WHI,16/08/2025,Atacado,10,7899.0,2764.6,513.44,Venda
SKU_1695_LIM,16/08/2025,Varejo,1,209.9,38.91,170.99,Venda
SKU_1769_WHI,16/08/2025,Varejo,1,324.9,75.03,249.87,Venda
SKU_1747_TEA,16/08/2025,Varejo,3,524.7,147.03,125.89,Venda
SKU_1452_DEE,16/08/2025,Varejo,3,434.7,127.41,102.43,Venda
SKU_1769_WHI,16/08/2025,E-commerce,1,324.9,63.23,261.67,Venda
SKU_1772_BLU,16/08/2025,Atacado,2,829.8,248.94,290.43,Venda
SKU_1767_FUC,16/08/2025,Varejo,2,409.8,101.42,154.19,Venda
SKU_1976_SKY,16/08/2025,Atacado,8,4319.2,1295.76,377.93,Venda
SKU_1713_SAL,16/08/2025,Varejo,2,1009.8,183.38,413.21,Venda
SKU_1743_CLO,16/08/2025,E-commerce,1,439.9,82.53,357.37,Venda
SKU_1690_MAG,16/08/2025,Varejo,1,539.9,161.73,378.17,Venda
SKU_1764_FUC,16/08/2025,Atacado,8,1879.2,657.76,152.68,Venda
SKU_1518_LIM,16/08/2025,Atacado,4,939.6,281.88,164.43,Venda
SKU_1616_COR,16/08/2025,Atacado,6,6149.4,2152.32,666.18,Venda
SKU_1582_PAS,16/08/2025,Atacado,8,1839.2,551.76,160.93,Venda
SKU_1907_TEA,16/08/2025,Varejo,3,824.7,0.0,274.9,Venda
SKU_1801_FLA,16/08/2025,Atacado,3,1124.7,449.88,224.94,Venda
SKU_1692_OLI,16/08/2025,Atacado,10,2199.0,769.6,142.94,Venda
SKU_1700_PIS,16/08/2025,E-commerce,1,699.9,182.75,517.15,Venda
SKU_1821_NAV,16/08/2025,Varejo,1,264.9,0.0,264.9,Venda
SKU_1772_SNO,16/08/2025,Varejo,1,414.9,111.43,303.47,Venda
SKU_1559_SKY,16/08/2025,Atacado,3,3599.7,1259.88,779.94,Venda
SKU_1698_SNO,16/08/2025,Varejo,1,419.9,108.73,311.17,Venda
SKU_1700_HUN,16/08/2025,Atacado,2,1399.8,489.92,454.94,Venda
SKU_1757_TUR,16/08/2025,Atacado,4,1059.6,317.88,185.43,Venda
SKU_2064_SAP,16/08/2025,Atacado,3,1199.7,419.88,259.94,Venda
SKU_1771_PIN,16/08/2025,Atacado,3,794.7,317.88,158.94,Venda
SKU_2007_SAG,16/08/2025,Varejo,2,419.8,0.0,209.9,Venda
SKU_1581_BIR,16/08/2025,Varejo,1,854.9,155.84,699.06,Venda
SKU_1587_DEE,16/08/2025,Varejo,2,459.8,70.46,194.67,Venda
SKU_1658_BAB,16/08/2025,Varejo,3,2639.7,511.74,709.32,Venda
SKU_1697_PIS,16/08/2025,Varejo,2,439.8,77.24,181.28,Venda
SKU_1727_LIG,16/08/2025,Atacado,5,774.5,271.1,100.68,Venda
SKU_1428_SKY,16/08/2025,Atacado,4,1959.6,685.84,318.44,Venda
SKU_2071_PEA,16/08/2025,Atacado,6,1559.4,545.76,168.94,Venda
SKU_1686_MOS,16/08/2025,Atacado,4,859.6,343.84,128.94,Venda
SKU_1764_MAR,16/08/2025,Atacado,4,939.6,281.88,164.43,Venda
SKU_1459_OFF,16/08/2025,Varejo,1,209.9,38.05,171.85,Venda
SKU_1486_PAL,16/08/2025,Varejo,2,579.8,133.68,223.06,Venda
SKU_1778_MIN,16/08/2025,Atacado,5,1424.5,498.55,185.19,Venda
SKU_1754_IVO,16/08/2025,Varejo,2,679.8,124.32,277.74,Venda
SKU_1728_MID,16/08/2025,Atacado,6,1979.4,692.76,214.44,Venda
SKU_1760_PAS,16/08/2025,Atacado,6,1499.4,449.82,174.93,Venda
SKU_1778_TEA,16/08/2025,Varejo,1,284.9,47.7,237.2,Venda
SKU_1778_MIN,16/08/2025,E-commerce,1,284.9,67.85,217.05,Venda
SKU_1864_BRI,16/08/2025,E-commerce,1,169.9,0.0,169.9,Venda
SKU_1785_PAS,16/08/2025,Varejo,1,244.9,40.51,204.39,Venda
SKU_1694_SER,16/08/2025,Varejo,1,279.9,82.35,197.55,Venda
SKU_1706_JAD,16/08/2025,Varejo,4,739.6,197.8,135.45,Venda
SKU_1484_MOS,16/08/2025,Atacado,5,2299.5,689.85,321.93,Venda
SKU_1720_PAS,16/08/2025,Atacado,12,2698.8,1079.52,134.94,Venda
SKU_1741_PIN,16/08/2025,E-commerce,1,239.9,69.4,170.5,Venda
SKU_1684_HON,16/08/2025,Atacado,4,739.6,221.88,129.43,Venda
SKU_1764_MAR,16/08/2025,Atacado,3,704.7,211.41,164.43,Venda
SKU_1462_MID,16/08/2025,E-commerce,1,364.9,98.92,265.98,Venda
SKU_1787_BAB,16/08/2025,Atacado,3,869.7,304.38,188.44,Venda
SKU_1718_SEA,16/08/2025,Atacado,10,3699.0,1294.6,240.44,Venda
SKU_1761_MOS,16/08/2025,Varejo,1,1104.9,186.75,918.15,Venda
SKU_1492_BIR,16/08/2025,Varejo,1,374.9,65.15,309.75,Venda
SKU_1733_NAV,16/08/2025,Varejo,1,349.9,91.08,258.82,Venda
SKU_1722_PAS,16/08/2025,Atacado,6,1949.4,779.76,194.94,Venda
SKU_1779_LIG,16/08/2025,Varejo,4,859.6,208.96,162.66,Venda
SKU_1801_FLA,16/08/2025,Atacado,3,1124.7,393.63,243.69,Venda
SKU_1734_BRI,16/08/2025,Atacado,4,1399.6,489.84,227.44,Venda
SKU_1756_FLA,16/08/2025,Varejo,2,359.8,94.88,132.46,Venda
SKU_1717_CRE,16/08/2025,Atacado,5,1299.5,389.85,181.93,Venda
SKU_1436_PAS,16/08/2025,Atacado,8,2239.2,671.76,195.93,Venda
SKU_1495_FUC,16/08/2025,Varejo,1,329.9,53.7,276.2,Venda
SKU_1758_HON,16/08/2025,Atacado,3,539.7,161.91,125.93,Venda
SKU_1715_JAD,16/08/2025,Varejo,1,219.9,53.82,166.08,Venda
SKU_1739_MOS,16/08/2025,Atacado,8,2039.2,611.76,178.43,Venda
SKU_1756_BUB,16/08/2025,Atacado,5,899.5,269.85,125.93,Venda
SKU_1562_BLU,16/08/2025,E-commerce,1,309.9,56.36,253.54,Venda
SKU_1749_BIR,16/08/2025,Varejo,3,1049.7,218.4,277.1,Venda
SKU_1742_DEN,16/08/2025,Atacado,5,1299.5,389.85,181.93,Venda
SKU_1770_JAD,16/08/2025,Varejo,3,659.7,108.9,183.6,Venda
SKU_1931_COR,16/08/2025,Varejo,1,744.9,0.0,744.9,Venda
SKU_1766_MYS,16/08/2025,E-commerce,1,394.9,85.63,309.27,Venda
SKU_1801_FLA,16/08/2025,Varejo,1,374.9,74.43,300.47,Venda
SKU_1758_HON,16/08/2025,Atacado,10,1799.0,539.7,125.93,Venda
SKU_1500_PAS,16/08/2025,Atacado,6,1559.4,545.76,168.94,Venda
SKU_1691_ROS,16/08/2025,Atacado,6,1859.4,650.76,201.44,Venda
SKU_1959_TUR,16/08/2025,Atacado,5,3699.5,1479.8,443.94,Venda
SKU_2097_SPA,16/08/2025,Atacado,4,799.6,239.88,139.93,Venda
SKU_1809_PRI,16/08/2025,Atacado,6,1439.4,431.82,167.93,Venda
SKU_1726_BUB,16/08/2025,Atacado,8,3439.2,1203.68,279.44,Venda
SKU_2041_POW,16/08/2025,E-commerce,1,219.9,0.0,219.9,Venda
SKU_2070_SPA,16/08/2025,Varejo,1,214.9,0.0,214.9,Venda
SKU_1692_OLI,16/08/2025,Varejo,1,219.9,56.36,163.54,Venda
SKU_1491_GAR,16/08/2025,Atacado,3,404.7,121.41,94.43,Venda
SKU_1696_SER,16/08/2025,Varejo,1,279.9,62.53,217.37,Venda
SKU_1713_SAL,16/08/2025,E-commerce,1,504.9,130.46,374.44,Venda
SKU_1747_FUC,16/08/2025,Atacado,6,1049.4,314.82,122.43,Venda
SKU_1393_COB,16/08/2025,Atacado,10,3099.0,929.7,216.93,Venda
SKU_1765_MYS,16/08/2025,Atacado,4,1039.6,363.84,168.94,Venda
SKU_1739_MOS,16/08/2025,Atacado,6,1529.4,458.82,178.43,Venda
SKU_1767_FUC,16/08/2025,Atacado,5,1024.5,307.35,143.43,Venda
SKU_1699_COB,16/08/2025,Atacado,5,1649.5,577.3,214.44,Venda
SKU_1687_FOR,16/08/2025,Atacado,2,1799.8,719.92,539.94,Venda
SKU_1578_PAS,16/08/2025,E-commerce,1,124.9,36.64,88.26,Venda
SKU_1407_EME,16/08/2025,E-commerce,1,214.9,47.15,167.75,Venda
SKU_2088_VAN,16/08/2025,Atacado,6,6569.4,2627.76,656.94,Venda
SKU_1784_EGR,16/08/2025,E-commerce,1,309.9,46.72,263.18,Venda
SKU_1766_MYS,16/08/2025,Atacado,4,1579.6,552.84,256.69,Venda
SKU_1639_WHI,16/08/2025,Varejo,3,569.7,118.11,150.53,Venda
SKU_1722_PAS,16/08/2025,E-commerce,1,324.9,79.62,245.28,Venda
SKU_1796_SHO,16/08/2025,Atacado,3,1514.7,605.88,302.94,Venda
SKU_1462_MID,16/08/2025,Atacado,6,2189.4,766.26,237.19,Venda
SKU_1786_POW,16/08/2025,Atacado,4,719.6,215.88,125.93,Venda
SKU_1469_ARM,16/08/2025,Varejo,4,1179.6,337.0,210.65,Venda
SKU_1728_MID,16/08/2025,Atacado,5,1649.5,577.3,214.44,Venda
SKU_1538_MAG,16/08/2025,Varejo,1,209.9,50.59,159.31,Venda
SKU_2064_PIS,16/08/2025,Varejo,2,799.8,0.0,399.9,Venda
SKU_1727_WHI,16/08/2025,Atacado,4,619.6,216.88,100.68,Venda
SKU_1739_MOS,16/08/2025,Varejo,3,764.7,211.32,184.46,Venda
SKU_1742_DEN,16/08/2025,Varejo,1,259.9,43.29,216.61,Venda
SKU_1785_HUN,16/08/2025,E-commerce,1,244.9,45.4,199.5,Venda
SKU_1888_SEA,16/08/2025,E-commerce,2,399.8,0.0,199.9,Venda
SKU_1843_NAV,16/08/2025,Varejo,1,304.9,0.0,304.9,Venda
SKU_1696_SHO,16/08/2025,Atacado,10,2799.0,1119.6,167.94,Venda
SKU_1631_SNO,16/08/2025,E-commerce,1,179.9,47.55,132.35,Venda
SKU_1763_MAR,16/08/2025,Atacado,5,1499.5,599.8,179.94,Venda
SKU_1758_CLO,16/08/2025,Varejo,1,179.9,50.29,129.61,Venda
SKU_1929_PEA,16/08/2025,Varejo,2,589.8,0.0,294.9,Venda
SKU_1797_GAR,16/08/2025,Atacado,8,3039.2,911.76,265.93,Venda
SKU_1737_DEE,16/08/2025,E-commerce,2,1539.8,348.98,595.41,Venda
SKU_1473_BLU,16/08/2025,Varejo,1,179.9,28.12,151.78,Venda
SKU_1708_FLA,16/08/2025,Atacado,5,849.5,254.85,118.93,Venda
SKU_1790_EGR,16/08/2025,Varejo,1,259.9,60.37,199.53,Venda
SKU_1919_PEA,16/08/2025,E-commerce,2,1359.8,0.0,679.9,Venda
SKU_1753_PAL,16/08/2025,Varejo,2,1579.8,466.02,556.89,Venda
SKU_1576_AQU,16/08/2025,Varejo,1,244.9,69.12,175.78,Venda
SKU_1693_MEX,16/08/2025,Varejo,4,819.6,239.92,144.92,Venda
SKU_1762_BRI,16/08/2025,Atacado,5,1274.5,509.8,152.94,Venda
SKU_1761_MOS,16/08/2025,Atacado,8,8839.2,2651.76,773.43,Venda
SKU_1698_SNO,16/08/2025,Atacado,3,1259.7,440.88,272.94,Venda
SKU_1768_MIN,16/08/2025,Atacado,3,1874.7,749.88,374.94,Venda
SKU_1509_HOT,16/08/2025,Atacado,8,2559.2,767.76,223.93,Venda
SKU_1790_EGR,16/08/2025,Varejo,1,259.9,55.02,204.88,Venda
SKU_1745_FOR,16/08/2025,Varejo,1,409.9,77.19,332.71,Venda
SKU_1737_DEE,16/08/2025,Varejo,2,1539.8,299.02,620.39,Venda
SKU_1742_EME,16/08/2025,Varejo,1,259.9,59.46,200.44,Venda
SKU_1816_MOS,16/08/2025,E-commerce,1,239.9,0.0,239.9,Venda
SKU_1646_BLU,16/08/2025,Varejo,3,614.7,144.15,156.85,Venda
SKU_1937_BUB,16/08/2025,Varejo,4,839.6,0.0,209.9,Venda
SKU_1464_BIR,16/08/2025,Atacado,5,1149.5,402.3,149.44,Venda
SKU_1515_SEA,16/08/2025,Varejo,1,194.9,46.54,148.36,Venda
SKU_1801_MOS,16/08/2025,Atacado,4,1499.6,449.88,262.43,Venda
SKU_1474_BRI,16/08/2025,Varejo,3,3179.7,604.68,858.34,Venda
SKU_1617_MIN,16/08/2025,Varejo,2,329.8,94.72,117.54,Venda
SKU_1693_FLA,16/08/2025,Atacado,8,1639.2,491.76,143.43,Venda
SKU_1799_DEN,16/08/2025,Varejo,3,809.7,204.12,201.86,Venda
SKU_1755_AQU,16/08/2025,Varejo,1,334.9,57.15,277.75,Venda
SKU_1732_WHI,16/08/2025,Varejo,1,1114.9,213.82,901.08,Venda
SKU_1508_LIM,16/08/2025,E-commerce,1,209.9,60.89,149.01,Venda
SKU_1759_CLE,16/08/2025,Varejo,3,809.7,195.84,204.62,Venda
SKU_1733_NAV,16/08/2025,Atacado,8,2799.2,839.76,244.93,Venda
SKU_1793_MIN,16/08/2025,Atacado,2,379.8,132.92,123.44,Venda
SKU_1705_SER,16/08/2025,Atacado,8,3279.2,983.76,286.93,Venda
SKU_1783_BAB,16/08/2025,Atacado,3,3599.7,1259.88,779.94,Venda
SKU_1724_PEA,16/08/2025,Atacado,6,6689.4,2341.32,724.68,Venda
SKU_1456_EME,16/08/2025,Varejo,2,629.8,145.38,242.21,Venda
SKU_1695_LIM,16/08/2025,Atacado,3,629.7,220.38,136.44,Venda
SKU_1409_PEA,16/08/2025,Atacado,6,1259.4,440.76,136.44,Venda
SKU_1789_SNO,16/08/2025,Atacado,3,809.7,364.38,148.44,Venda
SKU_1891_MAR,16/08/2025,Varejo,1,329.9,23.09,306.81,Venda
SKU_1753_PAL,16/08/2025,Atacado,2,1579.8,473.94,552.93,Venda
SKU_1800_MOS,16/08/2025,Atacado,5,1399.5,419.85,195.93,Venda
SKU_1698_PRI,16/08/2025,Varejo,1,419.9,82.99,336.91,Venda
SKU_1750_MIN,16/08/2025,Varejo,1,369.9,84.91,284.99,Venda
SKU_1743_DEE,16/08/2025,Varejo,1,439.9,87.94,351.96,Venda
SKU_1705_SER,16/08/2025,Varejo,1,409.9,88.18,321.72,Venda
SKU_1737_DEE,16/08/2025,Atacado,3,2309.7,923.88,461.94,Venda
SKU_1433_OLI,16/08/2025,Atacado,3,944.7,283.41,220.43,Venda
SKU_1958_BLU,16/08/2025,Atacado,5,924.5,416.0,101.7,Venda
SKU_1782_HUN,16/08/2025,Atacado,6,1499.4,449.82,174.93,Venda
SKU_1932_NAV,16/08/2025,Varejo,1,194.9,0.0,194.9,Venda
SKU_1774_MOS,16/08/2025,Varejo,1,204.9,31.79,173.11,Venda
SKU_1718_SEA,16/08/2025,Atacado,2,739.8,221.94,258.93,Venda
SKU_1442_OFF,16/08/2025,Varejo,1,289.9,61.31,228.59,Venda
SKU_1715_JAD,16/08/2025,Atacado,4,879.6,307.84,142.94,Venda
SKU_1732_OFF,16/08/2025,Atacado,12,13378.8,4682.64,724.68,Venda
SKU_1437_ROY,16/08/2025,E-commerce,1,164.9,34.56,130.34,Venda
SKU_1728_EGR,16/08/2025,Atacado,6,1979.4,593.82,230.93,Venda
SKU_1794_FLA,16/08/2025,Varejo,1,209.9,35.33,174.57,Venda
SKU_1785_PAS,16/08/2025,Atacado,5,1224.5,367.35,171.43,Venda
SKU_1434_ARM,16/08/2025,Varejo,1,209.9,40.99,168.91,Venda
SKU_1723_MOS,16/08/2025,E-commerce,1,434.9,101.23,333.67,Venda
SKU_1626_BAB,16/08/2025,Atacado,3,1619.7,485.91,377.93,Venda
SKU_1725_BAB,16/08/2025,Atacado,12,2938.8,1028.64,159.18,Venda
SKU_1789_SNO,16/08/2025,Atacado,10,2699.0,809.7,188.93,Venda
SKU_1410_JAD,16/08/2025,Varejo,2,2279.8,523.52,878.14,Venda
SKU_1577_HUN,16/08/2025,Varejo,2,319.8,93.5,113.15,Venda
SKU_1411_BLU,16/08/2025,Atacado,5,1124.5,337.35,157.43,Venda
SKU_1767_PRI,16/08/2025,Varejo,3,614.7,127.53,162.39,Venda
SKU_2060_MEX,16/08/2025,Atacado,10,9349.0,3739.6,560.94,Venda
SKU_1708_FRE,16/08/2025,Varejo,1,169.9,33.96,135.94,Venda
SKU_1715_HON,16/08/2025,E-commerce,1,219.9,47.35,172.55,Venda
SKU_1649_GAR,16/08/2025,E-commerce,1,234.9,55.13,179.77,Venda
SKU_1785_HUN,16/08/2025,E-commerce,2,489.8,143.16,173.32,Venda
SKU_1425_WHI,16/08/2025,E-commerce,1,209.9,53.19,156.71,Venda
SKU_1785_HUN,16/08/2025,E-commerce,2,489.8,112.36,188.72,Venda
SKU_1801_FLA,16/08/2025,Atacado,3,1124.7,337.41,262.43,Venda
SKU_1721_FRE,16/08/2025,Atacado,5,2099.5,734.8,272.94,Venda
SKU_1781_CLE,16/08/2025,Atacado,2,259.8,90.92,84.44,Venda
SKU_1719_WHI,16/08/2025,E-commerce,1,319.9,61.25,258.65,Venda
SKU_1757_PIN,16/08/2025,Varejo,2,529.8,128.14,200.83,Venda
SKU_1780_LIG,16/08/2025,Varejo,2,669.8,147.04,261.38,Venda
SKU_1395_TUR,16/08/2025,Atacado,10,2899.0,869.7,202.93,Venda
SKU_1684_SHO,16/08/2025,Atacado,6,1109.4,332.82,129.43,Venda
SKU_1692_OLI,16/08/2025,Atacado,4,879.6,307.84,142.94,Venda
SKU_1710_OLI,16/08/2025,Varejo,3,2429.7,430.8,666.3,Venda
SKU_1716_SAL,16/08/2025,Atacado,4,659.6,296.8,90.7,Venda
SKU_1696_SHO,16/08/2025,Atacado,2,559.8,195.92,181.94,Venda
SKU_1758_CLO,16/08/2025,Atacado,5,899.5,314.8,116.94,Venda
SKU_1888_NAV,16/08/2025,Atacado,2,399.8,139.92,129.94,Venda
SKU_1726_BUB,16/08/2025,Atacado,5,2149.5,644.85,300.93,Venda
SKU_1714_DEE,16/08/2025,Atacado,3,914.7,274.41,213.43,Venda
SKU_1782_NAV,16/08/2025,Atacado,6,1499.4,524.76,162.44,Venda
SKU_1613_BIR,16/08/2025,Atacado,5,949.5,332.3,123.44,Venda
SKU_2116_SNO,16/08/2025,Atacado,12,4558.8,1595.52,246.94,Venda
SKU_1642_SAL,16/08/2025,E-commerce,1,224.9,55.94,168.96,Venda
SKU_1688_WHI,16/08/2025,Atacado,4,1719.6,687.84,257.94,Venda
SKU_1734_FRE,16/08/2025,Atacado,10,3499.0,1224.6,227.44,Venda
SKU_1740_OLI,16/08/2025,Atacado,3,644.7,193.41,150.43,Venda
SKU_1686_SKY,16/08/2025,Varejo,1,214.9,34.43,180.47,Venda
SKU_2097_ROS,16/08/2025,E-commerce,1,199.9,0.0,199.9,Venda
SKU_1750_MIN,16/08/2025,Varejo,1,369.9,108.82,261.08,Venda
SKU_1696_SER,16/08/2025,E-commerce,2,559.8,131.76,214.02,Venda
SKU_1731_MIN,16/08/2025,Varejo,1,909.9,143.67,766.23,Venda
SKU_2041_POW,16/08/2025,Atacado,6,1319.4,461.76,142.94,Venda
SKU_1755_AQU,16/08/2025,Varejo,1,334.9,59.98,274.92,Venda
SKU_1733_SAG,16/08/2025,E-commerce,1,349.9,102.18,247.72,Venda
SKU_1696_SHO,16/08/2025,Atacado,10,2799.0,839.7,195.93,Venda
SKU_1754_SER,16/08/2025,Varejo,1,339.9,87.56,252.34,Venda
SKU_1743_CLO,16/08/2025,Varejo,3,1319.7,249.66,356.68,Venda
SKU_1707_ARM,16/08/2025,Atacado,6,1679.4,587.76,181.94,Venda
SKU_1930_GAR,16/08/2025,Varejo,2,1319.8,92.38,613.71,Venda
SKU_1845_BAL,16/08/2025,Varejo,1,819.9,0.0,819.9,Venda
SKU_1710_MEX,16/08/2025,Varejo,1,809.9,211.71,598.19,Venda
SKU_1715_JAD,16/08/2025,Varejo,1,219.9,47.31,172.59,Venda
SKU_2008_SAL,16/08/2025,Varejo,1,244.9,0.0,244.9,Venda
SKU_1685_COB,16/08/2025,Atacado,3,1994.7,698.13,432.19,Venda
SKU_1710_MEX,16/08/2025,Atacado,2,1619.8,485.94,566.93,Venda
SKU_1693_FLA,16/08/2025,Atacado,4,819.6,245.88,143.43,Venda
SKU_1771_EME,16/08/2025,Varejo,1,264.9,42.12,222.78,Venda
SKU_1735_MOS,16/08/2025,Atacado,8,2159.2,863.68,161.94,Venda
SKU_1785_PAS,16/08/2025,Varejo,1,244.9,59.46,185.44,Venda
SKU_1613_BIR,16/08/2025,Atacado,4,759.6,227.88,132.93,Venda
SKU_1745_PEA,16/08/2025,Varejo,1,409.9,109.32,300.58,Venda
SKU_1689_IVO,16/08/2025,Atacado,3,2894.7,1013.16,627.18,Venda
SKU_1398_AQU,16/08/2025,Atacado,4,2699.6,944.84,438.69,Venda
SKU_1680_SEA,16/08/2025,E-commerce,1,334.9,69.0,265.9,Venda
SKU_1708_FLA,16/08/2025,Atacado,3,509.7,152.91,118.93,Venda
SKU_1744_LIG,16/08/2025,Atacado,6,1589.4,556.26,172.19,Venda
SKU_1723_MOS,16/08/2025,Atacado,3,1304.7,456.63,282.69,Venda
SKU_1575_AQU,16/08/2025,Atacado,4,3459.6,1037.88,605.43,Venda
SKU_1740_OLI,16/08/2025,Atacado,5,1074.5,376.1,139.68,Venda
SKU_1719_OFF,16/08/2025,Atacado,3,959.7,335.88,207.94,Venda
SKU_1523_CRE,16/08/2025,Varejo,1,374.9,74.05,300.85,Venda
SKU_1649_FLA,16/08/2025,Atacado,5,1174.5,352.35,164.43,Venda
SKU_1775_PAL,16/08/2025,Varejo,1,279.9,64.14,215.76,Venda
SKU_1742_DEN,16/08/2025,E-commerce,1,259.9,73.83,186.07,Venda
SKU_1739_MOS,16/08/2025,Varejo,1,254.9,39.98,214.92,Venda
SKU_1845_TUR,16/08/2025,Varejo,1,819.9,0.0,819.9,Venda
SKU_1776_BIR,16/08/2025,Atacado,3,989.7,346.38,214.44,Venda
SKU_1794_FLA,16/08/2025,E-commerce,2,419.8,122.36,148.72,Venda
SKU_1778_TEA,16/08/2025,Varejo,1,284.9,73.92,210.98,Venda
SKU_1500_MOS,16/08/2025,Atacado,6,1559.4,623.76,155.94,Venda
SKU_1688_WHI,16/08/2025,Atacado,6,2579.4,1031.76,257.94,Venda
SKU_1656_SNO,16/08/2025,Atacado,12,2818.8,845.64,164.43,Venda
SKU_1766_CLE,16/08/2025,Atacado,3,1184.7,414.63,256.69,Venda
SKU_1701_SPA,16/08/2025,Varejo,2,679.8,155.78,262.01,Venda
SKU_1705_SER,16/08/2025,Varejo,1,409.9,100.86,309.04,Venda
SKU_1789_EME,16/08/2025,Atacado,5,1349.5,404.85,188.93,Venda
SKU_1594_BAL,16/08/2025,Atacado,8,3999.2,1399.68,324.94,Venda
SKU_1548_CLO,16/08/2025,E-commerce,1,474.9,126.17,348.73,Venda
SKU_1690_MAG,16/08/2025,Atacado,3,1619.7,566.88,350.94,Venda
SKU_1630_LIM,16/08/2025,Atacado,4,1339.6,468.84,217.69,Venda
SKU_1904_SNO,16/08/2025,Varejo,1,744.9,0.0,744.9,Venda
SKU_1682_OLI,16/08/2025,Varejo,1,234.9,44.4,190.5,Venda
SKU_1595_FLA,16/08/2025,E-commerce,1,299.9,48.15,251.75,Venda
SKU_1749_SNO,16/08/2025,Varejo,1,349.9,84.59,265.31,Venda
SKU_1752_SPA,16/08/2025,Varejo,1,429.9,118.2,311.7,Venda
SKU_1442_OFF,16/08/2025,Varejo,1,289.9,76.47,213.43,Venda
SKU_1759_CLE,16/08/2025,Varejo,3,809.7,205.17,201.51,Venda
SKU_1801_MOS,16/08/2025,E-commerce,3,1124.7,283.44,280.42,Venda
SKU_1438_MOS,16/08/2025,Atacado,6,1229.4,430.32,133.18,Venda
SKU_1717_CRE,16/08/2025,Varejo,1,259.9,65.62,194.28,Venda
SKU_1672_TEA,16/08/2025,Atacado,6,1769.4,619.26,191.69,Venda
SKU_1800_SKY,16/08/2025,Atacado,6,1679.4,503.82,195.93,Venda
SKU_1454_BRI,16/08/2025,E-commerce,1,149.9,25.39,124.51,Venda
SKU_1716_AQU,16/08/2025,Varejo,1,164.9,46.04,118.86,Venda
SKU_1431_TEA,16/08/2025,Atacado,5,1849.5,554.85,258.93,Venda
SKU_1705_SER,16/08/2025,E-commerce,1,409.9,73.77,336.13,Venda
SKU_1615_MOS,16/08/2025,Varejo,2,929.8,232.9,348.45,Venda
SKU_1726_PAS,16/08/2025,Varejo,2,859.8,177.88,340.96,Venda
SKU_1783_EGR,16/08/2025,Atacado,3,3599.7,1259.88,779.94,Venda
SKU_1692_OLI,16/08/2025,Varejo,1,219.9,39.81,180.09,Venda
SKU_1732_WHI,16/08/2025,E-commerce,1,1114.9,309.56,805.34,Venda
SKU_1779_LIG,16/08/2025,Varejo,1,214.9,61.55,153.35,Venda
SKU_1886_BAL,16/08/2025,Varejo,3,614.7,0.0,204.9,Venda
SKU_1704_BAB,16/08/2025,Atacado,5,1674.5,502.35,234.43,Venda
SKU_1907_BLA,16/08/2025,E-commerce,1,274.9,19.24,255.66,Venda
SKU_1746_EME,16/08/2025,Varejo,1,179.9,44.84,135.06,Venda
SKU_1756_FLA,16/08/2025,Atacado,10,1799.0,629.6,116.94,Venda
SKU_1808_PAS,16/08/2025,Varejo,4,3839.6,268.76,892.71,Venda
SKU_1467_OLI,16/08/2025,Varejo,3,614.7,152.01,154.23,Venda
SKU_1575_AQU,16/08/2025,Atacado,3,2594.7,908.13,562.19,Venda
SKU_1801_MOS,16/08/2025,Atacado,2,749.8,262.42,243.69,Venda
SKU_1394_EME,16/08/2025,Atacado,12,5638.8,1973.52,305.44,Venda
SKU_1765_PAS,16/08/2025,Varejo,1,259.9,44.73,215.17,Venda
SKU_1848_ARM,16/08/2025,E-commerce,1,219.9,0.0,219.9,Venda
SKU_1776_BIR,16/08/2025,Varejo,1,329.9,89.56,240.34,Venda
SKU_1781_AQU,16/08/2025,Atacado,2,259.8,77.94,90.93,Venda
SKU_1727_LIG,16/08/2025,Atacado,10,1549.0,464.7,108.43,Venda
SKU_1710_OLI,16/08/2025,Varejo,1,809.9,176.29,633.61,Venda
SKU_1501_OLI,16/08/2025,Varejo,1,169.9,30.38,139.52,Venda
SKU_1871_WHI,16/08/2025,Varejo,1,199.9,0.0,199.9,Venda
SKU_1683_PAL,16/08/2025,Varejo,1,314.9,88.85,226.05,Venda
SKU_1779_LIG,16/08/2025,Atacado,6,1289.4,386.82,150.43,Venda
SKU_1709_MAR,16/08/2025,E-commerce,1,209.9,56.0,153.9,Venda
SKU_1659_MOS,16/08/2025,Atacado,10,10249.0,3074.7,717.43,Venda
SKU_1785_PAS,16/08/2025,Atacado,5,1224.5,428.6,159.18,Venda
SKU_1688_WHI,16/08/2025,Varejo,2,859.8,199.8,330.0,Venda
SKU_1751_BLU,16/08/2025,Atacado,4,1319.6,527.84,197.94,Venda
SKU_1397_BUB,16/08/2025,Varejo,1,234.9,59.28,175.62,Venda
SKU_1688_LIG,16/08/2025,Atacado,3,1289.7,515.88,257.94,Venda
SKU_1781_AQU,16/08/2025,Varejo,1,129.9,28.73,101.17,Venda
SKU_1760_PAS,16/08/2025,Atacado,2,499.8,199.92,149.94,Venda
SKU_1561_LIM,16/08/2025,Atacado,8,2799.2,979.68,227.44,Venda
SKU_1744_EME,16/08/2025,Varejo,1,264.9,75.95,188.95,Venda
SKU_1745_FOR,16/08/2025,Atacado,4,1639.6,573.84,266.44,Venda
SKU_1779_MIN,16/08/2025,Atacado,3,644.7,257.88,128.94,Venda
SKU_1790_ROY,16/08/2025,Varejo,1,259.9,61.07,198.83,Venda
SKU_1713_SNO,16/08/2025,Varejo,1,504.9,110.4,394.5,Venda
SKU_1717_MIN,16/08/2025,Atacado,4,1039.6,311.88,181.93,Venda
SKU_1735_COR,16/08/2025,Varejo,1,269.9,63.28,206.62,Venda
SKU_1623_EGR,16/08/2025,Varejo,1,914.9,235.53,679.37,Venda
SKU_1746_NAV,16/08/2025,Varejo,1,179.9,27.6,152.3,Venda
SKU_1737_DEE,16/08/2025,Atacado,6,4619.4,1385.82,538.93,Venda
SKU_1748_COB,16/08/2025,Varejo,2,619.8,111.1,254.35,Venda
SKU_1950_FLA,16/08/2025,Varejo,1,414.9,0.0,414.9,Venda
SKU_1437_AQU,16/08/2025,Atacado,2,329.8,131.92,98.94,Venda
SKU_1765_MYS,16/08/2025,Varejo,1,259.9,76.51,183.39,Venda
SKU_1792_AQU,16/08/2025,Atacado,10,4399.0,1539.6,285.94,Venda
SKU_1761_SAP,16/08/2025,Varejo,1,1104.9,303.91,800.99,Venda
SKU_1767_FUC,16/08/2025,Atacado,5,1024.5,409.8,122.94,Venda
SKU_2027_CLE,16/08/2025,Varejo,1,349.9,0.0,349.9,Venda
SKU_2108_MAR,16/08/2025,E-commerce,1,299.9,0.0,299.9,Venda
SKU_1725_BAB,16/08/2025,Atacado,3,734.7,257.16,159.18,Venda
SKU_1714_MID,16/08/2025,Atacado,5,1524.5,609.8,182.94,Venda
SKU_1936_WHI,16/08/2025,Atacado,6,779.4,233.82,90.93,Venda
SKU_1725_BAB,16/08/2025,E-commerce,1,244.9,66.96,177.94,Venda
SKU_1688_LIG,16/08/2025,E-commerce,1,429.9,100.6,329.3,Venda
SKU_1391_LIG,16/08/2025,E-commerce,1,284.9,44.56,240.34,Venda
SKU_1774_MOS,16/08/2025,E-commerce,1,204.9,40.6,164.3,Venda
SKU_1790_EGR,16/08/2025,Varejo,1,259.9,60.89,199.01,Venda
SKU_1464_BIR,16/08/2025,Atacado,4,919.6,321.84,149.44,Venda
SKU_1702_COR,16/08/2025,Atacado,6,3719.4,1115.82,433.93,Venda
SKU_1563_WHI,16/08/2025,Atacado,4,599.6,179.88,104.93,Venda
SKU_1711_ARM,16/08/2025,Atacado,3,2984.7,1044.66,646.68,Venda
SKU_1777_FRE,16/08/2025,E-commerce,1,239.9,38.67,201.23,Venda
SKU_1473_BAB,16/08/2025,Atacado,4,719.6,287.84,107.94,Venda
SKU_1754_IVO,16/08/2025,E-commerce,1,339.9,100.82,239.08,Venda
SKU_1787_BAB,16/08/2025,Varejo,1,289.9,83.99,205.91,Venda
SKU_1578_TEA,16/08/2025,Varejo,1,124.9,36.11,88.79,Venda
SKU_1775_PAS,16/08/2025,Atacado,3,839.7,251.91,195.93,Venda
SKU_1765_PAS,16/08/2025,Varejo,1,259.9,62.92,196.98,Venda
SKU_1975_MYS,16/08/2025,Atacado,6,2669.4,934.26,289.19,Venda
SKU_1698_PRI,16/08/2025,Atacado,8,3359.2,1007.76,293.93,Venda
SKU_2043_WHI,16/08/2025,E-commerce,1,349.9,0.0,349.9,Venda
SKU_1725_BAB,16/08/2025,E-commerce,1,244.9,55.24,189.66,Venda
SKU_1685_COB,16/08/2025,Varejo,2,1329.8,345.22,492.29,Venda
SKU_1791_IVO,16/08/2025,Varejo,1,264.9,57.62,207.28,Venda
SKU_1390_SAP,16/08/2025,Atacado,8,1839.2,551.76,160.93,Venda
SKU_1775_PAL,16/08/2025,Atacado,10,2799.0,839.7,195.93,Venda
SKU_1716_AQU,16/08/2025,Atacado,6,989.4,346.32,107.18,Venda
SKU_1762_DEN,16/08/2025,Atacado,5,1274.5,382.35,178.43,Venda
SKU_1523_CRE,16/08/2025,Varejo,1,374.9,78.07,296.83,Venda
SKU_1780_LIG,16/08/2025,Atacado,10,3349.0,1172.1,217.69,Venda
SKU_1563_MEX,16/08/2025,Atacado,5,749.5,224.85,104.93,Venda
SKU_1668_VAN,16/08/2025,Varejo,2,539.8,98.7,220.55,Venda
SKU_1427_AQU,16/08/2025,Atacado,4,799.6,239.88,139.93,Venda
SKU_1470_MAR,16/08/2025,Atacado,10,9199.0,2759.7,643.93,Venda
SKU_1623_SER,16/08/2025,Varejo,1,914.9,257.79,657.11,Venda
SKU_1688_LIG,16/08/2025,Varejo,4,1719.6,383.72,333.97,Venda
SKU_1562_CLO,16/08/2025,Atacado,2,619.8,247.92,185.94,Venda
SKU_1428_SKY,16/08/2025,Varejo,3,1469.7,245.01,408.23,Venda
SKU_1693_MEX,16/08/2025,Varejo,1,204.9,45.88,159.02,Venda
SKU_1619_PAS,16/08/2025,Atacado,8,1599.2,559.68,129.94,Venda
SKU_1683_PAL,16/08/2025,Atacado,10,3149.0,1102.1,204.69,Venda
SKU_1440_PIS,16/08/2025,Varejo,1,1199.9,230.54,969.36,Venda
SKU_1757_PIN,16/08/2025,Varejo,4,1059.6,291.32,192.07,Venda
SKU_1764_MAR,16/08/2025,Varejo,1,234.9,62.91,171.99,Venda
SKU_1560_PAL,16/08/2025,Atacado,4,899.6,269.88,157.43,Venda
SKU_1755_BIR,16/08/2025,E-commerce,1,334.9,86.09,248.81,Venda
SKU_1720_PAL,16/08/2025,Varejo,1,224.9,34.02,190.88,Venda
SKU_1733_SAG,16/08/2025,Atacado,12,4198.8,1679.52,209.94,Venda
SKU_1720_PAS,16/08/2025,Varejo,2,449.8,109.82,169.99,Venda
SKU_1771_PIN,16/08/2025,Atacado,8,2119.2,741.68,172.19,Venda
SKU_1746_EME,16/08/2025,Atacado,6,1079.4,377.76,116.94,Venda
SKU_1739_AQU,16/08/2025,E-commerce,1,254.9,60.19,194.71,Venda
SKU_1492_BIR,16/08/2025,Varejo,1,374.9,94.11,280.79,Venda
SKU_1801_MOS,16/08/2025,Atacado,3,1124.7,393.63,243.69,Venda
SKU_1611_MID,16/08/2025,Atacado,4,879.6,263.88,153.93,Venda
SKU_1763_HOT,16/08/2025,Atacado,5,1499.5,524.8,194.94,Venda
SKU_1484_MOS,16/08/2025,Atacado,10,4599.0,1609.6,298.94,Venda
SKU_1688_LIG,16/08/2025,Varejo,1,429.9,94.91,334.99,Venda
SKU_1687_FOR,16/08/2025,Atacado,5,4499.5,1574.8,584.94,Venda
SKU_1483_POW,16/08/2025,Varejo,1,324.9,70.26,254.64,Venda
SKU_1602_PAS,16/08/2025,Atacado,4,919.6,321.84,149.44,Venda
SKU_1863_MOS,16/08/2025,E-commerce,1,254.9,0.0,254.9,Venda
SKU_1846_PAS,16/08/2025,Varejo,1,349.9,0.0,349.9,Venda
SKU_1713_SNO,16/08/2025,Atacado,2,1009.8,353.42,328.19,Venda
SKU_1394_EME,16/08/2025,Varejo,1,469.9,123.03,346.87,Venda
SKU_1740_OLI,16/08/2025,E-commerce,1,214.9,56.84,158.06,Venda
SKU_1712_NAV,16/08/2025,Atacado,4,719.6,251.84,116.94,Venda
SKU_1705_SER,16/08/2025,E-commerce,1,409.9,122.88,287.02,Venda
SKU_1728_MID,16/08/2025,E-commerce,2,659.8,110.84,274.48,Venda
SKU_1745_FOR,16/08/2025,Atacado,2,819.8,245.94,286.93,Venda
SKU_1718_DUS,16/08/2025,Varejo,1,369.9,107.62,262.28,Venda
SKU_1696_SER,16/08/2025,Varejo,1,279.9,66.5,213.4,Venda
SKU_1427_BLA,16/08/2025,Atacado,3,599.7,209.88,129.94,Venda
SKU_1775_PAS,16/08/2025,Varejo,1,279.9,76.74,203.16,Venda
SKU_1721_FRE,16/08/2025,Atacado,2,839.8,251.94,293.93,Venda
SKU_1681_PIS,16/08/2025,E-commerce,1,234.9,65.58,169.32,Venda
SKU_1758_HON,16/08/2025,Varejo,1,179.9,50.75,129.15,Venda
SKU_1438_DEE,16/08/2025,Varejo,1,204.9,37.49,167.41,Venda
SKU_1772_SNO,16/08/2025,Atacado,4,1659.6,580.84,269.69,Venda
SKU_1728_EGR,16/08/2025,Varejo,1,329.9,51.88,278.02,Venda
SKU_1465_CLE,16/08/2025,Atacado,10,3149.0,1102.1,204.69,Venda
SKU_1911_LIG,16/08/2025,Varejo,1,214.9,15.04,199.86,Venda
SKU_1690_MYS,16/08/2025,Varejo,1,539.9,161.52,378.38,Venda
SKU_1768_MIN,16/08/2025,Atacado,5,3124.5,937.35,437.43,Venda
SKU_1755_BIR,16/08/2025,Atacado,3,1004.7,351.63,217.69,Venda
SKU_1789_EME,16/08/2025,Atacado,5,1349.5,404.85,188.93,Venda
SKU_1783_BAB,16/08/2025,Varejo,1,1199.9,231.89,968.01,Venda
SKU_1699_CLO,16/08/2025,E-commerce,2,659.8,113.76,273.02,Venda
SKU_1734_BRI,16/08/2025,Varejo,1,349.9,83.11,266.79,Venda
SKU_1451_WHI,16/08/2025,Varejo,2,489.8,127.06,181.37,Venda
SKU_1721_FRE,16/08/2025,Atacado,4,1679.6,503.88,293.93,Venda
SKU_1783_BAB,16/08/2025,Atacado,12,14398.8,5759.52,719.94,Venda
SKU_1685_BIR,16/08/2025,Atacado,5,3324.5,1163.55,432.19,Venda
SKU_1727_LIG,16/08/2025,Varejo,1,154.9,39.99,114.91,Venda
SKU_1728_EGR,16/08/2025,Atacado,12,3958.8,1187.64,230.93,Venda
SKU_1733_NAV,16/08/2025,Atacado,5,1749.5,524.85,244.93,Venda
SKU_1431_CRE,16/08/2025,E-commerce,2,739.8,171.08,284.36,Venda
SKU_1747_TEA,16/08/2025,Varejo,1,174.9,48.49,126.41,Venda
SKU_1806_EME,16/08/2025,Varejo,1,194.9,0.0,194.9,Venda
SKU_1767_PRI,16/08/2025,Atacado,2,409.8,143.44,133.18,Venda
SKU_1744_EME,16/08/2025,Atacado,3,794.7,278.13,172.19,Venda
SKU_1770_JAD,16/08/2025,Varejo,1,219.9,36.22,183.68,Venda
SKU_1690_MYS,16/08/2025,Varejo,1,539.9,136.16,403.74,Venda
SKU_1689_MAG,16/08/2025,Atacado,3,2894.7,868.41,675.43,Venda
SKU_1696_SHO,16/08/2025,Atacado,5,1399.5,419.85,195.93,Venda
SKU_1517_ROS,16/08/2025,E-commerce,1,1199.9,182.76,1017.14,Venda
SKU_1630_LIM,16/08/2025,Varejo,3,1004.7,227.01,259.23,Venda
SKU_1747_FUC,16/08/2025,Varejo,2,349.8,73.22,138.29,Venda
SKU_1774_MOS,16/08/2025,Atacado,6,1229.4,368.82,143.43,Venda
SKU_2034_PAS,16/08/2025,E-commerce,1,169.9,0.0,169.9,Venda
SKU_1727_LIG,16/08/2025,Atacado,8,1239.2,371.76,108.43,Venda
SKU_1757_TUR,16/08/2025,Atacado,3,794.7,238.41,185.43,Venda
SKU_1795_HUN,16/08/2025,Varejo,1,299.9,84.8,215.1,Venda
SKU_1751_BLU,16/08/2025,E-commerce,2,659.8,178.36,240.72,Venda
SKU_1753_WHI,16/08/2025,Varejo,1,789.9,143.19,646.71,Venda
SKU_1838_BAL,16/08/2025,Atacado,12,3838.8,1151.64,223.93,Venda
SKU_1781_AQU,16/08/2025,Atacado,5,649.5,227.3,84.44,Venda
SKU_1703_BLU,16/08/2025,E-commerce,1,269.9,41.35,228.55,Venda
SKU_1727_WHI,16/08/2025,E-commerce,1,154.9,26.52,128.38,Venda
SKU_1644_PEA,16/08/2025,Varejo,3,959.7,162.12,265.86,Venda
SKU_1752_SPA,16/08/2025,E-commerce,1,429.9,94.85,335.05,Venda
SKU_1761_MOS,16/08/2025,Varejo,1,1104.9,184.38,920.52,Venda
SKU_1743_CLO,16/08/2025,Varejo,3,1319.7,366.06,317.88,Venda
SKU_1800_MOS,16/08/2025,Atacado,4,1119.6,335.88,195.93,Venda
SKU_1774_MOS,16/08/2025,Atacado,5,1024.5,409.8,122.94,Venda
SKU_1402_WHI,16/08/2025,Atacado,10,2349.0,704.7,164.43,Venda
SKU_1478_COB,16/08/2025,Atacado,6,1169.4,409.32,126.68,Venda
SKU_1737_DEE,16/08/2025,E-commerce,1,769.9,167.71,602.19,Venda
SKU_1535_NAV,16/08/2025,E-commerce,2,609.8,113.14,248.33,Venda
SKU_1701_BLU,16/08/2025,Atacado,5,1699.5,594.8,220.94,Venda
SKU_1408_PAS,16/08/2025,Atacado,4,3679.6,1287.84,597.94,Venda
SKU_1529_HUN,16/08/2025,Varejo,3,734.7,196.41,179.43,Venda
SKU_1742_DEN,16/08/2025,Atacado,2,519.8,155.94,181.93,Venda
SKU_1770_JAD,16/08/2025,Atacado,5,1099.5,384.8,142.94,Venda
SKU_1757_TUR,16/08/2025,Varejo,2,529.8,99.24,215.28,Venda
SKU_1771_EME,16/08/2025,Atacado,4,1059.6,317.88,185.43,Venda
SKU_1723_COB,16/08/2025,Atacado,6,2609.4,1043.76,260.94,Venda
SKU_1740_OLI,16/08/2025,Atacado,6,1289.4,451.32,139.68,Venda
SKU_1726_BUB,16/08/2025,Atacado,6,2579.4,902.76,279.44,Venda
SKU_1784_BLA,16/08/2025,Varejo,1,309.9,72.25,237.65,Venda
SKU_1760_PAS,16/08/2025,Varejo,1,249.9,50.3,199.6,Venda
SKU_1926_IVO,16/08/2025,Varejo,3,809.7,0.0,269.9,Venda
SKU_1796_SHO,16/08/2025,Varejo,2,1009.8,168.22,420.79,Venda
SKU_1683_SHO,16/08/2025,Atacado,12,3778.8,1511.52,188.94,Venda
SKU_2025_SAP,16/08/2025,Atacado,3,689.7,275.88,137.94,Venda
SKU_2076_SAG,16/08/2025,Atacado,4,1899.6,569.88,332.43,Venda
SKU_1718_DUS,16/08/2025,E-commerce,1,369.9,66.51,303.39,Venda
SKU_1745_FOR,16/08/2025,E-commerce,1,409.9,112.15,297.75,Venda
SKU_1794_FLA,16/08/2025,Atacado,6,1259.4,377.82,146.93,Venda
SKU_1794_FLA,16/08/2025,Atacado,8,1679.2,587.68,136.44,Venda
SKU_1694_PIS,16/08/2025,E-commerce,1,279.9,66.32,213.58,Venda
SKU_1709_CRE,16/08/2025,Varejo,1,209.9,32.7,177.2,Venda
SKU_1789_EME,16/08/2025,Atacado,2,539.8,188.92,175.44,Venda
SKU_1390_SAP,16/08/2025,E-commerce,1,229.9,38.45,191.45,Venda
SKU_1734_FRE,16/08/2025,Atacado,6,2099.4,629.82,244.93,Venda
SKU_1665_RAS,16/08/2025,Varejo,1,249.9,65.12,184.78,Venda
SKU_1770_JAD,16/08/2025,Varejo,1,219.9,48.27,171.63,Venda
SKU_1898_EME,16/08/2025,Atacado,2,969.8,387.92,290.94,Venda
SKU_1789_SNO,16/08/2025,Atacado,2,539.8,161.94,188.93,Venda
SKU_1474_DEN,16/08/2025,Varejo,2,2119.8,328.96,895.42,Venda
SKU_1455_TEA,16/08/2025,Varejo,1,334.9,65.48,269.42,Venda
SKU_1790_ROY,16/08/2025,Atacado,3,779.7,233.91,181.93,Venda
SKU_1743_CLO,16/08/2025,Atacado,6,2639.4,923.76,285.94,Venda
SKU_1707_SAP,16/08/2025,Atacado,2,559.8,195.92,181.94,Venda
SKU_1763_HOT,16/08/2025,Varejo,1,299.9,77.84,222.06,Venda
SKU_1663_SNO,16/08/2025,E-commerce,1,794.9,190.07,604.83,Venda
SKU_1743_CLO,16/08/2025,Varejo,1,439.9,70.63,369.27,Venda
SKU_1781_AQU,16/08/2025,Atacado,5,649.5,194.85,90.93,Venda
SKU_1822_ARM,16/08/2025,E-commerce,1,309.9,0.0,309.9,Venda
SKU_1619_IVO,16/08/2025,Varejo,1,199.9,44.65,155.25,Venda
SKU_1680_SEA,16/08/2025,Varejo,1,334.9,55.19,279.71,Venda
SKU_1715_HON,16/08/2025,Varejo,1,219.9,33.22,186.68,Venda
SKU_1531_TEA,16/08/2025,Varejo,2,1099.8,317.26,391.27,Venda
SKU_1762_DEN,16/08/2025,Varejo,1,254.9,74.78,180.12,Venda
SKU_1768_MIN,16/08/2025,Varejo,1,624.9,125.35,499.55,Venda
SKU_1533_CER,16/08/2025,Varejo,1,164.9,44.55,120.35,Venda
SKU_1732_WHI,16/08/2025,Varejo,2,2229.8,611.06,809.37,Venda
SKU_2044_COB,16/08/2025,E-commerce,1,249.9,17.49,232.41,Venda
SKU_2115_CER,16/08/2025,Varejo,1,384.9,0.0,384.9,Venda
SKU_1390_PAS,16/08/2025,Varejo,1,229.9,34.67,195.23,Venda
SKU_1738_BLU,16/08/2025,Atacado,4,779.6,233.88,136.43,Venda
SKU_1519_TEA,16/08/2025,Varejo,2,1259.8,218.92,520.44,Venda
SKU_1754_IVO,16/08/2025,Atacado,10,3399.0,1189.6,220.94,Venda
SKU_1774_COB,16/08/2025,Varejo,2,409.8,106.94,151.43,Venda
SKU_1719_OFF,16/08/2025,Varejo,1,319.9,87.44,232.46,Venda
SKU_1771_EME,16/08/2025,Atacado,2,529.8,158.94,185.43,Venda
SKU_1732_OFF,16/08/2025,Varejo,1,1114.9,256.71,858.19,Venda
SKU_1691_HUN,16/08/2025,Varejo,2,619.8,177.3,221.25,Venda
SKU_1696_SER,16/08/2025,Varejo,1,279.9,47.94,231.96,Venda
SKU_1706_JAD,16/08/2025,Atacado,10,1849.0,647.2,120.18,Venda
SKU_1737_SAG,16/08/2025,Varejo,1,769.9,117.76,652.14,Venda
SKU_1801_FLA,16/08/2025,Atacado,8,2999.2,1049.68,243.69,Venda
SKU_1772_SNO,16/08/2025,Atacado,6,2489.4,995.76,248.94,Venda
SKU_1787_BAB,16/08/2025,Atacado,12,3478.8,1217.52,188.44,Venda
SKU_1724_PEA,16/08/2025,Varejo,1,1114.9,219.34,895.56,Venda
SKU_1489_TEA,16/08/2025,Varejo,1,369.9,69.74,300.16,Venda
SKU_1734_BRI,16/08/2025,Atacado,6,2099.4,734.76,227.44,Venda
SKU_1748_COB,16/08/2025,Atacado,10,3099.0,929.7,216.93,Venda
SKU_1448_SKY,16/08/2025,Varejo,1,179.9,41.41,138.49,Venda
SKU_1691_ROS,16/08/2025,Atacado,4,1239.6,433.84,201.44,Venda
SKU_1779_MIN,16/08/2025,Varejo,1,214.9,54.41,160.49,Venda
SKU_1631_BAL,16/08/2025,Atacado,4,719.6,251.84,116.94,Venda
SKU_1779_LIG,16/08/2025,Atacado,4,859.6,257.88,150.43,Venda
SKU_1742_EME,16/08/2025,Atacado,8,2079.2,623.76,181.93,Venda
SKU_1781_CLE,16/08/2025,E-commerce,1,129.9,36.28,93.62,Venda
SKU_1504_NAV,16/08/2025,Atacado,3,1019.7,356.88,220.94,Venda
SKU_1710_OLI,16/08/2025,Atacado,12,9718.8,3401.52,526.44,Venda
SKU_1687_WHI,16/08/2025,Atacado,8,7199.2,2159.76,629.93,Venda
SKU_1750_SNO,16/08/2025,Atacado,3,1109.7,388.38,240.44,Venda
SKU_1778_MIN,16/08/2025,E-commerce,2,569.8,146.02,211.89,Venda
SKU_1790_EGR,16/08/2025,Atacado,8,2079.2,623.76,181.93,Venda
SKU_1727_WHI,16/08/2025,Atacado,3,464.7,139.41,108.43,Venda
SKU_1604_SNO,16/08/2025,Atacado,5,3024.5,907.35,423.43,Venda
SKU_1785_HUN,16/08/2025,Atacado,6,1469.4,587.76,146.94,Venda
SKU_1720_PAL,16/08/2025,Atacado,5,1124.5,449.8,134.94,Venda
SKU_2067_DUS,16/08/2025,Atacado,12,4198.8,1469.52,227.44,Venda
SKU_1730_MIN,16/08/2025,Varejo,1,319.9,59.23,260.67,Venda
SKU_1768_PEA,16/08/2025,Varejo,1,624.9,130.87,494.03,Venda
SKU_1706_JAD,16/08/2025,Atacado,5,924.5,369.8,110.94,Venda
SKU_1696_SER,16/08/2025,Atacado,8,2239.2,671.76,195.93,Venda
SKU_1749_SNO,16/08/2025,Varejo,3,1049.7,245.31,268.13,Venda
SKU_1627_MOS,16/08/2025,Atacado,4,1319.6,395.88,230.93,Venda
SKU_1766_CLE,16/08/2025,Varejo,2,789.8,159.24,315.28,Venda
SKU_1791_ARM,16/08/2025,Atacado,6,1589.4,476.82,185.43,Venda
SKU_1438_MOS,16/08/2025,Atacado,2,409.8,122.94,143.43,Venda
SKU_1752_SPA,16/08/2025,Varejo,1,429.9,116.99,312.91,Venda
SKU_1399_CRE,16/08/2025,Atacado,4,1079.6,377.84,175.44,Venda
SKU_1426_SEA,16/08/2025,Atacado,4,519.6,181.84,84.44,Venda
SKU_1705_JAD,16/08/2025,Atacado,8,3279.2,1311.68,245.94,Venda
SKU_1773_FRE,16/08/2025,E-commerce,1,324.9,63.66,261.24,Venda
SKU_1784_EGR,16/08/2025,Varejo,2,619.8,109.3,255.25,Venda
SKU_1499_HOT,16/08/2025,Varejo,1,259.9,62.45,197.45,Venda
SKU_2105_LIG,16/08/2025,Atacado,3,1019.7,305.91,237.93,Venda
SKU_1988_WHI,16/08/2025,Varejo,1,424.9,0.0,424.9,Venda
SKU_1809_PRI,16/08/2025,Varejo,1,239.9,0.0,239.9,Venda
SKU_1696_SHO,16/08/2025,Varejo,1,279.9,81.4,198.5,Venda
SKU_1776_PAS,16/08/2025,Varejo,2,659.8,103.1,278.35,Venda
SKU_1776_PAS,16/08/2025,Varejo,4,1319.6,282.2,259.35,Venda
SKU_1674_WHI,16/08/2025,Varejo,1,229.9,55.23,174.67,Venda
SKU_1775_PAL,16/08/2025,Atacado,4,1119.6,391.84,181.94,Venda
SKU_1751_MIN,16/08/2025,Atacado,5,1649.5,494.85,230.93,Venda
SKU_1800_MOS,16/08/2025,Atacado,4,1119.6,391.84,181.94,Venda
SKU_1732_OFF,16/08/2025,E-commerce,1,1114.9,272.88,842.02,Venda
SKU_1704_BAB,16/08/2025,Varejo,1,334.9,50.87,284.03,Venda
SKU_1702_LIG,16/08/2025,Atacado,8,4959.2,1487.76,433.93,Venda
SKU_1768_PEA,16/08/2025,Atacado,8,4999.2,2249.6,343.7,Venda
SKU_1789_SNO,16/08/2025,Varejo,1,269.9,53.46,216.44,Venda
SKU_2023_MID,16/08/2025,Varejo,1,159.9,0.0,159.9,Venda
SKU_1679_GAR,16/08/2025,Varejo,1,919.9,178.63,741.27,Venda
SKU_1392_LIM,16/08/2025,Varejo,1,294.9,68.12,226.78,Venda
SKU_1695_CRE,16/08/2025,E-commerce,1,209.9,53.75,156.15,Venda
SKU_1918_SKY,16/08/2025,Varejo,2,399.8,0.0,199.9,Venda
SKU_1461_PRI,16/08/2025,Varejo,1,1069.9,163.24,906.66,Venda
SKU_1736_PAS,16/08/2025,Atacado,2,649.8,227.42,211.19,Venda
SKU_1776_PAS,16/08/2025,Varejo,1,329.9,92.83,237.07,Venda
SKU_1783_EGR,16/08/2025,E-commerce,1,1199.9,238.12,961.78,Venda
SKU_1712_NAV,16/08/2025,E-commerce,1,179.9,32.77,147.13,Venda
SKU_1533_DUS,16/08/2025,Atacado,8,1319.2,395.76,115.43,Venda
SKU_2066_TEA,16/08/2025,Varejo,1,474.9,0.0,474.9,Venda
SKU_2007_LIG,16/08/2025,Varejo,1,209.9,14.69,195.21,Venda
SKU_1731_MIN,16/08/2025,Atacado,8,7279.2,2911.68,545.94,Venda
SKU_1558_MEX,16/08/2025,Varejo,1,329.9,65.12,264.78,Venda
SKU_1778_MIN,16/08/2025,Atacado,8,2279.2,797.68,185.19,Venda
SKU_1773_FRE,16/08/2025,Varejo,1,324.9,90.01,234.89,Venda
SKU_1725_OFF,16/08/2025,Atacado,4,979.6,342.88,159.18,Venda
SKU_1792_MIN,16/08/2025,Atacado,6,2639.4,923.76,285.94,Venda
SKU_1423_SAG,16/08/2025,Atacado,5,5999.5,2399.8,719.94,Venda
SKU_1785_HUN,16/08/2025,Varejo,2,489.8,96.18,196.81,Venda
SKU_1488_IVO,16/08/2025,Atacado,2,679.8,203.94,237.93,Venda
SKU_1728_MID,16/08/2025,Atacado,8,2639.2,791.76,230.93,Venda
SKU_1801_MOS,16/08/2025,E-commerce,1,374.9,102.61,272.29,Venda
SKU_1777_FRE,16/08/2025,Atacado,5,1199.5,359.85,167.93,Venda
SKU_1495_BLA,16/08/2025,Varejo,1,329.9,59.14,270.76,Venda
SKU_1467_OLI,16/08/2025,Atacado,5,1024.5,307.35,143.43,Venda
SKU_1721_COR,16/08/2025,E-commerce,1,419.9,124.28,295.62,Venda
SKU_1769_WHI,16/08/2025,Varejo,1,324.9,59.12,265.78,Venda
SKU_1559_SKY,16/08/2025,Varejo,1,1199.9,243.42,956.48,Venda
SKU_1718_SEA,16/08/2025,Atacado,5,1849.5,647.3,240.44,Venda
SKU_1787_BAB,16/08/2025,E-commerce,1,289.9,75.05,214.85,Venda
SKU_1504_NAV,16/08/2025,Atacado,12,4078.8,1631.52,203.94,Venda
SKU_1822_ARM,16/08/2025,Varejo,1,309.9,0.0,309.9,Venda
SKU_1719_OFF,16/08/2025,Varejo,1,319.9,85.96,233.94,Venda
SKU_1771_PIN,16/08/2025,E-commerce,1,264.9,58.94,205.96,Venda
SKU_1708_FLA,16/08/2025,Varejo,1,169.9,27.09,142.81,Venda
SKU_1776_BIR,16/08/2025,Varejo,3,989.7,201.87,262.61,Venda
SKU_1782_HUN,16/08/2025,Atacado,2,499.8,149.94,174.93,Venda
SKU_1769_EME,16/08/2025,Atacado,4,1299.6,389.88,227.43,Venda
SKU_1721_COR,16/08/2025,Varejo,3,1259.7,201.39,352.77,Venda
SKU_1690_MYS,16/08/2025,Atacado,8,4319.2,1511.68,350.94,Venda
SKU_1737_SAG,16/08/2025,Varejo,1,769.9,149.68,620.22,Venda
SKU_1722_PAS,16/08/2025,Atacado,4,1299.6,389.88,227.43,Venda
SKU_1745_FOR,16/08/2025,Varejo,1,409.9,64.52,345.38,Venda
SKU_1688_WHI,16/08/2025,Atacado,3,1289.7,515.88,257.94,Venda
SKU_1403_DUS,16/08/2025,Varejo,1,384.9,69.7,315.2,Venda
SKU_1583_BLU,16/08/2025,Varejo,1,254.9,45.29,209.61,Venda
SKU_1727_WHI,16/08/2025,Atacado,3,464.7,139.41,108.43,Venda
SKU_1746_NAV,16/08/2025,Atacado,8,1439.2,431.76,125.93,Venda
SKU_1774_COB,16/08/2025,Varejo,1,204.9,43.14,161.76,Venda
SKU_1687_WHI,16/08/2025,Varejo,1,899.9,195.22,704.68,Venda
SKU_1819_DEE,16/08/2025,Atacado,5,1724.5,517.35,241.43,Venda
SKU_1513_PAS,16/08/2025,Atacado,3,644.7,193.41,150.43,Venda
SKU_1570_MEX,16/08/2025,Atacado,6,4289.4,1501.26,464.69,Venda
SKU_1713_SAL,16/08/2025,Varejo,1,504.9,134.95,369.95,Venda
SKU_1618_SAL,16/08/2025,Varejo,1,179.9,30.84,149.06,Venda
SKU_1707_SAP,16/08/2025,Atacado,10,2799.0,839.7,195.93,Venda
SKU_1744_LIG,16/08/2025,Varejo,1,264.9,62.64,202.26,Venda
SKU_1776_PAS,16/08/2025,Atacado,5,1649.5,577.3,214.44,Venda
SKU_2005_FUC,16/08/2025,Varejo,1,179.9,0.0,179.9,Venda
SKU_1728_EGR,16/08/2025,Atacado,3,989.7,395.88,197.94,Venda
SKU_1771_PIN,16/08/2025,Atacado,12,3178.8,953.64,185.43,Venda
SKU_1491_GAR,16/08/2025,Varejo,1,134.9,24.87,110.03,Venda
SKU_1786_POW,16/08/2025,Varejo,1,179.9,43.71,136.19,Venda
SKU_1562_BLU,16/08/2025,Atacado,3,929.7,325.38,201.44,Venda
SKU_1419_FLA,16/08/2025,Atacado,6,1499.4,599.76,149.94,Venda
SKU_1809_SHO,16/08/2025,Atacado,6,1439.4,503.76,155.94,Venda
SKU_1690_MAG,16/08/2025,Varejo,1,539.9,152.79,387.11,Venda
SKU_1730_MIN,16/08/2025,Varejo,1,319.9,63.66,256.24,Venda
SKU_1738_BLU,16/08/2025,Atacado,5,974.5,292.35,136.43,Venda
SKU_1548_CLO,16/08/2025,Varejo,2,949.8,207.66,371.07,Venda
SKU_1709_CRE,16/08/2025,Varejo,2,419.8,82.84,168.48,Venda
SKU_1762_BRI,16/08/2025,Varejo,1,254.9,57.92,196.98,Venda
SKU_1749_BIR,16/08/2025,Atacado,12,4198.8,1469.52,227.44,Venda
SKU_1797_BLU,16/08/2025,E-commerce,3,1139.7,221.16,306.18,Venda
SKU_1766_MYS,16/08/2025,Varejo,2,789.8,141.72,324.04,Venda
SKU_1762_DEN,16/08/2025,Atacado,6,1529.4,535.32,165.68,Venda
SKU_2011_PIN,16/08/2025,Atacado,6,1529.4,611.76,152.94,Venda
SKU_1769_WHI,16/08/2025,Atacado,8,2599.2,1039.68,194.94,Venda
SKU_1727_LIG,16/08/2025,Varejo,1,154.9,34.06,120.84,Venda
SKU_1753_WHI,16/08/2025,Varejo,2,1579.8,256.56,661.62,Venda
SKU_1707_SAP,16/08/2025,Atacado,5,1399.5,489.8,181.94,Venda
SKU_1781_AQU,16/08/2025,Varejo,1,129.9,25.03,104.87,Venda
SKU_1421_LIG,16/08/2025,Varejo,1,229.9,61.71,168.19,Venda
SKU_1779_MIN,16/08/2025,Atacado,6,1289.4,386.82,150.43,Venda
SKU_1733_SAG,16/08/2025,Varejo,1,349.9,100.59,249.31,Venda
SKU_1746_EME,16/08/2025,Atacado,8,1439.2,431.76,125.93,Venda
SKU_1740_OLI,16/08/2025,E-commerce,1,214.9,60.09,154.81,Venda
SKU_1746_NAV,16/08/2025,Varejo,1,179.9,42.93,136.97,Venda
SKU_1719_WHI,16/08/2025,Varejo,1,319.9,77.12,242.78,Venda
SKU_1704_PEA,16/08/2025,Varejo,1,334.9,58.42,276.48,Venda
SKU_2018_BAB,16/08/2025,Atacado,6,2879.4,1151.76,287.94,Venda
SKU_1800_MOS,16/08/2025,Atacado,6,1679.4,755.76,153.94,Venda
SKU_1715_HON,16/08/2025,Varejo,2,439.8,113.14,163.33,Venda
SKU_1666_FUC,16/08/2025,Atacado,5,3999.5,1599.8,479.94,Venda
SKU_1680_NAV,16/08/2025,E-commerce,1,334.9,52.33,282.57,Venda
SKU_1621_PAS,16/08/2025,Atacado,8,1879.2,563.76,164.43,Venda
SKU_1484_MOS,16/08/2025,Atacado,5,2299.5,689.85,321.93,Venda
SKU_1734_FRE,16/08/2025,Atacado,8,2799.2,839.76,244.93,Venda
SKU_1770_JAD,16/08/2025,Varejo,1,219.9,41.9,178.0,Venda
SKU_1686_SKY,16/08/2025,Atacado,12,2578.8,773.64,150.43,Venda
SKU_1704_BAB,16/08/2025,Atacado,2,669.8,234.42,217.69,Venda
SKU_1994_COB,16/08/2025,E-commerce,1,269.9,0.0,269.9,Venda
SKU_1429_MAG,16/08/2025,E-commerce,1,189.9,46.51,143.39,Venda
SKU_1784_BLA,16/08/2025,Atacado,4,1239.6,433.84,201.44,Venda
SKU_1722_PAS,16/08/2025,Atacado,4,1299.6,389.88,227.43,Venda
SKU_1734_BRI,16/08/2025,E-commerce,1,349.9,67.64,282.26,Venda
SKU_1706_BLA,16/08/2025,Varejo,2,369.8,88.44,140.68,Venda
SKU_1795_RAS,16/08/2025,Atacado,2,599.8,209.92,194.94,Venda
SKU_1720_PAL,16/08/2025,Varejo,1,224.9,48.5,176.4,Venda
SKU_1709_MAR,16/08/2025,Varejo,1,209.9,54.19,155.71,Venda
SKU_1431_TEA,16/08/2025,Varejo,1,369.9,90.53,279.37,Venda
SKU_1530_PEA,16/08/2025,Atacado,5,649.5,227.3,84.44,Venda
SKU_1777_TUR,16/08/2025,Atacado,4,959.6,383.84,143.94,Venda
SKU_1923_TUR,16/08/2025,Atacado,4,759.6,265.84,123.44,Venda
SKU_1684_SHO,16/08/2025,Varejo,3,554.7,128.4,142.1,Venda
SKU_1698_SNO,16/08/2025,Varejo,1,419.9,87.22,332.68,Venda
SKU_1792_AQU,16/08/2025,Atacado,3,1319.7,527.88,263.94,Venda
SKU_1444_OLI,16/08/2025,Atacado,4,959.6,287.88,167.93,Venda
SKU_1784_BLA,16/08/2025,Atacado,3,929.7,325.38,201.44,Venda
SKU_1514_SPA,16/08/2025,E-commerce,1,829.9,158.8,671.1,Venda
SKU_2007_LIG,16/08/2025,Atacado,4,839.6,251.88,146.93,Venda
SKU_1402_WHI,16/08/2025,Varejo,1,234.9,40.36,194.54,Venda
SKU_1776_PAS,16/08/2025,Varejo,1,329.9,84.12,245.78,Venda
SKU_1878_SEA,16/08/2025,Atacado,4,1759.6,703.84,263.94,Venda
SKU_1697_MIN,16/08/2025,Atacado,3,659.7,296.88,120.94,Venda
SKU_1444_HUN,16/08/2025,Varejo,2,479.8,103.08,188.36,Venda
SKU_1712_NAV,16/08/2025,Varejo,3,539.7,140.79,132.97,Venda
SKU_1739_MOS,16/08/2025,E-commerce,1,254.9,42.41,212.49,Venda
SKU_2021_NAV,16/08/2025,Atacado,4,759.6,303.84,113.94,Venda
SKU_1653_ROS,16/08/2025,Atacado,12,4318.8,1511.52,233.94,Venda
SKU_1781_CLE,16/08/2025,Atacado,8,1039.2,311.76,90.93,Venda
SKU_1450_MAG,16/08/2025,Varejo,1,409.9,76.34,333.56,Venda
SKU_1767_FUC,16/08/2025,Atacado,8,1639.2,573.76,133.18,Venda
SKU_1782_HUN,16/08/2025,Atacado,12,2998.8,899.64,174.93,Venda
SKU_1688_WHI,16/08/2025,Atacado,3,1289.7,451.38,279.44,Venda
SKU_1707_SAP,16/08/2025,E-commerce,1,279.9,63.38,216.52,Venda
SKU_1878_SEA,16/08/2025,Varejo,1,439.9,0.0,439.9,Venda
SKU_1763_HOT,16/08/2025,Varejo,2,599.8,143.06,228.37,Venda
SKU_1757_TUR,16/08/2025,Atacado,2,529.8,185.42,172.19,Venda
SKU_1770_DEE,16/08/2025,Atacado,10,2199.0,659.7,153.93,Venda
SKU_1730_MIN,16/08/2025,Varejo,1,319.9,93.28,226.62,Venda
SKU_2108_MAR,16/08/2025,Varejo,1,299.9,0.0,299.9,Venda
SKU_1414_DUS,16/08/2025,Varejo,1,339.9,78.65,261.25,Venda
SKU_1553_DEN,16/08/2025,Varejo,1,254.9,53.74,201.16,Venda
SKU_1758_CLO,16/08/2025,Varejo,1,179.9,29.83,150.07,Venda
SKU_1717_MIN,16/08/2025,Atacado,3,779.7,233.91,181.93,Venda
SKU_1686_MOS,16/08/2025,Atacado,10,2149.0,859.6,128.94,Venda
SKU_1710_MEX,16/08/2025,Atacado,6,4859.4,1457.82,566.93,Venda
SKU_1783_BAB,16/08/2025,Atacado,5,5999.5,1799.85,839.93,Venda
SKU_1682_BIR,16/08/2025,Atacado,3,704.7,211.41,164.43,Venda
SKU_2014_BLA,16/08/2025,Atacado,6,1919.4,767.76,191.94,Venda
SKU_1775_PAL,16/08/2025,E-commerce,1,279.9,82.2,197.7,Venda
SKU_1798_OFF,16/08/2025,Atacado,6,2519.4,755.82,293.93,Venda
SKU_1786_TEA,16/08/2025,Varejo,1,179.9,49.73,130.17,Venda
SKU_1690_MYS,16/08/2025,Atacado,8,4319.2,1511.68,350.94,Venda
SKU_1720_PAS,16/08/2025,E-commerce,1,224.9,40.46,184.44,Venda
SKU_1603_BUB,16/08/2025,Varejo,2,1489.8,358.8,565.5,Venda
SKU_1768_PEA,16/08/2025,Varejo,2,1249.8,302.62,473.59,Venda
SKU_1556_HUN,16/08/2025,Atacado,5,1024.5,307.35,143.43,Venda
SKU_1430_PEA,16/08/2025,Atacado,6,1079.4,431.76,107.94,Venda
SKU_1846_SEA,16/08/2025,Atacado,3,1049.7,367.38,227.44,Venda
SKU_1744_LIG,16/08/2025,Varejo,2,529.8,126.84,201.48,Venda
SKU_1620_BLU,16/08/2025,Atacado,4,1059.6,370.84,172.19,Venda
SKU_1446_GAR,16/08/2025,Atacado,5,1349.5,404.85,188.93,Venda
SKU_1789_SNO,16/08/2025,Atacado,6,1619.4,647.76,161.94,Venda
SKU_1748_BAB,16/08/2025,Atacado,3,929.7,325.38,201.44,Venda
SKU_1704_PEA,16/08/2025,Atacado,6,2009.4,602.82,234.43,Venda
SKU_1403_AQU,16/08/2025,Atacado,3,1154.7,346.41,269.43,Venda
SKU_1729_FUC,16/08/2025,Atacado,2,349.8,122.44,113.68,Venda
SKU_1786_TEA,16/08/2025,Atacado,10,1799.0,539.7,125.93,Venda
SKU_1687_FOR,16/08/2025,Atacado,5,4499.5,1349.85,629.93,Venda
SKU_1594_WHI,16/08/2025,Varejo,1,499.9,118.96,380.94,Venda
SKU_1746_NAV,16/08/2025,Atacado,8,1439.2,431.76,125.93,Venda
SKU_1558_CLE,16/08/2025,Varejo,1,329.9,53.01,276.89,Venda
SKU_1778_TEA,16/08/2025,Atacado,3,854.7,256.41,199.43,Venda
SKU_1501_SAL,16/08/2025,Varejo,1,169.9,33.43,136.47,Venda
SKU_1706_JAD,16/08/2025,Atacado,6,1109.4,332.82,129.43,Venda
SKU_1734_BRI,16/08/2025,Atacado,4,1399.6,419.88,244.93,Venda
SKU_1758_CLO,16/08/2025,E-commerce,1,179.9,42.17,137.73,Venda
SKU_1769_EME,16/08/2025,Varejo,1,324.9,87.16,237.74,Venda
SKU_1785_HUN,16/08/2025,Atacado,4,979.6,440.8,134.7,Venda
SKU_1543_FLA,16/08/2025,Atacado,8,5879.2,2057.68,477.69,Venda
SKU_1777_FRE,16/08/2025,Atacado,3,719.7,251.88,155.94,Venda
SKU_1739_AQU,16/08/2025,E-commerce,1,254.9,49.97,204.93,Venda
SKU_1423_SAG,16/08/2025,Atacado,12,14398.8,4319.64,839.93,Venda
SKU_1739_AQU,16/08/2025,Atacado,10,2549.0,892.2,165.68,Venda
SKU_1424_VAN,16/08/2025,Atacado,5,4974.5,1741.1,646.68,Venda
SKU_1769_WHI,16/08/2025,Atacado,6,1949.4,877.2,178.7,Venda
SKU_1741_PIN,16/08/2025,Atacado,2,479.8,167.92,155.94,Venda
SKU_1776_BIR,16/08/2025,Varejo,1,329.9,64.03,265.87,Venda
SKU_1420_LIM,16/08/2025,Varejo,1,989.9,233.72,756.18,Venda
SKU_1701_BLU,16/08/2025,E-commerce,1,339.9,81.19,258.71,Venda
SKU_2075_COR,16/08/2025,E-commerce,2,479.8,0.0,239.9,Venda
SKU_1728_MID,16/08/2025,Varejo,3,989.7,200.82,262.96,Venda
SKU_1785_HUN,16/08/2025,Varejo,1,244.9,55.8,189.1,Venda
SKU_1722_AQU,16/08/2025,Atacado,6,1949.4,779.76,194.94,Venda
SKU_1775_PAS,16/08/2025,Atacado,6,1679.4,587.76,181.94,Venda
SKU_1423_JAD,16/08/2025,E-commerce,1,1199.9,337.88,862.02,Venda
SKU_1726_BUB,16/08/2025,Atacado,8,3439.2,1375.68,257.94,Venda
SKU_1723_COB,16/08/2025,Varejo,2,869.8,133.62,368.09,Venda
SKU_1549_PAS,16/08/2025,Atacado,10,1849.0,647.2,120.18,Venda
SKU_1730_MIN,16/08/2025,Atacado,3,959.7,287.91,223.93,Venda
SKU_1883_ARM,16/08/2025,Varejo,1,224.9,0.0,224.9,Venda
SKU_1782_HUN,16/08/2025,Varejo,1,249.9,54.02,195.88,Venda
SKU_1768_PEA,16/08/2025,Atacado,6,3749.4,1312.26,406.19,Venda
SKU_1522_MOS,16/08/2025,E-commerce,1,149.9,33.29,116.61,Venda
SKU_1742_EME,16/08/2025,Varejo,1,259.9,57.34,202.56,Venda
SKU_1781_AQU,16/08/2025,Atacado,8,1039.2,415.68,77.94,Venda
SKU_1767_PRI,16/08/2025,Atacado,3,614.7,215.16,133.18,Venda
SKU_1738_BLU,16/08/2025,Atacado,3,584.7,204.66,126.68,Venda
SKU_1764_FUC,16/08/2025,Atacado,3,704.7,246.66,152.68,Venda
SKU_1572_MAR,16/08/2025,Atacado,2,279.8,97.92,90.94,Venda
SKU_1772_BLU,16/08/2025,Atacado,5,2074.5,726.05,269.69,Venda
SKU_1725_BAB,16/08/2025,Atacado,4,979.6,293.88,171.43,Venda
SKU_1830_IVO,16/08/2025,Varejo,1,259.9,0.0,259.9,Venda
SKU_1742_DEN,16/08/2025,Atacado,8,2079.2,623.76,181.93,Venda
SKU_1700_HUN,16/08/2025,Atacado,6,4199.4,1679.76,419.94,Venda
SKU_1703_BLU,16/08/2025,E-commerce,1,269.9,50.35,219.55,Venda
SKU_1411_BLU,16/08/2025,Atacado,10,2249.0,674.7,157.43,Venda
SKU_1461_NAV,16/08/2025,Varejo,1,1069.9,185.07,884.83,Venda
SKU_1440_PIS,16/08/2025,E-commerce,1,1199.9,197.94,1001.96,Venda
SKU_1738_ROY,16/08/2025,E-commerce,1,194.9,41.24,153.66,Venda
SKU_1499_RAS,16/08/2025,Atacado,5,1299.5,389.85,181.93,Venda
SKU_1706_BLA,16/08/2025,Varejo,1,184.9,33.08,151.82,Venda
SKU_1767_FUC,16/08/2025,Atacado,6,1229.4,491.76,122.94,Venda
SKU_1827_PRI,16/08/2025,Atacado,4,779.6,272.88,126.68,Venda
SKU_1738_ROY,16/08/2025,Varejo,1,194.9,47.16,147.74,Venda
SKU_1687_WHI,16/08/2025,Varejo,1,899.9,154.83,745.07,Venda
SKU_1784_BLA,16/08/2025,Atacado,10,3099.0,1084.6,201.44,Venda
SKU_1734_FRE,16/08/2025,Varejo,1,349.9,59.46,290.44,Venda
SKU_1849_BAB,16/08/2025,Atacado,10,3299.0,989.7,230.93,Venda
SKU_1699_COB,16/08/2025,Varejo,2,659.8,194.72,232.54,Venda
SKU_1561_VAN,16/08/2025,Varejo,1,349.9,86.48,263.42,Venda
SKU_1648_RAS,16/08/2025,Atacado,4,2799.6,839.88,489.93,Venda
SKU_1754_IVO,16/08/2025,Atacado,4,1359.6,543.84,203.94,Venda
SKU_1778_TEA,16/08/2025,Varejo,2,569.8,92.62,238.59,Venda
SKU_1722_AQU,16/08/2025,Varejo,2,649.8,128.36,260.72,Venda
SKU_1538_MAG,16/08/2025,Atacado,4,839.6,293.84,136.44,Venda
SKU_1459_OFF,16/08/2025,E-commerce,1,209.9,53.52,156.38,Venda
SKU_1493_CLO,16/08/2025,Varejo,1,329.9,72.91,256.99,Venda
SKU_1692_BLU,16/08/2025,Atacado,5,1099.5,384.8,142.94,Venda
SKU_1633_SER,16/08/2025,Atacado,4,939.6,328.88,152.68,Venda
SKU_1700_HUN,16/08/2025,Atacado,3,2099.7,839.88,419.94,Venda
SKU_1737_SAG,16/08/2025,E-commerce,1,769.9,138.15,631.75,Venda
SKU_1720_PAS,16/08/2025,E-commerce,2,449.8,113.22,168.29,Venda
SKU_1457_MAG,16/08/2025,Atacado,3,479.7,143.91,111.93,Venda
SKU_1801_FLA,16/08/2025,Atacado,4,1499.6,524.84,243.69,Venda
SKU_1694_PIS,16/08/2025,E-commerce,1,279.9,57.31,222.59,Venda
SKU_1744_LIG,16/08/2025,Atacado,4,1059.6,317.88,185.43,Venda
SKU_1632_SPA,16/08/2025,Varejo,1,184.9,30.81,154.09,Venda
SKU_1500_PAS,16/08/2025,Atacado,4,1039.6,311.88,181.93,Venda
SKU_1785_HUN,16/08/2025,E-commerce,2,489.8,125.78,182.01,Venda
SKU_1793_WHI,16/08/2025,Varejo,2,379.8,68.52,155.64,Venda
SKU_1721_FRE,16/08/2025,Atacado,8,3359.2,1175.68,272.94,Venda
SKU_1588_CRE,16/08/2025,Atacado,5,2449.5,734.85,342.93,Venda
SKU_1785_HUN,16/08/2025,Atacado,6,1469.4,514.32,159.18,Venda
SKU_1620_SAG,16/08/2025,Atacado,10,2649.0,794.7,185.43,Venda
SKU_1680_SEA,16/08/2025,Varejo,1,334.9,87.53,247.37,Venda
SKU_1801_FLA,16/08/2025,Varejo,1,374.9,101.49,273.41,Venda
SKU_1690_MAG,16/08/2025,Atacado,6,3239.4,1133.76,350.94,Venda
SKU_1731_ARM,16/08/2025,E-commerce,1,909.9,265.89,644.01,Venda
SKU_1720_PAL,16/08/2025,Varejo,1,224.9,63.66,161.24,Venda
SKU_1930_GAR,16/08/2025,Atacado,6,3959.4,1187.82,461.93,Venda
SKU_1475_MIN,16/08/2025,Atacado,5,1249.5,499.8,149.94,Venda
SKU_1594_BAL,16/08/2025,E-commerce,1,499.9,147.07,352.83,Venda
SKU_1498_OLI,16/08/2025,Atacado,4,1359.6,475.84,220.94,Venda
SKU_1763_MAR,16/08/2025,Atacado,5,1499.5,449.85,209.93,Venda
SKU_1759_CLE,16/08/2025,Atacado,4,1079.6,431.84,161.94,Venda
SKU_1773_OLI,16/08/2025,Atacado,10,3249.0,1137.1,211.19,Venda
SKU_1734_BRI,16/08/2025,E-commerce,2,699.8,169.46,265.17,Venda
SKU_1731_MIN,16/08/2025,E-commerce,1,909.9,188.15,721.75,Venda
SKU_1794_LIG,16/08/2025,Varejo,1,209.9,34.0,175.9,Venda
SKU_1779_LIG,16/08/2025,Varejo,1,214.9,44.81,170.09,Venda
SKU_1754_SER,16/08/2025,Varejo,2,679.8,126.42,276.69,Venda
SKU_2104_PEA,16/08/2025,E-commerce,2,449.8,31.48,209.16,Venda
SKU_1769_EME,16/08/2025,E-commerce,1,324.9,80.5,244.4,Venda
SKU_1519_TEA,16/08/2025,Varejo,1,629.9,140.05,489.85,Venda
SKU_1829_HUN,16/08/2025,Atacado,3,779.7,272.88,168.94,Venda
SKU_1756_FLA,16/08/2025,Varejo,3,539.7,85.53,151.39,Venda
SKU_1402_VAN,16/08/2025,Atacado,4,939.6,281.88,164.43,Venda
SKU_1753_WHI,16/08/2025,Atacado,10,7899.0,2764.6,513.44,Venda
SKU_1713_SNO,16/08/2025,Atacado,5,2524.5,883.55,328.19,Venda
SKU_1543_BAB,16/08/2025,Varejo,1,734.9,207.86,527.04,Venda
SKU_1763_MAR,16/08/2025,Varejo,1,299.9,51.25,248.65,Venda
SKU_1770_JAD,16/08/2025,E-commerce,1,219.9,35.63,184.27,Venda
SKU_1608_MID,16/08/2025,Atacado,10,3049.0,1067.1,198.19,Venda
SKU_1783_BAB,16/08/2025,Varejo,1,1199.9,284.5,915.4,Venda
SKU_1455_TEA,16/08/2025,Atacado,5,1674.5,586.05,217.69,Venda
SKU_1786_POW,16/08/2025,Varejo,1,179.9,43.57,136.33,Venda
SKU_1715_HON,16/08/2025,Atacado,3,659.7,263.88,131.94,Venda
SKU_1717_CRE,16/08/2025,Varejo,1,259.9,62.62,197.28,Venda
SKU_1723_MOS,16/08/2025,Atacado,5,2174.5,652.35,304.43,Venda
SKU_1742_DEN,16/08/2025,Atacado,3,779.7,272.88,168.94,Venda
SKU_1781_CLE,16/08/2025,E-commerce,1,129.9,27.62,102.28,Venda
SKU_1638_SAP,16/08/2025,Atacado,8,9119.2,2735.76,797.93,Venda
SKU_1712_MOS,16/08/2025,Atacado,5,899.5,314.8,116.94,Venda
SKU_1684_SHO,16/08/2025,Varejo,1,184.9,52.46,132.44,Venda
SKU_1489_TEA,16/08/2025,Varejo,1,369.9,107.5,262.4,Venda
SKU_1800_MOS,16/08/2025,Atacado,8,2239.2,783.68,181.94,Venda
SKU_1761_MOS,16/08/2025,Atacado,5,5524.5,1933.6,718.18,Venda
SKU_1812_BRI,16/08/2025,Varejo,1,659.9,0.0,659.9,Venda
SKU_1730_OFF,16/08/2025,Varejo,1,319.9,67.04,252.86,Venda
SKU_1651_PAS,16/08/2025,Atacado,6,1589.4,556.26,172.19,Venda
SKU_1748_COB,16/08/2025,Atacado,10,3099.0,929.7,216.93,Venda
SKU_1724_PIN,16/08/2025,E-commerce,2,2229.8,492.18,868.81,Venda
SKU_1586_JAD,16/08/2025,Atacado,8,2439.2,731.76,213.43,Venda
SKU_2042_WHI,16/08/2025,Atacado,8,6119.2,2141.68,497.19,Venda
SKU_1696_SHO,16/08/2025,Atacado,4,1119.6,447.84,167.94,Venda
SKU_1424_VAN,16/08/2025,Varejo,2,1989.8,558.36,715.72,Venda
SKU_1412_SHO,16/08/2025,Varejo,1,894.9,150.5,744.4,Venda
SKU_1693_MEX,16/08/2025,Atacado,4,819.6,286.88,133.18,Venda
SKU_1774_COB,16/08/2025,E-commerce,1,204.9,33.7,171.2,Venda
SKU_1690_MAG,16/08/2025,Atacado,10,5399.0,2159.6,323.94,Venda
SKU_1691_ROS,16/08/2025,Varejo,2,619.8,178.16,220.82,Venda
SKU_1740_FRE,16/08/2025,Varejo,1,214.9,58.8,156.1,Venda
SKU_1800_SKY,16/08/2025,E-commerce,1,279.9,49.06,230.84,Venda
SKU_1743_CLO,16/08/2025,E-commerce,1,439.9,101.96,337.94,Venda
SKU_1787_BAB,16/08/2025,E-commerce,1,289.9,81.7,208.2,Venda
SKU_1801_MOS,16/08/2025,Varejo,1,374.9,57.99,316.91,Venda
SKU_1744_EME,16/08/2025,E-commerce,1,264.9,78.61,186.29,Venda
SKU_1819_DEE,16/08/2025,Atacado,12,4138.8,1241.64,241.43,Venda
SKU_1726_BUB,16/08/2025,Varejo,1,429.9,70.92,358.98,Venda
SKU_1652_TEA,16/08/2025,Atacado,2,439.8,131.94,153.93,Venda
SKU_1726_BUB,16/08/2025,Atacado,10,4299.0,1719.6,257.94,Venda
SKU_1780_LIG,16/08/2025,Atacado,12,4018.8,1406.52,217.69,Venda
SKU_1767_PRI,16/08/2025,Varejo,1,204.9,31.9,173.0,Venda
SKU_1559_SKY,16/08/2025,Varejo,1,1199.9,267.95,931.95,Venda
SKU_1760_OFF,16/08/2025,Atacado,6,1499.4,449.82,174.93,Venda
SKU_1700_PIS,16/08/2025,E-commerce,1,699.9,159.92,539.98,Venda
SKU_1781_CLE,16/08/2025,Varejo,1,129.9,37.06,92.84,Venda
SKU_1709_CRE,16/08/2025,Varejo,1,209.9,34.86,175.04,Venda
SKU_1786_POW,16/08/2025,Atacado,3,539.7,188.88,116.94,Venda
SKU_1683_SHO,16/08/2025,Atacado,10,3149.0,1102.1,204.69,Venda
SKU_1764_MAR,16/08/2025,E-commerce,1,234.9,61.68,173.22,Venda
SKU_1730_MIN,16/08/2025,Atacado,4,1279.6,447.84,207.94,Venda
SKU_1726_BUB,16/08/2025,Atacado,8,3439.2,1203.68,279.44,Venda
SKU_1754_SER,16/08/2025,Varejo,1,339.9,83.94,255.96,Venda
SKU_1797_GAR,16/08/2025,E-commerce,1,379.9,81.61,298.29,Venda
SKU_1427_AQU,16/08/2025,Atacado,2,399.8,159.92,119.94,Venda
SKU_1698_SNO,16/08/2025,Varejo,1,419.9,74.74,345.16,Venda
SKU_1690_MYS,16/08/2025,Atacado,2,1079.8,377.92,350.94,Venda
SKU_2080_FLA,16/08/2025,Atacado,3,719.7,251.88,155.94,Venda
SKU_1793_WHI,16/08/2025,Varejo,1,189.9,43.4,146.5,Venda
SKU_1973_SKY,16/08/2025,Atacado,4,1279.6,447.84,207.94,Venda
SKU_1709_CRE,16/08/2025,Varejo,1,209.9,46.27,163.63,Venda
SKU_1750_SNO,16/08/2025,E-commerce,2,739.8,130.3,304.75,Venda
SKU_1772_SNO,16/08/2025,Varejo,2,829.8,130.3,349.75,Venda
SKU_1723_MOS,16/08/2025,Atacado,5,2174.5,761.05,282.69,Venda
SKU_1785_PAS,16/08/2025,Varejo,2,489.8,127.86,180.97,Venda
SKU_1682_OLI,16/08/2025,Atacado,3,704.7,281.88,140.94,Venda
SKU_1736_PAS,16/08/2025,Varejo,1,324.9,94.93,229.97,Venda
SKU_1424_BAB,16/08/2025,Atacado,4,3979.6,1591.84,596.94,Venda
SKU_1690_MAG,16/08/2025,Atacado,12,6478.8,2267.52,350.94,Venda
SKU_1794_LIG,16/08/2025,Atacado,6,1259.4,377.82,146.93,Venda
SKU_1743_DEE,16/08/2025,Varejo,1,439.9,90.16,349.74,Venda
SKU_1696_SHO,16/08/2025,Varejo,2,559.8,145.98,206.91,Venda
SKU_2081_HUN,16/08/2025,Varejo,2,779.8,0.0,389.9,Venda
SKU_1689_MAG,16/08/2025,Varejo,1,964.9,272.46,692.44,Venda
SKU_1930_GAR,16/08/2025,E-commerce,1,659.9,46.19,613.71,Venda
SKU_1699_COB,16/08/2025,Atacado,5,1649.5,494.85,230.93,Venda
SKU_1913_MYS,16/08/2025,Atacado,5,974.5,341.1,126.68,Venda
SKU_1795_RAS,16/08/2025,Varejo,1,299.9,50.32,249.58,Venda
SKU_1769_WHI,16/08/2025,Varejo,1,324.9,72.9,252.0,Venda
SKU_1795_HUN,16/08/2025,Atacado,2,599.8,239.92,179.94,Venda
SKU_1621_FUC,16/08/2025,Atacado,2,469.8,140.94,164.43,Venda
SKU_1771_EME,16/08/2025,Atacado,3,794.7,357.6,145.7,Venda
SKU_1722_PAS,16/08/2025,Varejo,4,1299.6,310.56,247.26,Venda
SKU_1731_MIN,16/08/2025,Varejo,1,909.9,145.6,764.3,Venda
SKU_1768_MIN,16/08/2025,Varejo,1,624.9,96.29,528.61,Venda
SKU_1581_COB,16/08/2025,Varejo,3,2564.7,663.39,633.77,Venda
SKU_1780_LIG,16/08/2025,Varejo,1,334.9,84.64,250.26,Venda
SKU_1794_LIG,16/08/2025,Atacado,4,839.6,293.84,136.44,Venda
SKU_1764_FUC,16/08/2025,Atacado,10,2349.0,822.2,152.68,Venda
SKU_1907_BLA,16/08/2025,Varejo,1,274.9,0.0,274.9,Venda
SKU_1778_MIN,16/08/2025,Atacado,10,2849.0,854.7,199.43,Venda
SKU_1748_COB,16/08/2025,Varejo,2,619.8,101.46,259.17,Venda
SKU_1512_TEA,16/08/2025,Atacado,3,674.7,202.41,157.43,Venda
SKU_1721_COR,16/08/2025,Atacado,5,2099.5,629.85,293.93,Venda
SKU_1746_EME,16/08/2025,Varejo,1,179.9,51.41,128.49,Venda
SKU_2046_MAR,16/08/2025,Atacado,8,4119.2,1235.76,360.43,Venda
SKU_1728_EGR,16/08/2025,Atacado,3,989.7,346.38,214.44,Venda
SKU_2032_WHI,16/08/2025,E-commerce,1,254.9,0.0,254.9,Venda
SKU_1793_MIN,16/08/2025,Atacado,4,759.6,265.84,123.44,Venda
SKU_1651_SAL,16/08/2025,Varejo,1,264.9,55.78,209.12,Venda
SKU_1747_FUC,16/08/2025,Varejo,4,699.6,181.52,129.52,Venda
SKU_1785_PAS,16/08/2025,Varejo,1,244.9,71.05,173.85,Venda
SKU_1756_BUB,16/08/2025,Varejo,2,359.8,93.74,133.03,Venda
SKU_1731_MIN,16/08/2025,Atacado,6,5459.4,2183.76,545.94,Venda
SKU_1866_DUS,16/08/2025,Atacado,5,1624.5,568.55,211.19,Venda
SKU_1695_LIM,16/08/2025,E-commerce,1,209.9,45.49,164.41,Venda
SKU_1642_OFF,16/08/2025,Atacado,4,899.6,314.88,146.18,Venda
SKU_1567_PRI,16/08/2025,Atacado,2,1379.8,482.92,448.44,Venda
SKU_1797_BLU,16/08/2025,Atacado,4,1519.6,531.84,246.94,Venda
SKU_1763_HOT,16/08/2025,Varejo,1,299.9,66.17,233.73,Venda
SKU_1763_HOT,16/08/2025,E-commerce,1,299.9,88.58,211.32,Venda
SKU_1722_PAS,16/08/2025,Atacado,2,649.8,227.42,211.19,Venda
SKU_1790_ROY,16/08/2025,Varejo,1,259.9,68.67,191.23,Venda
SKU_1706_BLA,16/08/2025,Atacado,6,1109.4,332.82,129.43,Venda
SKU_1685_BIR,16/08/2025,E-commerce,1,664.9,160.66,504.24,Venda
SKU_1718_SEA,16/08/2025,E-commerce,3,1109.7,183.48,308.74,Venda
SKU_1725_BAB,16/08/2025,Atacado,4,979.6,293.88,171.43,Venda
SKU_1739_AQU,16/08/2025,Varejo,1,254.9,51.9,203.0,Venda
SKU_1598_DUS,16/08/2025,Atacado,3,1469.7,514.38,318.44,Venda
SKU_1768_PEA,16/08/2025,Atacado,4,2499.6,874.84,406.19,Venda
SKU_1696_SHO,16/08/2025,Atacado,2,559.8,251.92,153.94,Venda
SKU_1643_PAS,16/08/2025,Atacado,10,2249.0,674.7,157.43,Venda
SKU_1747_FUC,16/08/2025,Atacado,5,874.5,262.35,122.43,Venda
SKU_1513_RAS,16/08/2025,Atacado,3,644.7,225.66,139.68,Venda
SKU_1730_MIN,16/08/2025,Atacado,6,1919.4,671.76,207.94,Venda
SKU_1702_COR,16/08/2025,Atacado,12,7438.8,2975.52,371.94,Venda
SKU_1493_CLO,16/08/2025,Varejo,3,989.7,153.12,278.86,Venda
SKU_1494_HOT,16/08/2025,E-commerce,1,1084.9,214.86,870.04,Venda
SKU_1975_PAS,16/08/2025,E-commerce,1,444.9,0.0,444.9,Venda
SKU_1681_PIS,16/08/2025,Atacado,4,939.6,328.88,152.68,Venda
SKU_1792_AQU,17/08/2025,E-commerce,1,439.9,117.01,322.89,Venda
SKU_1756_BUB,17/08/2025,Varejo,1,179.9,48.35,131.55,Venda
SKU_1750_SNO,17/08/2025,Atacado,3,1109.7,332.91,258.93,Venda
SKU_1777_FRE,17/08/2025,Atacado,5,1199.5,419.8,155.94,Venda
SKU_1415_MID,17/08/2025,Atacado,10,3549.0,1242.1,230.69,Venda
SKU_1482_SHO,17/08/2025,Atacado,8,3559.2,1067.76,311.43,Venda
SKU_2027_CLE,17/08/2025,Varejo,1,349.9,24.49,325.41,Venda
SKU_1459_CRE,17/08/2025,Varejo,2,419.8,77.38,171.21,Venda
SKU_1767_PRI,17/08/2025,Varejo,1,204.9,46.02,158.88,Venda
SKU_1436_BLU,17/08/2025,Varejo,1,279.9,44.35,235.55,Venda
SKU_1597_SHO,17/08/2025,Varejo,1,529.9,148.61,381.29,Venda
SKU_1779_MIN,17/08/2025,Varejo,2,429.8,80.36,174.72,Venda
SKU_1665_SAG,17/08/2025,Varejo,1,249.9,48.07,201.83,Venda
SKU_1780_LIG,17/08/2025,Varejo,1,334.9,64.71,270.19,Venda
SKU_1741_PEA,17/08/2025,Varejo,1,239.9,47.54,192.36,Venda
SKU_1548_CLO,17/08/2025,Varejo,2,949.8,235.5,357.15,Venda
SKU_1903_DUS,17/08/2025,Varejo,1,329.9,0.0,329.9,Venda
SKU_1782_NAV,17/08/2025,Varejo,1,249.9,65.94,183.96,Venda
SKU_1693_MEX,17/08/2025,Varejo,4,819.6,193.6,156.5,Venda
SKU_1770_DEE,17/08/2025,Atacado,3,659.7,197.91,153.93,Venda
SKU_1764_FUC,17/08/2025,E-commerce,1,234.9,66.91,167.99,Venda
SKU_1497_FUC,17/08/2025,Atacado,4,539.6,188.88,87.68,Venda
SKU_1767_FUC,17/08/2025,Atacado,2,409.8,122.94,143.43,Venda
SKU_1703_BLU,17/08/2025,Varejo,1,269.9,44.64,225.26,Venda
SKU_1784_EGR,17/08/2025,Atacado,4,1239.6,433.84,201.44,Venda
SKU_1694_PIS,17/08/2025,Atacado,8,2239.2,671.76,195.93,Venda
SKU_1693_FLA,17/08/2025,Varejo,2,409.8,117.52,146.14,Venda
SKU_1576_AQU,17/08/2025,Atacado,6,1469.4,440.82,171.43,Venda
SKU_1776_BIR,17/08/2025,Varejo,2,659.8,116.9,271.45,Venda
SKU_1694_PIS,17/08/2025,Varejo,1,279.9,54.06,225.84,Venda
SKU_1799_POW,17/08/2025,E-commerce,1,269.9,70.2,199.7,Venda
SKU_1717_CRE,17/08/2025,Atacado,5,1299.5,454.8,168.94,Venda
SKU_1746_EME,17/08/2025,Atacado,10,1799.0,629.6,116.94,Venda
SKU_1779_MIN,17/08/2025,Varejo,1,214.9,40.69,174.21,Venda
SKU_1771_EME,17/08/2025,Atacado,4,1059.6,317.88,185.43,Venda
SKU_1688_LIG,17/08/2025,Atacado,4,1719.6,515.88,300.93,Venda
SKU_1701_BLU,17/08/2025,E-commerce,1,339.9,83.45,256.45,Venda
SKU_1718_SEA,17/08/2025,Varejo,1,369.9,57.5,312.4,Venda
SKU_1756_BUB,17/08/2025,E-commerce,1,179.9,43.07,136.83,Venda
SKU_1695_CRE,17/08/2025,Atacado,5,1049.5,314.85,146.93,Venda
SKU_1491_CER,17/08/2025,Atacado,4,539.6,188.88,87.68,Venda
SKU_1739_AQU,17/08/2025,Atacado,2,509.8,178.44,165.68,Venda
SKU_1746_EME,17/08/2025,Varejo,1,179.9,51.62,128.28,Venda
SKU_1737_DEE,17/08/2025,Varejo,1,769.9,157.85,612.05,Venda
SKU_1896_ARM,17/08/2025,Varejo,2,2019.8,141.38,939.21,Venda
SKU_1729_FUC,17/08/2025,Atacado,3,524.7,209.88,104.94,Venda
SKU_1460_FUC,17/08/2025,Atacado,8,1399.2,419.76,122.43,Venda
SKU_1736_JAD,17/08/2025,Varejo,1,324.9,80.55,244.35,Venda
SKU_1760_PAS,17/08/2025,E-commerce,1,249.9,54.77,195.13,Venda
SKU_1700_PIS,17/08/2025,Atacado,4,2799.6,839.88,489.93,Venda
SKU_1983_GAR,17/08/2025,E-commerce,1,224.9,0.0,224.9,Venda
SKU_1743_CLO,17/08/2025,E-commerce,1,439.9,113.25,326.65,Venda
SKU_2020_FOR,17/08/2025,E-commerce,2,469.8,0.0,234.9,Venda
SKU_1789_EME,17/08/2025,Atacado,6,1619.4,566.76,175.44,Venda
SKU_1758_CLO,17/08/2025,Varejo,1,179.9,46.84,133.06,Venda
SKU_1787_BAB,17/08/2025,Varejo,4,1159.6,315.52,211.02,Venda
SKU_1611_BRI,17/08/2025,Atacado,2,439.8,131.94,153.93,Venda
SKU_1695_LIM,17/08/2025,Atacado,3,629.7,188.91,146.93,Venda
SKU_1700_HUN,17/08/2025,Atacado,4,2799.6,979.84,454.94,Venda
SKU_1670_PEA,17/08/2025,Varejo,1,144.9,41.22,103.68,Venda
SKU_1759_CLE,17/08/2025,Atacado,4,1079.6,323.88,188.93,Venda
SKU_1701_BLU,17/08/2025,Varejo,1,339.9,74.86,265.04,Venda
SKU_1707_ARM,17/08/2025,Atacado,3,839.7,335.88,167.94,Venda
SKU_2065_DUS,17/08/2025,Varejo,2,399.8,0.0,199.9,Venda
SKU_1717_CRE,17/08/2025,Atacado,8,2079.2,623.76,181.93,Venda
SKU_1760_PAS,17/08/2025,Varejo,1,249.9,49.87,200.03,Venda
SKU_2063_POW,17/08/2025,Atacado,4,879.6,263.88,153.93,Venda
SKU_1731_ARM,17/08/2025,Varejo,1,909.9,178.67,731.23,Venda
SKU_1686_SKY,17/08/2025,Varejo,2,429.8,115.14,157.33,Venda
SKU_1498_LIG,17/08/2025,Atacado,8,2719.2,1223.6,186.95,Venda
SKU_1799_POW,17/08/2025,Atacado,5,1349.5,472.3,175.44,Venda
SKU_1684_SHO,17/08/2025,Varejo,1,184.9,33.45,151.45,Venda
SKU_1748_COB,17/08/2025,Varejo,1,309.9,91.55,218.35,Venda
SKU_1710_OLI,17/08/2025,Atacado,6,4859.4,1700.76,526.44,Venda
SKU_1717_CRE,17/08/2025,Atacado,6,1559.4,545.76,168.94,Venda
SKU_1533_CER,17/08/2025,Atacado,6,989.4,346.32,107.18,Venda
SKU_1763_HOT,17/08/2025,E-commerce,1,299.9,65.78,234.12,Venda
SKU_1596_CER,17/08/2025,E-commerce,1,274.9,49.62,225.28,Venda
SKU_1905_WHI,17/08/2025,Varejo,2,719.8,50.38,334.71,Venda
SKU_1710_MEX,17/08/2025,E-commerce,1,809.9,155.67,654.23,Venda
SKU_1763_HOT,17/08/2025,Atacado,6,1799.4,539.82,209.93,Venda
SKU_1754_SER,17/08/2025,Atacado,6,2039.4,713.76,220.94,Venda
SKU_1446_GAR,17/08/2025,Atacado,4,1079.6,323.88,188.93,Venda
SKU_1732_OFF,17/08/2025,Atacado,5,5574.5,1672.35,780.43,Venda
SKU_1723_COB,17/08/2025,Varejo,1,434.9,87.99,346.91,Venda
SKU_1697_MIN,17/08/2025,E-commerce,1,219.9,38.71,181.19,Venda
SKU_1713_SNO,17/08/2025,Varejo,3,1514.7,274.23,413.49,Venda
SKU_1724_PEA,17/08/2025,Atacado,2,2229.8,668.94,780.43,Venda
SKU_1501_SAL,17/08/2025,E-commerce,1,169.9,49.25,120.65,Venda
SKU_1698_PRI,17/08/2025,E-commerce,1,419.9,110.09,309.81,Venda
SKU_1645_MIN,17/08/2025,Varejo,2,799.8,222.62,288.59,Venda
SKU_1708_FLA,17/08/2025,Atacado,8,1359.2,407.76,118.93,Venda
SKU_1784_BLA,17/08/2025,Varejo,1,309.9,73.36,236.54,Venda
SKU_1754_SER,17/08/2025,Atacado,6,2039.4,713.76,220.94,Venda
SKU_1778_MIN,17/08/2025,Atacado,5,1424.5,498.55,185.19,Venda
SKU_1578_TEA,17/08/2025,Varejo,2,249.8,70.02,89.89,Venda
SKU_1521_FRE,17/08/2025,Atacado,6,1139.4,398.76,123.44,Venda
SKU_1712_MOS,17/08/2025,Atacado,4,719.6,323.84,98.94,Venda
SKU_1423_SAG,17/08/2025,E-commerce,1,1199.9,246.78,953.12,Venda
SKU_1682_OLI,17/08/2025,Atacado,8,1879.2,657.76,152.68,Venda
SKU_1724_PIN,17/08/2025,Atacado,5,5574.5,2508.55,613.19,Venda
SKU_1743_CLO,17/08/2025,Atacado,10,4399.0,1539.6,285.94,Venda
SKU_1715_HON,17/08/2025,Varejo,1,219.9,46.31,173.59,Venda
SKU_1685_BIR,17/08/2025,Atacado,5,3324.5,997.35,465.43,Venda
SKU_1457_SNO,17/08/2025,Atacado,5,799.5,319.8,95.94,Venda
SKU_1708_FRE,17/08/2025,Varejo,1,169.9,44.79,125.11,Venda
SKU_1795_HUN,17/08/2025,Varejo,1,299.9,51.12,248.78,Venda
SKU_1735_MOS,17/08/2025,Atacado,5,1349.5,404.85,188.93,Venda
SKU_1759_COB,17/08/2025,Varejo,1,269.9,66.69,203.21,Venda
SKU_1755_BIR,17/08/2025,E-commerce,1,334.9,67.36,267.54,Venda
SKU_1719_OFF,17/08/2025,Varejo,1,319.9,71.35,248.55,Venda
SKU_1793_WHI,17/08/2025,Varejo,1,189.9,43.96,145.94,Venda
SKU_1697_MIN,17/08/2025,Varejo,1,219.9,47.63,172.27,Venda
SKU_1740_OLI,17/08/2025,Atacado,2,429.8,150.44,139.68,Venda
SKU_1866_ROS,17/08/2025,Atacado,4,1299.6,454.84,211.19,Venda
SKU_1843_NAV,17/08/2025,E-commerce,1,304.9,0.0,304.9,Venda
SKU_2070_SPA,17/08/2025,Atacado,6,1289.4,451.32,139.68,Venda
SKU_1799_DEN,17/08/2025,Varejo,1,269.9,76.52,193.38,Venda
SKU_2042_SER,17/08/2025,Atacado,8,6119.2,2447.68,458.94,Venda
SKU_1828_FLA,17/08/2025,E-commerce,1,244.9,17.14,227.76,Venda
SKU_1894_IVO,17/08/2025,Atacado,5,1374.5,412.35,192.43,Venda
SKU_1790_EGR,17/08/2025,Varejo,1,259.9,73.5,186.4,Venda
SKU_1405_CLO,17/08/2025,Atacado,6,1289.4,515.76,128.94,Venda
SKU_1717_MIN,17/08/2025,Atacado,5,1299.5,454.8,168.94,Venda
SKU_1647_ARM,17/08/2025,E-commerce,1,339.9,87.71,252.19,Venda
SKU_1706_JAD,17/08/2025,Atacado,6,1109.4,443.76,110.94,Venda
SKU_1485_CER,17/08/2025,Atacado,4,2659.6,797.88,465.43,Venda
SKU_1733_NAV,17/08/2025,Varejo,1,349.9,87.07,262.83,Venda
SKU_1680_NAV,17/08/2025,Atacado,6,2009.4,602.82,234.43,Venda
SKU_1749_BIR,17/08/2025,Atacado,5,1749.5,787.25,192.45,Venda
SKU_2111_ARM,17/08/2025,Atacado,8,1879.2,657.76,152.68,Venda
SKU_1870_AQU,17/08/2025,Varejo,1,229.9,0.0,229.9,Venda
SKU_1682_BIR,17/08/2025,Varejo,1,234.9,42.75,192.15,Venda
SKU_1727_WHI,17/08/2025,Atacado,10,1549.0,464.7,108.43,Venda
SKU_1772_SNO,17/08/2025,E-commerce,1,414.9,117.45,297.45,Venda
SKU_1490_VAN,17/08/2025,E-commerce,1,314.9,78.14,236.76,Venda
SKU_1464_BIR,17/08/2025,Varejo,1,229.9,50.81,179.09,Venda
SKU_1699_COB,17/08/2025,Atacado,6,1979.4,692.76,214.44,Venda
SKU_1742_EME,17/08/2025,E-commerce,1,259.9,65.48,194.42,Venda
SKU_1745_FOR,17/08/2025,Varejo,1,409.9,67.42,342.48,Venda
SKU_1753_WHI,17/08/2025,Varejo,1,789.9,150.2,639.7,Venda
SKU_1683_PAL,17/08/2025,E-commerce,1,314.9,58.43,256.47,Venda
SKU_1754_SER,17/08/2025,Varejo,1,339.9,88.56,251.34,Venda
SKU_1788_MYS,17/08/2025,Atacado,2,499.8,199.92,149.94,Venda
SKU_1713_SAL,17/08/2025,E-commerce,1,504.9,145.25,359.65,Venda
SKU_1703_BLU,17/08/2025,E-commerce,1,269.9,62.21,207.69,Venda
SKU_1784_BLA,17/08/2025,Varejo,1,309.9,67.21,242.69,Venda
SKU_1783_EGR,17/08/2025,E-commerce,1,1199.9,331.2,868.7,Venda
SKU_2089_CLO,17/08/2025,Atacado,5,2474.5,742.35,346.43,Venda
SKU_1718_DUS,17/08/2025,E-commerce,1,369.9,78.04,291.86,Venda
SKU_1799_DEN,17/08/2025,Atacado,10,2699.0,944.6,175.44,Venda
SKU_1773_FRE,17/08/2025,Atacado,5,1624.5,649.8,194.94,Venda
SKU_1792_MIN,17/08/2025,Atacado,5,2199.5,769.8,285.94,Venda
SKU_1756_BUB,17/08/2025,Varejo,2,359.8,95.16,132.32,Venda
SKU_1798_MOS,17/08/2025,Varejo,2,839.8,184.08,327.86,Venda
SKU_1714_MID,17/08/2025,Varejo,2,609.8,143.5,233.15,Venda
SKU_1428_COB,17/08/2025,Varejo,2,979.8,263.6,358.1,Venda
SKU_1557_TUR,17/08/2025,Varejo,3,599.7,137.37,154.11,Venda
SKU_1389_SHO,17/08/2025,Atacado,12,1678.8,671.52,83.94,Venda
SKU_1784_EGR,17/08/2025,Atacado,3,929.7,325.38,201.44,Venda
SKU_1394_FOR,17/08/2025,Atacado,3,1409.7,493.38,305.44,Venda
SKU_1683_PAL,17/08/2025,Atacado,8,2519.2,881.68,204.69,Venda
SKU_1753_PAL,17/08/2025,Atacado,5,3949.5,1382.3,513.44,Venda
SKU_1575_AQU,17/08/2025,Atacado,10,8649.0,3027.1,562.19,Venda
SKU_1451_BIR,17/08/2025,E-commerce,1,244.9,47.16,197.74,Venda
SKU_1437_ROY,17/08/2025,Atacado,6,989.4,346.32,107.18,Venda
SKU_1909_SPA,17/08/2025,Atacado,12,5398.8,1619.64,314.93,Venda
SKU_1692_BLU,17/08/2025,Atacado,10,2199.0,769.6,142.94,Venda
SKU_1634_NAV,17/08/2025,Atacado,2,1959.8,587.94,685.93,Venda
SKU_1606_SEA,17/08/2025,Varejo,1,1084.9,173.13,911.77,Venda
SKU_1766_CLE,17/08/2025,Varejo,1,394.9,89.09,305.81,Venda
SKU_1718_DUS,17/08/2025,E-commerce,1,369.9,75.89,294.01,Venda
SKU_1699_CLO,17/08/2025,Atacado,6,1979.4,692.76,214.44,Venda
SKU_1744_LIG,17/08/2025,Varejo,1,264.9,64.58,200.32,Venda
SKU_1403_DUS,17/08/2025,Varejo,1,384.9,78.22,306.68,Venda
SKU_1785_HUN,17/08/2025,Varejo,4,979.6,178.44,200.29,Venda
SKU_1711_VAN,17/08/2025,Atacado,5,4974.5,1741.1,646.68,Venda
SKU_1406_SHO,17/08/2025,Atacado,3,1049.7,367.38,227.44,Venda
SKU_1760_PAS,17/08/2025,Varejo,1,249.9,58.72,191.18,Venda
SKU_1735_COR,17/08/2025,E-commerce,1,269.9,58.9,211.0,Venda
SKU_1419_FLA,17/08/2025,Atacado,3,749.7,224.91,174.93,Venda
SKU_1718_DUS,17/08/2025,Atacado,6,2219.4,665.82,258.93,Venda
SKU_1516_CRE,17/08/2025,E-commerce,3,1049.7,260.79,262.97,Venda
SKU_1797_GAR,17/08/2025,Atacado,8,3039.2,1215.68,227.94,Venda
SKU_1625_DUS,17/08/2025,Atacado,6,1229.4,491.76,122.94,Venda
SKU_2064_PIS,17/08/2025,Atacado,8,3199.2,959.76,279.93,Venda
SKU_1996_BLA,17/08/2025,Varejo,1,244.9,0.0,244.9,Venda
SKU_1761_MOS,17/08/2025,Varejo,1,1104.9,200.88,904.02,Venda
SKU_1775_PAL,17/08/2025,E-commerce,1,279.9,72.82,207.08,Venda
SKU_1417_SNO,17/08/2025,Atacado,6,1679.4,671.76,167.94,Venda
SKU_1784_EGR,17/08/2025,E-commerce,1,309.9,78.64,231.26,Venda
SKU_1528_PAS,17/08/2025,Varejo,1,214.9,32.58,182.32,Venda
SKU_1721_COR,17/08/2025,Varejo,1,419.9,120.59,299.31,Venda
SKU_1723_MOS,17/08/2025,E-commerce,1,434.9,126.77,308.13,Venda
SKU_1795_HUN,17/08/2025,Atacado,6,1799.4,629.76,194.94,Venda
SKU_1774_COB,17/08/2025,Varejo,1,204.9,56.77,148.13,Venda
SKU_1510_SNO,17/08/2025,Atacado,12,10018.8,3005.64,584.43,Venda
SKU_1797_BLU,17/08/2025,Atacado,6,2279.4,683.82,265.93,Venda
SKU_1587_LIG,17/08/2025,Atacado,5,1149.5,344.85,160.93,Venda
SKU_1854_NAV,17/08/2025,Varejo,2,369.8,0.0,184.9,Venda
SKU_1673_FUC,17/08/2025,Atacado,12,4918.8,1721.52,266.44,Venda
SKU_1494_EGR,17/08/2025,Varejo,1,1084.9,222.63,862.27,Venda
SKU_1758_HON,17/08/2025,Varejo,2,359.8,100.74,129.53,Venda
SKU_1782_HUN,17/08/2025,Varejo,1,249.9,52.08,197.82,Venda
SKU_1679_GAR,17/08/2025,Varejo,1,919.9,150.56,769.34,Venda
SKU_1770_JAD,17/08/2025,Atacado,8,1759.2,527.76,153.93,Venda
SKU_1465_OFF,17/08/2025,Varejo,1,314.9,91.91,222.99,Venda
SKU_1750_MIN,17/08/2025,Atacado,6,2219.4,776.76,240.44,Venda
SKU_1513_RAS,17/08/2025,Varejo,4,859.6,184.16,168.86,Venda
SKU_1700_PIS,17/08/2025,Atacado,8,5599.2,1959.68,454.94,Venda
SKU_1491_CER,17/08/2025,Varejo,1,134.9,29.69,105.21,Venda
SKU_1709_MAR,17/08/2025,Varejo,1,209.9,59.63,150.27,Venda
SKU_1801_MOS,17/08/2025,Varejo,1,374.9,89.9,285.0,Venda
SKU_1688_LIG,17/08/2025,Varejo,1,429.9,101.9,328.0,Venda
SKU_1767_PRI,17/08/2025,E-commerce,1,204.9,43.26,161.64,Venda
SKU_1746_EME,17/08/2025,Atacado,8,1439.2,503.68,116.94,Venda
SKU_1722_AQU,17/08/2025,Varejo,1,324.9,79.95,244.95,Venda
SKU_1766_MYS,17/08/2025,Varejo,1,394.9,109.2,285.7,Venda
SKU_1548_HOT,17/08/2025,Atacado,8,3799.2,1139.76,332.43,Venda
SKU_1625_GAR,17/08/2025,Varejo,1,204.9,36.32,168.58,Venda
SKU_1782_HUN,17/08/2025,Atacado,6,1499.4,599.76,149.94,Venda
SKU_1955_SAL,17/08/2025,Varejo,2,1999.8,0.0,999.9,Venda
SKU_1773_OLI,17/08/2025,E-commerce,1,324.9,66.4,258.5,Venda
SKU_1781_AQU,17/08/2025,Varejo,1,129.9,38.0,91.9,Venda
SKU_1708_FRE,17/08/2025,E-commerce,1,169.9,37.99,131.91,Venda
SKU_1733_NAV,17/08/2025,Atacado,3,1049.7,314.91,244.93,Venda
SKU_1667_MID,17/08/2025,Varejo,1,209.9,32.37,177.53,Venda
SKU_2010_BIR,17/08/2025,Varejo,1,919.9,0.0,919.9,Venda
SKU_1700_HUN,17/08/2025,Atacado,2,1399.8,489.92,454.94,Venda
SKU_1677_VAN,17/08/2025,Varejo,1,569.9,91.33,478.57,Venda
SKU_1776_PAS,17/08/2025,Varejo,1,329.9,56.63,273.27,Venda
SKU_1495_BLA,17/08/2025,Varejo,1,329.9,51.97,277.93,Venda
SKU_1797_GAR,17/08/2025,Atacado,12,4558.8,1595.52,246.94,Venda
SKU_1752_SPA,17/08/2025,Atacado,2,859.8,257.94,300.93,Venda
SKU_1719_OFF,17/08/2025,Atacado,5,1599.5,559.8,207.94,Venda
SKU_1681_PIS,17/08/2025,Varejo,2,469.8,112.66,178.57,Venda
SKU_1508_DEE,17/08/2025,Atacado,8,1679.2,671.68,125.94,Venda
SKU_1519_TEA,17/08/2025,Atacado,2,1259.8,503.92,377.94,Venda
SKU_1430_JAD,17/08/2025,Atacado,6,1079.4,377.76,116.94,Venda
SKU_1644_BAB,17/08/2025,E-commerce,1,319.9,65.37,254.53,Venda
SKU_1735_COR,17/08/2025,Atacado,5,1349.5,539.8,161.94,Venda
SKU_1622_VAN,17/08/2025,Atacado,3,809.7,323.88,161.94,Venda
SKU_1714_DEE,17/08/2025,Varejo,1,304.9,65.04,239.86,Venda
SKU_1694_PIS,17/08/2025,Atacado,4,1119.6,391.84,181.94,Venda
SKU_1779_LIG,17/08/2025,Atacado,8,1719.2,515.76,150.43,Venda
SKU_1832_COR,17/08/2025,Varejo,1,294.9,0.0,294.9,Venda
SKU_1728_MID,17/08/2025,Atacado,5,1649.5,494.85,230.93,Venda
SKU_1707_ARM,17/08/2025,Atacado,6,1679.4,671.76,167.94,Venda
SKU_1674_WHI,17/08/2025,Varejo,1,229.9,58.58,171.32,Venda
SKU_1774_COB,17/08/2025,Atacado,2,409.8,163.92,122.94,Venda
SKU_1770_JAD,17/08/2025,E-commerce,1,219.9,54.31,165.59,Venda
SKU_1784_EGR,17/08/2025,Atacado,3,929.7,325.38,201.44,Venda
SKU_1764_FUC,17/08/2025,Varejo,1,234.9,66.51,168.39,Venda
SKU_1733_SAG,17/08/2025,Atacado,3,1049.7,367.38,227.44,Venda
SKU_1799_POW,17/08/2025,Varejo,1,269.9,61.7,208.2,Venda
SKU_1736_JAD,17/08/2025,E-commerce,1,324.9,86.83,238.07,Venda
SKU_1732_WHI,17/08/2025,Atacado,6,6689.4,2006.82,780.43,Venda
SKU_1623_EGR,17/08/2025,Atacado,10,9149.0,3202.1,594.69,Venda
SKU_1612_SNO,17/08/2025,Atacado,4,1319.6,395.88,230.93,Venda
SKU_1407_EME,17/08/2025,Varejo,3,644.7,175.83,156.29,Venda
SKU_1424_VAN,17/08/2025,Atacado,5,4974.5,1492.35,696.43,Venda
SKU_1489_TEA,17/08/2025,Varejo,4,1479.6,429.64,262.49,Venda
SKU_1795_HUN,17/08/2025,Varejo,2,599.8,90.38,254.71,Venda
SKU_1772_BLU,17/08/2025,Atacado,12,4978.8,1493.64,290.43,Venda
SKU_1748_BAB,17/08/2025,E-commerce,1,309.9,86.21,223.69,Venda
SKU_1739_AQU,17/08/2025,Atacado,8,2039.2,713.76,165.68,Venda
SKU_1849_GAR,17/08/2025,Atacado,6,1979.4,692.76,214.44,Venda
SKU_1781_CLE,17/08/2025,Varejo,3,389.7,70.74,106.32,Venda
SKU_1615_MOS,17/08/2025,E-commerce,1,464.9,76.03,388.87,Venda
SKU_1736_JAD,17/08/2025,Varejo,1,324.9,88.4,236.5,Venda
SKU_1717_MIN,17/08/2025,Atacado,6,1559.4,467.82,181.93,Venda
SKU_1698_PRI,17/08/2025,Varejo,2,839.8,169.7,335.05,Venda
SKU_1767_PRI,17/08/2025,E-commerce,1,204.9,52.28,152.62,Venda
SKU_1975_MYS,17/08/2025,Varejo,1,444.9,0.0,444.9,Venda
SKU_1511_SKY,17/08/2025,Varejo,3,2804.7,812.43,664.09,Venda
SKU_1533_DUS,17/08/2025,Atacado,6,989.4,346.32,107.18,Venda
SKU_1512_TEA,17/08/2025,Varejo,2,449.8,101.18,174.31,Venda
SKU_1769_WHI,17/08/2025,Atacado,6,1949.4,779.76,194.94,Venda
SKU_1746_EME,17/08/2025,Varejo,1,179.9,46.72,133.18,Venda
SKU_1629_ARM,17/08/2025,Varejo,1,254.9,62.98,191.92,Venda
SKU_1755_AQU,17/08/2025,Atacado,5,1674.5,502.35,234.43,Venda
SKU_1725_OFF,17/08/2025,Varejo,3,734.7,137.61,199.03,Venda
SKU_1740_FRE,17/08/2025,Varejo,1,214.9,46.77,168.13,Venda
SKU_1740_OLI,17/08/2025,Atacado,4,859.6,343.84,128.94,Venda
SKU_1720_PAS,17/08/2025,Varejo,1,224.9,38.01,186.89,Venda
SKU_1662_PIS,17/08/2025,Varejo,1,199.9,37.77,162.13,Venda
SKU_1752_SPA,17/08/2025,Atacado,10,4299.0,1289.7,300.93,Venda
SKU_2108_BLU,17/08/2025,Atacado,3,899.7,314.88,194.94,Venda
SKU_2109_TEA,17/08/2025,Varejo,1,319.9,0.0,319.9,Venda
SKU_1805_BLU,17/08/2025,Atacado,6,3479.4,1043.82,405.93,Venda
SKU_1714_DEE,17/08/2025,Varejo,1,304.9,54.93,249.97,Venda
SKU_1686_MOS,17/08/2025,Atacado,12,2578.8,773.64,150.43,Venda
SKU_1766_MYS,17/08/2025,Atacado,5,1974.5,789.8,236.94,Venda
SKU_1693_FLA,17/08/2025,Varejo,2,409.8,93.66,158.07,Venda
SKU_1393_COB,17/08/2025,E-commerce,1,309.9,64.66,245.24,Venda
SKU_1686_SKY,17/08/2025,Varejo,1,214.9,33.26,181.64,Venda
SKU_1791_ARM,17/08/2025,Atacado,6,1589.4,556.26,172.19,Venda
SKU_1768_MIN,17/08/2025,Varejo,1,624.9,150.47,474.43,Venda
SKU_1734_BRI,17/08/2025,Varejo,2,699.8,111.38,294.21,Venda
SKU_1474_BRI,17/08/2025,Varejo,1,1059.9,181.65,878.25,Venda
SKU_1738_BLU,17/08/2025,Varejo,2,389.8,87.24,151.28,Venda
SKU_1697_MIN,17/08/2025,E-commerce,1,219.9,51.3,168.6,Venda
SKU_1697_MIN,17/08/2025,E-commerce,1,219.9,49.47,170.43,Venda
SKU_1492_SKY,17/08/2025,Atacado,8,2999.2,899.76,262.43,Venda
SKU_2076_SAG,17/08/2025,Atacado,8,3799.2,1139.76,332.43,Venda
SKU_1798_OFF,17/08/2025,Varejo,1,419.9,92.84,327.06,Venda
SKU_1465_CLE,17/08/2025,Atacado,3,944.7,330.63,204.69,Venda
SKU_1519_BLU,17/08/2025,E-commerce,1,629.9,166.0,463.9,Venda
SKU_1888_NAV,17/08/2025,Varejo,1,199.9,0.0,199.9,Venda
SKU_1718_DUS,17/08/2025,Varejo,3,1109.7,323.37,262.11,Venda
SKU_1595_FLA,17/08/2025,Atacado,10,2999.0,1049.6,194.94,Venda
SKU_1713_SNO,17/08/2025,E-commerce,1,504.9,94.53,410.37,Venda
SKU_1693_FLA,17/08/2025,Varejo,1,204.9,49.91,154.99,Venda
SKU_1791_IVO,17/08/2025,Atacado,5,1324.5,397.35,185.43,Venda
SKU_1689_IVO,17/08/2025,Atacado,6,5789.4,1736.82,675.43,Venda
SKU_1791_IVO,17/08/2025,Atacado,3,794.7,238.41,185.43,Venda
SKU_1729_FUC,17/08/2025,Atacado,6,1049.4,367.32,113.68,Venda
SKU_1711_VAN,17/08/2025,Varejo,3,2984.7,465.24,839.82,Venda
SKU_1779_LIG,17/08/2025,Varejo,2,429.8,111.26,159.27,Venda
SKU_1785_PAS,17/08/2025,Atacado,10,2449.0,857.2,159.18,Venda
SKU_1475_MIN,17/08/2025,Atacado,12,2998.8,1049.52,162.44,Venda
SKU_1782_HUN,17/08/2025,Atacado,10,2499.0,999.6,149.94,Venda
SKU_1890_ROY,17/08/2025,Atacado,10,2549.0,764.7,178.43,Venda
SKU_1449_NAV,17/08/2025,Varejo,2,649.8,179.88,234.96,Venda
SKU_1697_MIN,17/08/2025,Varejo,2,439.8,81.28,179.26,Venda
SKU_1772_BLU,17/08/2025,Atacado,10,4149.0,1452.1,269.69,Venda
SKU_1453_PRI,17/08/2025,Varejo,1,234.9,38.65,196.25,Venda
SKU_1974_MIN,17/08/2025,E-commerce,1,199.9,0.0,199.9,Venda
SKU_1764_MAR,17/08/2025,Atacado,3,704.7,246.66,152.68,Venda
SKU_1482_SHO,17/08/2025,Varejo,1,444.9,69.07,375.83,Venda
SKU_1704_PEA,17/08/2025,Atacado,10,3349.0,1339.6,200.94,Venda
SKU_1781_CLE,17/08/2025,Atacado,4,519.6,181.84,84.44,Venda
SKU_1792_MIN,17/08/2025,Atacado,2,879.8,307.92,285.94,Venda
SKU_1760_PAS,17/08/2025,Varejo,1,249.9,52.95,196.95,Venda
SKU_1605_VAN,17/08/2025,Atacado,4,879.6,307.84,142.94,Venda
SKU_1435_OLI,17/08/2025,Atacado,12,12118.8,4241.52,656.44,Venda
SKU_1778_MIN,17/08/2025,Atacado,6,1709.4,598.26,185.19,Venda
SKU_1698_PRI,17/08/2025,E-commerce,1,419.9,67.31,352.59,Venda
SKU_1718_DUS,17/08/2025,Varejo,1,369.9,86.22,283.68,Venda
SKU_2094_MYS,17/08/2025,Varejo,1,184.9,0.0,184.9,Venda
SKU_1777_FRE,17/08/2025,Atacado,6,1439.4,431.82,167.93,Venda
SKU_1678_MAG,17/08/2025,Atacado,6,4289.4,1286.82,500.43,Venda
SKU_1727_WHI,17/08/2025,Varejo,1,154.9,44.22,110.68,Venda
SKU_1443_BLU,17/08/2025,Atacado,12,3238.8,971.64,188.93,Venda
SKU_1763_HOT,17/08/2025,Varejo,1,299.9,87.56,212.34,Venda
SKU_1709_CRE,17/08/2025,E-commerce,1,209.9,55.52,154.38,Venda
SKU_1529_MIN,17/08/2025,Atacado,5,1224.5,489.8,146.94,Venda
SKU_1457_MAG,17/08/2025,Atacado,3,479.7,191.88,95.94,Venda
SKU_1471_ROS,17/08/2025,Varejo,1,204.9,45.57,159.33,Venda
SKU_1681_OFF,17/08/2025,Varejo,1,234.9,51.3,183.6,Venda
SKU_2019_TUR,17/08/2025,Varejo,2,1099.8,0.0,549.9,Venda
SKU_1533_DUS,17/08/2025,Atacado,3,494.7,173.16,107.18,Venda
SKU_1616_COR,17/08/2025,Atacado,8,8199.2,2869.76,666.18,Venda
SKU_1798_MOS,17/08/2025,Atacado,4,1679.6,587.84,272.94,Venda
SKU_1784_BLA,17/08/2025,Atacado,6,1859.4,650.76,201.44,Venda
SKU_1756_BUB,17/08/2025,E-commerce,1,179.9,35.2,144.7,Venda
SKU_1493_CLO,17/08/2025,Atacado,8,2639.2,791.76,230.93,Venda
SKU_1587_LIG,17/08/2025,Varejo,1,229.9,67.29,162.61,Venda
SKU_1958_BLU,17/08/2025,Atacado,4,739.6,258.88,120.18,Venda
SKU_1778_TEA,17/08/2025,Atacado,6,1709.4,598.26,185.19,Venda
SKU_1610_PRI,17/08/2025,Atacado,10,1849.0,647.2,120.18,Venda
SKU_1767_PRI,17/08/2025,E-commerce,2,409.8,78.0,165.9,Venda
SKU_1779_MIN,17/08/2025,E-commerce,1,214.9,53.94,160.96,Venda
SKU_1701_BLU,17/08/2025,Atacado,3,1019.7,305.91,237.93,Venda
SKU_1800_MOS,17/08/2025,Atacado,5,1399.5,559.8,167.94,Venda
SKU_1710_MEX,17/08/2025,Atacado,4,3239.6,971.88,566.93,Venda
SKU_1720_PAL,17/08/2025,Varejo,1,224.9,62.49,162.41,Venda
SKU_1702_LIG,17/08/2025,Atacado,5,3099.5,1239.8,371.94,Venda
SKU_2107_SNO,17/08/2025,Varejo,3,1274.7,0.0,424.9,Venda
SKU_1733_NAV,17/08/2025,E-commerce,1,349.9,77.05,272.85,Venda
SKU_1722_AQU,17/08/2025,Atacado,6,1949.4,682.26,211.19,Venda
SKU_1682_OLI,17/08/2025,Atacado,4,939.6,375.84,140.94,Venda
SKU_1714_DEE,17/08/2025,Atacado,3,914.7,320.13,198.19,Venda
SKU_1589_TUR,17/08/2025,E-commerce,1,679.9,139.52,540.38,Venda
SKU_1430_JAD,17/08/2025,Varejo,1,179.9,45.11,134.79,Venda
SKU_1790_ROY,17/08/2025,Atacado,5,1299.5,454.8,168.94,Venda
SKU_1736_JAD,17/08/2025,E-commerce,1,324.9,63.17,261.73,Venda
SKU_2035_AQU,17/08/2025,E-commerce,1,224.9,0.0,224.9,Venda
SKU_1766_CLE,17/08/2025,Atacado,6,2369.4,947.76,236.94,Venda
SKU_1733_SAG,17/08/2025,Varejo,1,349.9,64.11,285.79,Venda
SKU_1718_SEA,17/08/2025,Varejo,1,369.9,89.54,280.36,Venda
SKU_1592_SAG,17/08/2025,Atacado,12,2518.8,755.64,146.93,Venda
SKU_1708_FLA,17/08/2025,Atacado,6,1019.4,305.82,118.93,Venda
SKU_1773_OLI,17/08/2025,Varejo,1,324.9,81.4,243.5,Venda
SKU_1406_PRI,17/08/2025,Varejo,2,699.8,202.02,248.89,Venda
SKU_1686_MOS,17/08/2025,Atacado,4,859.6,257.88,150.43,Venda
SKU_1769_EME,17/08/2025,Atacado,3,974.7,292.41,227.43,Venda
SKU_1683_PAL,17/08/2025,Atacado,4,1259.6,377.88,220.43,Venda
SKU_1755_AQU,17/08/2025,Atacado,2,669.8,301.4,184.2,Venda
SKU_1776_PAS,17/08/2025,Atacado,2,659.8,197.94,230.93,Venda
SKU_1690_MYS,17/08/2025,Atacado,3,1619.7,566.88,350.94,Venda
SKU_1489_IVO,17/08/2025,Varejo,1,369.9,75.18,294.72,Venda
SKU_1734_FRE,17/08/2025,Atacado,4,1399.6,419.88,244.93,Venda
SKU_1720_PAL,17/08/2025,E-commerce,2,449.8,74.8,187.5,Venda
SKU_1647_ARM,17/08/2025,Atacado,5,1699.5,679.8,203.94,Venda
SKU_1708_FLA,17/08/2025,E-commerce,1,169.9,46.13,123.77,Venda
SKU_1454_BUB,17/08/2025,Atacado,8,1199.2,359.76,104.93,Venda
SKU_1648_RAS,17/08/2025,Atacado,8,5599.2,1679.76,489.93,Venda
SKU_1699_COB,17/08/2025,Varejo,1,329.9,68.75,261.15,Venda
SKU_1755_BIR,17/08/2025,Varejo,2,669.8,163.72,253.04,Venda
SKU_1696_SHO,17/08/2025,E-commerce,1,279.9,77.41,202.49,Venda
SKU_1967_PAL,17/08/2025,E-commerce,2,389.8,0.0,194.9,Venda
SKU_1587_DEE,17/08/2025,E-commerce,1,229.9,46.51,183.39,Venda
SKU_1770_JAD,17/08/2025,Atacado,6,1319.4,395.82,153.93,Venda
SKU_1696_SHO,17/08/2025,Atacado,4,1119.6,335.88,195.93,Venda
SKU_1798_MOS,17/08/2025,Varejo,2,839.8,202.38,318.71,Venda
SKU_1837_SAP,17/08/2025,Varejo,2,499.8,0.0,249.9,Venda
SKU_1730_MIN,17/08/2025,Atacado,4,1279.6,511.84,191.94,Venda
SKU_1713_SAL,17/08/2025,Atacado,10,5049.0,2272.0,277.7,Venda
SKU_1805_WHI,17/08/2025,Varejo,1,579.9,40.59,539.31,Venda
SKU_1727_WHI,17/08/2025,Varejo,1,154.9,35.34,119.56,Venda
SKU_1851_DEE,17/08/2025,Varejo,1,214.9,0.0,214.9,Venda
SKU_1783_BAB,17/08/2025,Atacado,5,5999.5,1799.85,839.93,Venda
SKU_1754_SER,17/08/2025,Atacado,5,1699.5,509.85,237.93,Venda
SKU_1798_OFF,17/08/2025,Atacado,5,2099.5,629.85,293.93,Venda
SKU_1739_AQU,17/08/2025,Atacado,5,1274.5,446.1,165.68,Venda
SKU_1772_SNO,17/08/2025,Varejo,1,414.9,69.42,345.48,Venda
SKU_1543_FLA,17/08/2025,Varejo,2,1469.8,247.06,611.37,Venda
SKU_1690_MYS,17/08/2025,E-commerce,1,539.9,145.37,394.53,Venda
SKU_1691_HUN,17/08/2025,Varejo,1,309.9,49.26,260.64,Venda
SKU_1716_AQU,17/08/2025,Atacado,3,494.7,148.41,115.43,Venda
SKU_1694_PIS,17/08/2025,Atacado,12,3358.8,1007.64,195.93,Venda
SKU_1728_MID,17/08/2025,Atacado,4,1319.6,395.88,230.93,Venda
SKU_1740_FRE,17/08/2025,Varejo,1,214.9,33.64,181.26,Venda
SKU_1737_SAG,17/08/2025,Varejo,2,1539.8,417.08,561.36,Venda
SKU_1951_GAR,17/08/2025,Atacado,5,1274.5,509.8,152.94,Venda
SKU_1750_SNO,17/08/2025,Atacado,10,3699.0,1294.6,240.44,Venda
SKU_1690_MYS,17/08/2025,Atacado,3,1619.7,566.88,350.94,Venda
SKU_1719_OFF,17/08/2025,E-commerce,1,319.9,52.47,267.43,Venda
SKU_1723_MOS,17/08/2025,Varejo,1,434.9,92.15,342.75,Venda
SKU_1777_FRE,17/08/2025,E-commerce,1,239.9,62.9,177.0,Venda
SKU_1754_IVO,17/08/2025,Atacado,4,1359.6,407.88,237.93,Venda
SKU_1786_POW,17/08/2025,Varejo,3,539.7,105.06,144.88,Venda
SKU_1729_CLE,17/08/2025,Atacado,10,1749.0,524.7,122.43,Venda
SKU_1407_EME,17/08/2025,Atacado,10,2149.0,859.6,128.94,Venda
SKU_2019_SAG,17/08/2025,Varejo,1,549.9,0.0,549.9,Venda
SKU_1736_PAS,17/08/2025,Atacado,4,1299.6,454.84,211.19,Venda
SKU_1706_BLA,17/08/2025,E-commerce,1,184.9,43.73,141.17,Venda
SKU_1786_TEA,17/08/2025,Atacado,2,359.8,107.94,125.93,Venda
SKU_1795_HUN,17/08/2025,Atacado,3,899.7,314.88,194.94,Venda
SKU_1794_FLA,17/08/2025,Atacado,8,1679.2,503.76,146.93,Venda
SKU_1696_SER,17/08/2025,Atacado,4,1119.6,391.84,181.94,Venda
SKU_1740_OLI,17/08/2025,Atacado,10,2149.0,644.7,150.43,Venda
SKU_1707_ARM,17/08/2025,Atacado,3,839.7,335.88,167.94,Venda
SKU_2115_PEA,17/08/2025,Atacado,4,1539.6,461.88,269.43,Venda
SKU_1998_COR,17/08/2025,Varejo,1,354.9,0.0,354.9,Venda
SKU_1796_SHO,17/08/2025,Varejo,1,504.9,91.85,413.05,Venda
SKU_1978_BAL,17/08/2025,Atacado,3,749.7,262.38,162.44,Venda
SKU_1707_SAP,17/08/2025,Atacado,5,1399.5,419.85,195.93,Venda
SKU_1738_ROY,17/08/2025,Atacado,2,389.8,155.92,116.94,Venda
SKU_1695_LIM,17/08/2025,Atacado,6,1259.4,440.76,136.44,Venda
SKU_1762_BRI,17/08/2025,Atacado,3,764.7,305.88,152.94,Venda
SKU_1761_MOS,17/08/2025,Atacado,4,4419.6,1546.88,718.18,Venda
SKU_1779_LIG,17/08/2025,Atacado,2,429.8,128.94,150.43,Venda
SKU_1754_IVO,17/08/2025,Varejo,1,339.9,68.26,271.64,Venda
SKU_1715_HON,17/08/2025,E-commerce,1,219.9,54.27,165.63,Venda
SKU_1595_FLA,17/08/2025,Varejo,1,299.9,69.75,230.15,Venda
SKU_1785_HUN,17/08/2025,Atacado,8,1959.2,783.68,146.94,Venda
SKU_2093_MYS,17/08/2025,Varejo,1,224.9,0.0,224.9,Venda
SKU_1837_EGR,17/08/2025,Varejo,1,249.9,0.0,249.9,Venda
SKU_1627_BAB,17/08/2025,Varejo,1,329.9,57.17,272.73,Venda
SKU_1801_FLA,17/08/2025,Atacado,5,1874.5,656.05,243.69,Venda
SKU_1746_NAV,17/08/2025,Atacado,5,899.5,314.8,116.94,Venda
SKU_1420_EGR,17/08/2025,E-commerce,1,989.9,205.68,784.22,Venda
SKU_1742_DEN,17/08/2025,E-commerce,2,519.8,149.16,185.32,Venda
SKU_1953_LIM,17/08/2025,Atacado,6,1409.4,422.82,164.43,Venda
SKU_1497_VAN,17/08/2025,Varejo,1,134.9,24.1,110.8,Venda
SKU_1540_BAL,17/08/2025,Atacado,5,849.5,254.85,118.93,Venda
SKU_1794_FLA,17/08/2025,E-commerce,1,209.9,39.14,170.76,Venda
SKU_1685_BIR,17/08/2025,Atacado,2,1329.8,598.4,365.7,Venda
SKU_1680_SEA,17/08/2025,Atacado,10,3349.0,1172.1,217.69,Venda
SKU_2038_OFF,17/08/2025,Varejo,1,1134.9,0.0,1134.9,Venda
SKU_1792_AQU,17/08/2025,Atacado,3,1319.7,461.88,285.94,Venda
SKU_1689_MAG,17/08/2025,Varejo,1,964.9,173.16,791.74,Venda
SKU_1779_MIN,17/08/2025,Varejo,2,429.8,108.2,160.8,Venda
SKU_1796_SHO,17/08/2025,Atacado,8,4039.2,1413.68,328.19,Venda
SKU_1420_EGR,17/08/2025,Atacado,8,7919.2,3167.68,593.94,Venda
SKU_1506_PAL,17/08/2025,Atacado,4,919.6,321.84,149.44,Venda
SKU_1618_SAP,17/08/2025,Atacado,3,539.7,161.91,125.93,Venda
SKU_1747_TEA,17/08/2025,Varejo,2,349.8,104.56,122.62,Venda
SKU_1684_HON,17/08/2025,Varejo,2,369.8,83.94,142.93,Venda
SKU_1734_BRI,17/08/2025,Atacado,3,1049.7,367.38,227.44,Venda
SKU_1742_DEN,17/08/2025,Varejo,1,259.9,66.18,193.72,Venda
SKU_1793_WHI,17/08/2025,Varejo,1,189.9,33.77,156.13,Venda
SKU_1708_FLA,17/08/2025,Atacado,2,339.8,135.92,101.94,Venda
SKU_1720_PAS,17/08/2025,E-commerce,1,224.9,46.23,178.67,Venda
SKU_1746_EME,17/08/2025,E-commerce,1,179.9,49.15,130.75,Venda
SKU_1506_PAL,17/08/2025,Varejo,2,459.8,73.96,192.92,Venda
SKU_1781_AQU,17/08/2025,Varejo,1,129.9,35.34,94.56,Venda
SKU_1766_CLE,17/08/2025,Atacado,5,1974.5,789.8,236.94,Venda
SKU_1770_JAD,17/08/2025,Varejo,1,219.9,64.65,155.25,Venda
SKU_1734_FRE,17/08/2025,Varejo,1,349.9,99.73,250.17,Venda
SKU_1701_BLU,17/08/2025,E-commerce,1,339.9,76.79,263.11,Venda
SKU_1750_SNO,17/08/2025,E-commerce,1,369.9,104.03,265.87,Venda
SKU_1719_OFF,17/08/2025,Atacado,12,3838.8,1535.52,191.94,Venda
SKU_1805_BLU,17/08/2025,Varejo,1,579.9,0.0,579.9,Venda
SKU_1729_FUC,17/08/2025,E-commerce,1,174.9,46.47,128.43,Venda
SKU_1728_EGR,17/08/2025,E-commerce,1,329.9,62.76,267.14,Venda
SKU_1723_COB,17/08/2025,Atacado,5,2174.5,652.35,304.43,Venda
SKU_1688_WHI,17/08/2025,Varejo,1,429.9,101.95,327.95,Venda
SKU_1735_MOS,17/08/2025,Atacado,6,1619.4,647.76,161.94,Venda
SKU_1782_HUN,17/08/2025,Atacado,8,1999.2,699.68,162.44,Venda
SKU_1779_LIG,17/08/2025,Varejo,1,214.9,42.66,172.24,Venda
SKU_1774_COB,17/08/2025,Atacado,4,819.6,245.88,143.43,Venda
SKU_1523_HOT,17/08/2025,E-commerce,1,374.9,106.32,268.58,Venda
SKU_1897_JAD,17/08/2025,Varejo,2,469.8,0.0,234.9,Venda
SKU_1737_DEE,17/08/2025,E-commerce,1,769.9,196.9,573.0,Venda
SKU_1727_LIG,17/08/2025,Atacado,6,929.4,278.82,108.43,Venda
SKU_1766_CLE,17/08/2025,Varejo,1,394.9,106.89,288.01,Venda
SKU_1713_SAL,17/08/2025,Atacado,4,2019.6,706.84,328.19,Venda
SKU_1527_TEA,17/08/2025,E-commerce,1,909.9,194.79,715.11,Venda
SKU_1681_OFF,17/08/2025,Varejo,4,939.6,150.56,197.26,Venda
SKU_1588_CRE,17/08/2025,Varejo,1,489.9,140.29,349.61,Venda
SKU_1739_AQU,17/08/2025,E-commerce,1,254.9,61.24,193.66,Venda
SKU_1683_PAL,17/08/2025,Varejo,3,944.7,171.87,257.61,Venda
SKU_1758_CLO,17/08/2025,Atacado,8,1439.2,575.68,107.94,Venda
SKU_1793_WHI,17/08/2025,Varejo,4,759.6,137.56,155.51,Venda
SKU_2049_TEA,17/08/2025,Varejo,1,214.9,0.0,214.9,Venda
SKU_1651_PAS,17/08/2025,Atacado,4,1059.6,317.88,185.43,Venda
SKU_1839_BAB,17/08/2025,Varejo,2,589.8,0.0,294.9,Venda
SKU_1749_BIR,17/08/2025,Varejo,3,1049.7,298.08,250.54,Venda
SKU_1748_BAB,17/08/2025,Atacado,2,619.8,216.92,201.44,Venda
SKU_1758_CLO,17/08/2025,Varejo,1,179.9,41.5,138.4,Venda
SKU_1801_FLA,17/08/2025,Varejo,2,749.8,113.44,318.18,Venda
SKU_1686_MOS,17/08/2025,Atacado,5,1074.5,429.8,128.94,Venda
SKU_1760_PAS,17/08/2025,Atacado,2,499.8,149.94,174.93,Venda
SKU_1728_MID,17/08/2025,Atacado,6,1979.4,593.82,230.93,Venda
SKU_1780_LIG,17/08/2025,Atacado,8,2679.2,803.76,234.43,Venda
SKU_1785_HUN,17/08/2025,E-commerce,2,489.8,85.4,202.2,Venda
SKU_1550_IVO,17/08/2025,Atacado,4,659.6,197.88,115.43,Venda
SKU_1792_AQU,17/08/2025,E-commerce,1,439.9,73.47,366.43,Venda
SKU_1695_CRE,17/08/2025,Atacado,8,1679.2,503.76,146.93,Venda
SKU_1928_BLU,17/08/2025,Atacado,4,1259.6,377.88,220.43,Venda
SKU_1740_FRE,17/08/2025,Varejo,1,214.9,51.68,163.22,Venda
SKU_1979_MAR,17/08/2025,Varejo,1,194.9,0.0,194.9,Venda
SKU_1683_PAL,17/08/2025,E-commerce,1,314.9,61.32,253.58,Venda
SKU_1777_FRE,17/08/2025,Varejo,1,239.9,51.14,188.76,Venda
SKU_1730_MIN,17/08/2025,Atacado,5,1599.5,639.8,191.94,Venda
SKU_1685_COB,17/08/2025,Varejo,1,664.9,169.46,495.44,Venda
SKU_1565_BAB,17/08/2025,Varejo,1,359.9,101.81,258.09,Venda
SKU_1742_DEN,17/08/2025,Atacado,8,2079.2,831.68,155.94,Venda
SKU_1741_PIN,17/08/2025,Atacado,10,2399.0,959.6,143.94,Venda
SKU_1495_FUC,17/08/2025,Atacado,12,3958.8,1187.64,230.93,Venda
SKU_1767_FUC,17/08/2025,Atacado,4,819.6,286.88,133.18,Venda
SKU_1748_BAB,17/08/2025,Varejo,2,619.8,161.02,229.39,Venda
SKU_1714_MID,17/08/2025,Varejo,1,304.9,78.18,226.72,Venda
SKU_1526_FOR,17/08/2025,Atacado,8,1359.2,475.68,110.44,Venda
SKU_1452_SKY,17/08/2025,Varejo,1,144.9,39.12,105.78,Venda
SKU_1535_MOS,17/08/2025,Varejo,1,304.9,85.45,219.45,Venda
SKU_1670_SAP,17/08/2025,Varejo,1,144.9,40.02,104.88,Venda
SKU_1799_DEN,17/08/2025,Atacado,4,1079.6,323.88,188.93,Venda
SKU_1589_TUR,17/08/2025,Atacado,10,6799.0,2379.6,441.94,Venda
SKU_1717_MIN,17/08/2025,Atacado,4,1039.6,311.88,181.93,Venda
SKU_1762_DEN,17/08/2025,Varejo,2,509.8,92.36,208.72,Venda
SKU_1800_MOS,17/08/2025,Varejo,1,279.9,51.55,228.35,Venda
SKU_1779_LIG,17/08/2025,Atacado,12,2578.8,1031.52,128.94,Venda
SKU_1557_SAG,17/08/2025,Varejo,1,199.9,30.95,168.95,Venda
SKU_1681_OFF,17/08/2025,Atacado,2,469.8,140.94,164.43,Venda
SKU_1727_WHI,17/08/2025,Varejo,1,154.9,44.37,110.53,Venda
SKU_1790_EGR,17/08/2025,E-commerce,1,259.9,40.65,219.25,Venda
SKU_1727_LIG,17/08/2025,Varejo,1,154.9,45.5,109.4,Venda
SKU_1457_MAG,17/08/2025,Atacado,8,1279.2,383.76,111.93,Venda
SKU_1415_BAB,17/08/2025,Varejo,1,354.9,65.79,289.11,Venda
SKU_1699_CLO,17/08/2025,Varejo,1,329.9,65.71,264.19,Venda
SKU_1754_IVO,17/08/2025,Atacado,4,1359.6,475.84,220.94,Venda
SKU_1662_PIS,17/08/2025,Varejo,1,199.9,45.76,154.14,Venda
SKU_2034_PAS,17/08/2025,Atacado,5,849.5,297.3,110.44,Venda
SKU_1747_TEA,17/08/2025,Varejo,1,174.9,51.36,123.54,Venda
SKU_1692_OLI,17/08/2025,Atacado,2,439.8,153.92,142.94,Venda
SKU_1721_COR,17/08/2025,Varejo,1,419.9,71.41,348.49,Venda
SKU_1694_SER,17/08/2025,Atacado,6,1679.4,587.76,181.94,Venda
SKU_1687_WHI,17/08/2025,Atacado,4,3599.6,1259.84,584.94,Venda
SKU_1750_SNO,17/08/2025,E-commerce,2,739.8,111.6,314.1,Venda
SKU_1714_MID,17/08/2025,Atacado,3,914.7,274.41,213.43,Venda
SKU_1725_OFF,17/08/2025,Varejo,1,244.9,49.89,195.01,Venda
SKU_1610_PRI,17/08/2025,Varejo,1,184.9,51.45,133.45,Venda
SKU_1980_DEE,17/08/2025,Varejo,1,154.9,0.0,154.9,Venda
SKU_1784_EGR,17/08/2025,Atacado,6,1859.4,650.76,201.44,Venda
SKU_1651_SAL,17/08/2025,Varejo,2,529.8,105.78,212.01,Venda
SKU_1743_DEE,17/08/2025,Atacado,3,1319.7,527.88,263.94,Venda
SKU_1754_SER,17/08/2025,E-commerce,1,339.9,94.91,244.99,Venda
SKU_1734_FRE,17/08/2025,Atacado,3,1049.7,419.88,209.94,Venda
SKU_1779_MIN,17/08/2025,Atacado,4,859.6,300.88,139.68,Venda
SKU_1744_LIG,17/08/2025,Atacado,2,529.8,185.42,172.19,Venda
SKU_1731_MIN,17/08/2025,Atacado,6,5459.4,1637.82,636.93,Venda
SKU_1697_MIN,17/08/2025,Atacado,3,659.7,230.88,142.94,Venda
SKU_1472_MYS,17/08/2025,Varejo,2,939.8,252.22,343.79,Venda
SKU_1715_HON,17/08/2025,Varejo,1,219.9,39.36,180.54,Venda
SKU_1450_MAG,17/08/2025,Atacado,5,2049.5,717.3,266.44,Venda
SKU_1733_NAV,17/08/2025,Varejo,1,349.9,64.53,285.37,Venda
SKU_1727_LIG,17/08/2025,Atacado,5,774.5,232.35,108.43,Venda
SKU_1772_BLU,17/08/2025,Atacado,6,2489.4,871.26,269.69,Venda
SKU_1758_HON,17/08/2025,Varejo,1,179.9,45.66,134.24,Venda
SKU_1680_SEA,17/08/2025,Varejo,1,334.9,54.46,280.44,Venda
SKU_2026_HON,17/08/2025,Varejo,2,2059.8,0.0,1029.9,Venda
SKU_1774_MOS,17/08/2025,Varejo,2,409.8,99.5,155.15,Venda
SKU_1713_SNO,17/08/2025,Atacado,3,1514.7,605.88,302.94,Venda
SKU_1786_POW,17/08/2025,Atacado,4,719.6,215.88,125.93,Venda
SKU_2059_WHI,17/08/2025,Atacado,3,1919.7,671.88,415.94,Venda
SKU_1693_MEX,17/08/2025,Atacado,6,1229.4,491.76,122.94,Venda
SKU_1609_LIM,17/08/2025,Atacado,4,1079.6,377.84,175.44,Venda
SKU_1708_FLA,17/08/2025,E-commerce,1,169.9,31.85,138.05,Venda
SKU_1786_POW,17/08/2025,Atacado,4,719.6,251.84,116.94,Venda
SKU_1783_EGR,17/08/2025,Atacado,6,7199.4,2159.82,839.93,Venda
SKU_1414_CLO,17/08/2025,Varejo,1,339.9,53.21,286.69,Venda
SKU_1702_COR,17/08/2025,Varejo,2,1239.8,276.26,481.77,Venda
SKU_1730_MIN,17/08/2025,Varejo,1,319.9,59.88,260.02,Venda
SKU_1803_DUS,17/08/2025,Atacado,6,1199.4,359.82,139.93,Venda
SKU_1538_PAS,17/08/2025,Atacado,5,1049.5,314.85,146.93,Venda
SKU_1685_COB,17/08/2025,E-commerce,1,664.9,162.28,502.62,Venda
SKU_1870_SAG,17/08/2025,Varejo,3,689.7,0.0,229.9,Venda
SKU_1748_COB,17/08/2025,Varejo,1,309.9,79.93,229.97,Venda
SKU_1663_SNO,17/08/2025,Atacado,6,4769.4,1669.26,516.69,Venda
SKU_1730_MIN,17/08/2025,Atacado,3,959.7,335.88,207.94,Venda
SKU_1691_ROS,17/08/2025,Atacado,4,1239.6,495.84,185.94,Venda
SKU_1389_BAB,17/08/2025,Atacado,4,559.6,195.84,90.94,Venda
SKU_1750_SNO,17/08/2025,Atacado,4,1479.6,443.88,258.93,Venda
SKU_1769_WHI,17/08/2025,Varejo,1,324.9,71.45,253.45,Venda
SKU_1700_HUN,17/08/2025,Varejo,3,2099.7,371.46,576.08,Venda
SKU_1768_MIN,17/08/2025,Varejo,1,624.9,137.77,487.13,Venda
SKU_1492_SKY,17/08/2025,Varejo,1,374.9,58.7,316.2,Venda
SKU_2033_RAS,17/08/2025,Atacado,3,929.7,325.38,201.44,Venda
SKU_1885_BLA,17/08/2025,Atacado,6,3299.4,1154.76,357.44,Venda
SKU_1416_CLE,17/08/2025,Atacado,10,2799.0,979.6,181.94,Venda
SKU_1694_PIS,17/08/2025,Varejo,1,279.9,51.38,228.52,Venda
SKU_1746_NAV,17/08/2025,Varejo,3,539.7,131.76,135.98,Venda
SKU_2000_SHO,17/08/2025,Atacado,4,859.6,300.88,139.68,Venda
SKU_1753_PAL,17/08/2025,Atacado,8,6319.2,2211.68,513.44,Venda
SKU_1688_LIG,17/08/2025,Varejo,4,1719.6,280.04,359.89,Venda
SKU_1680_SEA,17/08/2025,Varejo,2,669.8,179.58,245.11,Venda
SKU_1732_OFF,17/08/2025,Atacado,2,2229.8,891.92,668.94,Venda
SKU_1711_ARM,17/08/2025,Atacado,2,1989.8,596.94,696.43,Venda
SKU_1792_MIN,17/08/2025,Atacado,4,1759.6,615.84,285.94,Venda
SKU_1741_PEA,17/08/2025,Atacado,5,1199.5,479.8,143.94,Venda
SKU_1648_FLA,17/08/2025,Atacado,5,3499.5,1049.85,489.93,Venda
SKU_1721_FRE,17/08/2025,E-commerce,2,839.8,196.88,321.46,Venda
SKU_1785_PAS,17/08/2025,E-commerce,2,489.8,107.52,191.14,Venda
SKU_1731_MIN,17/08/2025,Atacado,4,3639.6,1091.88,636.93,Venda
SKU_1543_FLA,17/08/2025,Atacado,3,2204.7,771.63,477.69,Venda
SKU_2066_BLA,17/08/2025,Varejo,2,949.8,0.0,474.9,Venda
SKU_1661_CER,17/08/2025,Atacado,8,7919.2,2375.76,692.93,Venda
SKU_1449_NAV,17/08/2025,Atacado,5,1624.5,568.55,211.19,Venda
SKU_1982_VAN,17/08/2025,Atacado,5,1124.5,393.6,146.18,Venda
SKU_1700_HUN,17/08/2025,Atacado,2,1399.8,489.92,454.94,Venda
SKU_1785_PAS,17/08/2025,Varejo,1,244.9,72.33,172.57,Venda
SKU_1747_FUC,17/08/2025,Varejo,1,174.9,29.78,145.12,Venda
SKU_1703_PAS,17/08/2025,E-commerce,1,269.9,61.0,208.9,Venda
SKU_1733_NAV,17/08/2025,E-commerce,1,349.9,88.76,261.14,Venda
SKU_1681_PIS,17/08/2025,E-commerce,1,234.9,40.92,193.98,Venda
SKU_1714_MID,17/08/2025,Varejo,1,304.9,69.5,235.4,Venda
SKU_1858_OLI,17/08/2025,Atacado,6,5399.4,1619.82,629.93,Venda
SKU_1749_BIR,17/08/2025,Atacado,10,3499.0,1224.6,227.44,Venda
SKU_1756_BUB,17/08/2025,Varejo,1,179.9,33.57,146.33,Venda
SKU_1719_WHI,17/08/2025,E-commerce,1,319.9,51.06,268.84,Venda
SKU_1728_EGR,17/08/2025,Varejo,1,329.9,63.42,266.48,Venda
SKU_2065_DUS,17/08/2025,Atacado,5,999.5,299.85,139.93,Venda
SKU_1729_FUC,17/08/2025,Varejo,1,174.9,33.4,141.5,Venda
SKU_1742_EME,17/08/2025,Atacado,5,1299.5,389.85,181.93,Venda
SKU_1448_SEA,17/08/2025,Atacado,12,2158.8,647.64,125.93,Venda
SKU_1571_WHI,17/08/2025,Atacado,2,499.8,174.92,162.44,Venda
SKU_1704_PEA,17/08/2025,Atacado,12,4018.8,1406.52,217.69,Venda
SKU_1715_JAD,17/08/2025,Varejo,1,219.9,37.25,182.65,Venda
SKU_1738_BLU,17/08/2025,Atacado,5,974.5,292.35,136.43,Venda
SKU_1777_FRE,17/08/2025,Varejo,1,239.9,56.45,183.45,Venda
SKU_1706_BLA,17/08/2025,Atacado,10,1849.0,647.2,120.18,Venda
SKU_1797_GAR,17/08/2025,Atacado,10,3799.0,1329.6,246.94,Venda
SKU_1715_JAD,17/08/2025,E-commerce,1,219.9,51.96,167.94,Venda
SKU_1796_SHO,17/08/2025,Varejo,1,504.9,103.6,401.3,Venda
SKU_2017_SHO,17/08/2025,Varejo,1,284.9,0.0,284.9,Venda
SKU_1928_COR,17/08/2025,E-commerce,1,314.9,22.04,292.86,Venda
SKU_1722_AQU,17/08/2025,Varejo,1,324.9,74.63,250.27,Venda
SKU_1724_PIN,17/08/2025,Atacado,4,4459.6,1560.88,724.68,Venda
SKU_1750_SNO,17/08/2025,E-commerce,1,369.9,65.3,304.6,Venda
SKU_1686_MOS,17/08/2025,E-commerce,2,429.8,94.66,167.57,Venda
SKU_1729_FUC,17/08/2025,Varejo,2,349.8,86.76,131.52,Venda
SKU_1801_FLA,17/08/2025,Atacado,8,2999.2,1049.68,243.69,Venda
SKU_1801_MOS,17/08/2025,Atacado,10,3749.0,1312.1,243.69,Venda
SKU_1798_MOS,17/08/2025,Atacado,4,1679.6,503.88,293.93,Venda
SKU_1741_PIN,17/08/2025,Atacado,4,959.6,383.84,143.94,Venda
SKU_2098_SPA,17/08/2025,Atacado,3,884.7,309.63,191.69,Venda
SKU_1797_BLU,17/08/2025,Atacado,4,1519.6,455.88,265.93,Venda
SKU_1747_FUC,17/08/2025,Atacado,4,699.6,209.88,122.43,Venda
SKU_1789_SNO,17/08/2025,Varejo,1,269.9,63.63,206.27,Venda
SKU_1749_BIR,17/08/2025,Atacado,6,2099.4,629.82,244.93,Venda
SKU_1728_EGR,17/08/2025,Atacado,2,659.8,230.92,214.44,Venda
SKU_1687_WHI,17/08/2025,Atacado,3,2699.7,944.88,584.94,Venda
SKU_1684_HON,17/08/2025,Varejo,4,739.6,175.8,140.95,Venda
SKU_1497_VAN,17/08/2025,Varejo,1,134.9,23.16,111.74,Venda
SKU_1417_BIR,17/08/2025,Atacado,3,839.7,335.88,167.94,Venda
SKU_1442_OFF,17/08/2025,Atacado,6,1739.4,521.82,202.93,Venda
SKU_1691_ROS,17/08/2025,Atacado,3,929.7,325.38,201.44,Venda
SKU_1781_AQU,17/08/2025,Varejo,1,129.9,32.81,97.09,Venda
SKU_1738_ROY,17/08/2025,E-commerce,1,194.9,55.71,139.19,Venda
SKU_1762_BRI,17/08/2025,Atacado,5,1274.5,446.1,165.68,Venda
SKU_1639_WHI,17/08/2025,E-commerce,1,189.9,50.08,139.82,Venda
SKU_1702_LIG,17/08/2025,Atacado,6,3719.4,1487.76,371.94,Venda
SKU_1585_BLA,17/08/2025,Varejo,1,319.9,86.53,233.37,Venda
SKU_1530_HON,17/08/2025,E-commerce,1,129.9,34.01,95.89,Venda
SKU_2007_LIG,17/08/2025,Varejo,2,419.8,0.0,209.9,Venda
SKU_1902_HOT,17/08/2025,Varejo,2,1659.8,0.0,829.9,Venda
SKU_1685_BIR,17/08/2025,Varejo,1,664.9,135.83,529.07,Venda
SKU_1725_BAB,17/08/2025,Atacado,5,1224.5,428.6,159.18,Venda
SKU_1484_MOS,17/08/2025,Atacado,8,3679.2,1287.68,298.94,Venda
SKU_1590_HOT,17/08/2025,Atacado,5,949.5,332.3,123.44,Venda
SKU_1609_LIM,17/08/2025,Atacado,2,539.8,188.92,175.44,Venda
SKU_1657_EME,17/08/2025,Varejo,3,644.7,146.28,166.14,Venda
SKU_1413_JAD,17/08/2025,E-commerce,1,184.9,34.2,150.7,Venda
SKU_1428_COB,17/08/2025,E-commerce,1,489.9,129.98,359.92,Venda
SKU_1716_AQU,17/08/2025,E-commerce,1,164.9,31.89,133.01,Venda
SKU_1780_AQU,17/08/2025,E-commerce,1,334.9,90.76,244.14,Venda
SKU_1681_PIS,17/08/2025,E-commerce,1,234.9,42.11,192.79,Venda
SKU_1597_SHO,17/08/2025,Atacado,6,3179.4,953.82,370.93,Venda
SKU_1773_FRE,17/08/2025,Varejo,1,324.9,75.02,249.88,Venda
SKU_1757_TUR,17/08/2025,Atacado,10,2649.0,794.7,185.43,Venda
SKU_1749_BIR,17/08/2025,Varejo,1,349.9,87.36,262.54,Venda
SKU_1754_IVO,17/08/2025,Varejo,1,339.9,100.58,239.32,Venda
SKU_1720_PAS,17/08/2025,E-commerce,1,224.9,50.45,174.45,Venda
SKU_1728_EGR,17/08/2025,Atacado,8,2639.2,923.68,214.44,Venda
SKU_1700_PIS,17/08/2025,Atacado,3,2099.7,839.88,419.94,Venda
SKU_1545_TEA,17/08/2025,Varejo,1,259.9,44.65,215.25,Venda
SKU_1395_TUR,17/08/2025,Varejo,1,289.9,78.23,211.67,Venda
SKU_1755_AQU,17/08/2025,Atacado,3,1004.7,301.41,234.43,Venda
SKU_1634_NAV,17/08/2025,Atacado,2,1959.8,685.92,636.94,Venda
SKU_1418_MOS,17/08/2025,Varejo,1,844.9,142.54,702.36,Venda
SKU_1712_MOS,17/08/2025,Varejo,2,359.8,79.84,139.98,Venda
SKU_1902_BLU,17/08/2025,Atacado,6,4979.4,1991.76,497.94,Venda
SKU_1762_DEN,17/08/2025,Varejo,3,764.7,141.6,207.7,Venda
SKU_1732_OFF,17/08/2025,Varejo,1,1114.9,280.67,834.23,Venda
SKU_1721_FRE,17/08/2025,Atacado,4,1679.6,503.88,293.93,Venda
SKU_1707_ARM,17/08/2025,Atacado,3,839.7,251.91,195.93,Venda
SKU_1754_SER,17/08/2025,Atacado,5,1699.5,509.85,237.93,Venda
SKU_1733_SAG,17/08/2025,E-commerce,1,349.9,75.9,274.0,Venda
SKU_1593_LIG,17/08/2025,Varejo,1,144.9,39.36,105.54,Venda
SKU_1639_FRE,17/08/2025,Varejo,1,189.9,39.04,150.86,Venda
SKU_1697_MIN,17/08/2025,Varejo,1,219.9,52.19,167.71,Venda
SKU_1793_WHI,17/08/2025,Atacado,2,379.8,132.92,123.44,Venda
SKU_1605_VAN,17/08/2025,Varejo,2,439.8,76.86,181.47,Venda
SKU_1712_MOS,17/08/2025,Atacado,3,539.7,188.88,116.94,Venda
SKU_2077_PIS,17/08/2025,Atacado,6,1229.4,430.32,133.18,Venda
SKU_1708_FLA,17/08/2025,Atacado,6,1019.4,407.76,101.94,Venda
SKU_1722_PAS,17/08/2025,E-commerce,1,324.9,71.56,253.34,Venda
SKU_1615_SHO,17/08/2025,Atacado,4,1859.6,650.84,302.19,Venda
SKU_1547_FUC,17/08/2025,E-commerce,1,329.9,66.58,263.32,Venda
SKU_1498_OLI,17/08/2025,Varejo,1,339.9,63.43,276.47,Venda
SKU_1796_SHO,17/08/2025,Atacado,10,5049.0,1514.7,353.43,Venda
SKU_1492_SKY,17/08/2025,Varejo,1,374.9,92.34,282.56,Venda
SKU_1696_SER,17/08/2025,Atacado,10,2799.0,979.6,181.94,Venda
SKU_1575_JAD,17/08/2025,Varejo,3,2594.7,422.94,723.92,Venda
SKU_1616_COR,17/08/2025,Varejo,1,1024.9,169.95,854.95,Venda
SKU_1788_MYS,17/08/2025,Atacado,10,2499.0,874.6,162.44,Venda
SKU_1761_SAP,17/08/2025,E-commerce,3,3314.7,794.43,840.09,Venda
SKU_1723_COB,17/08/2025,Varejo,1,434.9,104.26,330.64,Venda
SKU_2099_LIG,17/08/2025,Atacado,12,3238.8,971.64,188.93,Venda
SKU_1673_FUC,17/08/2025,Atacado,4,1639.6,491.88,286.93,Venda
SKU_2101_BUB,17/08/2025,E-commerce,1,244.9,0.0,244.9,Venda
SKU_1764_FUC,17/08/2025,E-commerce,1,234.9,50.79,184.11,Venda
SKU_1682_BIR,17/08/2025,Atacado,3,704.7,211.41,164.43,Venda
SKU_1492_SKY,17/08/2025,Varejo,1,374.9,65.41,309.49,Venda
SKU_1539_BLA,17/08/2025,E-commerce,1,349.9,76.83,273.07,Venda
SKU_1716_AQU,17/08/2025,Varejo,1,164.9,33.53,131.37,Venda
SKU_1795_HUN,17/08/2025,Varejo,3,899.7,257.07,214.21,Venda
SKU_1549_PAS,17/08/2025,E-commerce,1,184.9,28.46,156.44,Venda
SKU_1609_LIM,17/08/2025,Varejo,2,539.8,146.94,196.43,Venda
SKU_1608_WHI,17/08/2025,Atacado,5,1524.5,609.8,182.94,Venda
SKU_1777_FRE,17/08/2025,Atacado,4,959.6,431.84,131.94,Venda
SKU_1504_NAV,17/08/2025,Varejo,1,339.9,67.48,272.42,Venda
SKU_1686_MOS,17/08/2025,Varejo,1,214.9,49.78,165.12,Venda
SKU_1781_AQU,17/08/2025,Atacado,4,519.6,155.88,90.93,Venda
SKU_1737_SAG,17/08/2025,Atacado,3,2309.7,923.88,461.94,Venda
SKU_1782_HUN,17/08/2025,Atacado,6,1499.4,599.76,149.94,Venda
SKU_1778_TEA,17/08/2025,Atacado,3,854.7,256.41,199.43,Venda
SKU_1563_WHI,17/08/2025,Varejo,1,149.9,44.2,105.7,Venda
SKU_1676_PIN,17/08/2025,Atacado,5,849.5,254.85,118.93,Venda
SKU_1547_IVO,17/08/2025,Atacado,8,2639.2,791.76,230.93,Venda
SKU_1723_COB,17/08/2025,Varejo,1,434.9,87.26,347.64,Venda
SKU_1777_FRE,17/08/2025,Atacado,8,1919.2,767.68,143.94,Venda
SKU_1801_FLA,17/08/2025,Atacado,2,749.8,224.94,262.43,Venda
SKU_1778_MIN,17/08/2025,E-commerce,1,284.9,53.54,231.36,Venda
SKU_1527_FUC,17/08/2025,Atacado,6,5459.4,1910.76,591.44,Venda
SKU_1457_MAG,17/08/2025,E-commerce,1,159.9,33.41,126.49,Venda
SKU_1830_NAV,17/08/2025,Varejo,2,519.8,36.38,241.71,Venda
SKU_1690_MAG,17/08/2025,Atacado,6,3239.4,971.82,377.93,Venda
SKU_1841_LIM,17/08/2025,Varejo,1,144.9,0.0,144.9,Venda
SKU_1709_MAR,17/08/2025,Atacado,4,839.6,251.88,146.93,Venda
SKU_1756_BUB,17/08/2025,Atacado,3,539.7,188.88,116.94,Venda
SKU_1732_WHI,17/08/2025,E-commerce,1,1114.9,207.84,907.06,Venda
SKU_1597_SHO,17/08/2025,Varejo,1,529.9,127.13,402.77,Venda
SKU_1770_DEE,17/08/2025,Varejo,2,439.8,78.96,180.42,Venda
SKU_1978_ROS,17/08/2025,Varejo,1,249.9,0.0,249.9,Venda
SKU_1726_PAS,17/08/2025,Atacado,6,2579.4,1031.76,257.94,Venda
SKU_1708_FRE,17/08/2025,Atacado,3,509.7,178.38,110.44,Venda
SKU_1688_WHI,17/08/2025,E-commerce,1,429.9,109.31,320.59,Venda
SKU_1743_CLO,17/08/2025,Atacado,3,1319.7,395.91,307.93,Venda
SKU_1712_MOS,17/08/2025,Varejo,3,539.7,155.76,127.98,Venda
SKU_1713_SAL,17/08/2025,E-commerce,1,504.9,123.04,381.86,Venda
SKU_1770_JAD,17/08/2025,E-commerce,1,219.9,62.2,157.7,Venda
SKU_1578_TEA,17/08/2025,Atacado,6,749.4,224.82,87.43,Venda
SKU_1985_PAS,17/08/2025,Atacado,2,819.8,286.92,266.44,Venda
SKU_1716_AQU,17/08/2025,Atacado,6,989.4,346.32,107.18,Venda
SKU_1748_COB,17/08/2025,Atacado,8,2479.2,743.76,216.93,Venda
SKU_1796_OLI,17/08/2025,Atacado,6,3029.4,908.82,353.43,Venda
SKU_1782_NAV,17/08/2025,Varejo,1,249.9,73.41,176.49,Venda
SKU_1793_WHI,17/08/2025,E-commerce,2,379.8,69.2,155.3,Venda
SKU_1783_BAB,17/08/2025,E-commerce,1,1199.9,313.25,886.65,Venda
SKU_1950_FLA,17/08/2025,Varejo,1,414.9,0.0,414.9,Venda
SKU_1410_ROS,17/08/2025,Varejo,1,1139.9,231.86,908.04,Venda
SKU_1706_BLA,17/08/2025,Atacado,8,1479.2,591.68,110.94,Venda
SKU_1564_BLA,17/08/2025,Varejo,1,589.9,169.46,420.44,Venda
SKU_1757_PIN,17/08/2025,Varejo,1,264.9,71.54,193.36,Venda
SKU_1744_EME,17/08/2025,Atacado,4,1059.6,423.84,158.94,Venda
SKU_1667_LIG,17/08/2025,Varejo,1,209.9,52.15,157.75,Venda
SKU_1712_NAV,17/08/2025,Atacado,6,1079.4,377.76,116.94,Venda
SKU_1732_OFF,17/08/2025,Atacado,4,4459.6,1560.88,724.68,Venda
SKU_1776_BIR,17/08/2025,Atacado,5,1649.5,577.3,214.44,Venda
SKU_1700_HUN,17/08/2025,Atacado,4,2799.6,979.84,454.94,Venda
SKU_1581_COB,17/08/2025,Varejo,1,854.9,189.84,665.06,Venda
SKU_1694_PIS,17/08/2025,Atacado,4,1119.6,335.88,195.93,Venda
SKU_2040_BIR,17/08/2025,E-commerce,1,294.9,0.0,294.9,Venda
SKU_1744_EME,17/08/2025,Varejo,2,529.8,133.72,198.04,Venda
SKU_1774_COB,17/08/2025,Varejo,1,204.9,48.58,156.32,Venda
SKU_1716_SAL,17/08/2025,Varejo,1,164.9,34.49,130.41,Venda
SKU_1789_EME,17/08/2025,E-commerce,1,269.9,71.33,198.57,Venda
SKU_1714_MID,17/08/2025,Atacado,2,609.8,243.92,182.94,Venda
SKU_1763_HOT,17/08/2025,Varejo,1,299.9,86.85,213.05,Venda
SKU_1418_CLE,17/08/2025,Varejo,1,844.9,198.97,645.93,Venda
SKU_1567_POW,17/08/2025,E-commerce,1,689.9,122.41,567.49,Venda
SKU_1697_MIN,17/08/2025,E-commerce,1,219.9,57.48,162.42,Venda
SKU_1728_EGR,17/08/2025,Atacado,2,659.8,197.94,230.93,Venda
SKU_1789_SNO,17/08/2025,Atacado,12,3238.8,971.64,188.93,Venda
SKU_1549_PAS,17/08/2025,Atacado,4,739.6,258.88,120.18,Venda
SKU_1793_MIN,17/08/2025,E-commerce,1,189.9,55.0,134.9,Venda
SKU_1653_BAB,17/08/2025,Atacado,6,2159.4,755.76,233.94,Venda
SKU_1779_LIG,17/08/2025,Varejo,2,429.8,109.88,159.96,Venda
SKU_1721_COR,17/08/2025,Atacado,6,2519.4,881.76,272.94,Venda
SKU_1761_SAP,17/08/2025,Atacado,2,2209.8,773.44,718.18,Venda
SKU_1777_FRE,17/08/2025,Varejo,2,479.8,102.24,188.78,Venda
SKU_1810_COB,17/08/2025,Atacado,4,639.6,223.84,103.94,Venda
SKU_1730_OFF,17/08/2025,Atacado,5,1599.5,559.8,207.94,Venda
SKU_1732_WHI,17/08/2025,Varejo,1,1114.9,212.06,902.84,Venda
SKU_2018_BAB,17/08/2025,Atacado,8,3839.2,1151.76,335.93,Venda
SKU_1744_EME,17/08/2025,E-commerce,1,264.9,70.57,194.33,Venda
SKU_1706_JAD,17/08/2025,E-commerce,1,184.9,53.42,131.48,Venda
SKU_1708_FRE,17/08/2025,Varejo,2,339.8,61.28,139.26,Venda
SKU_1756_BUB,17/08/2025,Atacado,3,539.7,215.88,107.94,Venda
SKU_1687_FOR,17/08/2025,Varejo,1,899.9,268.53,631.37,Venda
SKU_2004_MIN,17/08/2025,E-commerce,1,224.9,0.0,224.9,Venda
SKU_1734_BRI,17/08/2025,Atacado,3,1049.7,314.91,244.93,Venda
SKU_2109_TEA,17/08/2025,E-commerce,1,319.9,0.0,319.9,Venda
SKU_1479_MIN,17/08/2025,Atacado,5,2774.5,971.05,360.69,Venda
SKU_1686_MOS,17/08/2025,Atacado,2,429.8,150.44,139.68,Venda
SKU_1692_OLI,17/08/2025,Atacado,12,2638.8,1055.52,131.94,Venda
SKU_1799_POW,17/08/2025,Atacado,4,1079.6,377.84,175.44,Venda
SKU_1754_IVO,17/08/2025,Varejo,1,339.9,76.26,263.64,Venda
SKU_1791_IVO,17/08/2025,Atacado,3,794.7,238.41,185.43,Venda
SKU_1790_ROY,17/08/2025,Atacado,4,1039.6,363.84,168.94,Venda
SKU_1770_JAD,17/08/2025,E-commerce,1,219.9,56.56,163.34,Venda
SKU_1528_DEN,17/08/2025,Atacado,12,2578.8,902.64,139.68,Venda
SKU_1581_COB,17/08/2025,Atacado,5,4274.5,1496.05,555.69,Venda
SKU_1728_MID,17/08/2025,Varejo,3,989.7,220.89,256.27,Venda
SKU_1686_MOS,17/08/2025,Varejo,1,214.9,48.56,166.34,Venda
SKU_1687_FOR,17/08/2025,Varejo,1,899.9,145.87,754.03,Venda
SKU_1552_CLE,17/08/2025,Atacado,6,3959.4,1385.76,428.94,Venda
SKU_1671_MIN,17/08/2025,E-commerce,1,349.9,104.35,245.55,Venda
SKU_1551_DUS,17/08/2025,Varejo,2,439.8,108.36,165.72,Venda
SKU_1669_TEA,17/08/2025,Atacado,2,399.8,119.94,139.93,Venda
SKU_1398_AQU,17/08/2025,Atacado,3,2024.7,809.88,404.94,Venda
SKU_1732_OFF,17/08/2025,Atacado,8,8919.2,3121.76,724.68,Venda
SKU_1805_BLU,17/08/2025,Atacado,4,2319.6,811.84,376.94,Venda
SKU_1771_PIN,17/08/2025,Varejo,1,264.9,66.68,198.22,Venda
SKU_1575_AQU,17/08/2025,Varejo,1,864.9,204.43,660.47,Venda
SKU_1788_EME,17/08/2025,Atacado,4,999.6,349.84,162.44,Venda
SKU_1519_TEA,17/08/2025,Varejo,2,1259.8,294.96,482.42,Venda
SKU_1789_SNO,17/08/2025,Atacado,3,809.7,323.88,161.94,Venda
SKU_1405_FLA,17/08/2025,Atacado,3,644.7,225.66,139.68,Venda
SKU_1741_PIN,17/08/2025,Varejo,1,239.9,67.24,172.66,Venda
SKU_1497_FUC,17/08/2025,E-commerce,1,134.9,25.52,109.38,Venda
SKU_1891_MAR,17/08/2025,Varejo,1,329.9,0.0,329.9,Venda
SKU_1696_SHO,17/08/2025,Varejo,2,559.8,146.08,206.86,Venda
SKU_1532_EME,17/08/2025,Atacado,4,3919.6,1567.84,587.94,Venda
SKU_1783_EGR,17/08/2025,Varejo,1,1199.9,351.18,848.72,Venda
SKU_1774_MOS,17/08/2025,Varejo,1,204.9,36.61,168.29,Venda
SKU_1884_NAV,17/08/2025,Atacado,4,1359.6,407.88,237.93,Venda
SKU_1516_CRE,17/08/2025,Atacado,4,1399.6,489.84,227.44,Venda
SKU_1800_MOS,17/08/2025,Atacado,3,839.7,293.88,181.94,Venda
SKU_1716_AQU,17/08/2025,E-commerce,1,164.9,45.27,119.63,Venda
SKU_1567_PRI,17/08/2025,Varejo,1,689.9,128.26,561.64,Venda
SKU_1390_SAP,17/08/2025,Atacado,8,1839.2,735.68,137.94,Venda
SKU_1948_PAL,17/08/2025,Atacado,3,599.7,179.91,139.93,Venda
SKU_1611_MID,17/08/2025,Varejo,1,219.9,52.87,167.03,Venda
SKU_1796_OLI,17/08/2025,Atacado,3,1514.7,454.41,353.43,Venda
SKU_1698_SNO,17/08/2025,E-commerce,1,419.9,93.33,326.57,Venda
SKU_1693_MEX,17/08/2025,Varejo,2,409.8,107.32,151.24,Venda
SKU_1709_CRE,17/08/2025,Atacado,6,1259.4,503.76,125.94,Venda
SKU_1792_MIN,17/08/2025,E-commerce,1,439.9,75.85,364.05,Venda
SKU_1750_SNO,17/08/2025,Varejo,1,369.9,81.37,288.53,Venda
SKU_1701_SPA,17/08/2025,Varejo,1,339.9,95.85,244.05,Venda
SKU_1656_SNO,17/08/2025,E-commerce,1,234.9,60.49,174.41,Venda
SKU_1769_EME,17/08/2025,Varejo,2,649.8,106.0,271.9,Venda
SKU_1785_PAS,17/08/2025,Atacado,12,2938.8,881.64,171.43,Venda
SKU_1794_FLA,17/08/2025,E-commerce,2,419.8,92.38,163.71,Venda
SKU_1707_SAP,17/08/2025,Atacado,4,1119.6,447.84,167.94,Venda
SKU_1720_PAL,17/08/2025,Atacado,12,2698.8,809.64,157.43,Venda
SKU_1443_BLU,17/08/2025,Atacado,6,1619.4,566.76,175.44,Venda
SKU_1712_MOS,17/08/2025,Varejo,1,179.9,33.66,146.24,Venda
SKU_1985_WHI,17/08/2025,Atacado,5,2049.5,717.3,266.44,Venda
SKU_2037_SEA,17/08/2025,E-commerce,1,724.9,0.0,724.9,Venda
SKU_1756_FLA,17/08/2025,E-commerce,1,179.9,46.75,133.15,Venda
SKU_1927_CER,17/08/2025,Atacado,2,599.8,179.94,209.93,Venda
SKU_1690_MAG,17/08/2025,E-commerce,1,539.9,115.99,423.91,Venda
SKU_1709_CRE,17/08/2025,E-commerce,1,209.9,53.28,156.62,Venda
SKU_1748_COB,17/08/2025,E-commerce,1,309.9,62.72,247.18,Venda
SKU_1747_FUC,17/08/2025,E-commerce,1,174.9,45.68,129.22,Venda
SKU_1418_MOS,17/08/2025,Varejo,3,2534.7,603.06,643.88,Venda
SKU_1592_SAG,17/08/2025,Atacado,4,839.6,251.88,146.93,Venda
SKU_1762_BRI,17/08/2025,Atacado,4,1019.6,305.88,178.43,Venda
SKU_1726_PAS,17/08/2025,Varejo,1,429.9,66.39,363.51,Venda
SKU_1786_TEA,17/08/2025,Atacado,5,899.5,314.8,116.94,Venda
SKU_1752_SNO,17/08/2025,Atacado,4,1719.6,601.84,279.44,Venda
SKU_1556_HUN,17/08/2025,Varejo,1,204.9,48.72,156.18,Venda
SKU_1795_HUN,17/08/2025,Varejo,1,299.9,88.23,211.67,Venda
SKU_1728_MID,17/08/2025,E-commerce,1,329.9,87.07,242.83,Venda
SKU_1702_LIG,17/08/2025,Varejo,1,619.9,153.84,466.06,Venda
SKU_1617_DEN,17/08/2025,E-commerce,3,494.7,138.84,118.62,Venda
SKU_1728_EGR,17/08/2025,Atacado,3,989.7,296.91,230.93,Venda
SKU_1773_OLI,17/08/2025,Varejo,1,324.9,95.97,228.93,Venda
SKU_1689_IVO,17/08/2025,Atacado,5,4824.5,1688.6,627.18,Venda
SKU_1702_COR,17/08/2025,E-commerce,1,619.9,183.14,436.76,Venda
SKU_1716_AQU,17/08/2025,Varejo,1,164.9,26.72,138.18,Venda
SKU_1717_MIN,17/08/2025,Varejo,1,259.9,46.0,213.9,Venda
SKU_1682_OLI,17/08/2025,Varejo,1,234.9,56.41,178.49,Venda
SKU_1652_TEA,17/08/2025,Atacado,3,659.7,230.88,142.94,Venda
SKU_1863_MOS,17/08/2025,Atacado,4,1019.6,407.84,152.94,Venda
SKU_2101_PAS,17/08/2025,Varejo,1,244.9,0.0,244.9,Venda
SKU_1704_PEA,17/08/2025,Varejo,1,334.9,87.08,247.82,Venda
SKU_1790_ROY,17/08/2025,E-commerce,1,259.9,61.55,198.35,Venda
SKU_1734_FRE,17/08/2025,Atacado,4,1399.6,559.84,209.94,Venda
SKU_1775_PAL,17/08/2025,Atacado,4,1119.6,391.84,181.94,Venda
SKU_1745_FOR,17/08/2025,Varejo,1,409.9,91.74,318.16,Venda
SKU_1702_LIG,17/08/2025,Varejo,1,619.9,142.2,477.7,Venda
SKU_1752_SNO,17/08/2025,Atacado,5,2149.5,859.8,257.94,Venda
SKU_1561_VAN,17/08/2025,E-commerce,1,349.9,56.18,293.72,Venda
SKU_1548_HOT,17/08/2025,Atacado,5,2374.5,712.35,332.43,Venda
SKU_1753_WHI,17/08/2025,E-commerce,1,789.9,140.81,649.09,Venda
SKU_1749_SNO,17/08/2025,E-commerce,1,349.9,93.8,256.1,Venda
SKU_1773_FRE,17/08/2025,Atacado,8,2599.2,909.68,211.19,Venda
SKU_1697_MIN,17/08/2025,Varejo,1,219.9,59.01,160.89,Venda
SKU_1612_SNO,17/08/2025,E-commerce,1,329.9,49.51,280.39,Venda
SKU_1694_PIS,17/08/2025,Atacado,5,1399.5,419.85,195.93,Venda
SKU_1464_MOS,17/08/2025,Atacado,5,1149.5,402.3,149.44,Venda
SKU_1713_SAL,17/08/2025,Varejo,2,1009.8,239.38,385.21,Venda
SKU_2036_MAR,17/08/2025,Atacado,6,1439.4,503.76,155.94,Venda
SKU_1704_PEA,17/08/2025,Atacado,6,2009.4,703.26,217.69,Venda
SKU_1753_PAL,17/08/2025,Varejo,1,789.9,193.99,595.91,Venda
SKU_1772_BLU,17/08/2025,Varejo,2,829.8,228.06,300.87,Venda
SKU_1688_WHI,17/08/2025,Varejo,2,859.8,248.46,305.67,Venda
SKU_1769_EME,17/08/2025,Atacado,5,1624.5,487.35,227.43,Venda
SKU_1535_NAV,17/08/2025,Atacado,3,914.7,320.13,198.19,Venda
SKU_2050_MOS,17/08/2025,Varejo,1,454.9,0.0,454.9,Venda
SKU_1741_PIN,17/08/2025,Varejo,1,239.9,68.29,171.61,Venda
SKU_1695_CRE,17/08/2025,Varejo,4,839.6,140.72,174.72,Venda
SKU_1673_FUC,17/08/2025,Varejo,1,409.9,107.52,302.38,Venda
SKU_1696_SER,17/08/2025,Atacado,12,3358.8,1007.64,195.93,Venda
SKU_1719_WHI,17/08/2025,Varejo,3,959.7,192.45,255.75,Venda
SKU_1747_TEA,17/08/2025,Varejo,1,174.9,35.65,139.25,Venda
SKU_1632_SAP,17/08/2025,Varejo,1,184.9,54.73,130.17,Venda
SKU_1733_NAV,17/08/2025,Varejo,1,349.9,76.03,273.87,Venda
SKU_1746_EME,17/08/2025,Varejo,1,179.9,52.16,127.74,Venda
SKU_1587_LIG,17/08/2025,Atacado,4,919.6,321.84,149.44,Venda
SKU_1754_SER,17/08/2025,Varejo,2,679.8,180.46,249.67,Venda
SKU_1690_MAG,17/08/2025,Varejo,1,539.9,100.71,439.19,Venda
SKU_1780_AQU,17/08/2025,E-commerce,1,334.9,87.92,246.98,Venda
SKU_1719_WHI,17/08/2025,Varejo,1,319.9,66.91,252.99,Venda
SKU_1740_OLI,17/08/2025,Atacado,12,2578.8,902.64,139.68,Venda
SKU_1462_MID,17/08/2025,Atacado,2,729.8,255.42,237.19,Venda
SKU_1884_FOR,17/08/2025,Varejo,1,339.9,23.79,316.11,Venda
SKU_1394_FOR,17/08/2025,Varejo,1,469.9,125.06,344.84,Venda
SKU_1788_MYS,17/08/2025,Varejo,1,249.9,52.6,197.3,Venda
SKU_1765_MYS,17/08/2025,Atacado,6,1559.4,623.76,155.94,Venda
SKU_1737_DEE,17/08/2025,Varejo,1,769.9,168.09,601.81,Venda
SKU_1631_SNO,17/08/2025,Atacado,10,1799.0,719.6,107.94,Venda
SKU_1702_LIG,17/08/2025,E-commerce,1,619.9,123.84,496.06,Venda
SKU_1650_EGR,17/08/2025,Atacado,4,4019.6,1406.88,653.18,Venda
SKU_1390_PAS,17/08/2025,Atacado,6,1379.4,413.82,160.93,Venda
SKU_1721_COR,17/08/2025,Varejo,1,419.9,113.92,305.98,Venda
SKU_1612_PAL,17/08/2025,E-commerce,1,329.9,93.71,236.19,Venda
SKU_1492_BIR,17/08/2025,Atacado,4,1499.6,524.84,243.69,Venda
SKU_1778_TEA,17/08/2025,Varejo,1,284.9,64.85,220.05,Venda
SKU_1692_BLU,17/08/2025,Atacado,10,2199.0,989.6,120.94,Venda
SKU_1741_PEA,17/08/2025,E-commerce,1,239.9,51.43,188.47,Venda
SKU_1446_GAR,17/08/2025,Varejo,1,269.9,72.42,197.48,Venda
SKU_1798_MOS,17/08/2025,Varejo,2,839.8,230.48,304.66,Venda
SKU_1567_PRI,17/08/2025,Atacado,5,3449.5,1207.3,448.44,Venda
SKU_1703_PAS,17/08/2025,Atacado,3,809.7,323.88,161.94,Venda
SKU_1609_SAP,17/08/2025,Varejo,2,539.8,88.06,225.87,Venda
SKU_2025_BAB,17/08/2025,Atacado,10,2299.0,919.6,137.94,Venda
SKU_1722_PAS,17/08/2025,Varejo,1,324.9,51.83,273.07,Venda
SKU_1751_MIN,17/08/2025,Varejo,2,659.8,156.68,251.56,Venda
SKU_1795_HUN,17/08/2025,Atacado,3,899.7,314.88,194.94,Venda
SKU_1757_TUR,17/08/2025,Varejo,1,264.9,42.38,222.52,Venda
SKU_1521_MOS,17/08/2025,Atacado,10,1899.0,569.7,132.93,Venda
SKU_1925_PRI,17/08/2025,Varejo,1,364.9,0.0,364.9,Venda
SKU_1764_MAR,17/08/2025,Atacado,5,1174.5,411.1,152.68,Venda
SKU_1771_EME,17/08/2025,Varejo,2,529.8,91.04,219.38,Venda
SKU_1867_LIG,17/08/2025,Atacado,2,399.8,139.92,129.94,Venda
SKU_1709_CRE,17/08/2025,Varejo,1,209.9,49.0,160.9,Venda
SKU_1692_OLI,17/08/2025,E-commerce,1,219.9,64.32,155.58,Venda
SKU_1777_TUR,17/08/2025,Atacado,4,959.6,287.88,167.93,Venda
SKU_1694_SER,17/08/2025,Atacado,6,1679.4,503.82,195.93,Venda
SKU_1742_EME,17/08/2025,Atacado,2,519.8,181.92,168.94,Venda
SKU_1504_EME,17/08/2025,Atacado,6,2039.4,713.76,220.94,Venda
SKU_1693_MEX,17/08/2025,Atacado,5,1024.5,409.8,122.94,Venda
SKU_1801_FLA,17/08/2025,E-commerce,1,374.9,68.39,306.51,Venda
SKU_1641_MEX,17/08/2025,Varejo,1,324.9,79.55,245.35,Venda
SKU_1795_HUN,17/08/2025,Varejo,1,299.9,50.6,249.3,Venda
SKU_1748_BAB,17/08/2025,Atacado,4,1239.6,433.84,201.44,Venda
SKU_1772_BLU,17/08/2025,Varejo,1,414.9,99.92,314.98,Venda
SKU_1762_BRI,17/08/2025,Atacado,5,1274.5,446.1,165.68,Venda
SKU_1788_MYS,17/08/2025,Atacado,3,749.7,224.91,174.93,Venda
SKU_1782_HUN,17/08/2025,Atacado,8,1999.2,699.68,162.44,Venda
SKU_1710_MEX,17/08/2025,Varejo,1,809.9,240.11,569.79,Venda
SKU_1734_FRE,17/08/2025,E-commerce,1,349.9,73.63,276.27,Venda
SKU_1760_PAS,17/08/2025,Varejo,1,249.9,74.0,175.9,Venda
SKU_1812_BRI,17/08/2025,Atacado,3,1979.7,692.88,428.94,Venda
SKU_1681_PIS,17/08/2025,E-commerce,1,234.9,58.7,176.2,Venda
SKU_1752_SNO,17/08/2025,Varejo,2,859.8,205.4,327.2,Venda
SKU_1749_BIR,17/08/2025,Varejo,1,349.9,85.52,264.38,Venda
SKU_1564_NAV,17/08/2025,Atacado,8,4719.2,1651.68,383.44,Venda
SKU_1689_IVO,17/08/2025,Atacado,10,9649.0,2894.7,675.43,Venda
SKU_1828_FLA,17/08/2025,Atacado,6,1469.4,514.32,159.18,Venda
SKU_1500_PAS,17/08/2025,Varejo,1,259.9,43.28,216.62,Venda
SKU_1452_DEE,17/08/2025,Varejo,1,144.9,35.8,109.1,Venda
SKU_1758_HON,17/08/2025,Varejo,1,179.9,34.09,145.81,Venda
SKU_1775_PAL,17/08/2025,Varejo,3,839.7,231.63,202.69,Venda
SKU_1737_SAG,17/08/2025,Atacado,4,3079.6,1077.84,500.44,Venda
SKU_1785_HUN,17/08/2025,Atacado,4,979.6,342.88,159.18,Venda
SKU_1746_NAV,17/08/2025,Varejo,1,179.9,45.09,134.81,Venda
SKU_1705_SER,17/08/2025,Atacado,5,2049.5,717.3,266.44,Venda
SKU_1506_PAL,17/08/2025,Atacado,4,919.6,321.84,149.44,Venda
SKU_1488_IVO,17/08/2025,Varejo,1,339.9,96.11,243.79,Venda
SKU_1615_MOS,17/08/2025,Atacado,4,1859.6,650.84,302.19,Venda
SKU_1693_MEX,17/08/2025,Atacado,3,614.7,245.88,122.94,Venda
SKU_1770_DEE,17/08/2025,E-commerce,1,219.9,59.73,160.17,Venda
SKU_1485_CER,17/08/2025,Varejo,1,664.9,113.6,551.3,Venda
SKU_1730_OFF,17/08/2025,Atacado,8,2559.2,895.68,207.94,Venda
SKU_1707_SAP,17/08/2025,Varejo,1,279.9,51.58,228.32,Venda
SKU_1731_MIN,17/08/2025,Atacado,2,1819.8,636.92,591.44,Venda
SKU_1792_AQU,17/08/2025,E-commerce,1,439.9,128.58,311.32,Venda
SKU_1723_MOS,17/08/2025,Atacado,3,1304.7,456.63,282.69,Venda
SKU_1909_SPA,17/08/2025,Varejo,3,1349.7,0.0,449.9,Venda
SKU_1785_HUN,17/08/2025,Atacado,8,1959.2,685.76,159.18,Venda
SKU_1768_PEA,17/08/2025,Atacado,4,2499.6,749.88,437.43,Venda
SKU_1720_PAS,17/08/2025,Atacado,8,1799.2,539.76,157.43,Venda
SKU_1741_PEA,17/08/2025,Atacado,5,1199.5,479.8,143.94,Venda
SKU_1714_DEE,17/08/2025,Varejo,1,304.9,69.83,235.07,Venda
SKU_1743_CLO,17/08/2025,Atacado,8,3519.2,1055.76,307.93,Venda
SKU_1700_HUN,17/08/2025,Atacado,10,6999.0,2099.7,489.93,Venda
SKU_1698_SNO,17/08/2025,Varejo,1,419.9,88.21,331.69,Venda
SKU_1499_RAS,17/08/2025,E-commerce,1,259.9,52.03,207.87,Venda
SKU_1801_MOS,17/08/2025,Varejo,1,374.9,95.99,278.91,Venda
SKU_1735_MOS,17/08/2025,Varejo,1,269.9,57.61,212.29,Venda
SKU_1759_COB,17/08/2025,Varejo,1,269.9,59.17,210.73,Venda
SKU_1753_PAL,17/08/2025,Atacado,6,4739.4,1658.76,513.44,Venda
SKU_1393_SKY,17/08/2025,Atacado,2,619.8,247.92,185.94,Venda
SKU_1591_HON,17/08/2025,Varejo,1,889.9,233.21,656.69,Venda
SKU_1670_SAP,17/08/2025,Atacado,12,1738.8,608.64,94.18,Venda
SKU_1799_POW,17/08/2025,Varejo,2,539.8,128.56,205.62,Venda
SKU_2097_ROS,17/08/2025,E-commerce,1,199.9,0.0,199.9,Venda
SKU_1773_FRE,17/08/2025,Atacado,8,2599.2,779.76,227.43,Venda
SKU_1703_BLU,17/08/2025,Atacado,5,1349.5,472.3,175.44,Venda
SKU_1666_FUC,17/08/2025,E-commerce,1,799.9,221.24,578.66,Venda
SKU_1781_CLE,17/08/2025,Varejo,4,519.6,133.8,96.45,Venda
SKU_1770_JAD,17/08/2025,Atacado,3,659.7,230.88,142.94,Venda
SKU_1795_HUN,17/08/2025,Atacado,5,1499.5,449.85,209.93,Venda
SKU_1492_SKY,17/08/2025,Atacado,4,1499.6,524.84,243.69,Venda
SKU_1795_RAS,17/08/2025,Atacado,3,899.7,269.91,209.93,Venda
SKU_1562_BLU,17/08/2025,Atacado,3,929.7,325.38,201.44,Venda
SKU_1720_PAS,17/08/2025,Varejo,1,224.9,38.6,186.3,Venda
SKU_1512_MYS,17/08/2025,Varejo,1,224.9,58.77,166.13,Venda
SKU_1800_SKY,17/08/2025,Varejo,1,279.9,80.66,199.24,Venda
SKU_1755_BIR,17/08/2025,Varejo,1,334.9,58.78,276.12,Venda
SKU_2101_PAS,17/08/2025,Atacado,5,1224.5,428.6,159.18,Venda
SKU_1698_SNO,17/08/2025,Atacado,4,1679.6,671.84,251.94,Venda
SKU_2050_MOS,17/08/2025,Atacado,3,1364.7,477.63,295.69,Venda
SKU_1478_TEA,17/08/2025,Atacado,8,1559.2,623.68,116.94,Venda
SKU_1789_EME,17/08/2025,Varejo,1,269.9,44.26,225.64,Venda
SKU_1765_MYS,17/08/2025,Varejo,1,259.9,39.11,220.79,Venda
SKU_1695_CRE,17/08/2025,Atacado,2,419.8,125.94,146.93,Venda
SKU_1617_MIN,17/08/2025,Varejo,1,164.9,41.82,123.08,Venda
SKU_1968_JAD,17/08/2025,E-commerce,1,174.9,0.0,174.9,Venda
SKU_1689_MAG,17/08/2025,Varejo,1,964.9,241.24,723.66,Venda
SKU_1746_EME,17/08/2025,E-commerce,3,539.7,145.11,131.53,Venda
SKU_1613_BIR,17/08/2025,Atacado,4,759.6,227.88,132.93,Venda
SKU_1581_BIR,17/08/2025,Atacado,3,2564.7,897.63,555.69,Venda
SKU_1631_SNO,17/08/2025,Varejo,1,179.9,37.75,142.15,Venda
SKU_1909_PEA,17/08/2025,Varejo,1,449.9,0.0,449.9,Venda
SKU_1417_BIR,17/08/2025,Atacado,4,1119.6,335.88,195.93,Venda
SKU_1711_ARM,17/08/2025,Atacado,2,1989.8,795.92,596.94,Venda
SKU_1718_SEA,17/08/2025,Varejo,1,369.9,98.29,271.61,Venda
SKU_1732_WHI,17/08/2025,Atacado,10,11149.0,3344.7,780.43,Venda
SKU_1749_BIR,17/08/2025,E-commerce,1,349.9,88.5,261.4,Venda
SKU_1690_MYS,17/08/2025,Atacado,8,4319.2,1511.68,350.94,Venda
SKU_1458_MIN,17/08/2025,Atacado,3,1049.7,314.91,244.93,Venda
SKU_1786_TEA,17/08/2025,E-commerce,1,179.9,42.64,137.26,Venda
SKU_1648_FLA,17/08/2025,Atacado,4,2799.6,839.88,489.93,Venda
SKU_1523_HOT,17/08/2025,Varejo,1,374.9,89.11,285.79,Venda
SKU_1772_SNO,17/08/2025,Atacado,3,1244.7,435.63,269.69,Venda
SKU_1733_NAV,17/08/2025,Varejo,1,349.9,58.43,291.47,Venda
SKU_1781_AQU,17/08/2025,E-commerce,1,129.9,22.8,107.1,Venda
SKU_1685_BIR,17/08/2025,Varejo,1,664.9,193.44,471.46,Venda
SKU_1741_PEA,17/08/2025,Varejo,1,239.9,49.78,190.12,Venda
SKU_1765_MYS,17/08/2025,Atacado,4,1039.6,415.84,155.94,Venda
SKU_1696_SER,17/08/2025,E-commerce,2,559.8,160.32,199.74,Venda
SKU_1769_WHI,17/08/2025,Varejo,1,324.9,85.08,239.82,Venda
SKU_1760_PAS,17/08/2025,Atacado,5,1249.5,437.3,162.44,Venda
SKU_1770_JAD,17/08/2025,Atacado,6,1319.4,527.76,131.94,Venda
SKU_1924_BIR,17/08/2025,Varejo,1,644.9,0.0,644.9,Venda
SKU_1712_NAV,17/08/2025,Atacado,2,359.8,107.94,125.93,Venda
SKU_1525_OLI,17/08/2025,Atacado,12,3478.8,1217.52,188.44,Venda
SKU_1658_MYS,17/08/2025,Atacado,4,3519.6,1055.88,615.93,Venda
SKU_1623_SER,17/08/2025,Atacado,12,10978.8,3842.52,594.69,Venda
SKU_1763_HOT,18/08/2025,Varejo,1,299.9,48.04,251.86,Venda
SKU_1483_POW,18/08/2025,Atacado,2,649.8,194.94,227.43,Venda
SKU_1540_BAL,18/08/2025,Atacado,2,339.8,101.94,118.93,Venda
SKU_1804_SPA,18/08/2025,Varejo,1,454.9,0.0,454.9,Venda
SKU_1488_IVO,18/08/2025,E-commerce,1,339.9,72.39,267.51,Venda
SKU_2006_DEN,18/08/2025,Atacado,8,7239.2,2171.76,633.43,Venda
SKU_1710_OLI,18/08/2025,Atacado,4,3239.6,1133.84,526.44,Venda
SKU_1611_BRI,18/08/2025,Varejo,1,219.9,65.83,154.07,Venda
SKU_1706_JAD,18/08/2025,Atacado,8,1479.2,443.76,129.43,Venda
SKU_1710_MEX,18/08/2025,Atacado,6,4859.4,1457.82,566.93,Venda
SKU_1794_FLA,18/08/2025,Varejo,1,209.9,51.08,158.82,Venda
SKU_1732_WHI,18/08/2025,Atacado,5,5574.5,2508.55,613.19,Venda
SKU_1776_PAS,18/08/2025,Atacado,8,2639.2,791.76,230.93,Venda
SKU_1750_SNO,18/08/2025,Varejo,1,369.9,88.57,281.33,Venda
SKU_1684_HON,18/08/2025,Varejo,1,184.9,38.74,146.16,Venda
SKU_1724_PEA,18/08/2025,Atacado,3,3344.7,1003.41,780.43,Venda
SKU_1685_COB,18/08/2025,Varejo,2,1329.8,245.52,542.14,Venda
SKU_1571_BIR,18/08/2025,Varejo,1,249.9,63.95,185.95,Venda
SKU_1699_COB,18/08/2025,Varejo,1,329.9,80.67,249.23,Venda
SKU_1794_FLA,18/08/2025,E-commerce,1,209.9,59.03,150.87,Venda
SKU_1556_HUN,18/08/2025,Varejo,1,204.9,41.44,163.46,Venda
SKU_2070_COR,18/08/2025,Varejo,1,214.9,0.0,214.9,Venda
SKU_1732_OFF,18/08/2025,Atacado,2,2229.8,668.94,780.43,Venda
SKU_1712_NAV,18/08/2025,Atacado,12,2158.8,755.52,116.94,Venda
SKU_1511_CLE,18/08/2025,E-commerce,1,934.9,236.2,698.7,Venda
SKU_1571_BIR,18/08/2025,Varejo,1,249.9,73.72,176.18,Venda
SKU_1774_MOS,18/08/2025,Atacado,3,614.7,215.16,133.18,Venda
SKU_1758_CLO,18/08/2025,Varejo,1,179.9,32.13,147.77,Venda
SKU_1739_MOS,18/08/2025,E-commerce,1,254.9,61.5,193.4,Venda
SKU_1846_SEA,18/08/2025,Varejo,1,349.9,24.49,325.41,Venda
SKU_1589_TUR,18/08/2025,Varejo,4,2719.6,619.32,525.07,Venda
SKU_1418_CLE,18/08/2025,Atacado,6,5069.4,1520.82,591.43,Venda
SKU_1728_MID,18/08/2025,Atacado,8,2639.2,1055.68,197.94,Venda
SKU_1722_AQU,18/08/2025,Atacado,8,2599.2,1039.68,194.94,Venda
SKU_1617_DEN,18/08/2025,Atacado,5,824.5,247.35,115.43,Venda
SKU_1791_ARM,18/08/2025,Varejo,1,264.9,71.45,193.45,Venda
SKU_1679_GAR,18/08/2025,E-commerce,1,919.9,256.81,663.09,Venda
SKU_1725_OFF,18/08/2025,Varejo,1,244.9,42.16,202.74,Venda
SKU_1722_PAS,18/08/2025,Atacado,6,1949.4,682.26,211.19,Venda
SKU_1785_HUN,18/08/2025,Atacado,8,1959.2,685.76,159.18,Venda
SKU_1713_SAL,18/08/2025,Atacado,5,2524.5,757.35,353.43,Venda
SKU_1590_HOT,18/08/2025,Atacado,4,759.6,265.84,123.44,Venda
SKU_1735_COR,18/08/2025,Atacado,10,2699.0,809.7,188.93,Venda
SKU_1714_DEE,18/08/2025,E-commerce,1,304.9,58.9,246.0,Venda
SKU_1431_TEA,18/08/2025,Varejo,1,369.9,90.13,279.77,Venda
SKU_1722_PAS,18/08/2025,Atacado,2,649.8,194.94,227.43,Venda
SKU_1687_FOR,18/08/2025,Atacado,6,5399.4,1619.82,629.93,Venda
SKU_1775_PAS,18/08/2025,Varejo,2,559.8,115.08,222.36,Venda
SKU_1747_TEA,18/08/2025,Atacado,6,1049.4,367.32,113.68,Venda
SKU_1688_LIG,18/08/2025,Atacado,4,1719.6,515.88,300.93,Venda
SKU_2007_LIG,18/08/2025,Atacado,3,629.7,188.91,146.93,Venda
SKU_1475_MIN,18/08/2025,Varejo,2,499.8,119.74,190.03,Venda
SKU_1765_MYS,18/08/2025,Varejo,1,259.9,54.21,205.69,Venda
SKU_1723_COB,18/08/2025,Varejo,1,434.9,121.99,312.91,Venda
SKU_1689_IVO,18/08/2025,Atacado,5,4824.5,1447.35,675.43,Venda
SKU_1514_PEA,18/08/2025,Atacado,4,3319.6,995.88,580.93,Venda
SKU_1647_BLA,18/08/2025,Atacado,4,1359.6,475.84,220.94,Venda
SKU_1444_HUN,18/08/2025,Atacado,3,719.7,215.91,167.93,Venda
SKU_1458_MIN,18/08/2025,E-commerce,1,349.9,65.57,284.33,Venda
SKU_1762_BRI,18/08/2025,Varejo,1,254.9,55.07,199.83,Venda
SKU_1752_SPA,18/08/2025,Varejo,1,429.9,72.29,357.61,Venda
SKU_1792_AQU,18/08/2025,Atacado,4,1759.6,615.84,285.94,Venda
SKU_1546_IVO,18/08/2025,Varejo,1,174.9,43.55,131.35,Venda
SKU_1759_COB,18/08/2025,Atacado,2,539.8,188.92,175.44,Venda
SKU_1523_CRE,18/08/2025,Atacado,3,1124.7,337.41,262.43,Venda
SKU_1699_COB,18/08/2025,Varejo,1,329.9,82.98,246.92,Venda
SKU_1755_BIR,18/08/2025,Atacado,5,1674.5,586.05,217.69,Venda
SKU_1668_VAN,18/08/2025,Varejo,1,269.9,44.06,225.84,Venda
SKU_1736_JAD,18/08/2025,Atacado,2,649.8,227.42,211.19,Venda
SKU_1751_MIN,18/08/2025,Atacado,4,1319.6,461.84,214.44,Venda
SKU_1877_SAP,18/08/2025,Atacado,8,4599.2,1609.68,373.69,Venda
SKU_1689_IVO,18/08/2025,Varejo,1,964.9,238.31,726.59,Venda
SKU_1716_AQU,18/08/2025,Atacado,5,824.5,329.8,98.94,Venda
SKU_1727_LIG,18/08/2025,Atacado,12,1858.8,650.64,100.68,Venda
SKU_1716_SAL,18/08/2025,Varejo,1,164.9,25.2,139.7,Venda
SKU_2064_SAP,18/08/2025,Varejo,1,399.9,0.0,399.9,Venda
SKU_1519_BLU,18/08/2025,Atacado,5,3149.5,1259.8,377.94,Venda
SKU_1796_SHO,18/08/2025,Varejo,1,504.9,88.74,416.16,Venda
SKU_1761_MOS,18/08/2025,Atacado,8,8839.2,3093.76,718.18,Venda
SKU_1770_JAD,18/08/2025,Atacado,4,879.6,307.84,142.94,Venda
SKU_1694_PIS,18/08/2025,Atacado,5,1399.5,489.8,181.94,Venda
SKU_1756_FLA,18/08/2025,Varejo,1,179.9,41.27,138.63,Venda
SKU_1454_BUB,18/08/2025,Atacado,4,599.6,209.84,97.44,Venda
SKU_1421_LIG,18/08/2025,Varejo,1,229.9,53.91,175.99,Venda
SKU_1744_LIG,18/08/2025,E-commerce,1,264.9,42.34,222.56,Venda
SKU_1940_BIR,18/08/2025,Varejo,2,2169.8,0.0,1084.9,Venda
SKU_1770_DEE,18/08/2025,Atacado,6,1319.4,461.76,142.94,Venda
SKU_1532_EME,18/08/2025,Varejo,2,1959.8,399.74,780.03,Venda
SKU_1799_POW,18/08/2025,Varejo,1,269.9,70.92,198.98,Venda
SKU_1727_LIG,18/08/2025,Varejo,1,154.9,27.68,127.22,Venda
SKU_1910_MID,18/08/2025,Atacado,5,3749.5,1124.85,524.93,Venda
SKU_1693_FLA,18/08/2025,Atacado,5,1024.5,409.8,122.94,Venda
SKU_1789_EME,18/08/2025,Atacado,6,1619.4,566.76,175.44,Venda
SKU_1417_BIR,18/08/2025,Atacado,5,1399.5,419.85,195.93,Venda
SKU_2096_TEA,18/08/2025,Atacado,4,1039.6,311.88,181.93,Venda
SKU_1767_FUC,18/08/2025,E-commerce,1,204.9,52.86,152.04,Venda
SKU_1495_FUC,18/08/2025,Atacado,10,3299.0,989.7,230.93,Venda
SKU_1570_HON,18/08/2025,Atacado,6,4289.4,1501.26,464.69,Venda
SKU_2035_AQU,18/08/2025,Varejo,2,449.8,0.0,224.9,Venda
SKU_1889_BIR,18/08/2025,Atacado,5,1349.5,404.85,188.93,Venda
SKU_1795_HUN,18/08/2025,Atacado,10,2999.0,1349.5,164.95,Venda
SKU_1709_CRE,18/08/2025,Varejo,2,419.8,78.38,170.71,Venda
SKU_1666_PAS,18/08/2025,E-commerce,1,799.9,152.17,647.73,Venda
SKU_1415_MID,18/08/2025,Varejo,1,354.9,103.9,251.0,Venda
SKU_1788_EME,18/08/2025,Atacado,4,999.6,299.88,174.93,Venda
SKU_1785_HUN,18/08/2025,Varejo,1,244.9,56.51,188.39,Venda
SKU_1480_MEX,18/08/2025,Varejo,2,739.8,187.32,276.24,Venda
SKU_1466_PRI,18/08/2025,Atacado,4,1079.6,377.84,175.44,Venda
SKU_1756_BUB,18/08/2025,Atacado,5,899.5,269.85,125.93,Venda
SKU_2100_BLU,18/08/2025,Atacado,2,2029.8,608.94,710.43,Venda
SKU_1742_EME,18/08/2025,Atacado,4,1039.6,363.84,168.94,Venda
SKU_1796_SHO,18/08/2025,E-commerce,1,504.9,80.9,424.0,Venda
SKU_1744_EME,18/08/2025,Atacado,6,1589.4,476.82,185.43,Venda
SKU_1517_ROS,18/08/2025,E-commerce,1,1199.9,357.85,842.05,Venda
SKU_1493_PEA,18/08/2025,Atacado,2,659.8,263.92,197.94,Venda
SKU_1755_BIR,18/08/2025,Atacado,8,2679.2,1071.68,200.94,Venda
SKU_1670_PEA,18/08/2025,Atacado,5,724.5,253.6,94.18,Venda
SKU_1741_PEA,18/08/2025,Atacado,6,1439.4,431.82,167.93,Venda
SKU_1810_COB,18/08/2025,Varejo,2,319.8,0.0,159.9,Venda
SKU_1787_BAB,18/08/2025,Varejo,1,289.9,56.0,233.9,Venda
SKU_1561_VAN,18/08/2025,Atacado,10,3499.0,1224.6,227.44,Venda
SKU_1595_MYS,18/08/2025,E-commerce,1,299.9,64.01,235.89,Venda
SKU_1780_AQU,18/08/2025,Varejo,1,334.9,76.08,258.82,Venda
SKU_1723_MOS,18/08/2025,Varejo,1,434.9,113.41,321.49,Venda
SKU_1687_WHI,18/08/2025,Atacado,10,8999.0,4049.6,494.94,Venda
SKU_1721_COR,18/08/2025,Varejo,4,1679.6,475.12,301.12,Venda
SKU_1721_FRE,18/08/2025,Varejo,1,419.9,68.93,350.97,Venda
SKU_1684_HON,18/08/2025,Varejo,3,554.7,133.65,140.35,Venda
SKU_1703_PAS,18/08/2025,Varejo,4,1079.6,303.88,193.93,Venda
SKU_1409_PEA,18/08/2025,Varejo,1,209.9,41.86,168.04,Venda
SKU_1409_PEA,18/08/2025,Atacado,4,839.6,335.84,125.94,Venda
SKU_1779_LIG,18/08/2025,Atacado,6,1289.4,386.82,150.43,Venda
SKU_1544_PEA,18/08/2025,E-commerce,2,399.8,90.26,154.77,Venda
SKU_1660_NAV,18/08/2025,Varejo,1,314.9,48.82,266.08,Venda
SKU_1777_FRE,18/08/2025,Atacado,4,959.6,287.88,167.93,Venda
SKU_1767_PRI,18/08/2025,Varejo,2,409.8,109.82,149.99,Venda
SKU_1787_BAB,18/08/2025,Varejo,1,289.9,68.95,220.95,Venda
SKU_1930_GAR,18/08/2025,Atacado,10,6599.0,2309.6,428.94,Venda
SKU_1765_MYS,18/08/2025,E-commerce,1,259.9,46.49,213.41,Venda
SKU_1762_BRI,18/08/2025,E-commerce,1,254.9,75.25,179.65,Venda
SKU_1747_TEA,18/08/2025,Atacado,8,1399.2,419.76,122.43,Venda
SKU_1757_TUR,18/08/2025,Varejo,1,264.9,41.94,222.96,Venda
SKU_1779_LIG,18/08/2025,Atacado,4,859.6,343.84,128.94,Venda
SKU_1766_CLE,18/08/2025,Varejo,1,394.9,71.32,323.58,Venda
SKU_1691_ROS,18/08/2025,Atacado,5,1549.5,619.8,185.94,Venda
SKU_1713_SNO,18/08/2025,Varejo,1,504.9,121.24,383.66,Venda
SKU_1714_MID,18/08/2025,Varejo,1,304.9,58.18,246.72,Venda
SKU_1767_PRI,18/08/2025,E-commerce,1,204.9,31.07,173.83,Venda
SKU_1769_WHI,18/08/2025,Varejo,1,324.9,72.93,251.97,Venda
SKU_1767_PRI,18/08/2025,Atacado,2,409.8,122.94,143.43,Venda
SKU_1712_MOS,18/08/2025,Atacado,2,359.8,125.92,116.94,Venda
SKU_1627_MOS,18/08/2025,Atacado,6,1979.4,692.76,214.44,Venda
SKU_1681_PIS,18/08/2025,Atacado,6,1409.4,493.32,152.68,Venda
SKU_1683_SHO,18/08/2025,Atacado,5,1574.5,551.05,204.69,Venda
SKU_1599_CER,18/08/2025,E-commerce,1,469.9,135.97,333.93,Venda
SKU_1789_EME,18/08/2025,Atacado,6,1619.4,566.76,175.44,Venda
SKU_1755_AQU,18/08/2025,Varejo,2,669.8,107.72,281.04,Venda
SKU_1760_OFF,18/08/2025,Atacado,4,999.6,299.88,174.93,Venda
SKU_1722_PAS,18/08/2025,Varejo,1,324.9,84.59,240.31,Venda
SKU_1580_WHI,18/08/2025,E-commerce,1,189.9,55.18,134.72,Venda
SKU_1726_PAS,18/08/2025,E-commerce,1,429.9,114.78,315.12,Venda
SKU_1457_MAG,18/08/2025,E-commerce,1,159.9,30.7,129.2,Venda
SKU_1715_JAD,18/08/2025,Varejo,1,219.9,42.68,177.22,Venda
SKU_1764_MAR,18/08/2025,Varejo,1,234.9,41.81,193.09,Venda
SKU_2084_GAR,18/08/2025,Varejo,1,254.9,17.84,237.06,Venda
SKU_1622_CLO,18/08/2025,E-commerce,3,809.7,194.55,205.05,Venda
SKU_1638_PEA,18/08/2025,Varejo,1,1139.9,277.92,861.98,Venda
SKU_1649_GAR,18/08/2025,Varejo,1,234.9,38.23,196.67,Venda
SKU_1720_PAL,18/08/2025,Varejo,1,224.9,66.85,158.05,Venda
SKU_1741_PIN,18/08/2025,Atacado,4,959.6,287.88,167.93,Venda
SKU_1612_PAL,18/08/2025,Varejo,1,329.9,62.91,266.99,Venda
SKU_2061_BRI,18/08/2025,Atacado,5,1049.5,419.8,125.94,Venda
SKU_1789_SNO,18/08/2025,Atacado,2,539.8,215.92,161.94,Venda
SKU_1525_OLI,18/08/2025,Varejo,1,289.9,75.48,214.42,Venda
SKU_1774_COB,18/08/2025,Atacado,2,409.8,143.44,133.18,Venda
SKU_1680_NAV,18/08/2025,Atacado,10,3349.0,1004.7,234.43,Venda
SKU_1500_MOS,18/08/2025,Atacado,4,1039.6,363.84,168.94,Venda
SKU_1933_SNO,18/08/2025,Atacado,12,2698.8,809.64,157.43,Venda
SKU_1780_LIG,18/08/2025,Varejo,2,669.8,169.8,250.0,Venda
SKU_1747_TEA,18/08/2025,Atacado,5,874.5,306.1,113.68,Venda
SKU_1701_SPA,18/08/2025,Atacado,5,1699.5,679.8,203.94,Venda
SKU_1689_IVO,18/08/2025,Atacado,8,7719.2,3087.68,578.94,Venda
SKU_1664_MIN,18/08/2025,Atacado,5,1649.5,659.8,197.94,Venda
SKU_1772_SNO,18/08/2025,Varejo,1,414.9,84.4,330.5,Venda
SKU_1476_WHI,18/08/2025,Atacado,6,1649.4,577.26,178.69,Venda
SKU_1699_COB,18/08/2025,E-commerce,1,329.9,61.34,268.56,Venda
SKU_1475_MIN,18/08/2025,Varejo,1,249.9,56.87,193.03,Venda
SKU_1928_BLU,18/08/2025,E-commerce,1,314.9,0.0,314.9,Venda
SKU_1733_NAV,18/08/2025,Varejo,2,699.8,152.12,273.84,Venda
SKU_1724_PIN,18/08/2025,Varejo,2,2229.8,555.12,837.34,Venda
SKU_1392_BLU,18/08/2025,Varejo,1,294.9,54.41,240.49,Venda
SKU_1744_LIG,18/08/2025,Varejo,1,264.9,63.23,201.67,Venda
SKU_1796_SHO,18/08/2025,E-commerce,3,1514.7,252.09,420.87,Venda
SKU_1637_WHI,18/08/2025,Varejo,3,2759.7,819.99,646.57,Venda
SKU_1470_WHI,18/08/2025,Atacado,6,5519.4,2207.76,551.94,Venda
SKU_1710_MEX,18/08/2025,Varejo,1,809.9,123.58,686.32,Venda
SKU_1479_MIN,18/08/2025,Varejo,1,554.9,159.43,395.47,Venda
SKU_1759_CLE,18/08/2025,Varejo,1,269.9,58.52,211.38,Venda
SKU_1796_SHO,18/08/2025,E-commerce,1,504.9,75.87,429.03,Venda
SKU_1689_IVO,18/08/2025,Varejo,1,964.9,166.55,798.35,Venda
SKU_1718_DUS,18/08/2025,Atacado,5,1849.5,554.85,258.93,Venda
SKU_1800_MOS,18/08/2025,Atacado,3,839.7,251.91,195.93,Venda
SKU_1738_BLU,18/08/2025,Atacado,6,1169.4,467.76,116.94,Venda
SKU_1685_BIR,18/08/2025,Varejo,1,664.9,194.85,470.05,Venda
SKU_1717_MIN,18/08/2025,E-commerce,1,259.9,65.9,194.0,Venda
SKU_1748_BAB,18/08/2025,Atacado,3,929.7,278.91,216.93,Venda
SKU_1508_DEE,18/08/2025,Atacado,5,1049.5,367.3,136.44,Venda
SKU_1691_ROS,18/08/2025,Varejo,1,309.9,83.18,226.72,Venda
SKU_2110_SPA,18/08/2025,Atacado,3,659.7,230.88,142.94,Venda
SKU_1727_LIG,18/08/2025,Varejo,2,309.8,76.52,116.64,Venda
SKU_1790_EGR,18/08/2025,Varejo,1,259.9,48.95,210.95,Venda
SKU_1559_BLU,18/08/2025,Atacado,10,11999.0,3599.7,839.93,Venda
SKU_2025_BAB,18/08/2025,Varejo,1,229.9,0.0,229.9,Venda
SKU_1683_SHO,18/08/2025,Varejo,1,314.9,49.95,264.95,Venda
SKU_1688_WHI,18/08/2025,E-commerce,1,429.9,119.86,310.04,Venda
SKU_1996_BLA,18/08/2025,Atacado,12,2938.8,881.64,171.43,Venda
SKU_1501_OLI,18/08/2025,Varejo,1,169.9,44.99,124.91,Venda
SKU_1799_POW,18/08/2025,Atacado,5,1349.5,404.85,188.93,Venda
SKU_1947_CLE,18/08/2025,Varejo,2,879.8,0.0,439.9,Venda
SKU_2103_RAS,18/08/2025,Atacado,2,939.8,375.92,281.94,Venda
SKU_1853_ROS,18/08/2025,Atacado,2,1799.8,629.92,584.94,Venda
SKU_1492_SKY,18/08/2025,E-commerce,1,374.9,96.58,278.32,Venda
SKU_1662_LIG,18/08/2025,Atacado,4,799.6,239.88,139.93,Venda
SKU_1799_POW,18/08/2025,Varejo,2,539.8,104.18,217.81,Venda
SKU_1753_PAL,18/08/2025,Atacado,5,3949.5,1184.85,552.93,Venda
SKU_1879_WHI,18/08/2025,Varejo,3,914.7,0.0,304.9,Venda
SKU_1793_WHI,18/08/2025,Atacado,5,949.5,332.3,123.44,Venda
SKU_1716_AQU,18/08/2025,Varejo,1,164.9,43.27,121.63,Venda
SKU_1756_BUB,18/08/2025,Atacado,6,1079.4,377.76,116.94,Venda
SKU_1734_BRI,18/08/2025,Atacado,6,2099.4,734.76,227.44,Venda
SKU_1764_MAR,18/08/2025,Varejo,1,234.9,55.79,179.11,Venda
SKU_1801_FLA,18/08/2025,Atacado,2,749.8,224.94,262.43,Venda
SKU_1774_COB,18/08/2025,Varejo,1,204.9,56.2,148.7,Venda
SKU_1735_COR,18/08/2025,Varejo,3,809.7,214.74,198.32,Venda
SKU_1398_SPA,18/08/2025,Atacado,5,3374.5,1012.35,472.43,Venda
SKU_1705_SER,18/08/2025,E-commerce,1,409.9,71.42,338.48,Venda
SKU_1701_BLU,18/08/2025,Atacado,5,1699.5,509.85,237.93,Venda
SKU_1699_COB,18/08/2025,Atacado,5,1649.5,494.85,230.93,Venda
SKU_1457_MAG,18/08/2025,Varejo,1,159.9,35.27,124.63,Venda
SKU_1733_NAV,18/08/2025,Atacado,5,1749.5,612.3,227.44,Venda
SKU_2045_AQU,18/08/2025,Varejo,1,194.9,13.64,181.26,Venda
SKU_1794_LIG,18/08/2025,E-commerce,1,209.9,40.12,169.78,Venda
SKU_1790_EGR,18/08/2025,Atacado,3,779.7,272.88,168.94,Venda
SKU_1499_HOT,18/08/2025,E-commerce,1,259.9,59.29,200.61,Venda
SKU_1749_SNO,18/08/2025,Atacado,5,1749.5,524.85,244.93,Venda
SKU_1630_LIM,18/08/2025,Varejo,3,1004.7,184.02,273.56,Venda
SKU_1752_SNO,18/08/2025,Varejo,1,429.9,121.24,308.66,Venda
SKU_1732_OFF,18/08/2025,Varejo,1,1114.9,210.02,904.88,Venda
SKU_1698_PRI,18/08/2025,Atacado,4,1679.6,587.84,272.94,Venda
SKU_1930_SHO,18/08/2025,Atacado,8,5279.2,1847.68,428.94,Venda
SKU_1771_EME,18/08/2025,Atacado,6,1589.4,476.82,185.43,Venda
SKU_2083_VAN,18/08/2025,E-commerce,1,234.9,0.0,234.9,Venda
SKU_1479_FUC,18/08/2025,Atacado,6,3329.4,998.82,388.43,Venda
SKU_1762_BRI,18/08/2025,E-commerce,1,254.9,74.83,180.07,Venda
SKU_1710_MEX,18/08/2025,Atacado,5,4049.5,1619.8,485.94,Venda
SKU_1735_COR,18/08/2025,Atacado,4,1079.6,323.88,188.93,Venda
SKU_1806_EME,18/08/2025,E-commerce,3,584.7,0.0,194.9,Venda
SKU_1707_ARM,18/08/2025,Atacado,12,3358.8,1175.52,181.94,Venda
SKU_1785_HUN,18/08/2025,E-commerce,1,244.9,65.11,179.79,Venda
SKU_1765_PAS,18/08/2025,Atacado,3,779.7,272.88,168.94,Venda
SKU_1784_EGR,18/08/2025,E-commerce,1,309.9,63.17,246.73,Venda
SKU_1788_EME,18/08/2025,Varejo,1,249.9,59.26,190.64,Venda
SKU_1693_MEX,18/08/2025,E-commerce,1,204.9,58.28,146.62,Venda
SKU_1575_AQU,18/08/2025,Varejo,3,2594.7,689.79,634.97,Venda
SKU_1635_TEA,18/08/2025,Varejo,2,1209.8,302.52,453.64,Venda
SKU_1685_BIR,18/08/2025,Atacado,2,1329.8,398.94,465.43,Venda
SKU_1755_AQU,18/08/2025,Varejo,2,669.8,139.12,265.34,Venda
SKU_1559_SKY,18/08/2025,Atacado,3,3599.7,1439.88,719.94,Venda
SKU_1555_FUC,18/08/2025,Varejo,2,379.8,58.7,160.55,Venda
SKU_1518_LIM,18/08/2025,E-commerce,1,234.9,65.95,168.95,Venda
SKU_1411_RAS,18/08/2025,Atacado,3,674.7,202.41,157.43,Venda
SKU_1487_BRI,18/08/2025,Varejo,1,334.9,77.02,257.88,Venda
SKU_1705_JAD,18/08/2025,Atacado,4,1639.6,491.88,286.93,Venda
SKU_1757_TUR,18/08/2025,Atacado,6,1589.4,635.76,158.94,Venda
SKU_1799_POW,18/08/2025,Varejo,1,269.9,56.03,213.87,Venda
SKU_1682_BIR,18/08/2025,Varejo,1,234.9,47.3,187.6,Venda
SKU_1392_LIM,18/08/2025,Atacado,8,2359.2,825.68,191.69,Venda
SKU_1693_MEX,18/08/2025,Atacado,5,1024.5,307.35,143.43,Venda
SKU_1456_EME,18/08/2025,Atacado,6,1889.4,661.26,204.69,Venda
SKU_1711_ARM,18/08/2025,Varejo,1,994.9,173.15,821.75,Venda
SKU_1690_MYS,18/08/2025,Atacado,5,2699.5,1079.8,323.94,Venda
SKU_1983_GAR,18/08/2025,Varejo,1,224.9,0.0,224.9,Venda
SKU_1504_EME,18/08/2025,E-commerce,1,339.9,74.07,265.83,Venda
SKU_1707_SAP,18/08/2025,E-commerce,1,279.9,48.65,231.25,Venda
SKU_1709_CRE,18/08/2025,E-commerce,1,209.9,38.22,171.68,Venda
SKU_1735_COR,18/08/2025,Varejo,2,539.8,82.92,228.44,Venda
SKU_1669_COR,18/08/2025,Varejo,1,199.9,36.29,163.61,Venda
SKU_1747_TEA,18/08/2025,Atacado,4,699.6,244.88,113.68,Venda
SKU_1699_COB,18/08/2025,Varejo,1,329.9,88.42,241.48,Venda
SKU_1699_COB,18/08/2025,Varejo,3,989.7,166.35,274.45,Venda
SKU_1419_WHI,18/08/2025,Varejo,1,249.9,46.93,202.97,Venda
SKU_1575_AQU,18/08/2025,Atacado,5,4324.5,1297.35,605.43,Venda
SKU_2087_CER,18/08/2025,Atacado,5,1249.5,374.85,174.93,Venda
SKU_1681_OFF,18/08/2025,E-commerce,1,234.9,45.17,189.73,Venda
SKU_1731_ARM,18/08/2025,Varejo,1,909.9,146.6,763.3,Venda
SKU_1751_MIN,18/08/2025,Atacado,10,3299.0,1319.6,197.94,Venda
SKU_1708_FLA,18/08/2025,Atacado,3,509.7,178.38,110.44,Venda
SKU_1584_FLA,18/08/2025,Varejo,1,184.9,37.7,147.2,Venda
SKU_1737_DEE,18/08/2025,Varejo,1,769.9,149.64,620.26,Venda
SKU_1596_CER,18/08/2025,E-commerce,1,274.9,59.99,214.91,Venda
SKU_1718_DUS,18/08/2025,Varejo,1,369.9,64.16,305.74,Venda
SKU_1488_PEA,18/08/2025,Atacado,4,1359.6,475.84,220.94,Venda
SKU_1705_SER,18/08/2025,Atacado,2,819.8,327.92,245.94,Venda
SKU_1710_MEX,18/08/2025,Varejo,2,1619.8,348.48,635.66,Venda
SKU_1398_SPA,18/08/2025,Varejo,1,674.9,129.99,544.91,Venda
SKU_1439_SHO,18/08/2025,Varejo,3,554.7,157.38,132.44,Venda
SKU_1719_OFF,18/08/2025,Atacado,2,639.8,223.92,207.94,Venda
SKU_1632_SAP,18/08/2025,Varejo,1,184.9,55.26,129.64,Venda
SKU_1707_SAP,18/08/2025,Varejo,1,279.9,70.7,209.2,Venda
SKU_1718_SEA,18/08/2025,Atacado,6,2219.4,665.82,258.93,Venda
SKU_1698_SNO,18/08/2025,Varejo,1,419.9,99.85,320.05,Venda
SKU_1760_PAS,18/08/2025,Atacado,2,499.8,149.94,174.93,Venda
SKU_1780_LIG,18/08/2025,Atacado,4,1339.6,535.84,200.94,Venda
SKU_1700_HUN,18/08/2025,Varejo,1,699.9,209.12,490.78,Venda
SKU_1795_RAS,18/08/2025,Varejo,2,599.8,133.84,232.98,Venda
SKU_1749_SNO,18/08/2025,Atacado,6,2099.4,629.82,244.93,Venda
SKU_1781_AQU,18/08/2025,Atacado,3,389.7,155.88,77.94,Venda
SKU_1587_DEE,18/08/2025,Atacado,8,1839.2,643.68,149.44,Venda
SKU_1740_FRE,18/08/2025,Varejo,1,214.9,56.5,158.4,Venda
SKU_1599_CER,18/08/2025,Varejo,1,469.9,75.23,394.67,Venda
SKU_1644_BAB,18/08/2025,Varejo,1,319.9,62.39,257.51,Venda
SKU_1763_MAR,18/08/2025,E-commerce,2,599.8,141.58,229.11,Venda
SKU_1809_PRI,18/08/2025,Varejo,1,239.9,0.0,239.9,Venda
SKU_1697_PIS,18/08/2025,Atacado,6,1319.4,461.76,142.94,Venda
SKU_1505_BLU,18/08/2025,Varejo,1,234.9,52.99,181.91,Venda
SKU_1706_BLA,18/08/2025,Atacado,3,554.7,194.16,120.18,Venda
SKU_1866_ROS,18/08/2025,Atacado,4,1299.6,389.88,227.43,Venda
SKU_1749_BIR,18/08/2025,Varejo,2,699.8,167.58,266.11,Venda
SKU_1522_MOS,18/08/2025,E-commerce,1,149.9,28.02,121.88,Venda
SKU_1765_PAS,18/08/2025,E-commerce,1,259.9,59.1,200.8,Venda
SKU_1776_BIR,18/08/2025,Atacado,5,1649.5,494.85,230.93,Venda
SKU_1796_SHO,18/08/2025,Atacado,10,5049.0,2019.6,302.94,Venda
SKU_1671_SEA,18/08/2025,Atacado,8,2799.2,839.76,244.93,Venda
SKU_1783_EGR,18/08/2025,Atacado,3,3599.7,1079.91,839.93,Venda
SKU_1717_MIN,18/08/2025,Atacado,8,2079.2,831.68,155.94,Venda
SKU_1845_TUR,18/08/2025,Varejo,3,2459.7,0.0,819.9,Venda
SKU_1703_PAS,18/08/2025,Varejo,1,269.9,58.51,211.39,Venda
SKU_1725_BAB,18/08/2025,E-commerce,1,244.9,71.55,173.35,Venda
SKU_1723_MOS,18/08/2025,Atacado,8,3479.2,1043.76,304.43,Venda
SKU_1781_CLE,18/08/2025,Varejo,1,129.9,19.55,110.35,Venda
SKU_1794_LIG,18/08/2025,Varejo,1,209.9,37.4,172.5,Venda
SKU_1563_WHI,18/08/2025,Varejo,1,149.9,38.27,111.63,Venda
SKU_1468_BAB,18/08/2025,Atacado,2,1059.8,317.94,370.93,Venda
SKU_1760_PAS,18/08/2025,Atacado,8,1999.2,699.68,162.44,Venda
SKU_1730_OFF,18/08/2025,Varejo,1,319.9,74.32,245.58,Venda
SKU_1774_COB,18/08/2025,Varejo,1,204.9,40.7,164.2,Venda
SKU_1741_PEA,18/08/2025,Varejo,1,239.9,69.23,170.67,Venda
SKU_1754_SER,18/08/2025,E-commerce,1,339.9,75.09,264.81,Venda
SKU_1510_SNO,18/08/2025,E-commerce,1,834.9,169.15,665.75,Venda
SKU_1959_WHI,18/08/2025,Varejo,1,739.9,0.0,739.9,Venda
SKU_1744_LIG,18/08/2025,Varejo,1,264.9,47.07,217.83,Venda
SKU_1760_PAS,18/08/2025,Atacado,3,749.7,299.88,149.94,Venda
SKU_1568_FRE,18/08/2025,Varejo,2,469.8,132.36,168.72,Venda
SKU_1733_NAV,18/08/2025,Atacado,5,1749.5,612.3,227.44,Venda
SKU_1861_SAP,18/08/2025,E-commerce,1,194.9,0.0,194.9,Venda
SKU_1745_FOR,18/08/2025,Varejo,1,409.9,122.71,287.19,Venda
SKU_1766_CLE,18/08/2025,Atacado,4,1579.6,473.88,276.43,Venda
SKU_1706_JAD,18/08/2025,Varejo,1,184.9,44.76,140.14,Venda
SKU_1529_HUN,18/08/2025,Varejo,2,489.8,114.34,187.73,Venda
SKU_1535_NAV,18/08/2025,Varejo,1,304.9,58.63,246.27,Venda
SKU_1752_SPA,18/08/2025,Varejo,1,429.9,121.51,308.39,Venda
SKU_1839_DUS,18/08/2025,Varejo,1,294.9,0.0,294.9,Venda
SKU_2094_MYS,18/08/2025,Varejo,1,184.9,0.0,184.9,Venda
SKU_1778_TEA,18/08/2025,Varejo,1,284.9,56.8,228.1,Venda
SKU_1799_POW,18/08/2025,Varejo,1,269.9,78.06,191.84,Venda
SKU_1720_PAL,18/08/2025,Atacado,3,674.7,236.16,146.18,Venda
SKU_1987_MYS,18/08/2025,Varejo,2,2239.8,0.0,1119.9,Venda
SKU_1693_MEX,18/08/2025,Varejo,2,409.8,83.42,163.19,Venda
SKU_1947_CLE,18/08/2025,Atacado,4,1759.6,615.84,285.94,Venda
SKU_1762_BRI,18/08/2025,E-commerce,1,254.9,41.14,213.76,Venda
SKU_1695_CRE,18/08/2025,Varejo,1,209.9,61.64,148.26,Venda
SKU_1694_PIS,18/08/2025,Atacado,4,1119.6,391.84,181.94,Venda
SKU_1731_MIN,18/08/2025,Atacado,4,3639.6,1091.88,636.93,Venda
SKU_1919_PEA,18/08/2025,Varejo,2,1359.8,0.0,679.9,Venda
SKU_1724_PEA,18/08/2025,E-commerce,1,1114.9,325.42,789.48,Venda
SKU_1734_FRE,18/08/2025,Varejo,1,349.9,100.51,249.39,Venda
SKU_1706_BLA,18/08/2025,E-commerce,1,184.9,39.3,145.6,Venda
SKU_1627_BAB,18/08/2025,Varejo,1,329.9,90.12,239.78,Venda
SKU_1418_MOS,18/08/2025,Atacado,5,4224.5,1478.55,549.19,Venda
SKU_1444_HUN,18/08/2025,Atacado,5,1199.5,419.8,155.94,Venda
SKU_1669_TEA,18/08/2025,E-commerce,1,199.9,33.87,166.03,Venda
SKU_1748_COB,18/08/2025,E-commerce,2,619.8,182.22,218.79,Venda
SKU_2008_HOT,18/08/2025,Varejo,1,244.9,0.0,244.9,Venda
SKU_1557_SAG,18/08/2025,Varejo,1,199.9,54.02,145.88,Venda
SKU_1695_LIM,18/08/2025,Varejo,1,209.9,58.6,151.3,Venda
SKU_1577_HUN,18/08/2025,Atacado,3,479.7,167.88,103.94,Venda
SKU_1773_FRE,18/08/2025,Varejo,1,324.9,77.47,247.43,Venda
SKU_1651_PAS,18/08/2025,Varejo,1,264.9,40.6,224.3,Venda
SKU_1784_BLA,18/08/2025,Atacado,5,1549.5,464.85,216.93,Venda
SKU_1795_RAS,18/08/2025,Varejo,1,299.9,84.93,214.97,Venda
SKU_1753_WHI,18/08/2025,Atacado,8,6319.2,2211.68,513.44,Venda
SKU_1608_MID,18/08/2025,Varejo,1,304.9,74.3,230.6,Venda
SKU_1552_CLE,18/08/2025,Varejo,1,659.9,124.83,535.07,Venda
SKU_1950_FLA,18/08/2025,Atacado,4,1659.6,580.84,269.69,Venda
SKU_1714_DEE,18/08/2025,Varejo,1,304.9,48.23,256.67,Venda
SKU_1979_DEN,18/08/2025,E-commerce,1,194.9,0.0,194.9,Venda
SKU_1665_RAS,18/08/2025,E-commerce,2,499.8,131.08,184.36,Venda
SKU_2081_PAL,18/08/2025,Atacado,3,1169.7,350.91,272.93,Venda
SKU_1728_MID,18/08/2025,E-commerce,1,329.9,78.9,251.0,Venda
SKU_1577_HUN,18/08/2025,Atacado,6,959.4,287.82,111.93,Venda
SKU_1727_WHI,18/08/2025,Atacado,10,1549.0,619.6,92.94,Venda
SKU_1687_WHI,18/08/2025,Atacado,8,7199.2,2519.68,584.94,Venda
SKU_1708_FLA,18/08/2025,Varejo,2,339.8,84.42,127.69,Venda
SKU_1692_OLI,18/08/2025,Varejo,1,219.9,52.43,167.47,Venda
SKU_1780_LIG,18/08/2025,Varejo,3,1004.7,224.07,260.21,Venda
SKU_1708_FRE,18/08/2025,Varejo,1,169.9,27.09,142.81,Venda
SKU_1471_LIG,18/08/2025,Atacado,5,1024.5,358.6,133.18,Venda
SKU_1700_HUN,18/08/2025,Atacado,8,5599.2,1679.76,489.93,Venda
SKU_2025_BAB,18/08/2025,Atacado,2,459.8,137.94,160.93,Venda
SKU_1687_FOR,18/08/2025,Atacado,10,8999.0,3149.6,584.94,Venda
SKU_1747_TEA,18/08/2025,Varejo,2,349.8,76.54,136.63,Venda
SKU_1726_BUB,18/08/2025,Atacado,5,2149.5,644.85,300.93,Venda
SKU_1702_LIG,18/08/2025,Varejo,1,619.9,102.13,517.77,Venda
SKU_1687_FOR,18/08/2025,Atacado,5,4499.5,1574.8,584.94,Venda
SKU_1814_PAS,18/08/2025,Varejo,1,379.9,26.59,353.31,Venda
SKU_1688_LIG,18/08/2025,E-commerce,3,1289.7,255.9,344.6,Venda
SKU_1762_DEN,18/08/2025,E-commerce,1,254.9,59.06,195.84,Venda
SKU_1713_SNO,18/08/2025,E-commerce,1,504.9,92.8,412.1,Venda
SKU_1488_PEA,18/08/2025,Varejo,2,679.8,112.9,283.45,Venda
SKU_1771_PIN,18/08/2025,Atacado,8,2119.2,741.68,172.19,Venda
SKU_1758_HON,18/08/2025,E-commerce,1,179.9,33.88,146.02,Venda
SKU_1608_WHI,18/08/2025,Atacado,5,1524.5,533.55,198.19,Venda
SKU_1764_FUC,18/08/2025,Atacado,5,1174.5,411.1,152.68,Venda
SKU_1784_EGR,18/08/2025,Varejo,1,309.9,49.26,260.64,Venda
SKU_1499_HOT,18/08/2025,E-commerce,1,259.9,51.38,208.52,Venda
SKU_1579_SAG,18/08/2025,Atacado,12,2758.8,827.64,160.93,Venda
SKU_1767_FUC,18/08/2025,Atacado,8,1639.2,573.76,133.18,Venda
SKU_1488_PEA,18/08/2025,Atacado,3,1019.7,356.88,220.94,Venda
SKU_1693_MEX,18/08/2025,Atacado,4,819.6,286.88,133.18,Venda
SKU_2103_RAS,18/08/2025,Varejo,1,469.9,0.0,469.9,Venda
SKU_1686_SKY,18/08/2025,Atacado,5,1074.5,376.1,139.68,Venda
SKU_1711_ARM,18/08/2025,Varejo,1,994.9,209.83,785.07,Venda
SKU_2101_PAS,18/08/2025,Varejo,2,489.8,0.0,244.9,Venda
SKU_1788_MYS,18/08/2025,Varejo,3,749.7,217.35,177.45,Venda
SKU_1728_EGR,18/08/2025,Varejo,1,329.9,49.79,280.11,Venda
SKU_1521_FRE,18/08/2025,Atacado,6,1139.4,341.82,132.93,Venda
SKU_1776_PAS,18/08/2025,Atacado,6,1979.4,593.82,230.93,Venda
SKU_1749_BIR,18/08/2025,Atacado,8,2799.2,839.76,244.93,Venda
SKU_2109_TEA,18/08/2025,Varejo,1,319.9,22.39,297.51,Venda
SKU_1770_DEE,18/08/2025,Atacado,6,1319.4,461.76,142.94,Venda
SKU_1709_MAR,18/08/2025,Varejo,1,209.9,58.59,151.31,Venda
SKU_1793_WHI,18/08/2025,Atacado,6,1139.4,398.76,123.44,Venda
SKU_1719_WHI,18/08/2025,E-commerce,1,319.9,51.95,267.95,Venda
SKU_1717_MIN,18/08/2025,Atacado,4,1039.6,363.84,168.94,Venda
SKU_1747_TEA,18/08/2025,Atacado,6,1049.4,419.76,104.94,Venda
SKU_1727_WHI,18/08/2025,Atacado,4,619.6,185.88,108.43,Venda
SKU_1778_MIN,18/08/2025,E-commerce,1,284.9,84.7,200.2,Venda
SKU_1714_DEE,18/08/2025,Atacado,2,609.8,182.94,213.43,Venda
SKU_1697_PIS,18/08/2025,Atacado,2,439.8,131.94,153.93,Venda
SKU_1702_LIG,18/08/2025,Varejo,4,2479.6,647.84,457.94,Venda
SKU_1967_BAB,18/08/2025,Atacado,4,779.6,272.88,126.68,Venda
SKU_1714_MID,18/08/2025,Atacado,6,1829.4,548.82,213.43,Venda
SKU_1709_CRE,18/08/2025,Atacado,6,1259.4,377.82,146.93,Venda
SKU_1752_SPA,18/08/2025,Atacado,3,1289.7,386.91,300.93,Venda
SKU_1751_MIN,18/08/2025,Varejo,3,989.7,220.92,256.26,Venda
SKU_1403_AQU,18/08/2025,Atacado,3,1154.7,519.6,211.7,Venda
SKU_1888_NAV,18/08/2025,Atacado,8,1599.2,559.68,129.94,Venda
SKU_1681_PIS,18/08/2025,Varejo,1,234.9,45.53,189.37,Venda
SKU_1723_MOS,18/08/2025,Atacado,2,869.8,304.42,282.69,Venda
SKU_1729_FUC,18/08/2025,E-commerce,1,174.9,42.57,132.33,Venda
SKU_1413_JAD,18/08/2025,Atacado,4,739.6,221.88,129.43,Venda
SKU_1790_ROY,18/08/2025,E-commerce,1,259.9,68.3,191.6,Venda
SKU_1765_MYS,18/08/2025,Atacado,2,519.8,181.92,168.94,Venda
SKU_1839_BAB,18/08/2025,Varejo,1,294.9,0.0,294.9,Venda
SKU_1691_HUN,18/08/2025,Varejo,3,929.7,187.11,247.53,Venda
SKU_1762_DEN,18/08/2025,Atacado,8,2039.2,713.76,165.68,Venda
SKU_2023_SPA,18/08/2025,E-commerce,1,159.9,0.0,159.9,Venda
SKU_1885_MAG,18/08/2025,Varejo,1,549.9,0.0,549.9,Venda
SKU_1724_PIN,18/08/2025,E-commerce,1,1114.9,214.62,900.28,Venda
SKU_1683_PAL,18/08/2025,Varejo,1,314.9,67.73,247.17,Venda
SKU_1765_PAS,18/08/2025,Varejo,1,259.9,52.79,207.11,Venda
SKU_1458_PEA,18/08/2025,Varejo,1,349.9,102.88,247.02,Venda
SKU_1482_SHO,18/08/2025,Varejo,1,444.9,83.59,361.31,Venda
SKU_1733_NAV,18/08/2025,Varejo,3,1049.7,291.03,252.89,Venda
SKU_1660_NAV,18/08/2025,Atacado,2,629.8,251.92,188.94,Venda
SKU_1799_POW,18/08/2025,Atacado,6,1619.4,485.82,188.93,Venda
SKU_1716_SAL,18/08/2025,E-commerce,1,164.9,40.18,124.72,Venda
SKU_1673_FUC,18/08/2025,Varejo,3,1229.7,247.92,327.26,Venda
SKU_1695_CRE,18/08/2025,E-commerce,1,209.9,42.14,167.76,Venda
SKU_1778_TEA,18/08/2025,Atacado,10,2849.0,854.7,199.43,Venda
SKU_1682_BIR,18/08/2025,Varejo,1,234.9,58.78,176.12,Venda
SKU_1548_HOT,18/08/2025,Atacado,10,4749.0,1662.1,308.69,Venda
SKU_1774_MOS,18/08/2025,Atacado,5,1024.5,358.6,133.18,Venda
SKU_1500_PAS,18/08/2025,Varejo,1,259.9,74.21,185.69,Venda
SKU_1717_MIN,18/08/2025,Varejo,2,519.8,84.42,217.69,Venda
SKU_1415_MID,18/08/2025,E-commerce,2,709.8,112.76,298.52,Venda
SKU_1712_NAV,18/08/2025,Varejo,1,179.9,45.65,134.25,Venda
SKU_1761_MOS,18/08/2025,Varejo,1,1104.9,194.42,910.48,Venda
SKU_1728_MID,18/08/2025,Atacado,5,1649.5,577.3,214.44,Venda
SKU_1413_JAD,18/08/2025,E-commerce,1,184.9,33.4,151.5,Venda
SKU_1790_EGR,18/08/2025,Varejo,1,259.9,43.59,216.31,Venda
SKU_1690_MYS,18/08/2025,Varejo,1,539.9,101.53,438.37,Venda
SKU_1571_WHI,18/08/2025,Atacado,4,999.6,349.84,162.44,Venda
SKU_1627_BAB,18/08/2025,Varejo,1,329.9,66.75,263.15,Venda
SKU_1704_PEA,18/08/2025,Varejo,1,334.9,52.67,282.23,Venda
SKU_1752_SPA,18/08/2025,Varejo,1,429.9,83.81,346.09,Venda
SKU_1781_AQU,18/08/2025,Atacado,8,1039.2,415.68,77.94,Venda
SKU_1995_WHI,18/08/2025,Varejo,1,234.9,0.0,234.9,Venda
SKU_1544_OLI,18/08/2025,E-commerce,1,199.9,47.22,152.68,Venda
SKU_1815_WHI,18/08/2025,Varejo,1,439.9,0.0,439.9,Venda
SKU_1746_NAV,18/08/2025,Atacado,4,719.6,215.88,125.93,Venda
SKU_1729_CLE,18/08/2025,E-commerce,1,174.9,51.06,123.84,Venda
SKU_1698_SNO,18/08/2025,Varejo,1,419.9,104.12,315.78,Venda
SKU_1763_MAR,18/08/2025,Atacado,5,1499.5,524.8,194.94,Venda
SKU_1718_SEA,18/08/2025,Atacado,6,2219.4,887.76,221.94,Venda
SKU_1535_MOS,18/08/2025,Atacado,6,1829.4,731.76,182.94,Venda
SKU_1552_CLE,18/08/2025,Atacado,3,1979.7,791.88,395.94,Venda
SKU_1750_SNO,18/08/2025,Atacado,2,739.8,258.92,240.44,Venda
SKU_1776_PAS,18/08/2025,E-commerce,1,329.9,62.63,267.27,Venda
SKU_1685_BIR,18/08/2025,Atacado,4,2659.6,930.84,432.19,Venda
SKU_1797_GAR,18/08/2025,Atacado,3,1139.7,455.88,227.94,Venda
SKU_1751_BLU,18/08/2025,Atacado,8,2639.2,923.68,214.44,Venda
SKU_1741_PEA,18/08/2025,Varejo,3,719.7,211.05,169.55,Venda
SKU_1758_CLO,18/08/2025,Varejo,2,359.8,65.08,147.36,Venda
SKU_1742_EME,18/08/2025,Varejo,2,519.8,101.84,208.98,Venda
SKU_1791_IVO,18/08/2025,Varejo,1,264.9,68.26,196.64,Venda
SKU_1741_PIN,18/08/2025,Varejo,1,239.9,68.45,171.45,Venda
SKU_1755_AQU,18/08/2025,Varejo,1,334.9,54.26,280.64,Venda
SKU_1829_HUN,18/08/2025,Varejo,1,259.9,0.0,259.9,Venda
SKU_1449_BLA,18/08/2025,Atacado,3,974.7,341.13,211.19,Venda
SKU_1801_MOS,18/08/2025,Atacado,8,2999.2,1049.68,243.69,Venda
SKU_1729_FUC,18/08/2025,Varejo,2,349.8,61.2,144.3,Venda
SKU_1442_OFF,18/08/2025,Varejo,1,289.9,69.93,219.97,Venda
SKU_1801_FLA,18/08/2025,Atacado,3,1124.7,393.63,243.69,Venda
SKU_2106_FUC,18/08/2025,E-commerce,1,234.9,0.0,234.9,Venda
SKU_1768_PEA,18/08/2025,E-commerce,1,624.9,160.66,464.24,Venda
SKU_1436_PAS,18/08/2025,Varejo,1,279.9,65.82,214.08,Venda
SKU_1729_CLE,18/08/2025,E-commerce,1,174.9,38.18,136.72,Venda
SKU_1593_LIG,18/08/2025,Varejo,1,144.9,27.03,117.87,Venda
SKU_1415_BAB,18/08/2025,Atacado,10,3549.0,1064.7,248.43,Venda
SKU_1732_WHI,18/08/2025,Varejo,1,1114.9,176.05,938.85,Venda
SKU_1772_BLU,18/08/2025,Atacado,5,2074.5,829.8,248.94,Venda
SKU_1725_BAB,18/08/2025,E-commerce,1,244.9,69.27,175.63,Venda
SKU_1694_SER,18/08/2025,Atacado,2,559.8,167.94,195.93,Venda
SKU_1674_WHI,18/08/2025,Varejo,2,459.8,107.96,175.92,Venda
SKU_1734_BRI,18/08/2025,Atacado,4,1399.6,419.88,244.93,Venda
SKU_1745_FOR,18/08/2025,Atacado,3,1229.7,491.88,245.94,Venda
SKU_1444_HUN,18/08/2025,Varejo,1,239.9,40.68,199.22,Venda
SKU_1697_MIN,18/08/2025,Atacado,2,439.8,131.94,153.93,Venda
SKU_1405_CLO,18/08/2025,Varejo,1,214.9,60.69,154.21,Venda
SKU_1587_DEE,18/08/2025,E-commerce,1,229.9,52.22,177.68,Venda
SKU_1447_BLU,18/08/2025,Atacado,5,1199.5,419.8,155.94,Venda
SKU_1722_AQU,18/08/2025,Varejo,1,324.9,54.88,270.02,Venda
SKU_1580_MOS,18/08/2025,Varejo,1,189.9,42.95,146.95,Venda
SKU_1399_PAL,18/08/2025,Varejo,2,539.8,95.94,221.93,Venda
SKU_1788_EME,18/08/2025,Atacado,10,2499.0,874.6,162.44,Venda
SKU_1698_PRI,18/08/2025,Atacado,5,2099.5,734.8,272.94,Venda
SKU_1863_MOS,18/08/2025,Varejo,1,254.9,0.0,254.9,Venda
SKU_1752_SPA,18/08/2025,Atacado,6,2579.4,902.76,279.44,Venda
SKU_1468_MYS,18/08/2025,Varejo,1,529.9,156.03,373.87,Venda
SKU_1414_DUS,18/08/2025,Varejo,2,679.8,108.94,285.43,Venda
SKU_1706_JAD,18/08/2025,Varejo,4,739.6,170.44,142.29,Venda
SKU_1738_BLU,18/08/2025,Atacado,10,1949.0,584.7,136.43,Venda
SKU_1561_VAN,18/08/2025,Atacado,4,1399.6,489.84,227.44,Venda
SKU_1716_SAL,18/08/2025,Varejo,2,329.8,49.74,140.03,Venda
SKU_2009_DUS,18/08/2025,Atacado,4,999.6,399.84,149.94,Venda
SKU_1668_VAN,18/08/2025,Varejo,1,269.9,50.19,219.71,Venda
SKU_1770_DEE,18/08/2025,Atacado,8,1759.2,615.68,142.94,Venda
SKU_1730_MIN,18/08/2025,Varejo,1,319.9,59.47,260.43,Venda
SKU_1738_ROY,18/08/2025,Varejo,3,584.7,175.08,136.54,Venda
SKU_1747_TEA,18/08/2025,E-commerce,1,174.9,32.0,142.9,Venda
SKU_1683_SHO,18/08/2025,Varejo,1,314.9,73.61,241.29,Venda
SKU_1509_HOT,18/08/2025,E-commerce,1,319.9,63.55,256.35,Venda
SKU_1465_CLE,18/08/2025,Varejo,1,314.9,57.62,257.28,Venda
SKU_1778_TEA,18/08/2025,Atacado,3,854.7,256.41,199.43,Venda
SKU_1902_HOT,18/08/2025,E-commerce,1,829.9,0.0,829.9,Venda
SKU_1788_EME,18/08/2025,Atacado,4,999.6,299.88,174.93,Venda
SKU_1700_HUN,18/08/2025,Atacado,5,3499.5,1224.8,454.94,Venda
SKU_1750_MIN,18/08/2025,E-commerce,1,369.9,85.51,284.39,Venda
SKU_1684_HON,18/08/2025,E-commerce,1,184.9,46.46,138.44,Venda
SKU_1666_FUC,18/08/2025,Varejo,1,799.9,168.1,631.8,Venda
SKU_1446_SHO,18/08/2025,Varejo,3,809.7,162.54,215.72,Venda
SKU_1711_VAN,18/08/2025,Varejo,1,994.9,205.76,789.14,Venda
SKU_1775_PAL,18/08/2025,Atacado,5,1399.5,419.85,195.93,Venda
SKU_1441_COB,18/08/2025,Atacado,4,4619.6,1847.84,692.94,Venda
SKU_1771_EME,18/08/2025,Atacado,6,1589.4,476.82,185.43,Venda
SKU_1777_FRE,18/08/2025,E-commerce,1,239.9,69.83,170.07,Venda
SKU_1705_SER,18/08/2025,Atacado,4,1639.6,655.84,245.94,Venda
SKU_1760_OFF,18/08/2025,Varejo,2,499.8,133.34,183.23,Venda
SKU_1419_WHI,18/08/2025,Varejo,1,249.9,67.8,182.1,Venda
SKU_1698_PRI,18/08/2025,Atacado,10,4199.0,1469.6,272.94,Venda
SKU_1966_FOR,18/08/2025,E-commerce,1,674.9,0.0,674.9,Venda
SKU_1630_LIM,18/08/2025,Varejo,2,669.8,190.42,239.69,Venda
SKU_1944_FUC,18/08/2025,Varejo,1,399.9,0.0,399.9,Venda
SKU_1751_MIN,18/08/2025,Atacado,5,1649.5,577.3,214.44,Venda
SKU_1691_ROS,18/08/2025,Varejo,1,309.9,77.09,232.81,Venda
SKU_1741_PIN,18/08/2025,Atacado,4,959.6,287.88,167.93,Venda
SKU_1715_HON,18/08/2025,Atacado,2,439.8,153.92,142.94,Venda
SKU_1935_HOT,18/08/2025,Atacado,3,539.7,188.88,116.94,Venda
SKU_1765_PAS,18/08/2025,Atacado,5,1299.5,389.85,181.93,Venda
SKU_1776_BIR,18/08/2025,Varejo,1,329.9,87.72,242.18,Venda
SKU_1696_SER,18/08/2025,Atacado,5,1399.5,559.8,167.94,Venda
SKU_1800_SKY,18/08/2025,Atacado,4,1119.6,447.84,167.94,Venda
SKU_1720_PAL,18/08/2025,Atacado,3,674.7,236.16,146.18,Venda
SKU_1530_PEA,18/08/2025,Varejo,1,129.9,37.97,91.93,Venda
SKU_1435_OLI,18/08/2025,E-commerce,1,1009.9,178.05,831.85,Venda
SKU_1685_BIR,18/08/2025,E-commerce,2,1329.8,338.94,495.43,Venda
SKU_1435_SKY,18/08/2025,Atacado,8,8079.2,3231.68,605.94,Venda
SKU_1454_BUB,18/08/2025,Varejo,1,149.9,36.27,113.63,Venda
SKU_1689_MAG,18/08/2025,Varejo,2,1929.8,417.8,756.0,Venda
SKU_1711_ARM,18/08/2025,E-commerce,1,994.9,181.5,813.4,Venda
SKU_1682_OLI,18/08/2025,Varejo,1,234.9,38.0,196.9,Venda
SKU_1729_CLE,18/08/2025,Varejo,1,174.9,31.23,143.67,Venda
SKU_1790_EGR,18/08/2025,Atacado,12,3118.8,1091.52,168.94,Venda
SKU_1697_PIS,18/08/2025,Atacado,5,1099.5,384.8,142.94,Venda
SKU_1760_OFF,18/08/2025,Varejo,1,249.9,73.06,176.84,Venda
SKU_1420_EGR,18/08/2025,Atacado,3,2969.7,1187.88,593.94,Venda
SKU_1730_OFF,18/08/2025,Atacado,4,1279.6,383.88,223.93,Venda
SKU_1761_MOS,18/08/2025,E-commerce,1,1104.9,191.5,913.4,Venda
SKU_1754_IVO,18/08/2025,Atacado,3,1019.7,305.91,237.93,Venda
SKU_2040_MIN,18/08/2025,Atacado,8,2359.2,943.68,176.94,Venda
SKU_1736_JAD,18/08/2025,Varejo,2,649.8,174.86,237.47,Venda
SKU_2067_DUS,18/08/2025,Varejo,2,699.8,0.0,349.9,Venda
SKU_1731_MIN,18/08/2025,Varejo,1,909.9,233.75,676.15,Venda
SKU_1536_MOS,18/08/2025,Atacado,2,689.8,241.42,224.19,Venda
SKU_1500_MOS,18/08/2025,Varejo,1,259.9,61.94,197.96,Venda
SKU_1686_SKY,18/08/2025,Atacado,10,2149.0,644.7,150.43,Venda
SKU_1763_MAR,18/08/2025,Varejo,2,599.8,162.04,218.88,Venda
SKU_1519_BLU,18/08/2025,Atacado,4,2519.6,881.84,409.44,Venda
SKU_1758_HON,18/08/2025,Varejo,1,179.9,32.69,147.21,Venda
SKU_1406_SHO,18/08/2025,Atacado,8,2799.2,979.68,227.44,Venda
SKU_1794_LIG,18/08/2025,Atacado,5,1049.5,367.3,136.44,Venda
SKU_1681_OFF,18/08/2025,Atacado,3,704.7,246.66,152.68,Venda
SKU_1781_AQU,18/08/2025,Atacado,10,1299.0,519.6,77.94,Venda
SKU_1514_PEA,18/08/2025,Atacado,5,4149.5,1244.85,580.93,Venda
SKU_1739_AQU,18/08/2025,Atacado,3,764.7,229.41,178.43,Venda
SKU_1750_MIN,18/08/2025,Varejo,1,369.9,62.99,306.91,Venda
SKU_2048_MAR,18/08/2025,Atacado,6,2309.4,692.82,269.43,Venda
SKU_1794_LIG,18/08/2025,Atacado,5,1049.5,314.85,146.93,Venda
SKU_1788_EME,18/08/2025,Atacado,4,999.6,299.88,174.93,Venda
SKU_1536_MOS,18/08/2025,Varejo,2,689.8,127.86,280.97,Venda
SKU_1511_CLE,18/08/2025,Varejo,1,934.9,214.5,720.4,Venda
SKU_1693_MEX,18/08/2025,Varejo,3,614.7,128.49,162.07,Venda
SKU_1845_BAL,18/08/2025,E-commerce,1,819.9,0.0,819.9,Venda
SKU_1767_PRI,18/08/2025,Atacado,6,1229.4,491.76,122.94,Venda
SKU_1670_PEA,18/08/2025,Varejo,1,144.9,23.52,121.38,Venda
SKU_1718_SEA,18/08/2025,Atacado,6,2219.4,887.76,221.94,Venda
SKU_1776_BIR,18/08/2025,Varejo,1,329.9,76.01,253.89,Venda
SKU_1704_PEA,18/08/2025,Atacado,8,2679.2,1205.6,184.2,Venda
SKU_1799_DEN,18/08/2025,Atacado,4,1079.6,323.88,188.93,Venda
SKU_1760_OFF,18/08/2025,Atacado,2,499.8,149.94,174.93,Venda
SKU_1757_TUR,18/08/2025,E-commerce,1,264.9,51.72,213.18,Venda
SKU_1736_JAD,18/08/2025,Atacado,5,1624.5,487.35,227.43,Venda
SKU_1548_CLO,18/08/2025,Atacado,4,1899.6,569.88,332.43,Venda
SKU_1778_TEA,18/08/2025,Varejo,1,284.9,83.55,201.35,Venda
SKU_1645_MYS,18/08/2025,E-commerce,1,399.9,77.39,322.51,Venda
SKU_1698_SNO,18/08/2025,Varejo,2,839.8,136.08,351.86,Venda
SKU_1800_MOS,18/08/2025,Atacado,8,2239.2,783.68,181.94,Venda
SKU_2043_ROS,18/08/2025,E-commerce,1,349.9,0.0,349.9,Venda
SKU_1779_LIG,18/08/2025,Atacado,2,429.8,128.94,150.43,Venda
SKU_1787_BAB,18/08/2025,E-commerce,1,289.9,59.85,230.05,Venda
SKU_1577_FLA,18/08/2025,Atacado,3,479.7,143.91,111.93,Venda
SKU_1841_WHI,18/08/2025,Varejo,3,434.7,0.0,144.9,Venda
SKU_1689_MAG,18/08/2025,Varejo,2,1929.8,531.7,699.05,Venda
SKU_1991_GAR,18/08/2025,Varejo,2,599.8,0.0,299.9,Venda
SKU_1870_SAG,18/08/2025,Varejo,1,229.9,0.0,229.9,Venda
SKU_1716_AQU,18/08/2025,Atacado,6,989.4,346.32,107.18,Venda
SKU_1627_MOS,18/08/2025,Atacado,8,2639.2,923.68,214.44,Venda
SKU_1540_BAL,18/08/2025,Varejo,1,169.9,47.04,122.86,Venda
SKU_1713_SNO,18/08/2025,Varejo,1,504.9,109.91,394.99,Venda
SKU_1509_MAG,18/08/2025,Varejo,1,319.9,95.07,224.83,Venda
SKU_1694_SER,18/08/2025,Atacado,4,1119.6,335.88,195.93,Venda
SKU_1785_HUN,18/08/2025,Atacado,4,979.6,342.88,159.18,Venda
SKU_1701_SPA,18/08/2025,Atacado,6,2039.4,815.76,203.94,Venda
SKU_1700_HUN,18/08/2025,Atacado,8,5599.2,1679.76,489.93,Venda
SKU_1494_HOT,18/08/2025,E-commerce,1,1084.9,300.07,784.83,Venda
SKU_1726_PAS,18/08/2025,Varejo,1,429.9,119.58,310.32,Venda
SKU_1476_CLO,18/08/2025,Atacado,3,824.7,329.88,164.94,Venda
SKU_1713_SAL,18/08/2025,Varejo,1,504.9,97.92,406.98,Venda
SKU_1726_BUB,18/08/2025,Varejo,2,859.8,244.4,307.7,Venda
SKU_1726_BUB,18/08/2025,Varejo,1,429.9,126.84,303.06,Venda
SKU_2099_DEE,18/08/2025,Varejo,1,269.9,18.89,251.01,Venda
SKU_1726_BUB,18/08/2025,Atacado,8,3439.2,1031.76,300.93,Venda
SKU_1797_GAR,18/08/2025,Varejo,1,379.9,78.07,301.83,Venda
SKU_1617_DEN,18/08/2025,E-commerce,1,164.9,48.45,116.45,Venda
SKU_1752_SPA,18/08/2025,Varejo,3,1289.7,228.51,353.73,Venda
SKU_2096_TEA,18/08/2025,Varejo,1,259.9,0.0,259.9,Venda
SKU_1505_SNO,18/08/2025,Atacado,6,1409.4,422.82,164.43,Venda
SKU_1842_SAG,18/08/2025,Varejo,1,534.9,0.0,534.9,Venda
SKU_1727_WHI,18/08/2025,Atacado,4,619.6,247.84,92.94,Venda
SKU_1738_BLU,18/08/2025,Varejo,1,194.9,34.51,160.39,Venda
SKU_1687_FOR,18/08/2025,Varejo,1,899.9,236.42,663.48,Venda
SKU_1801_FLA,18/08/2025,Atacado,6,2249.4,787.26,243.69,Venda
SKU_1801_FLA,18/08/2025,E-commerce,1,374.9,66.42,308.48,Venda
SKU_1773_FRE,18/08/2025,Atacado,3,974.7,341.13,211.19,Venda
SKU_1718_DUS,18/08/2025,Atacado,3,1109.7,332.91,258.93,Venda
SKU_1711_ARM,18/08/2025,Varejo,1,994.9,256.92,737.98,Venda
SKU_1482_SHO,18/08/2025,Atacado,8,3559.2,1067.76,311.43,Venda
SKU_2054_SAL,18/08/2025,Atacado,6,2459.4,983.76,245.94,Venda
SKU_1776_BIR,18/08/2025,Atacado,4,1319.6,395.88,230.93,Venda
SKU_1960_BAL,18/08/2025,E-commerce,1,174.9,0.0,174.9,Venda
SKU_1701_SPA,18/08/2025,Varejo,1,339.9,52.37,287.53,Venda
SKU_1552_CLE,18/08/2025,Atacado,3,1979.7,692.88,428.94,Venda
SKU_1490_EME,18/08/2025,Varejo,1,314.9,87.48,227.42,Venda
SKU_1548_HOT,18/08/2025,Varejo,3,1424.7,419.82,334.96,Venda
SKU_1879_COR,18/08/2025,Atacado,8,2439.2,731.76,213.43,Venda
SKU_1712_NAV,18/08/2025,Varejo,1,179.9,35.02,144.88,Venda
SKU_1713_SNO,18/08/2025,Atacado,4,2019.6,706.84,328.19,Venda
SKU_1407_EME,18/08/2025,Atacado,6,1289.4,386.82,150.43,Venda
SKU_1870_SAG,18/08/2025,Varejo,2,459.8,32.18,213.81,Venda
SKU_1397_SNO,18/08/2025,Varejo,4,939.6,266.12,168.37,Venda
SKU_1505_BLU,18/08/2025,Varejo,1,234.9,57.12,177.78,Venda
SKU_1692_BLU,18/08/2025,Varejo,1,219.9,59.52,160.38,Venda
SKU_1436_PAS,18/08/2025,Varejo,1,279.9,76.4,203.5,Venda
SKU_1497_VAN,18/08/2025,E-commerce,1,134.9,37.9,97.0,Venda
SKU_1685_COB,18/08/2025,Varejo,2,1329.8,336.46,496.67,Venda
SKU_1500_MOS,18/08/2025,Varejo,1,259.9,47.05,212.85,Venda
SKU_1743_DEE,18/08/2025,Atacado,5,2199.5,769.8,285.94,Venda
SKU_1779_MIN,18/08/2025,Varejo,1,214.9,44.05,170.85,Venda
SKU_1729_CLE,18/08/2025,Varejo,1,174.9,27.57,147.33,Venda
SKU_1708_FRE,18/08/2025,Varejo,1,169.9,38.09,131.81,Venda
SKU_1747_TEA,18/08/2025,E-commerce,1,174.9,28.48,146.42,Venda
SKU_1861_SAP,18/08/2025,Atacado,4,779.6,272.88,126.68,Venda
SKU_1755_BIR,18/08/2025,Atacado,3,1004.7,351.63,217.69,Venda
SKU_1722_PAS,18/08/2025,Atacado,8,2599.2,779.76,227.43,Venda
SKU_1689_MAG,18/08/2025,Atacado,6,5789.4,2315.76,578.94,Venda
SKU_1697_PIS,18/08/2025,Varejo,2,439.8,83.26,178.27,Venda
SKU_1772_SNO,18/08/2025,Varejo,1,414.9,101.6,313.3,Venda
SKU_1702_LIG,18/08/2025,Varejo,1,619.9,95.41,524.49,Venda
SKU_1704_BAB,18/08/2025,Atacado,2,669.8,200.94,234.43,Venda
SKU_1391_SEA,18/08/2025,Varejo,3,854.7,235.35,206.45,Venda
SKU_1580_WHI,18/08/2025,Atacado,4,759.6,265.84,123.44,Venda
SKU_1698_PRI,18/08/2025,E-commerce,1,419.9,77.12,342.78,Venda
SKU_1798_OFF,18/08/2025,Varejo,2,839.8,163.2,338.3,Venda
SKU_1724_PEA,18/08/2025,Atacado,8,8919.2,2675.76,780.43,Venda
SKU_1721_FRE,18/08/2025,Atacado,2,839.8,335.92,251.94,Venda
SKU_1742_DEN,18/08/2025,Varejo,1,259.9,68.73,191.17,Venda
SKU_1747_FUC,18/08/2025,Varejo,1,174.9,28.61,146.29,Venda
SKU_1644_BAB,18/08/2025,Varejo,2,639.8,145.1,247.35,Venda
SKU_1426_NAV,18/08/2025,Atacado,5,649.5,194.85,90.93,Venda
SKU_1740_FRE,18/08/2025,Atacado,3,644.7,225.66,139.68,Venda
SKU_1716_SAL,18/08/2025,Varejo,1,164.9,39.01,125.89,Venda
SKU_1737_DEE,18/08/2025,Atacado,5,3849.5,1539.8,461.94,Venda
SKU_1748_BAB,18/08/2025,Atacado,2,619.8,185.94,216.93,Venda
SKU_1577_FLA,18/08/2025,E-commerce,1,159.9,32.07,127.83,Venda
SKU_1682_BIR,18/08/2025,Varejo,1,234.9,58.24,176.66,Venda
SKU_1799_POW,18/08/2025,E-commerce,1,269.9,47.99,221.91,Venda
SKU_1786_TEA,18/08/2025,Atacado,3,539.7,188.88,116.94,Venda
SKU_1932_NAV,18/08/2025,Atacado,4,779.6,311.84,116.94,Venda
SKU_1690_MAG,18/08/2025,Atacado,8,4319.2,1511.68,350.94,Venda
SKU_1713_SNO,18/08/2025,Varejo,2,1009.8,214.02,397.89,Venda
SKU_1697_PIS,18/08/2025,E-commerce,1,219.9,43.91,175.99,Venda
SKU_1478_TEA,18/08/2025,Varejo,1,194.9,32.44,162.46,Venda
SKU_1756_FLA,18/08/2025,E-commerce,1,179.9,38.73,141.17,Venda
SKU_1742_DEN,18/08/2025,Atacado,4,1039.6,363.84,168.94,Venda
SKU_1762_BRI,18/08/2025,E-commerce,1,254.9,74.1,180.8,Venda
SKU_1764_MAR,18/08/2025,Atacado,2,469.8,164.44,152.68,Venda
SKU_1696_SER,18/08/2025,Varejo,2,559.8,91.26,234.27,Venda
SKU_1744_LIG,18/08/2025,Varejo,1,264.9,64.68,200.22,Venda
SKU_1683_SHO,18/08/2025,Atacado,4,1259.6,440.84,204.69,Venda
SKU_1714_DEE,18/08/2025,Atacado,6,1829.4,640.26,198.19,Venda
SKU_1731_MIN,18/08/2025,Atacado,6,5459.4,2456.76,500.44,Venda
SKU_1715_JAD,18/08/2025,E-commerce,1,219.9,36.37,183.53,Venda
SKU_1755_BIR,18/08/2025,Varejo,2,669.8,118.88,275.46,Venda
SKU_1886_CLO,18/08/2025,Atacado,4,819.6,327.84,122.94,Venda
SKU_1785_HUN,18/08/2025,Atacado,8,1959.2,587.76,171.43,Venda
SKU_1766_MYS,18/08/2025,E-commerce,2,789.8,204.26,292.77,Venda
SKU_1562_BLU,18/08/2025,E-commerce,1,309.9,55.58,254.32,Venda
SKU_1706_BLA,18/08/2025,Varejo,1,184.9,40.18,144.72,Venda
SKU_1715_HON,18/08/2025,Atacado,10,2199.0,769.6,142.94,Venda
SKU_1715_HON,18/08/2025,Varejo,2,439.8,114.76,162.52,Venda
SKU_1796_SHO,18/08/2025,Atacado,10,5049.0,1767.1,328.19,Venda
SKU_1554_PIS,18/08/2025,Varejo,4,4139.6,1096.08,760.88,Venda
SKU_1768_PEA,18/08/2025,Varejo,1,624.9,152.53,472.37,Venda
SKU_1410_ROS,18/08/2025,Atacado,8,9119.2,3191.68,740.94,Venda
SKU_1614_IVO,18/08/2025,Varejo,2,889.8,260.9,314.45,Venda
SKU_1696_SER,18/08/2025,E-commerce,1,279.9,62.84,217.06,Venda
SKU_1745_PEA,18/08/2025,Varejo,1,409.9,94.97,314.93,Venda
SKU_1702_COR,18/08/2025,Atacado,5,3099.5,1084.8,402.94,Venda
SKU_1737_DEE,18/08/2025,Atacado,3,2309.7,692.91,538.93,Venda
SKU_1680_SEA,18/08/2025,Varejo,1,334.9,59.72,275.18,Venda
SKU_1675_DEN,18/08/2025,Atacado,3,2294.7,688.41,535.43,Venda
SKU_1740_FRE,18/08/2025,Varejo,1,214.9,51.59,163.31,Venda
SKU_1528_PAS,18/08/2025,E-commerce,1,214.9,44.95,169.95,Venda
SKU_1760_PAS,18/08/2025,Atacado,6,1499.4,599.76,149.94,Venda
SKU_1726_BUB,18/08/2025,Varejo,1,429.9,85.36,344.54,Venda
SKU_1699_CLO,18/08/2025,Atacado,4,1319.6,527.84,197.94,Venda
SKU_1399_PAL,18/08/2025,Varejo,4,1079.6,183.64,223.99,Venda
SKU_1779_LIG,18/08/2025,Varejo,2,429.8,72.08,178.86,Venda
SKU_1639_FRE,18/08/2025,Varejo,2,379.8,70.18,154.81,Venda
SKU_1708_FLA,18/08/2025,E-commerce,1,169.9,45.55,124.35,Venda
SKU_1789_SNO,18/08/2025,E-commerce,1,269.9,53.87,216.03,Venda
SKU_1989_HOT,18/08/2025,Varejo,1,349.9,0.0,349.9,Venda
SKU_1707_SAP,18/08/2025,Atacado,8,2239.2,671.76,195.93,Venda
SKU_1620_SAG,18/08/2025,Atacado,3,794.7,317.88,158.94,Venda
SKU_1666_PAS,18/08/2025,Atacado,6,4799.4,1439.82,559.93,Venda
SKU_1754_SER,18/08/2025,Atacado,8,2719.2,815.76,237.93,Venda
SKU_2017_FRE,18/08/2025,Varejo,4,1139.6,0.0,284.9,Venda
SKU_1616_COR,18/08/2025,Atacado,4,4099.6,1229.88,717.43,Venda
SKU_1750_MIN,18/08/2025,E-commerce,1,369.9,73.19,296.71,Venda
SKU_1706_BLA,18/08/2025,Atacado,3,554.7,166.41,129.43,Venda
SKU_1577_FLA,18/08/2025,E-commerce,1,159.9,35.07,124.83,Venda
SKU_1764_MAR,18/08/2025,Varejo,1,234.9,44.18,190.72,Venda
SKU_1624_ARM,18/08/2025,E-commerce,2,419.8,91.82,163.99,Venda
SKU_1691_ROS,18/08/2025,E-commerce,1,309.9,57.69,252.21,Venda
SKU_1638_PEA,18/08/2025,E-commerce,1,1139.9,341.62,798.28,Venda
SKU_1547_FUC,18/08/2025,Atacado,5,1649.5,494.85,230.93,Venda
SKU_1444_HUN,18/08/2025,Atacado,2,479.8,191.92,143.94,Venda
SKU_1789_SNO,18/08/2025,Varejo,1,269.9,75.5,194.4,Venda
SKU_1604_SNO,18/08/2025,E-commerce,2,1209.8,236.26,486.77,Venda
SKU_1691_ROS,18/08/2025,Varejo,1,309.9,74.95,234.95,Venda
SKU_1435_SKY,18/08/2025,Atacado,10,10099.0,3029.7,706.93,Venda
SKU_1630_SNO,18/08/2025,Atacado,10,3349.0,1172.1,217.69,Venda
SKU_1607_GAR,18/08/2025,Atacado,5,1499.5,524.8,194.94,Venda
SKU_1767_FUC,18/08/2025,Atacado,4,819.6,327.84,122.94,Venda
SKU_1712_MOS,18/08/2025,Varejo,1,179.9,47.81,132.09,Venda
SKU_1704_BAB,18/08/2025,Varejo,1,334.9,65.03,269.87,Venda
SKU_1759_COB,18/08/2025,E-commerce,1,269.9,49.7,220.2,Venda
SKU_1688_LIG,18/08/2025,Atacado,4,1719.6,601.84,279.44,Venda
SKU_1416_CLE,18/08/2025,Varejo,1,279.9,52.09,227.81,Venda
SKU_1661_WHI,18/08/2025,Atacado,8,7919.2,2375.76,692.93,Venda
SKU_1683_PAL,18/08/2025,Varejo,1,314.9,81.21,233.69,Venda
SKU_1719_OFF,18/08/2025,E-commerce,1,319.9,54.19,265.71,Venda
SKU_1702_LIG,18/08/2025,E-commerce,2,1239.8,265.34,487.23,Venda
SKU_1986_TEA,18/08/2025,Varejo,1,209.9,14.69,195.21,Venda
SKU_1630_SNO,18/08/2025,Varejo,1,334.9,81.57,253.33,Venda
SKU_1761_SAP,18/08/2025,Atacado,10,11049.0,4419.6,662.94,Venda
SKU_1741_PIN,18/08/2025,E-commerce,1,239.9,51.21,188.69,Venda
SKU_1703_BLU,18/08/2025,Varejo,2,539.8,105.1,217.35,Venda
SKU_1794_LIG,18/08/2025,Atacado,4,839.6,293.84,136.44,Venda
SKU_1471_ROS,18/08/2025,Atacado,12,2458.8,860.64,133.18,Venda
SKU_1681_PIS,18/08/2025,Atacado,4,939.6,375.84,140.94,Venda
SKU_1689_IVO,18/08/2025,E-commerce,1,964.9,182.23,782.67,Venda
SKU_1470_MAR,18/08/2025,Varejo,1,919.9,197.51,722.39,Venda
SKU_1711_VAN,18/08/2025,Atacado,3,2984.7,1193.88,596.94,Venda
SKU_1683_SHO,18/08/2025,Varejo,2,629.8,172.54,228.63,Venda
SKU_1449_BLA,18/08/2025,Atacado,4,1299.6,519.84,194.94,Venda
SKU_1583_BLU,18/08/2025,Atacado,10,2549.0,1019.6,152.94,Venda
SKU_1905_PRI,18/08/2025,Atacado,2,719.8,251.92,233.94,Venda
SKU_1758_CLO,18/08/2025,Atacado,5,899.5,269.85,125.93,Venda
SKU_1745_PEA,18/08/2025,E-commerce,1,409.9,108.31,301.59,Venda
SKU_1592_CER,18/08/2025,Varejo,1,209.9,42.99,166.91,Venda
SKU_1532_EME,18/08/2025,Varejo,1,979.9,165.85,814.05,Venda
SKU_1691_ROS,18/08/2025,Atacado,8,2479.2,991.68,185.94,Venda
SKU_1659_MOS,18/08/2025,Atacado,4,4099.6,1434.88,666.18,Venda
SKU_1741_PEA,18/08/2025,Varejo,1,239.9,51.65,188.25,Venda
SKU_1773_FRE,18/08/2025,Varejo,1,324.9,52.88,272.02,Venda
SKU_1707_ARM,18/08/2025,E-commerce,2,559.8,121.6,219.1,Venda
SKU_1795_HUN,18/08/2025,Atacado,2,599.8,209.92,194.94,Venda
SKU_1743_CLO,18/08/2025,Atacado,5,2199.5,879.8,263.94,Venda
SKU_1736_PAS,18/08/2025,Atacado,10,3249.0,1137.1,211.19,Venda
SKU_1591_MYS,18/08/2025,Atacado,6,5339.4,1868.76,578.44,Venda
SKU_1701_BLU,18/08/2025,Varejo,2,679.8,150.72,264.54,Venda
SKU_2013_MYS,18/08/2025,Varejo,1,184.9,0.0,184.9,Venda
SKU_1782_NAV,18/08/2025,Atacado,5,1249.5,437.3,162.44,Venda
SKU_1717_MIN,18/08/2025,Varejo,2,519.8,117.22,201.29,Venda
SKU_1771_PIN,18/08/2025,E-commerce,1,264.9,41.36,223.54,Venda
SKU_1775_PAS,18/08/2025,Varejo,1,279.9,45.74,234.16,Venda
SKU_1711_ARM,18/08/2025,Atacado,5,4974.5,1741.1,646.68,Venda
SKU_1796_SHO,18/08/2025,Atacado,8,4039.2,1413.68,328.19,Venda
SKU_1694_PIS,18/08/2025,Atacado,6,1679.4,503.82,195.93,Venda
SKU_1754_IVO,18/08/2025,Varejo,1,339.9,55.67,284.23,Venda
SKU_1711_ARM,18/08/2025,E-commerce,1,994.9,273.16,721.74,Venda
SKU_1717_CRE,18/08/2025,Atacado,8,2079.2,727.68,168.94,Venda
SKU_1776_BIR,18/08/2025,Varejo,1,329.9,84.69,245.21,Venda
SKU_1752_SNO,18/08/2025,Varejo,1,429.9,128.96,300.94,Venda
SKU_1799_POW,18/08/2025,Varejo,2,539.8,153.12,193.34,Venda
SKU_1444_OLI,18/08/2025,E-commerce,1,239.9,54.45,185.45,Venda
SKU_1398_SPA,18/08/2025,E-commerce,2,1349.8,221.5,564.15,Venda
SKU_1730_MIN,18/08/2025,Atacado,4,1279.6,383.88,223.93,Venda
SKU_1696_SHO,18/08/2025,Varejo,1,279.9,80.25,199.65,Venda
SKU_1502_PEA,18/08/2025,E-commerce,1,209.9,35.18,174.72,Venda
SKU_1754_IVO,18/08/2025,Atacado,8,2719.2,951.68,220.94,Venda
SKU_1831_HOT,18/08/2025,Atacado,10,3349.0,1172.1,217.69,Venda
SKU_1512_TEA,18/08/2025,Varejo,1,224.9,49.92,174.98,Venda
SKU_1850_PRI,18/08/2025,Varejo,1,204.9,0.0,204.9,Venda
SKU_1744_EME,18/08/2025,Varejo,1,264.9,57.97,206.93,Venda
SKU_1713_SAL,18/08/2025,E-commerce,1,504.9,127.03,377.87,Venda
SKU_1764_FUC,18/08/2025,Varejo,1,234.9,64.36,170.54,Venda
SKU_1784_BLA,18/08/2025,E-commerce,1,309.9,75.55,234.35,Venda
SKU_1505_BLU,18/08/2025,Varejo,1,234.9,62.25,172.65,Venda
SKU_1747_FUC,18/08/2025,Varejo,1,174.9,40.11,134.79,Venda
SKU_1795_RAS,18/08/2025,Atacado,2,599.8,179.94,209.93,Venda
SKU_1490_EME,18/08/2025,Atacado,6,1889.4,566.82,220.43,Venda
SKU_1590_HOT,18/08/2025,Atacado,12,2278.8,911.52,113.94,Venda
SKU_1684_SHO,18/08/2025,E-commerce,1,184.9,33.54,151.36,Venda
SKU_1764_FUC,18/08/2025,Atacado,3,704.7,246.66,152.68,Venda
SKU_1442_OFF,18/08/2025,Varejo,1,289.9,76.02,213.88,Venda
SKU_1507_PAS,18/08/2025,E-commerce,1,179.9,44.95,134.95,Venda
SKU_1985_WHI,18/08/2025,Varejo,2,819.8,0.0,409.9,Venda
SKU_1467_OLI,18/08/2025,Varejo,1,204.9,51.86,153.04,Venda
SKU_1738_ROY,18/08/2025,Atacado,6,1169.4,467.76,116.94,Venda
SKU_1729_FUC,18/08/2025,Varejo,1,174.9,38.53,136.37,Venda
SKU_1692_OLI,18/08/2025,E-commerce,1,219.9,56.78,163.12,Venda
SKU_2055_SAP,18/08/2025,Varejo,1,459.9,0.0,459.9,Venda
SKU_1653_BAB,18/08/2025,Atacado,2,719.8,215.94,251.93,Venda
SKU_1472_EME,18/08/2025,Atacado,2,939.8,375.92,281.94,Venda
SKU_1589_TUR,18/08/2025,E-commerce,1,679.9,142.0,537.9,Venda
SKU_1705_JAD,18/08/2025,Atacado,3,1229.7,368.91,286.93,Venda
SKU_1722_PAS,18/08/2025,E-commerce,1,324.9,70.68,254.22,Venda
SKU_1942_SAL,18/08/2025,Atacado,8,9479.2,3791.68,710.94,Venda
SKU_1783_BAB,18/08/2025,Atacado,10,11999.0,3599.7,839.93,Venda
SKU_2017_SHO,18/08/2025,Atacado,8,2279.2,911.68,170.94,Venda
SKU_1422_PIN,18/08/2025,Varejo,2,629.8,98.1,265.85,Venda
SKU_1551_ROS,18/08/2025,E-commerce,1,219.9,42.46,177.44,Venda
SKU_1556_HUN,18/08/2025,Atacado,3,614.7,184.41,143.43,Venda
SKU_1829_HUN,18/08/2025,Atacado,8,2079.2,727.68,168.94,Venda
SKU_1704_BAB,18/08/2025,Varejo,2,669.8,145.14,262.33,Venda
SKU_1768_MIN,18/08/2025,Atacado,5,3124.5,937.35,437.43,Venda
SKU_1774_MOS,18/08/2025,Atacado,5,1024.5,307.35,143.43,Venda
SKU_2057_SNO,18/08/2025,Atacado,5,4724.5,1417.35,661.43,Venda
SKU_1614_VAN,18/08/2025,Varejo,2,889.8,188.16,350.82,Venda
SKU_1739_MOS,18/08/2025,Atacado,6,1529.4,611.76,152.94,Venda
SKU_1646_CLE,18/08/2025,Atacado,6,1229.4,368.82,143.43,Venda
SKU_1791_IVO,18/08/2025,Varejo,1,264.9,52.39,212.51,Venda
SKU_1689_IVO,18/08/2025,Atacado,10,9649.0,3859.6,578.94,Venda
SKU_1442_EME,18/08/2025,Varejo,1,289.9,49.2,240.7,Venda
SKU_1683_PAL,18/08/2025,Atacado,4,1259.6,440.84,204.69,Venda
SKU_1796_SHO,18/08/2025,Varejo,4,2019.6,396.24,405.84,Venda
SKU_1762_BRI,18/08/2025,Atacado,10,2549.0,892.2,165.68,Venda
SKU_1461_NAV,18/08/2025,Varejo,1,1069.9,277.81,792.09,Venda
SKU_1753_WHI,18/08/2025,E-commerce,1,789.9,161.88,628.02,Venda
SKU_1465_CLE,18/08/2025,Atacado,3,944.7,330.63,204.69,Venda
SKU_1757_PIN,18/08/2025,Atacado,2,529.8,185.42,172.19,Venda
SKU_1790_EGR,18/08/2025,E-commerce,1,259.9,58.13,201.77,Venda
SKU_1743_CLO,18/08/2025,Varejo,1,439.9,78.05,361.85,Venda
SKU_1801_FLA,18/08/2025,Varejo,1,374.9,69.15,305.75,Venda
SKU_1733_SAG,18/08/2025,Atacado,5,1749.5,699.8,209.94,Venda
SKU_1785_PAS,18/08/2025,Atacado,5,1224.5,428.6,159.18,Venda
SKU_1464_BIR,18/08/2025,Varejo,2,459.8,74.0,192.9,Venda
SKU_1695_LIM,18/08/2025,Atacado,6,1259.4,440.76,136.44,Venda
SKU_1872_SAP,18/08/2025,Varejo,1,854.9,0.0,854.9,Venda
SKU_1628_PEA,18/08/2025,Atacado,5,2749.5,962.3,357.44,Venda
SKU_1727_WHI,18/08/2025,Varejo,1,154.9,33.46,121.44,Venda
SKU_1881_CLO,18/08/2025,Varejo,1,244.9,0.0,244.9,Venda
SKU_1457_SNO,18/08/2025,Varejo,1,159.9,27.3,132.6,Venda
SKU_1736_PAS,18/08/2025,Varejo,2,649.8,191.36,229.22,Venda
SKU_1684_SHO,18/08/2025,Varejo,1,184.9,45.4,139.5,Venda
SKU_1592_SAG,18/08/2025,Varejo,1,209.9,40.99,168.91,Venda
SKU_1715_HON,18/08/2025,Atacado,6,1319.4,527.76,131.94,Venda
SKU_1756_BUB,18/08/2025,Varejo,1,179.9,38.18,141.72,Venda
SKU_1664_PIN,18/08/2025,Atacado,5,1649.5,494.85,230.93,Venda
SKU_1961_SHO,18/08/2025,Atacado,5,2074.5,622.35,290.43,Venda
SKU_1626_DEN,18/08/2025,Varejo,1,539.9,86.88,453.02,Venda
SKU_1717_CRE,18/08/2025,Varejo,1,259.9,44.27,215.63,Venda
SKU_1680_SEA,18/08/2025,Atacado,5,1674.5,586.05,217.69,Venda
SKU_1683_SHO,18/08/2025,Varejo,1,314.9,90.33,224.57,Venda
SKU_1712_MOS,18/08/2025,Atacado,10,1799.0,539.7,125.93,Venda
SKU_1720_PAS,18/08/2025,Varejo,2,449.8,97.92,175.94,Venda
SKU_1688_LIG,18/08/2025,Varejo,2,859.8,166.16,346.82,Venda
SKU_1738_ROY,18/08/2025,Varejo,1,194.9,44.62,150.28,Venda
SKU_1708_FLA,18/08/2025,Atacado,3,509.7,178.38,110.44,Venda
SKU_1467_FUC,18/08/2025,Varejo,2,409.8,67.0,171.4,Venda
SKU_1703_PAS,18/08/2025,Varejo,1,269.9,56.58,213.32,Venda
SKU_1777_TUR,18/08/2025,Varejo,1,239.9,39.88,200.02,Venda
SKU_1784_EGR,18/08/2025,Atacado,2,619.8,185.94,216.93,Venda
SKU_1754_SER,18/08/2025,Atacado,3,1019.7,356.88,220.94,Venda
SKU_1761_SAP,18/08/2025,E-commerce,1,1104.9,297.3,807.6,Venda
SKU_1762_BRI,18/08/2025,Varejo,1,254.9,75.13,179.77,Venda
SKU_1724_PEA,18/08/2025,Varejo,1,1114.9,258.03,856.87,Venda
SKU_1698_PRI,18/08/2025,Atacado,8,3359.2,1343.68,251.94,Venda
SKU_1664_PIN,18/08/2025,Varejo,1,329.9,93.63,236.27,Venda
SKU_1682_OLI,18/08/2025,Varejo,1,234.9,64.89,170.01,Venda
SKU_1735_COR,18/08/2025,Atacado,5,1349.5,404.85,188.93,Venda
SKU_1742_EME,18/08/2025,Varejo,1,259.9,71.01,188.89,Venda
SKU_1740_FRE,18/08/2025,E-commerce,1,214.9,40.48,174.42,Venda
SKU_1780_LIG,18/08/2025,Atacado,5,1674.5,586.05,217.69,Venda
SKU_1776_PAS,18/08/2025,Atacado,5,1649.5,659.8,197.94,Venda
SKU_1707_ARM,18/08/2025,E-commerce,1,279.9,64.63,215.27,Venda
SKU_1746_EME,18/08/2025,Varejo,1,179.9,43.3,136.6,Venda
SKU_1786_POW,18/08/2025,Varejo,4,719.6,177.56,135.51,Venda
SKU_2068_IVO,18/08/2025,Varejo,1,404.9,28.34,376.56,Venda
SKU_1704_BAB,18/08/2025,Atacado,5,1674.5,586.05,217.69,Venda
SKU_1976_JAD,18/08/2025,Atacado,4,2159.6,755.84,350.94,Venda
SKU_1815_LIM,18/08/2025,E-commerce,3,1319.7,0.0,439.9,Venda
SKU_1712_MOS,18/08/2025,E-commerce,1,179.9,33.92,145.98,Venda
SKU_1689_MAG,18/08/2025,Atacado,6,5789.4,1736.82,675.43,Venda
SKU_1765_PAS,18/08/2025,Varejo,1,259.9,67.02,192.88,Venda
SKU_1558_CLE,18/08/2025,Atacado,3,989.7,296.91,230.93,Venda
SKU_1731_MIN,18/08/2025,Varejo,1,909.9,248.28,661.62,Venda
SKU_2013_TEA,18/08/2025,Varejo,1,184.9,0.0,184.9,Venda
SKU_1714_MID,18/08/2025,Varejo,2,609.8,100.62,254.59,Venda
SKU_1810_OFF,18/08/2025,E-commerce,1,159.9,0.0,159.9,Venda
SKU_1757_TUR,18/08/2025,Atacado,6,1589.4,635.76,158.94,Venda
SKU_1891_BUB,18/08/2025,Atacado,4,1319.6,527.84,197.94,Venda
SKU_1745_FOR,18/08/2025,Atacado,10,4099.0,1229.7,286.93,Venda
SKU_1415_BAB,18/08/2025,Atacado,5,1774.5,532.35,248.43,Venda
SKU_1696_SHO,18/08/2025,Varejo,1,279.9,49.5,230.4,Venda
SKU_1422_PIN,18/08/2025,Atacado,8,2519.2,755.76,220.43,Venda
SKU_1766_MYS,18/08/2025,Varejo,1,394.9,60.03,334.87,Venda
SKU_1790_EGR,18/08/2025,Varejo,2,519.8,94.6,212.6,Venda
SKU_1758_CLO,18/08/2025,Atacado,6,1079.4,377.76,116.94,Venda
SKU_1484_MOS,18/08/2025,Varejo,1,459.9,136.26,323.64,Venda
SKU_1686_MOS,18/08/2025,Atacado,3,644.7,193.41,150.43,Venda
SKU_1787_BAB,18/08/2025,E-commerce,2,579.8,152.62,213.59,Venda
SKU_1453_PRI,18/08/2025,Varejo,1,234.9,50.9,184.0,Venda
SKU_1736_JAD,18/08/2025,Varejo,1,324.9,63.28,261.62,Venda
SKU_1692_OLI,18/08/2025,Varejo,1,219.9,52.11,167.79,Venda
SKU_1687_FOR,18/08/2025,E-commerce,2,1799.8,532.4,633.7,Venda
SKU_1582_WHI,18/08/2025,Atacado,3,689.7,206.91,160.93,Venda
SKU_1479_FUC,18/08/2025,Atacado,8,4439.2,1553.68,360.69,Venda
SKU_1505_SNO,18/08/2025,Atacado,4,939.6,281.88,164.43,Venda
SKU_1701_SPA,18/08/2025,E-commerce,1,339.9,74.46,265.44,Venda
SKU_1689_MAG,18/08/2025,Varejo,2,1929.8,554.58,687.61,Venda
SKU_1482_SHO,18/08/2025,Atacado,6,2669.4,1067.76,266.94,Venda
SKU_1717_CRE,18/08/2025,Atacado,12,3118.8,1091.52,168.94,Venda
SKU_1717_CRE,18/08/2025,Varejo,2,519.8,137.2,191.3,Venda
SKU_1928_COR,18/08/2025,Atacado,8,2519.2,755.76,220.43,Venda
SKU_1782_HUN,18/08/2025,Atacado,5,1249.5,437.3,162.44,Venda
SKU_1707_SAP,18/08/2025,Varejo,1,279.9,72.98,206.92,Venda
SKU_1588_CRE,18/08/2025,Varejo,1,489.9,109.12,380.78,Venda
SKU_1620_SAG,18/08/2025,Atacado,12,3178.8,1271.52,158.94,Venda
SKU_1584_FLA,18/08/2025,Atacado,6,1109.4,499.2,101.7,Venda
SKU_1656_FUC,18/08/2025,Atacado,10,2349.0,704.7,164.43,Venda
SKU_1772_BLU,18/08/2025,E-commerce,1,414.9,94.0,320.9,Venda
SKU_1738_ROY,18/08/2025,Atacado,8,1559.2,545.76,126.68,Venda
SKU_1528_DEN,18/08/2025,Varejo,1,214.9,45.56,169.34,Venda
SKU_1769_EME,18/08/2025,Varejo,1,324.9,64.28,260.62,Venda
SKU_1766_CLE,18/08/2025,Varejo,2,789.8,163.56,313.12,Venda
SKU_1750_SNO,18/08/2025,E-commerce,1,369.9,63.02,306.88,Venda
SKU_1797_BLU,18/08/2025,E-commerce,1,379.9,76.9,303.0,Venda
SKU_1432_BRI,18/08/2025,Varejo,1,719.9,130.32,589.58,Venda
SKU_1750_MIN,18/08/2025,Varejo,1,369.9,94.0,275.9,Venda
SKU_1757_TUR,18/08/2025,Varejo,1,264.9,41.05,223.85,Venda
SKU_1788_EME,18/08/2025,Atacado,6,1499.4,449.82,174.93,Venda
SKU_1988_WHI,18/08/2025,Varejo,1,424.9,0.0,424.9,Venda
SKU_2003_FOR,18/08/2025,Varejo,2,479.8,0.0,239.9,Venda
SKU_1798_MOS,18/08/2025,Atacado,2,839.8,293.92,272.94,Venda
SKU_1677_POW,18/08/2025,Atacado,5,2849.5,997.3,370.44,Venda
SKU_1684_HON,18/08/2025,E-commerce,2,369.8,107.68,131.06,Venda
SKU_1797_GAR,18/08/2025,Atacado,2,759.8,265.92,246.94,Venda
SKU_1692_OLI,18/08/2025,Varejo,2,439.8,78.32,180.74,Venda
SKU_1442_EME,18/08/2025,Atacado,3,869.7,260.91,202.93,Venda
SKU_1799_POW,18/08/2025,Varejo,2,539.8,111.22,214.29,Venda
SKU_1842_SAG,18/08/2025,Varejo,1,534.9,0.0,534.9,Venda
SKU_1707_ARM,18/08/2025,Atacado,5,1399.5,559.8,167.94,Venda
SKU_1718_SEA,18/08/2025,Varejo,1,369.9,98.87,271.03,Venda
SKU_1880_DUS,18/08/2025,Varejo,1,849.9,59.49,790.41,Venda
SKU_1727_WHI,18/08/2025,Varejo,1,154.9,29.48,125.42,Venda
SKU_1789_SNO,18/08/2025,Atacado,6,1619.4,485.82,188.93,Venda
SKU_2061_BRI,18/08/2025,Atacado,5,1049.5,367.3,136.44,Venda
SKU_1777_TUR,18/08/2025,Varejo,2,479.8,136.3,171.75,Venda
SKU_2009_WHI,18/08/2025,Atacado,2,499.8,149.94,174.93,Venda
SKU_1712_NAV,18/08/2025,Varejo,1,179.9,52.78,127.12,Venda
SKU_1794_LIG,18/08/2025,Atacado,2,419.8,146.92,136.44,Venda
SKU_1425_WHI,18/08/2025,E-commerce,1,209.9,47.26,162.64,Venda
SKU_1706_JAD,18/08/2025,Atacado,3,554.7,194.16,120.18,Venda
SKU_1510_SNO,18/08/2025,Atacado,12,10018.8,3005.64,584.43,Venda
SKU_1915_SPA,18/08/2025,Varejo,2,2329.8,0.0,1164.9,Venda
SKU_1652_MOS,18/08/2025,Atacado,8,1759.2,615.68,142.94,Venda
SKU_1727_LIG,18/08/2025,Atacado,6,929.4,371.76,92.94,Venda
SKU_1772_BLU,18/08/2025,Varejo,1,414.9,110.04,304.86,Venda
SKU_1666_PAS,18/08/2025,Varejo,2,1599.8,279.84,659.98,Venda
SKU_1725_BAB,18/08/2025,E-commerce,1,244.9,39.1,205.8,Venda
SKU_2093_SKY,18/08/2025,Atacado,5,1124.5,337.35,157.43,Venda
SKU_1798_MOS,18/08/2025,Atacado,6,2519.4,881.76,272.94,Venda
SKU_1683_SHO,18/08/2025,Varejo,1,314.9,75.51,239.39,Venda
SKU_1685_BIR,18/08/2025,Atacado,10,6649.0,1994.7,465.43,Venda
SKU_2084_GAR,18/08/2025,Atacado,2,509.8,203.92,152.94,Venda
SKU_1686_SKY,18/08/2025,Atacado,3,644.7,193.41,150.43,Venda
SKU_1952_PIS,18/08/2025,Varejo,1,204.9,0.0,204.9,Venda
SKU_1516_EME,18/08/2025,Atacado,6,2099.4,629.82,244.93,Venda
SKU_1759_COB,18/08/2025,Varejo,1,269.9,51.82,218.08,Venda
SKU_1436_PAS,18/08/2025,Atacado,8,2239.2,895.68,167.94,Venda
SKU_1545_TEA,18/08/2025,Atacado,6,1559.4,467.82,181.93,Venda
SKU_1750_MIN,18/08/2025,Atacado,6,2219.4,776.76,240.44,Venda
SKU_1482_MOS,18/08/2025,Varejo,1,444.9,95.11,349.79,Venda
SKU_1661_WHI,18/08/2025,Varejo,1,989.9,202.42,787.48,Venda
SKU_1470_WHI,18/08/2025,Atacado,10,9199.0,2759.7,643.93,Venda
SKU_1400_FOR,18/08/2025,Atacado,10,2099.0,734.6,136.44,Venda
SKU_1750_MIN,18/08/2025,Atacado,5,1849.5,739.8,221.94,Venda
SKU_1654_CRE,18/08/2025,Varejo,1,309.9,70.21,239.69,Venda
SKU_1796_OLI,18/08/2025,Atacado,4,2019.6,807.84,302.94,Venda
SKU_1791_ARM,18/08/2025,E-commerce,1,264.9,54.28,210.62,Venda
SKU_1789_SNO,18/08/2025,Atacado,4,1079.6,377.84,175.44,Venda
SKU_1762_DEN,18/08/2025,E-commerce,1,254.9,50.52,204.38,Venda
SKU_1899_SAG,18/08/2025,Atacado,5,1124.5,393.6,146.18,Venda
SKU_1794_LIG,18/08/2025,Atacado,3,629.7,188.91,146.93,Venda
SKU_1964_SAL,18/08/2025,Varejo,2,589.8,0.0,294.9,Venda
SKU_1768_PEA,18/08/2025,Varejo,1,624.9,111.03,513.87,Venda
SKU_1725_BAB,18/08/2025,Atacado,3,734.7,257.16,159.18,Venda
SKU_1716_SAL,18/08/2025,Atacado,8,1319.2,395.76,115.43,Venda
SKU_1824_BLU,18/08/2025,Varejo,1,359.9,0.0,359.9,Venda
SKU_1791_ARM,18/08/2025,Varejo,1,264.9,43.79,221.11,Venda
SKU_1773_OLI,18/08/2025,Atacado,8,2599.2,1039.68,194.94,Venda
SKU_1739_MOS,18/08/2025,Atacado,5,1274.5,509.8,152.94,Venda
SKU_1515_SEA,18/08/2025,Varejo,1,194.9,50.64,144.26,Venda
SKU_1770_JAD,18/08/2025,Atacado,6,1319.4,461.76,142.94,Venda
SKU_1795_HUN,18/08/2025,Atacado,5,1499.5,524.8,194.94,Venda
SKU_1459_OFF,18/08/2025,Varejo,1,209.9,54.38,155.52,Venda
SKU_1568_PIN,18/08/2025,Atacado,4,939.6,281.88,164.43,Venda
SKU_1685_COB,18/08/2025,Varejo,4,2659.6,544.88,528.68,Venda
SKU_1707_SAP,18/08/2025,E-commerce,1,279.9,79.84,200.06,Venda
SKU_1595_FLA,18/08/2025,Varejo,1,299.9,87.07,212.83,Venda
SKU_1838_DEN,18/08/2025,Varejo,1,319.9,22.39,297.51,Venda
SKU_1692_BLU,18/08/2025,E-commerce,2,439.8,120.68,159.56,Venda
SKU_1746_NAV,18/08/2025,Varejo,1,179.9,30.59,149.31,Venda
SKU_1605_VAN,18/08/2025,Varejo,1,219.9,43.23,176.67,Venda
SKU_2072_MIN,18/08/2025,Atacado,2,539.8,161.94,188.93,Venda
SKU_2043_WHI,18/08/2025,Atacado,6,2099.4,839.76,209.94,Venda
SKU_1495_FUC,18/08/2025,Varejo,1,329.9,71.85,258.05,Venda
SKU_1444_HUN,18/08/2025,Varejo,1,239.9,60.53,179.37,Venda
SKU_1684_HON,18/08/2025,Varejo,1,184.9,46.66,138.24,Venda
SKU_1683_SHO,18/08/2025,Atacado,10,3149.0,944.7,220.43,Venda
SKU_1716_SAL,18/08/2025,Varejo,2,329.8,87.64,121.08,Venda
SKU_1814_PRI,18/08/2025,Varejo,1,379.9,0.0,379.9,Venda
SKU_1792_AQU,18/08/2025,Atacado,3,1319.7,395.91,307.93,Venda
SKU_1754_IVO,18/08/2025,Varejo,1,339.9,85.86,254.04,Venda
SKU_1607_GAR,18/08/2025,E-commerce,1,299.9,84.76,215.14,Venda
SKU_1690_MAG,18/08/2025,Varejo,1,539.9,148.23,391.67,Venda
SKU_1623_EGR,18/08/2025,E-commerce,1,914.9,240.78,674.12,Venda
SKU_1775_PAL,18/08/2025,Atacado,2,559.8,195.92,181.94,Venda
SKU_1725_OFF,18/08/2025,Varejo,3,734.7,215.19,173.17,Venda
SKU_1753_PAL,18/08/2025,Varejo,1,789.9,126.56,663.34,Venda
SKU_1505_SNO,18/08/2025,Atacado,2,469.8,187.92,140.94,Venda
SKU_1789_SNO,18/08/2025,Varejo,4,1079.6,280.44,199.79,Venda
SKU_1769_WHI,18/08/2025,Atacado,5,1624.5,568.55,211.19,Venda
SKU_1674_WHI,18/08/2025,E-commerce,1,229.9,35.22,194.68,Venda
SKU_1785_HUN,18/08/2025,E-commerce,3,734.7,172.86,187.28,Venda
SKU_1779_MIN,18/08/2025,Varejo,1,214.9,44.94,169.96,Venda
SKU_1614_IVO,18/08/2025,Varejo,1,444.9,124.46,320.44,Venda
SKU_1457_MAG,18/08/2025,E-commerce,1,159.9,31.82,128.08,Venda
SKU_1449_BLA,18/08/2025,Varejo,2,649.8,193.94,227.93,Venda
SKU_1753_PAL,18/08/2025,E-commerce,1,789.9,223.14,566.76,Venda
SKU_1469_SAL,18/08/2025,Varejo,1,294.9,53.1,241.8,Venda
SKU_2045_MID,18/08/2025,Atacado,2,389.8,136.44,126.68,Venda
SKU_1720_PAS,18/08/2025,Varejo,2,449.8,109.66,170.07,Venda
SKU_1747_FUC,18/08/2025,Atacado,5,874.5,262.35,122.43,Venda
SKU_1749_SNO,18/08/2025,Atacado,10,3499.0,1049.7,244.93,Venda
SKU_1477_CLE,18/08/2025,Atacado,5,1124.5,393.6,146.18,Venda
SKU_1748_COB,18/08/2025,Atacado,5,1549.5,542.3,201.44,Venda
SKU_1752_SNO,18/08/2025,Varejo,1,429.9,118.38,311.52,Venda
SKU_1729_FUC,18/08/2025,Varejo,1,174.9,44.79,130.11,Venda
SKU_1757_TUR,18/08/2025,Varejo,1,264.9,47.98,216.92,Venda
SKU_1709_CRE,18/08/2025,Atacado,6,1259.4,377.82,146.93,Venda
SKU_1684_SHO,18/08/2025,Atacado,3,554.7,166.41,129.43,Venda
SKU_1695_CRE,18/08/2025,Atacado,10,2099.0,629.7,146.93,Venda
SKU_1791_ARM,18/08/2025,E-commerce,1,264.9,77.97,186.93,Venda
SKU_1445_TEA,18/08/2025,Varejo,1,409.9,80.8,329.1,Venda
SKU_1394_EME,19/08/2025,Atacado,6,2819.4,986.76,305.44,Venda
SKU_1565_LIG,19/08/2025,Atacado,8,2879.2,863.76,251.93,Venda
SKU_1759_COB,19/08/2025,E-commerce,1,269.9,69.02,200.88,Venda
SKU_2106_HON,19/08/2025,Atacado,8,1879.2,563.76,164.43,Venda
SKU_1782_HUN,19/08/2025,Atacado,6,1499.4,524.76,162.44,Venda
SKU_1718_SEA,19/08/2025,Varejo,1,369.9,91.69,278.21,Venda
SKU_1777_TUR,19/08/2025,Atacado,6,1439.4,503.76,155.94,Venda
SKU_1551_ROS,19/08/2025,Varejo,1,219.9,63.06,156.84,Venda
SKU_1789_EME,19/08/2025,E-commerce,1,269.9,41.14,228.76,Venda
SKU_1700_HUN,19/08/2025,Varejo,1,699.9,177.09,522.81,Venda
SKU_1739_AQU,19/08/2025,Varejo,2,509.8,152.1,178.85,Venda
SKU_1589_CER,19/08/2025,Varejo,1,679.9,142.37,537.53,Venda
SKU_1722_AQU,19/08/2025,Varejo,1,324.9,81.92,242.98,Venda
SKU_1654_NAV,19/08/2025,E-commerce,1,309.9,47.33,262.57,Venda
SKU_1407_EME,19/08/2025,Atacado,2,429.8,150.44,139.68,Venda
SKU_1721_COR,19/08/2025,Varejo,1,419.9,73.03,346.87,Venda
SKU_1730_MIN,19/08/2025,Atacado,2,639.8,223.92,207.94,Venda
SKU_1700_HUN,19/08/2025,Atacado,5,3499.5,1224.8,454.94,Venda
SKU_1998_SAL,19/08/2025,Varejo,1,354.9,0.0,354.9,Venda
SKU_1416_CLE,19/08/2025,Atacado,5,1399.5,489.8,181.94,Venda
SKU_1750_SNO,19/08/2025,Atacado,4,1479.6,443.88,258.93,Venda
SKU_1487_CLE,19/08/2025,Varejo,1,334.9,64.83,270.07,Venda
SKU_1748_BAB,19/08/2025,Atacado,6,1859.4,650.76,201.44,Venda
SKU_1788_EME,19/08/2025,Atacado,3,749.7,224.91,174.93,Venda
SKU_1410_ROS,19/08/2025,Varejo,1,1139.9,266.38,873.52,Venda
SKU_1768_MIN,19/08/2025,Atacado,12,7498.8,2249.64,437.43,Venda
SKU_1781_CLE,19/08/2025,Atacado,6,779.4,233.82,90.93,Venda
SKU_1480_SNO,19/08/2025,Atacado,5,1849.5,647.3,240.44,Venda
SKU_1710_OLI,19/08/2025,Varejo,1,809.9,239.62,570.28,Venda
SKU_1770_DEE,19/08/2025,Varejo,1,219.9,48.84,171.06,Venda
SKU_1794_LIG,19/08/2025,Varejo,2,419.8,68.0,175.9,Venda
SKU_1796_OLI,19/08/2025,Varejo,1,504.9,100.3,404.6,Venda
SKU_1800_MOS,19/08/2025,E-commerce,1,279.9,64.4,215.5,Venda
SKU_1413_JAD,19/08/2025,E-commerce,1,184.9,32.33,152.57,Venda
SKU_1761_SAP,19/08/2025,Varejo,1,1104.9,285.07,819.83,Venda
SKU_1745_PEA,19/08/2025,Varejo,1,409.9,115.52,294.38,Venda
SKU_1529_HUN,19/08/2025,Varejo,1,244.9,45.74,199.16,Venda
SKU_1691_ROS,19/08/2025,Varejo,1,309.9,67.14,242.76,Venda
SKU_1890_TEA,19/08/2025,Atacado,4,1019.6,356.88,165.68,Venda
SKU_1624_ARM,19/08/2025,Atacado,8,1679.2,503.76,146.93,Venda
SKU_1770_DEE,19/08/2025,Atacado,5,1099.5,329.85,153.93,Venda
SKU_1779_LIG,19/08/2025,Varejo,2,429.8,116.28,156.76,Venda
SKU_1718_SEA,19/08/2025,Varejo,1,369.9,87.77,282.13,Venda
SKU_1753_PAL,19/08/2025,E-commerce,1,789.9,119.41,670.49,Venda
SKU_1787_BAB,19/08/2025,Atacado,3,869.7,260.91,202.93,Venda
SKU_1926_SHO,19/08/2025,E-commerce,1,269.9,0.0,269.9,Venda
SKU_1584_FLA,19/08/2025,Varejo,1,184.9,36.25,148.65,Venda
SKU_1747_FUC,19/08/2025,Atacado,8,1399.2,419.76,122.43,Venda
SKU_1728_MID,19/08/2025,Varejo,1,329.9,61.77,268.13,Venda
SKU_1402_VAN,19/08/2025,Atacado,6,1409.4,422.82,164.43,Venda
SKU_1770_DEE,19/08/2025,Varejo,1,219.9,53.72,166.18,Venda
SKU_1781_CLE,19/08/2025,Varejo,1,129.9,28.73,101.17,Venda
SKU_1648_RAS,19/08/2025,Atacado,12,8398.8,2519.64,489.93,Venda
SKU_1408_PAS,19/08/2025,Atacado,8,7359.2,2575.68,597.94,Venda
SKU_1796_OLI,19/08/2025,E-commerce,1,504.9,122.19,382.71,Venda
SKU_1673_PEA,19/08/2025,Atacado,8,3279.2,1475.68,225.44,Venda
SKU_1775_PAL,19/08/2025,Atacado,6,1679.4,671.76,167.94,Venda
SKU_1668_VAN,19/08/2025,E-commerce,1,269.9,79.8,190.1,Venda
SKU_1782_NAV,19/08/2025,E-commerce,1,249.9,60.86,189.04,Venda
SKU_1687_FOR,19/08/2025,Atacado,5,4499.5,1349.85,629.93,Venda
SKU_1794_FLA,19/08/2025,Varejo,1,209.9,44.86,165.04,Venda
SKU_1698_SNO,19/08/2025,Varejo,1,419.9,93.22,326.68,Venda
SKU_1766_CLE,19/08/2025,Varejo,1,394.9,83.43,311.47,Venda
SKU_1720_PAS,19/08/2025,E-commerce,1,224.9,56.3,168.6,Venda
SKU_1721_FRE,19/08/2025,E-commerce,1,419.9,91.77,328.13,Venda
SKU_1524_BLU,19/08/2025,Varejo,4,1479.6,345.68,283.48,Venda
SKU_1738_BLU,19/08/2025,Varejo,1,194.9,43.57,151.33,Venda
SKU_1761_MOS,19/08/2025,E-commerce,1,1104.9,251.26,853.64,Venda
SKU_1792_MIN,19/08/2025,E-commerce,3,1319.7,213.33,368.79,Venda
SKU_1781_CLE,19/08/2025,Varejo,1,129.9,25.61,104.29,Venda
SKU_1940_HUN,19/08/2025,Atacado,5,5424.5,1898.6,705.18,Venda
SKU_2077_PIS,19/08/2025,Varejo,1,204.9,0.0,204.9,Venda
SKU_1391_SEA,19/08/2025,Atacado,6,1709.4,683.76,170.94,Venda
SKU_1745_FOR,19/08/2025,Varejo,1,409.9,119.66,290.24,Venda
SKU_1589_TUR,19/08/2025,Atacado,12,8158.8,2855.52,441.94,Venda
SKU_1798_MOS,19/08/2025,Varejo,2,839.8,129.3,355.25,Venda
SKU_1808_SNO,19/08/2025,Varejo,1,959.9,0.0,959.9,Venda
SKU_1775_PAL,19/08/2025,Varejo,3,839.7,198.57,213.71,Venda
SKU_1722_PAS,19/08/2025,E-commerce,1,324.9,88.79,236.11,Venda
SKU_1746_NAV,19/08/2025,E-commerce,1,179.9,28.93,150.97,Venda
SKU_1598_NAV,19/08/2025,Varejo,1,489.9,116.07,373.83,Venda
SKU_1442_EME,19/08/2025,Atacado,4,1159.6,521.8,159.45,Venda
SKU_1923_PEA,19/08/2025,E-commerce,1,189.9,0.0,189.9,Venda
SKU_1681_OFF,19/08/2025,Varejo,1,234.9,41.21,193.69,Venda
SKU_1731_ARM,19/08/2025,Varejo,1,909.9,173.51,736.39,Venda
SKU_1554_PIS,19/08/2025,Varejo,1,1034.9,297.84,737.06,Venda
SKU_1797_BLU,19/08/2025,Atacado,5,1899.5,664.8,246.94,Venda
SKU_1787_BAB,19/08/2025,Atacado,3,869.7,304.38,188.44,Venda
SKU_1454_BUB,19/08/2025,Atacado,6,899.4,314.76,97.44,Venda
SKU_1779_LIG,19/08/2025,E-commerce,1,214.9,61.38,153.52,Venda
SKU_1566_POW,19/08/2025,Varejo,1,1034.9,247.07,787.83,Venda
SKU_1611_BRI,19/08/2025,Atacado,5,1099.5,329.85,153.93,Venda
SKU_1816_WHI,19/08/2025,Atacado,3,719.7,215.91,167.93,Venda
SKU_1788_MYS,19/08/2025,Atacado,8,1999.2,699.68,162.44,Venda
SKU_1719_WHI,19/08/2025,Atacado,8,2559.2,895.68,207.94,Venda
SKU_1502_VAN,19/08/2025,Atacado,2,419.8,146.92,136.44,Venda
SKU_1596_BIR,19/08/2025,Atacado,3,824.7,247.41,192.43,Venda
SKU_1797_BLU,19/08/2025,Varejo,1,379.9,62.7,317.2,Venda
SKU_1783_BAB,19/08/2025,Varejo,2,2399.8,588.8,905.5,Venda
SKU_1728_MID,19/08/2025,Atacado,3,989.7,296.91,230.93,Venda
SKU_1617_DEN,19/08/2025,Varejo,1,164.9,26.15,138.75,Venda
SKU_1765_PAS,19/08/2025,Atacado,12,3118.8,935.64,181.93,Venda
SKU_1987_MYS,19/08/2025,Varejo,2,2239.8,0.0,1119.9,Venda
SKU_1767_FUC,19/08/2025,E-commerce,1,204.9,37.35,167.55,Venda
SKU_1801_MOS,19/08/2025,E-commerce,1,374.9,100.86,274.04,Venda
SKU_1596_BIR,19/08/2025,Atacado,3,824.7,329.88,164.94,Venda
SKU_1578_PAS,19/08/2025,Varejo,2,249.8,71.94,88.93,Venda
SKU_1738_BLU,19/08/2025,Atacado,3,584.7,204.66,126.68,Venda
SKU_1702_LIG,19/08/2025,Atacado,10,6199.0,2169.6,402.94,Venda
SKU_1763_MAR,19/08/2025,Atacado,6,1799.4,539.82,209.93,Venda
SKU_2015_HUN,19/08/2025,Atacado,4,1259.6,440.84,204.69,Venda
SKU_1662_PIS,19/08/2025,Atacado,2,399.8,119.94,139.93,Venda
SKU_1741_PIN,19/08/2025,E-commerce,1,239.9,46.02,193.88,Venda
SKU_1752_SPA,19/08/2025,Atacado,12,5158.8,1547.64,300.93,Venda
SKU_1733_SAG,19/08/2025,Atacado,5,1749.5,524.85,244.93,Venda
SKU_1752_SPA,19/08/2025,Varejo,1,429.9,111.59,318.31,Venda
SKU_1537_BLA,19/08/2025,Atacado,6,1529.4,458.82,178.43,Venda
SKU_1727_LIG,19/08/2025,Atacado,2,309.8,123.92,92.94,Venda
SKU_2031_SNO,19/08/2025,Atacado,6,2099.4,629.82,244.93,Venda
SKU_1736_JAD,19/08/2025,Atacado,6,1949.4,682.26,211.19,Venda
SKU_1752_SPA,19/08/2025,Varejo,1,429.9,115.25,314.65,Venda
SKU_1664_PIN,19/08/2025,Varejo,1,329.9,88.64,241.26,Venda
SKU_1732_WHI,19/08/2025,Varejo,4,4459.6,1311.96,786.91,Venda
SKU_1747_TEA,19/08/2025,Varejo,2,349.8,80.46,134.67,Venda
SKU_1637_WHI,19/08/2025,Atacado,12,11038.8,3863.52,597.94,Venda
SKU_1766_MYS,19/08/2025,E-commerce,1,394.9,81.53,313.37,Venda
SKU_1731_MIN,19/08/2025,Atacado,8,7279.2,2183.76,636.93,Venda
SKU_1749_BIR,19/08/2025,Varejo,2,699.8,185.0,257.4,Venda
SKU_1778_MIN,19/08/2025,E-commerce,1,284.9,72.61,212.29,Venda
SKU_1637_BLU,19/08/2025,Varejo,2,1839.8,313.24,763.28,Venda
SKU_1798_MOS,19/08/2025,E-commerce,1,419.9,104.95,314.95,Venda
SKU_1534_HUN,19/08/2025,Varejo,1,199.9,40.46,159.44,Venda
SKU_1911_LIG,19/08/2025,Atacado,5,1074.5,322.35,150.43,Venda
SKU_1783_BAB,19/08/2025,Atacado,5,5999.5,2099.8,779.94,Venda
SKU_1780_AQU,19/08/2025,Varejo,1,334.9,75.8,259.1,Venda
SKU_1962_FRE,19/08/2025,Varejo,1,214.9,0.0,214.9,Venda
SKU_1631_BAL,19/08/2025,Varejo,2,359.8,101.26,129.27,Venda
SKU_1975_PAS,19/08/2025,Atacado,10,4449.0,1779.6,266.94,Venda
SKU_1582_PAS,19/08/2025,Varejo,2,459.8,74.9,192.45,Venda
SKU_2017_FRE,19/08/2025,E-commerce,1,284.9,0.0,284.9,Venda
SKU_1778_MIN,19/08/2025,Atacado,4,1139.6,455.84,170.94,Venda
SKU_1734_BRI,19/08/2025,Varejo,1,349.9,60.55,289.35,Venda
SKU_1764_MAR,19/08/2025,Varejo,2,469.8,97.8,186.0,Venda
SKU_1762_BRI,19/08/2025,E-commerce,1,254.9,59.08,195.82,Venda
SKU_1793_WHI,19/08/2025,Atacado,6,1139.4,398.76,123.44,Venda
SKU_1739_MOS,19/08/2025,Atacado,6,1529.4,535.32,165.68,Venda
SKU_1760_PAS,19/08/2025,Varejo,1,249.9,69.93,179.97,Venda
SKU_1679_GAR,19/08/2025,Atacado,2,1839.8,643.92,597.94,Venda
SKU_1647_ARM,19/08/2025,E-commerce,1,339.9,64.57,275.33,Venda
SKU_1693_MEX,19/08/2025,Atacado,10,2049.0,717.2,133.18,Venda
SKU_1948_WHI,19/08/2025,Varejo,1,199.9,13.99,185.91,Venda
SKU_1956_CLO,19/08/2025,Varejo,1,209.9,0.0,209.9,Venda
SKU_2013_MYS,19/08/2025,Atacado,6,1109.4,388.32,120.18,Venda
SKU_1754_IVO,19/08/2025,Varejo,3,1019.7,176.34,281.12,Venda
SKU_1782_NAV,19/08/2025,Varejo,1,249.9,67.95,181.95,Venda
SKU_1756_FLA,19/08/2025,E-commerce,1,179.9,38.78,141.12,Venda
SKU_1774_MOS,19/08/2025,Atacado,3,614.7,184.41,143.43,Venda
SKU_1649_GAR,19/08/2025,E-commerce,2,469.8,134.02,167.89,Venda
SKU_1764_MAR,19/08/2025,Atacado,2,469.8,140.94,164.43,Venda
SKU_1764_FUC,19/08/2025,Atacado,5,1174.5,411.1,152.68,Venda
SKU_1782_HUN,19/08/2025,Varejo,1,249.9,55.25,194.65,Venda
SKU_1839_DUS,19/08/2025,Atacado,3,884.7,309.63,191.69,Venda
SKU_1683_PAL,19/08/2025,Varejo,1,314.9,51.8,263.1,Venda
SKU_1449_BLA,19/08/2025,Varejo,1,324.9,91.67,233.23,Venda
SKU_1760_OFF,19/08/2025,Atacado,6,1499.4,449.82,174.93,Venda
SKU_1772_BLU,19/08/2025,Atacado,8,3319.2,1327.68,248.94,Venda
SKU_1798_MOS,19/08/2025,Atacado,4,1679.6,503.88,293.93,Venda
SKU_1792_AQU,19/08/2025,Atacado,4,1759.6,615.84,285.94,Venda
SKU_1588_PAS,19/08/2025,E-commerce,1,489.9,77.13,412.77,Venda
SKU_1793_WHI,19/08/2025,Varejo,1,189.9,54.34,135.56,Venda
SKU_1725_OFF,19/08/2025,Varejo,2,489.8,83.34,203.23,Venda
SKU_1784_BLA,19/08/2025,Varejo,1,309.9,66.34,243.56,Venda
SKU_1682_BIR,19/08/2025,E-commerce,1,234.9,61.14,173.76,Venda
SKU_1724_PEA,19/08/2025,E-commerce,1,1114.9,183.28,931.62,Venda
SKU_1786_POW,19/08/2025,Atacado,5,899.5,269.85,125.93,Venda
SKU_1801_FLA,19/08/2025,Atacado,5,1874.5,562.35,262.43,Venda
SKU_1710_MEX,19/08/2025,Atacado,5,4049.5,1214.85,566.93,Venda
SKU_1553_HOT,19/08/2025,Atacado,6,1529.4,458.82,178.43,Venda
SKU_1688_LIG,19/08/2025,Atacado,6,2579.4,902.76,279.44,Venda
SKU_1711_VAN,19/08/2025,Varejo,1,994.9,210.62,784.28,Venda
SKU_1628_PEA,19/08/2025,Varejo,1,549.9,125.51,424.39,Venda
SKU_1711_ARM,19/08/2025,E-commerce,1,994.9,171.25,823.65,Venda
SKU_2050_MOS,19/08/2025,E-commerce,1,454.9,0.0,454.9,Venda
SKU_1756_BUB,19/08/2025,Atacado,6,1079.4,377.76,116.94,Venda
SKU_1711_VAN,19/08/2025,E-commerce,1,994.9,191.93,802.97,Venda
SKU_1688_WHI,19/08/2025,Atacado,2,859.8,257.94,300.93,Venda
SKU_1443_PRI,19/08/2025,Atacado,4,1079.6,323.88,188.93,Venda
SKU_1747_FUC,19/08/2025,Atacado,4,699.6,209.88,122.43,Venda
SKU_1545_HOT,19/08/2025,Atacado,5,1299.5,389.85,181.93,Venda
SKU_1582_WHI,19/08/2025,Atacado,4,919.6,321.84,149.44,Venda
SKU_1779_LIG,19/08/2025,Varejo,1,214.9,41.79,173.11,Venda
SKU_2061_POW,19/08/2025,Atacado,8,1679.2,587.68,136.44,Venda
SKU_1751_BLU,19/08/2025,Atacado,4,1319.6,461.84,214.44,Venda
SKU_1763_MAR,19/08/2025,Varejo,1,299.9,64.8,235.1,Venda
SKU_1719_OFF,19/08/2025,Varejo,1,319.9,87.83,232.07,Venda
SKU_1756_BUB,19/08/2025,Atacado,12,2158.8,755.52,116.94,Venda
SKU_1790_ROY,19/08/2025,Varejo,1,259.9,40.76,219.14,Venda
SKU_2038_OFF,19/08/2025,Varejo,2,2269.8,0.0,1134.9,Venda
SKU_1703_PAS,19/08/2025,Varejo,1,269.9,54.87,215.03,Venda
SKU_1735_MOS,19/08/2025,Atacado,8,2159.2,647.76,188.93,Venda
SKU_1701_SPA,19/08/2025,Atacado,12,4078.8,1427.52,220.94,Venda
SKU_1731_MIN,19/08/2025,Varejo,4,3639.6,846.28,698.33,Venda
SKU_1690_MAG,19/08/2025,E-commerce,1,539.9,119.86,420.04,Venda
SKU_1763_MAR,19/08/2025,Varejo,1,299.9,64.04,235.86,Venda
SKU_1672_FOR,19/08/2025,Atacado,3,884.7,265.41,206.43,Venda
SKU_1739_AQU,19/08/2025,Atacado,3,764.7,267.66,165.68,Venda
SKU_1684_SHO,19/08/2025,Atacado,3,554.7,166.41,129.43,Venda
SKU_1712_NAV,19/08/2025,E-commerce,1,179.9,29.98,149.92,Venda
SKU_1773_FRE,19/08/2025,Varejo,1,324.9,84.24,240.66,Venda
SKU_1881_CLO,19/08/2025,Atacado,3,734.7,257.16,159.18,Venda
SKU_1710_OLI,19/08/2025,Atacado,6,4859.4,1700.76,526.44,Venda
SKU_1551_ROS,19/08/2025,Varejo,2,439.8,69.32,185.24,Venda
SKU_1754_IVO,19/08/2025,Atacado,8,2719.2,951.68,220.94,Venda
SKU_1766_MYS,19/08/2025,E-commerce,1,394.9,84.24,310.66,Venda
SKU_1691_ROS,19/08/2025,Atacado,6,1859.4,743.76,185.94,Venda
SKU_1886_BAL,19/08/2025,E-commerce,3,614.7,43.02,190.56,Venda
SKU_1728_EGR,19/08/2025,Atacado,2,659.8,230.92,214.44,Venda
SKU_1756_FLA,19/08/2025,Atacado,3,539.7,188.88,116.94,Venda
SKU_1710_MEX,19/08/2025,Varejo,1,809.9,155.11,654.79,Venda
SKU_1685_BIR,19/08/2025,Varejo,2,1329.8,391.24,469.28,Venda
SKU_1919_COB,19/08/2025,Atacado,6,4079.4,1631.76,407.94,Venda
SKU_1783_EGR,19/08/2025,Varejo,1,1199.9,242.05,957.85,Venda
SKU_1787_BAB,19/08/2025,Varejo,1,289.9,61.93,227.97,Venda
SKU_1749_SNO,19/08/2025,E-commerce,2,699.8,109.44,295.18,Venda
SKU_1734_FRE,19/08/2025,Atacado,2,699.8,279.92,209.94,Venda
SKU_1452_SKY,19/08/2025,Varejo,1,144.9,38.42,106.48,Venda
SKU_1686_MOS,19/08/2025,Varejo,2,429.8,120.76,154.52,Venda
SKU_1700_PIS,19/08/2025,Atacado,6,4199.4,1469.76,454.94,Venda
SKU_1389_BAB,19/08/2025,Varejo,1,139.9,34.04,105.86,Venda
SKU_1739_MOS,19/08/2025,Varejo,1,254.9,63.3,191.6,Venda
SKU_1724_PEA,19/08/2025,Atacado,12,13378.8,4013.64,780.43,Venda
SKU_1767_FUC,19/08/2025,Varejo,1,204.9,39.87,165.03,Venda
SKU_1800_MOS,19/08/2025,Atacado,5,1399.5,559.8,167.94,Venda
SKU_1654_CRE,19/08/2025,Atacado,8,2479.2,743.76,216.93,Venda
SKU_1414_CLO,19/08/2025,Varejo,1,339.9,96.38,243.52,Venda
SKU_1702_COR,19/08/2025,E-commerce,1,619.9,151.06,468.84,Venda
SKU_1755_AQU,19/08/2025,Varejo,1,334.9,91.56,243.34,Venda
SKU_1733_NAV,19/08/2025,Atacado,6,2099.4,629.82,244.93,Venda
SKU_1763_MAR,19/08/2025,Varejo,1,299.9,87.8,212.1,Venda
SKU_1521_MOS,19/08/2025,Atacado,6,1139.4,398.76,123.44,Venda
SKU_1719_WHI,19/08/2025,Varejo,2,639.8,161.94,238.93,Venda
SKU_1771_EME,19/08/2025,Atacado,2,529.8,158.94,185.43,Venda
SKU_1570_MEX,19/08/2025,Varejo,1,714.9,121.5,593.4,Venda
SKU_1778_TEA,19/08/2025,E-commerce,1,284.9,70.96,213.94,Venda
SKU_1731_MIN,19/08/2025,Varejo,1,909.9,142.16,767.74,Venda
SKU_1623_EGR,19/08/2025,Varejo,4,3659.6,1018.52,660.27,Venda
SKU_1977_NAV,19/08/2025,E-commerce,1,214.9,0.0,214.9,Venda
SKU_1689_MAG,19/08/2025,E-commerce,3,2894.7,808.38,695.44,Venda
SKU_1752_SPA,19/08/2025,E-commerce,1,429.9,80.87,349.03,Venda
SKU_1776_PAS,19/08/2025,Varejo,1,329.9,60.43,269.47,Venda
SKU_1784_BLA,19/08/2025,Varejo,1,309.9,79.14,230.76,Venda
SKU_1798_MOS,19/08/2025,Atacado,5,2099.5,734.8,272.94,Venda
SKU_1690_MYS,19/08/2025,Atacado,5,2699.5,944.8,350.94,Venda
SKU_2035_AQU,19/08/2025,Varejo,1,224.9,15.74,209.16,Venda
SKU_1435_OLI,19/08/2025,Atacado,4,4039.6,1413.84,656.44,Venda
SKU_1790_EGR,19/08/2025,Varejo,1,259.9,72.42,187.48,Venda
SKU_1783_EGR,19/08/2025,Atacado,4,4799.6,1679.84,779.94,Venda
SKU_1766_CLE,19/08/2025,Atacado,8,3159.2,1105.68,256.69,Venda
SKU_1580_WHI,19/08/2025,E-commerce,1,189.9,28.57,161.33,Venda
SKU_1796_SHO,19/08/2025,Varejo,2,1009.8,231.16,389.32,Venda
SKU_1760_OFF,19/08/2025,Atacado,4,999.6,299.88,174.93,Venda
SKU_1712_MOS,19/08/2025,Varejo,1,179.9,50.7,129.2,Venda
SKU_1991_PIN,19/08/2025,Varejo,1,299.9,0.0,299.9,Venda
SKU_1555_RAS,19/08/2025,Varejo,2,379.8,98.72,140.54,Venda
SKU_1782_NAV,19/08/2025,Varejo,3,749.7,118.41,210.43,Venda
SKU_1710_OLI,19/08/2025,Varejo,1,809.9,131.1,678.8,Venda
SKU_1786_TEA,19/08/2025,Atacado,4,719.6,287.84,107.94,Venda
SKU_1799_DEN,19/08/2025,E-commerce,1,269.9,75.0,194.9,Venda
SKU_1478_COB,19/08/2025,E-commerce,1,194.9,44.22,150.68,Venda
SKU_1713_SAL,19/08/2025,Atacado,10,5049.0,1767.1,328.19,Venda
SKU_1766_MYS,19/08/2025,Varejo,1,394.9,102.06,292.84,Venda
SKU_1731_ARM,19/08/2025,Varejo,1,909.9,164.01,745.89,Venda
SKU_1713_SNO,19/08/2025,Varejo,1,504.9,106.54,398.36,Venda
SKU_1566_PEA,19/08/2025,Atacado,6,6209.4,1862.82,724.43,Venda
SKU_1741_PEA,19/08/2025,Varejo,1,239.9,62.69,177.21,Venda
SKU_1638_PEA,19/08/2025,Varejo,1,1139.9,264.62,875.28,Venda
SKU_1450_JAD,19/08/2025,Atacado,3,1229.7,430.38,266.44,Venda
SKU_1944_FUC,19/08/2025,Atacado,3,1199.7,359.91,279.93,Venda
SKU_1675_CRE,19/08/2025,Atacado,8,6119.2,1835.76,535.43,Venda
SKU_1510_ROS,19/08/2025,Varejo,2,1669.8,290.82,689.49,Venda
SKU_1766_MYS,19/08/2025,Varejo,3,1184.7,244.29,313.47,Venda
SKU_1604_SNO,19/08/2025,Atacado,10,6049.0,1814.7,423.43,Venda
SKU_1528_DEN,19/08/2025,Atacado,4,859.6,343.84,128.94,Venda
SKU_1714_DEE,19/08/2025,Varejo,1,304.9,47.26,257.64,Venda
SKU_1774_MOS,19/08/2025,Atacado,2,409.8,184.4,112.7,Venda
SKU_1460_OLI,19/08/2025,Varejo,1,174.9,35.46,139.44,Venda
SKU_1707_SAP,19/08/2025,E-commerce,1,279.9,79.82,200.08,Venda
SKU_1784_BLA,19/08/2025,E-commerce,2,619.8,117.72,251.04,Venda
SKU_1779_MIN,19/08/2025,Atacado,6,1289.4,386.82,150.43,Venda
SKU_1723_COB,19/08/2025,Atacado,3,1304.7,456.63,282.69,Venda
SKU_1848_ARM,19/08/2025,Varejo,1,219.9,0.0,219.9,Venda
SKU_1680_SEA,19/08/2025,Atacado,5,1674.5,586.05,217.69,Venda
SKU_1748_BAB,19/08/2025,Atacado,6,1859.4,743.76,185.94,Venda
SKU_1791_IVO,19/08/2025,Atacado,3,794.7,278.13,172.19,Venda
SKU_1721_FRE,19/08/2025,Atacado,3,1259.7,377.91,293.93,Venda
SKU_2003_BAL,19/08/2025,Atacado,4,959.6,287.88,167.93,Venda
SKU_1789_EME,19/08/2025,Atacado,10,2699.0,1079.6,161.94,Venda
SKU_1669_COR,19/08/2025,Varejo,2,399.8,98.0,150.9,Venda
SKU_1957_CRE,19/08/2025,Atacado,2,379.8,151.92,113.94,Venda
SKU_1688_LIG,19/08/2025,Varejo,1,429.9,113.46,316.44,Venda
SKU_1737_SAG,19/08/2025,Varejo,1,769.9,179.01,590.89,Venda
SKU_1762_DEN,19/08/2025,Atacado,6,1529.4,458.82,178.43,Venda
SKU_1742_DEN,19/08/2025,Varejo,1,259.9,53.17,206.73,Venda
SKU_1411_BLU,19/08/2025,Atacado,5,1124.5,337.35,157.43,Venda
SKU_1733_NAV,19/08/2025,Atacado,10,3499.0,1224.6,227.44,Venda
SKU_1540_MAG,19/08/2025,Varejo,1,169.9,36.16,133.74,Venda
SKU_1570_MEX,19/08/2025,Varejo,3,2144.7,600.42,514.76,Venda
SKU_1660_NAV,19/08/2025,Varejo,2,629.8,169.08,230.36,Venda
SKU_1680_SEA,19/08/2025,Varejo,1,334.9,93.74,241.16,Venda
SKU_1697_MIN,19/08/2025,E-commerce,2,439.8,68.88,185.46,Venda
SKU_1849_GAR,19/08/2025,Varejo,4,1319.6,0.0,329.9,Venda
SKU_1397_BUB,19/08/2025,Varejo,1,234.9,58.67,176.23,Venda
SKU_1702_COR,19/08/2025,Varejo,1,619.9,161.25,458.65,Venda
SKU_1564_NAV,19/08/2025,Atacado,3,1769.7,530.91,412.93,Venda
SKU_1693_FLA,19/08/2025,Varejo,1,204.9,46.48,158.42,Venda
SKU_1680_NAV,19/08/2025,E-commerce,1,334.9,66.18,268.72,Venda
SKU_1747_FUC,19/08/2025,Atacado,12,2098.8,629.64,122.43,Venda
SKU_1721_COR,19/08/2025,Atacado,4,1679.6,671.84,251.94,Venda
SKU_1724_PIN,19/08/2025,E-commerce,1,1114.9,333.99,780.91,Venda
SKU_1692_BLU,19/08/2025,E-commerce,1,219.9,38.02,181.88,Venda
SKU_1575_JAD,19/08/2025,Atacado,5,4324.5,1297.35,605.43,Venda
SKU_1736_PAS,19/08/2025,Atacado,3,974.7,341.13,211.19,Venda
SKU_1789_EME,19/08/2025,Varejo,1,269.9,47.48,222.42,Venda
SKU_1446_SHO,19/08/2025,E-commerce,1,269.9,43.2,226.7,Venda
SKU_1519_TEA,19/08/2025,Atacado,4,2519.6,755.88,440.93,Venda
SKU_1703_BLU,19/08/2025,E-commerce,2,539.8,154.74,192.53,Venda
SKU_2115_CER,19/08/2025,Varejo,1,384.9,26.94,357.96,Venda
SKU_1700_PIS,19/08/2025,Atacado,8,5599.2,1959.68,454.94,Venda
SKU_1663_SNO,19/08/2025,Atacado,6,4769.4,1907.76,476.94,Venda
SKU_1762_DEN,19/08/2025,Atacado,2,509.8,203.92,152.94,Venda
SKU_1507_FLA,19/08/2025,Atacado,5,899.5,269.85,125.93,Venda
SKU_1773_OLI,19/08/2025,E-commerce,1,324.9,68.69,256.21,Venda
SKU_1582_WHI,19/08/2025,E-commerce,1,229.9,46.96,182.94,Venda
SKU_1655_SNO,19/08/2025,Varejo,1,644.9,123.58,521.32,Venda
SKU_1738_BLU,19/08/2025,Atacado,8,1559.2,467.76,136.43,Venda
SKU_1655_TEA,19/08/2025,Varejo,1,644.9,168.83,476.07,Venda
SKU_1759_CLE,19/08/2025,Atacado,8,2159.2,755.68,175.44,Venda
SKU_1764_MAR,19/08/2025,Varejo,1,234.9,52.98,181.92,Venda
SKU_1725_OFF,19/08/2025,E-commerce,1,244.9,48.39,196.51,Venda
SKU_1549_BAL,19/08/2025,Atacado,4,739.6,295.84,110.94,Venda
SKU_1711_ARM,19/08/2025,Atacado,5,4974.5,1741.1,646.68,Venda
SKU_1758_HON,19/08/2025,Varejo,1,179.9,28.35,151.55,Venda
SKU_1689_MAG,19/08/2025,Atacado,5,4824.5,1688.6,627.18,Venda
SKU_1639_FRE,19/08/2025,Varejo,1,189.9,49.2,140.7,Venda
SKU_1749_SNO,19/08/2025,E-commerce,1,349.9,55.5,294.4,Venda
SKU_1659_MOS,19/08/2025,Varejo,1,1024.9,162.29,862.61,Venda
SKU_1698_PRI,19/08/2025,Atacado,6,2519.4,881.76,272.94,Venda
SKU_1718_SEA,19/08/2025,Atacado,2,739.8,221.94,258.93,Venda
SKU_1720_PAS,19/08/2025,Varejo,1,224.9,63.48,161.42,Venda
SKU_1759_COB,19/08/2025,Atacado,6,1619.4,566.76,175.44,Venda
SKU_1737_SAG,19/08/2025,Varejo,1,769.9,216.89,553.01,Venda
SKU_1689_MAG,19/08/2025,E-commerce,1,964.9,229.67,735.23,Venda
SKU_1862_PAS,19/08/2025,Varejo,2,449.8,0.0,224.9,Venda
SKU_1699_COB,19/08/2025,Atacado,2,659.8,263.92,197.94,Venda
SKU_1769_WHI,19/08/2025,Atacado,5,1624.5,487.35,227.43,Venda
SKU_1398_SPA,19/08/2025,Atacado,8,5399.2,1619.76,472.43,Venda
SKU_1783_EGR,19/08/2025,Varejo,1,1199.9,293.91,905.99,Venda
SKU_1796_SHO,19/08/2025,E-commerce,1,504.9,146.92,357.98,Venda
SKU_1492_BIR,19/08/2025,Atacado,8,2999.2,1199.68,224.94,Venda
SKU_2023_SPA,19/08/2025,E-commerce,1,159.9,0.0,159.9,Venda
SKU_1927_CER,19/08/2025,E-commerce,1,299.9,0.0,299.9,Venda
SKU_1701_SPA,19/08/2025,Varejo,1,339.9,99.1,240.8,Venda
SKU_1564_NAV,19/08/2025,Atacado,8,4719.2,1651.68,383.44,Venda
SKU_1705_JAD,19/08/2025,Atacado,2,819.8,245.94,286.93,Venda
SKU_1705_JAD,19/08/2025,E-commerce,1,409.9,120.03,289.87,Venda
SKU_1666_PAS,19/08/2025,Atacado,6,4799.4,1439.82,559.93,Venda
SKU_1534_HUN,19/08/2025,Varejo,1,199.9,44.53,155.37,Venda
SKU_1752_SNO,19/08/2025,Atacado,4,1719.6,601.84,279.44,Venda
SKU_2030_SER,19/08/2025,E-commerce,1,344.9,0.0,344.9,Venda
SKU_1691_HUN,19/08/2025,E-commerce,1,309.9,58.19,251.71,Venda
SKU_1774_COB,19/08/2025,E-commerce,1,204.9,54.57,150.33,Venda
SKU_1708_FLA,19/08/2025,Varejo,1,169.9,29.18,140.72,Venda
SKU_1715_HON,19/08/2025,E-commerce,1,219.9,53.89,166.01,Venda
SKU_1737_DEE,19/08/2025,E-commerce,1,769.9,175.33,594.57,Venda
SKU_1699_COB,19/08/2025,Atacado,12,3958.8,1385.52,214.44,Venda
SKU_1593_FUC,19/08/2025,Atacado,4,579.6,173.88,101.43,Venda
SKU_1610_PRI,19/08/2025,E-commerce,1,184.9,49.57,135.33,Venda
SKU_1717_CRE,19/08/2025,E-commerce,1,259.9,44.27,215.63,Venda
SKU_1732_WHI,19/08/2025,Atacado,2,2229.8,780.44,724.68,Venda
SKU_1744_EME,19/08/2025,Atacado,6,1589.4,635.76,158.94,Venda
SKU_1749_BIR,19/08/2025,Atacado,4,1399.6,559.84,209.94,Venda
SKU_1390_PAS,19/08/2025,Atacado,8,1839.2,735.68,137.94,Venda
SKU_1743_CLO,19/08/2025,Varejo,1,439.9,117.12,322.78,Venda
SKU_2041_MOS,19/08/2025,Atacado,12,2638.8,923.52,142.94,Venda
SKU_1757_PIN,19/08/2025,Atacado,3,794.7,278.13,172.19,Venda
SKU_1768_MIN,19/08/2025,Atacado,5,3124.5,937.35,437.43,Venda
SKU_1683_PAL,19/08/2025,Atacado,4,1259.6,377.88,220.43,Venda
SKU_1659_MOS,19/08/2025,Varejo,1,1024.9,259.32,765.58,Venda
SKU_1759_CLE,19/08/2025,Atacado,4,1079.6,323.88,188.93,Venda
SKU_1643_PAS,19/08/2025,Atacado,8,1799.2,629.76,146.18,Venda
SKU_1713_SNO,19/08/2025,E-commerce,1,504.9,141.36,363.54,Venda
SKU_1739_MOS,19/08/2025,E-commerce,1,254.9,65.05,189.85,Venda
SKU_1649_FLA,19/08/2025,Varejo,1,234.9,35.89,199.01,Venda
SKU_1688_WHI,19/08/2025,E-commerce,2,859.8,129.42,365.19,Venda
SKU_1693_FLA,19/08/2025,Varejo,1,204.9,41.27,163.63,Venda
SKU_1753_WHI,19/08/2025,Atacado,4,3159.6,1105.84,513.44,Venda
SKU_1390_SAP,19/08/2025,Varejo,1,229.9,37.86,192.04,Venda
SKU_1730_MIN,19/08/2025,Varejo,1,319.9,94.77,225.13,Venda
SKU_1532_EME,19/08/2025,Varejo,1,979.9,152.12,827.78,Venda
SKU_1721_COR,19/08/2025,Varejo,2,839.8,243.0,298.4,Venda
SKU_1701_BLU,19/08/2025,E-commerce,1,339.9,76.88,263.02,Venda
SKU_1681_PIS,19/08/2025,Atacado,2,469.8,164.44,152.68,Venda
SKU_1746_NAV,19/08/2025,Atacado,4,719.6,251.84,116.94,Venda
SKU_1726_PAS,19/08/2025,Atacado,4,1719.6,515.88,300.93,Venda
SKU_1782_HUN,19/08/2025,Atacado,3,749.7,262.38,162.44,Venda
SKU_1732_OFF,19/08/2025,E-commerce,1,1114.9,274.87,840.03,Venda
SKU_1951_COR,19/08/2025,Varejo,1,254.9,0.0,254.9,Venda
SKU_1793_WHI,19/08/2025,Varejo,1,189.9,33.16,156.74,Venda
SKU_1697_PIS,19/08/2025,Varejo,2,439.8,73.06,183.37,Venda
SKU_1739_MOS,19/08/2025,Varejo,2,509.8,96.16,206.82,Venda
SKU_1755_BIR,19/08/2025,E-commerce,1,334.9,55.41,279.49,Venda
SKU_1753_WHI,19/08/2025,Varejo,1,789.9,137.61,652.29,Venda
SKU_1648_RAS,19/08/2025,Varejo,1,699.9,166.81,533.09,Venda
SKU_1455_TEA,19/08/2025,Atacado,6,2009.4,602.82,234.43,Venda
SKU_1579_SAG,19/08/2025,Atacado,10,2299.0,689.7,160.93,Venda
SKU_1779_LIG,19/08/2025,Atacado,6,1289.4,580.2,118.2,Venda
SKU_1580_MOS,19/08/2025,Atacado,2,379.8,132.92,123.44,Venda
SKU_2068_HON,19/08/2025,E-commerce,1,404.9,0.0,404.9,Venda
SKU_1744_EME,19/08/2025,Varejo,1,264.9,73.35,191.55,Venda
SKU_1769_WHI,19/08/2025,Atacado,6,1949.4,584.82,227.43,Venda
SKU_1768_PEA,19/08/2025,Varejo,1,624.9,137.04,487.86,Venda
SKU_1799_DEN,19/08/2025,Varejo,1,269.9,76.6,193.3,Venda
SKU_1564_NAV,19/08/2025,E-commerce,1,589.9,89.59,500.31,Venda
SKU_1659_MOS,19/08/2025,Atacado,4,4099.6,1434.88,666.18,Venda
SKU_1493_PEA,19/08/2025,Atacado,4,1319.6,395.88,230.93,Venda
SKU_1799_DEN,19/08/2025,Varejo,3,809.7,181.83,209.29,Venda
SKU_1494_EGR,19/08/2025,Atacado,8,8679.2,3037.76,705.18,Venda
SKU_2062_DUS,19/08/2025,Atacado,8,1119.2,335.76,97.93,Venda
SKU_1784_EGR,19/08/2025,Varejo,2,619.8,179.64,220.08,Venda
SKU_1429_SPA,19/08/2025,Atacado,6,1139.4,398.76,123.44,Venda
SKU_1481_BLA,19/08/2025,Atacado,4,3239.6,1133.84,526.44,Venda
SKU_1738_ROY,19/08/2025,Atacado,6,1169.4,350.82,136.43,Venda
SKU_1773_OLI,19/08/2025,Atacado,4,1299.6,389.88,227.43,Venda
SKU_2106_FUC,19/08/2025,Varejo,1,234.9,0.0,234.9,Venda
SKU_1710_OLI,19/08/2025,Atacado,4,3239.6,1133.84,526.44,Venda
SKU_2045_AQU,19/08/2025,E-commerce,1,194.9,0.0,194.9,Venda
SKU_1757_PIN,19/08/2025,E-commerce,1,264.9,46.69,218.21,Venda
SKU_1789_SNO,19/08/2025,Atacado,4,1079.6,323.88,188.93,Venda
SKU_1744_LIG,19/08/2025,E-commerce,1,264.9,54.39,210.51,Venda
SKU_1516_CRE,19/08/2025,Varejo,1,349.9,71.16,278.74,Venda
SKU_1725_OFF,19/08/2025,Atacado,2,489.8,146.94,171.43,Venda
SKU_2042_SER,19/08/2025,Atacado,5,3824.5,1338.55,497.19,Venda
SKU_1426_NAV,19/08/2025,Atacado,3,389.7,136.38,84.44,Venda
SKU_1765_PAS,19/08/2025,Varejo,1,259.9,68.48,191.42,Venda
SKU_1790_ROY,19/08/2025,Atacado,3,779.7,233.91,181.93,Venda
SKU_1703_BLU,19/08/2025,E-commerce,1,269.9,48.61,221.29,Venda
SKU_1761_MOS,19/08/2025,Varejo,1,1104.9,289.65,815.25,Venda
SKU_1617_DEN,19/08/2025,Varejo,1,164.9,41.9,123.0,Venda
SKU_1738_BLU,19/08/2025,Atacado,2,389.8,116.94,136.43,Venda
SKU_1783_BAB,19/08/2025,Atacado,2,2399.8,839.92,779.94,Venda
SKU_1461_PRI,19/08/2025,E-commerce,1,1069.9,265.56,804.34,Venda
SKU_1730_OFF,19/08/2025,Varejo,2,639.8,117.62,261.09,Venda
SKU_1627_BAB,19/08/2025,Atacado,10,3299.0,1319.6,197.94,Venda
SKU_1758_CLO,19/08/2025,Varejo,1,179.9,42.32,137.58,Venda
SKU_1791_ARM,19/08/2025,Atacado,10,2649.0,1059.6,158.94,Venda
SKU_1726_PAS,19/08/2025,Varejo,2,859.8,161.48,349.16,Venda
SKU_1707_ARM,19/08/2025,Atacado,3,839.7,251.91,195.93,Venda
SKU_1691_HUN,19/08/2025,Atacado,5,1549.5,464.85,216.93,Venda
SKU_1946_BUB,19/08/2025,Atacado,6,2429.4,850.26,263.19,Venda
SKU_1798_MOS,19/08/2025,Atacado,6,2519.4,755.82,293.93,Venda
SKU_1682_OLI,19/08/2025,Atacado,6,1409.4,563.76,140.94,Venda
SKU_1784_EGR,19/08/2025,Atacado,4,1239.6,371.88,216.93,Venda
SKU_1856_PAS,19/08/2025,E-commerce,1,324.9,0.0,324.9,Venda
SKU_1787_BAB,19/08/2025,Varejo,1,289.9,70.09,219.81,Venda
SKU_1589_CER,19/08/2025,Varejo,1,679.9,187.52,492.38,Venda
SKU_1745_PEA,19/08/2025,Atacado,2,819.8,327.92,245.94,Venda
SKU_1420_EGR,19/08/2025,Atacado,4,3959.6,1385.84,643.44,Venda
SKU_1559_SKY,19/08/2025,E-commerce,1,1199.9,234.65,965.25,Venda
SKU_1818_EGR,19/08/2025,Atacado,4,819.6,286.88,133.18,Venda
SKU_1740_FRE,19/08/2025,Atacado,6,1289.4,515.76,128.94,Venda
SKU_2027_CLE,19/08/2025,Atacado,6,2099.4,839.76,209.94,Venda
SKU_1467_FUC,19/08/2025,Atacado,4,819.6,327.84,122.94,Venda
SKU_1782_NAV,19/08/2025,Varejo,1,249.9,54.92,194.98,Venda
SKU_1750_SNO,19/08/2025,Varejo,1,369.9,101.22,268.68,Venda
SKU_1722_PAS,19/08/2025,Varejo,2,649.8,118.0,265.9,Venda
SKU_1711_ARM,19/08/2025,Varejo,4,3979.6,1069.84,727.44,Venda
SKU_1682_OLI,19/08/2025,E-commerce,1,234.9,64.54,170.36,Venda
SKU_1790_ROY,19/08/2025,Varejo,1,259.9,74.27,185.63,Venda
SKU_1689_IVO,19/08/2025,Atacado,8,7719.2,2701.76,627.18,Venda
SKU_1615_MOS,19/08/2025,Varejo,1,464.9,123.52,341.38,Venda
SKU_1391_SEA,19/08/2025,Varejo,2,569.8,168.14,200.83,Venda
SKU_2096_SNO,19/08/2025,Atacado,4,1039.6,363.84,168.94,Venda
SKU_1800_MOS,19/08/2025,Varejo,1,279.9,66.99,212.91,Venda
SKU_1835_BIR,19/08/2025,Atacado,4,739.6,295.84,110.94,Venda
SKU_1479_FUC,19/08/2025,Varejo,3,1664.7,253.5,470.4,Venda
SKU_1737_SAG,19/08/2025,Atacado,3,2309.7,808.38,500.44,Venda
SKU_1716_SAL,19/08/2025,E-commerce,1,164.9,32.99,131.91,Venda
SKU_1749_SNO,19/08/2025,Varejo,1,349.9,77.8,272.1,Venda
SKU_1787_BAB,19/08/2025,Varejo,1,289.9,56.41,233.49,Venda
SKU_1733_SAG,19/08/2025,Atacado,6,2099.4,734.76,227.44,Venda
SKU_1677_POW,19/08/2025,Atacado,6,3419.4,1196.76,370.44,Venda
SKU_1693_MEX,19/08/2025,E-commerce,1,204.9,61.26,143.64,Venda
SKU_1766_MYS,19/08/2025,Atacado,6,2369.4,710.82,276.43,Venda
SKU_1756_BUB,19/08/2025,Varejo,1,179.9,42.01,137.89,Venda
SKU_1743_CLO,19/08/2025,Atacado,6,2639.4,923.76,285.94,Venda
SKU_1719_WHI,19/08/2025,Atacado,6,1919.4,575.82,223.93,Venda
SKU_1490_EME,19/08/2025,Varejo,1,314.9,70.43,244.47,Venda
SKU_1810_COB,19/08/2025,Varejo,4,639.6,0.0,159.9,Venda
SKU_1683_PAL,19/08/2025,Atacado,4,1259.6,440.84,204.69,Venda
SKU_2047_FUC,19/08/2025,Varejo,2,2249.8,0.0,1124.9,Venda
SKU_1685_BIR,19/08/2025,Varejo,1,664.9,166.33,498.57,Venda
SKU_1532_BRI,19/08/2025,Varejo,1,979.9,244.78,735.12,Venda
SKU_1405_FLA,19/08/2025,Atacado,3,644.7,193.41,150.43,Venda
SKU_1712_MOS,19/08/2025,Varejo,1,179.9,45.49,134.41,Venda
SKU_1765_MYS,19/08/2025,Varejo,1,259.9,52.96,206.94,Venda
SKU_1559_BLU,19/08/2025,Varejo,1,1199.9,209.16,990.74,Venda
SKU_1759_CLE,19/08/2025,Atacado,6,1619.4,566.76,175.44,Venda
SKU_1594_WHI,19/08/2025,Varejo,2,999.8,190.36,404.72,Venda
SKU_1625_GAR,19/08/2025,Atacado,8,1639.2,737.6,112.7,Venda
SKU_1659_SNO,19/08/2025,E-commerce,1,1024.9,202.78,822.12,Venda
SKU_1565_BAB,19/08/2025,Varejo,1,359.9,102.06,257.84,Venda
SKU_1780_LIG,19/08/2025,Varejo,1,334.9,90.4,244.5,Venda
SKU_1729_CLE,19/08/2025,Varejo,1,174.9,42.18,132.72,Venda
SKU_1691_HUN,19/08/2025,Atacado,6,1859.4,557.82,216.93,Venda
SKU_1765_PAS,19/08/2025,Varejo,1,259.9,72.33,187.57,Venda
SKU_1562_BLU,19/08/2025,Varejo,1,309.9,49.71,260.19,Venda
SKU_1697_PIS,19/08/2025,Atacado,2,439.8,153.92,142.94,Venda
SKU_1698_PRI,19/08/2025,E-commerce,1,419.9,119.68,300.22,Venda
SKU_1931_COR,19/08/2025,Atacado,8,5959.2,1787.76,521.43,Venda
SKU_1401_GAR,19/08/2025,Atacado,10,2399.0,959.6,143.94,Venda
SKU_1568_PIN,19/08/2025,Varejo,1,234.9,59.51,175.39,Venda
SKU_1490_EME,19/08/2025,Varejo,1,314.9,78.51,236.39,Venda
SKU_1777_TUR,19/08/2025,Atacado,4,959.6,335.84,155.94,Venda
SKU_1743_DEE,19/08/2025,E-commerce,1,439.9,84.2,355.7,Venda
SKU_1712_NAV,19/08/2025,E-commerce,1,179.9,50.77,129.13,Venda
SKU_1509_MAG,19/08/2025,Atacado,4,1279.6,447.84,207.94,Venda
SKU_1797_BLU,19/08/2025,Atacado,10,3799.0,1139.7,265.93,Venda
SKU_1784_EGR,19/08/2025,Atacado,3,929.7,325.38,201.44,Venda
SKU_1890_TEA,19/08/2025,E-commerce,1,254.9,0.0,254.9,Venda
SKU_1417_BIR,19/08/2025,Atacado,5,1399.5,489.8,181.94,Venda
SKU_2084_GAR,19/08/2025,Varejo,1,254.9,0.0,254.9,Venda
SKU_1712_MOS,19/08/2025,Varejo,1,179.9,29.66,150.24,Venda
SKU_1746_EME,19/08/2025,E-commerce,1,179.9,48.3,131.6,Venda
SKU_1538_MAG,19/08/2025,E-commerce,1,209.9,43.54,166.36,Venda
SKU_1753_PAL,19/08/2025,Atacado,6,4739.4,1658.76,513.44,Venda
SKU_1687_WHI,19/08/2025,E-commerce,1,899.9,173.86,726.04,Venda
SKU_1728_MID,19/08/2025,Atacado,2,659.8,197.94,230.93,Venda
SKU_2047_FUC,19/08/2025,Varejo,1,1124.9,0.0,1124.9,Venda
SKU_1555_FUC,19/08/2025,Varejo,1,189.9,36.83,153.07,Venda
SKU_1777_FRE,19/08/2025,Atacado,2,479.8,143.94,167.93,Venda
SKU_1390_SAP,19/08/2025,E-commerce,1,229.9,62.95,166.95,Venda
SKU_1465_CLE,19/08/2025,Atacado,6,1889.4,661.26,204.69,Venda
SKU_1920_GAR,19/08/2025,Atacado,8,2039.2,815.68,152.94,Venda
SKU_1698_SNO,19/08/2025,E-commerce,1,419.9,103.91,315.99,Venda
SKU_1476_WHI,19/08/2025,Varejo,1,274.9,48.48,226.42,Venda
SKU_2023_MID,19/08/2025,E-commerce,2,319.8,0.0,159.9,Venda
SKU_2116_SNO,19/08/2025,Varejo,1,379.9,26.59,353.31,Venda
SKU_1683_PAL,19/08/2025,Atacado,5,1574.5,629.8,188.94,Venda
SKU_1507_FLA,19/08/2025,E-commerce,1,179.9,29.43,150.47,Venda
SKU_2012_SKY,19/08/2025,Varejo,1,819.9,57.39,762.51,Venda
SKU_1744_LIG,19/08/2025,E-commerce,1,264.9,47.27,217.63,Venda
SKU_1771_PIN,19/08/2025,Varejo,2,529.8,96.92,216.44,Venda
SKU_1473_BAB,19/08/2025,Varejo,1,179.9,32.87,147.03,Venda
SKU_1693_FLA,19/08/2025,Atacado,6,1229.4,491.76,122.94,Venda
SKU_1773_FRE,19/08/2025,Atacado,8,2599.2,909.68,211.19,Venda
SKU_1714_MID,19/08/2025,Varejo,1,304.9,52.1,252.8,Venda
SKU_1774_COB,19/08/2025,Atacado,8,1639.2,491.76,143.43,Venda
SKU_1662_LIG,19/08/2025,E-commerce,1,199.9,39.76,160.14,Venda
SKU_1722_AQU,19/08/2025,Varejo,2,649.8,176.66,236.57,Venda
SKU_1750_MIN,19/08/2025,Varejo,1,369.9,105.78,264.12,Venda
SKU_1791_ARM,19/08/2025,Atacado,5,1324.5,596.0,145.7,Venda
SKU_1579_SAG,19/08/2025,E-commerce,1,229.9,36.94,192.96,Venda
SKU_2054_SAL,19/08/2025,E-commerce,1,409.9,0.0,409.9,Venda
SKU_1787_BAB,19/08/2025,Atacado,5,1449.5,507.3,188.44,Venda
SKU_1610_PRI,19/08/2025,Varejo,1,184.9,52.04,132.86,Venda
SKU_1782_NAV,19/08/2025,Varejo,1,249.9,42.24,207.66,Venda
SKU_1733_SAG,19/08/2025,Atacado,2,699.8,244.92,227.44,Venda
SKU_1931_MID,19/08/2025,Atacado,6,4469.4,1787.76,446.94,Venda
SKU_2009_DUS,19/08/2025,Varejo,1,249.9,0.0,249.9,Venda
SKU_1770_DEE,19/08/2025,Varejo,1,219.9,43.25,176.65,Venda
SKU_1710_MEX,19/08/2025,E-commerce,1,809.9,160.36,649.54,Venda
SKU_1716_SAL,19/08/2025,Varejo,1,164.9,28.46,136.44,Venda
SKU_1770_DEE,19/08/2025,Varejo,1,219.9,55.93,163.97,Venda
SKU_1433_SAP,19/08/2025,Varejo,1,314.9,49.4,265.5,Venda
SKU_1774_MOS,19/08/2025,Atacado,2,409.8,122.94,143.43,Venda
SKU_1663_FLA,19/08/2025,Varejo,1,794.9,200.21,594.69,Venda
SKU_1680_NAV,19/08/2025,Varejo,1,334.9,90.13,244.77,Venda
SKU_1713_SAL,19/08/2025,Varejo,1,504.9,141.57,363.33,Venda
SKU_1800_MOS,19/08/2025,Atacado,3,839.7,251.91,195.93,Venda
SKU_1797_BLU,19/08/2025,Atacado,6,2279.4,1025.76,208.94,Venda
SKU_1705_JAD,19/08/2025,E-commerce,1,409.9,83.26,326.64,Venda
SKU_1691_ROS,19/08/2025,Atacado,4,1239.6,371.88,216.93,Venda
SKU_1787_BAB,19/08/2025,Varejo,1,289.9,57.99,231.91,Venda
SKU_1867_TEA,19/08/2025,Varejo,2,399.8,27.98,185.91,Venda
SKU_1748_BAB,19/08/2025,Atacado,3,929.7,278.91,216.93,Venda
SKU_1419_FLA,19/08/2025,Atacado,5,1249.5,374.85,174.93,Venda
SKU_1471_ROS,19/08/2025,Atacado,6,1229.4,430.32,133.18,Venda
SKU_1453_PRI,19/08/2025,Varejo,1,234.9,40.39,194.51,Venda
SKU_1795_HUN,19/08/2025,Varejo,3,899.7,177.24,240.82,Venda
SKU_1682_OLI,19/08/2025,Atacado,4,939.6,328.88,152.68,Venda
SKU_1402_VAN,19/08/2025,Atacado,8,1879.2,563.76,164.43,Venda
SKU_1407_EME,19/08/2025,Atacado,3,644.7,193.41,150.43,Venda
SKU_1736_PAS,19/08/2025,Varejo,1,324.9,67.71,257.19,Venda
SKU_1773_FRE,19/08/2025,Atacado,3,974.7,292.41,227.43,Venda
SKU_1703_PAS,19/08/2025,Atacado,5,1349.5,472.3,175.44,Venda
SKU_1770_JAD,19/08/2025,Atacado,4,879.6,307.84,142.94,Venda
SKU_1454_BUB,19/08/2025,Atacado,3,449.7,157.38,97.44,Venda
SKU_1617_MIN,19/08/2025,Varejo,2,329.8,97.06,116.37,Venda
SKU_1389_BAB,19/08/2025,Atacado,6,839.4,251.82,97.93,Venda
SKU_1466_SAP,19/08/2025,Atacado,5,1349.5,472.3,175.44,Venda
SKU_1562_BLU,19/08/2025,Atacado,3,929.7,325.38,201.44,Venda
SKU_1692_BLU,19/08/2025,Varejo,1,219.9,55.55,164.35,Venda
SKU_1707_SAP,19/08/2025,Varejo,1,279.9,43.17,236.73,Venda
SKU_1707_ARM,19/08/2025,Atacado,8,2239.2,671.76,195.93,Venda
SKU_1795_RAS,19/08/2025,Varejo,3,899.7,253.14,215.52,Venda
SKU_1566_PEA,19/08/2025,Atacado,8,8279.2,2897.76,672.68,Venda
SKU_1754_IVO,19/08/2025,Atacado,3,1019.7,356.88,220.94,Venda
SKU_1742_EME,19/08/2025,Atacado,8,2079.2,623.76,181.93,Venda
SKU_1456_EME,19/08/2025,Varejo,2,629.8,132.36,248.72,Venda
SKU_1739_MOS,19/08/2025,Atacado,10,2549.0,892.2,165.68,Venda
SKU_1631_BAL,19/08/2025,Varejo,1,179.9,40.52,139.38,Venda
SKU_1701_BLU,19/08/2025,Atacado,5,1699.5,594.8,220.94,Venda
SKU_1767_PRI,19/08/2025,Atacado,5,1024.5,307.35,143.43,Venda
SKU_1786_TEA,19/08/2025,Varejo,1,179.9,40.11,139.79,Venda
SKU_1716_SAL,19/08/2025,Atacado,10,1649.0,577.2,107.18,Venda
SKU_1707_ARM,19/08/2025,Varejo,2,559.8,121.8,219.0,Venda
SKU_1754_SER,19/08/2025,Atacado,4,1359.6,475.84,220.94,Venda
SKU_1777_FRE,19/08/2025,Varejo,1,239.9,71.59,168.31,Venda
SKU_1778_MIN,19/08/2025,E-commerce,1,284.9,69.54,215.36,Venda
SKU_1607_GAR,19/08/2025,Varejo,1,299.9,45.57,254.33,Venda
SKU_1706_BLA,19/08/2025,Varejo,1,184.9,43.96,140.94,Venda
SKU_1738_ROY,19/08/2025,E-commerce,1,194.9,47.49,147.41,Venda
SKU_1694_PIS,19/08/2025,Varejo,1,279.9,71.16,208.74,Venda
SKU_1699_COB,19/08/2025,Varejo,1,329.9,94.33,235.57,Venda
SKU_1727_LIG,19/08/2025,Atacado,4,619.6,216.88,100.68,Venda
SKU_1605_COR,19/08/2025,Atacado,6,1319.4,461.76,142.94,Venda
SKU_1529_MIN,19/08/2025,Atacado,6,1469.4,514.32,159.18,Venda
SKU_1643_PAS,19/08/2025,Varejo,1,224.9,55.66,169.24,Venda
SKU_1748_BAB,19/08/2025,Varejo,1,309.9,77.36,232.54,Venda
SKU_1510_ROS,19/08/2025,E-commerce,1,834.9,232.91,601.99,Venda
SKU_1756_FLA,19/08/2025,Atacado,10,1799.0,539.7,125.93,Venda
SKU_1645_MYS,19/08/2025,Varejo,1,399.9,111.64,288.26,Venda
SKU_1755_AQU,19/08/2025,Varejo,1,334.9,73.73,261.17,Venda
SKU_1778_TEA,19/08/2025,Atacado,5,1424.5,427.35,199.43,Venda
SKU_1733_NAV,19/08/2025,E-commerce,1,349.9,68.98,280.92,Venda
SKU_1943_FUC,19/08/2025,Atacado,10,2799.0,979.6,181.94,Venda
SKU_1788_MYS,19/08/2025,Varejo,3,749.7,161.37,196.11,Venda
SKU_1754_SER,19/08/2025,Varejo,1,339.9,94.12,245.78,Venda
SKU_1782_NAV,19/08/2025,Atacado,5,1249.5,499.8,149.94,Venda
SKU_1529_HUN,19/08/2025,Atacado,6,1469.4,587.76,146.94,Venda
SKU_1684_SHO,19/08/2025,Varejo,1,184.9,31.95,152.95,Venda
SKU_1625_DUS,19/08/2025,Atacado,10,2049.0,614.7,143.43,Venda
SKU_1701_SPA,19/08/2025,Atacado,3,1019.7,356.88,220.94,Venda
SKU_1758_CLO,19/08/2025,Varejo,1,179.9,53.89,126.01,Venda
SKU_1726_BUB,19/08/2025,Varejo,1,429.9,118.71,311.19,Venda
SKU_1689_IVO,19/08/2025,Varejo,1,964.9,255.08,709.82,Venda
SKU_1616_SER,19/08/2025,Varejo,1,1024.9,166.57,858.33,Venda
SKU_1968_PAS,19/08/2025,Varejo,1,174.9,0.0,174.9,Venda
SKU_1424_VAN,19/08/2025,Varejo,2,1989.8,417.48,786.16,Venda
SKU_1685_COB,19/08/2025,Varejo,2,1329.8,318.32,505.74,Venda
SKU_1561_LIM,19/08/2025,Varejo,1,349.9,79.33,270.57,Venda
SKU_2051_FOR,19/08/2025,Varejo,3,2309.7,161.67,716.01,Venda
SKU_1801_FLA,19/08/2025,Varejo,1,374.9,72.86,302.04,Venda
SKU_1717_MIN,19/08/2025,Atacado,10,2599.0,909.6,168.94,Venda
SKU_1761_SAP,19/08/2025,Atacado,5,5524.5,2209.8,662.94,Venda
SKU_1822_SEA,19/08/2025,Atacado,3,929.7,325.38,201.44,Venda
SKU_1765_PAS,19/08/2025,Atacado,2,519.8,207.92,155.94,Venda
SKU_1420_LIM,19/08/2025,Atacado,5,4949.5,1484.85,692.93,Venda
SKU_1670_PEA,19/08/2025,Varejo,1,144.9,33.24,111.66,Venda
SKU_1886_CLO,19/08/2025,Varejo,1,204.9,0.0,204.9,Venda
SKU_1800_MOS,19/08/2025,E-commerce,1,279.9,65.3,214.6,Venda
SKU_1785_PAS,19/08/2025,Atacado,4,979.6,293.88,171.43,Venda
SKU_1523_CRE,19/08/2025,Atacado,3,1124.7,449.88,224.94,Venda
SKU_1687_WHI,19/08/2025,Atacado,2,1799.8,719.92,539.94,Venda
SKU_1490_EME,19/08/2025,Atacado,3,944.7,377.88,188.94,Venda
SKU_1691_ROS,19/08/2025,Atacado,4,1239.6,433.84,201.44,Venda
SKU_1721_COR,19/08/2025,Varejo,3,1259.7,351.48,302.74,Venda
SKU_1681_PIS,19/08/2025,Atacado,6,1409.4,493.32,152.68,Venda
SKU_1780_AQU,19/08/2025,E-commerce,1,334.9,69.56,265.34,Venda
SKU_1690_MYS,19/08/2025,Varejo,2,1079.8,292.98,393.41,Venda
SKU_1684_SHO,19/08/2025,Atacado,5,924.5,277.35,129.43,Venda
SKU_1750_SNO,19/08/2025,E-commerce,1,369.9,65.05,304.85,Venda
SKU_1789_SNO,19/08/2025,E-commerce,1,269.9,56.31,213.59,Venda
SKU_1792_MIN,19/08/2025,E-commerce,1,439.9,96.14,343.76,Venda
SKU_1440_PIS,19/08/2025,Atacado,5,5999.5,2099.8,779.94,Venda
SKU_1655_SNO,19/08/2025,Atacado,10,6449.0,2257.1,419.19,Venda
SKU_1784_BLA,19/08/2025,Atacado,3,929.7,371.88,185.94,Venda
SKU_1437_ROY,19/08/2025,Varejo,1,164.9,27.98,136.92,Venda
SKU_1781_AQU,19/08/2025,Varejo,1,129.9,20.2,109.7,Venda
SKU_1781_AQU,19/08/2025,Varejo,1,129.9,25.16,104.74,Venda
SKU_1701_SPA,19/08/2025,Atacado,4,1359.6,407.88,237.93,Venda
SKU_1502_PEA,19/08/2025,Atacado,3,629.7,188.91,146.93,Venda
SKU_1638_PEA,19/08/2025,Atacado,3,3419.7,1196.88,740.94,Venda
SKU_1588_PAS,19/08/2025,Atacado,4,1959.6,587.88,342.93,Venda
SKU_1688_LIG,19/08/2025,Varejo,1,429.9,84.74,345.16,Venda
SKU_1783_BAB,19/08/2025,Atacado,3,3599.7,1259.88,779.94,Venda
SKU_1635_SAG,19/08/2025,Atacado,4,2419.6,967.84,362.94,Venda
SKU_2035_LIG,19/08/2025,Varejo,2,449.8,0.0,224.9,Venda
SKU_1797_GAR,19/08/2025,Atacado,3,1139.7,341.91,265.93,Venda
SKU_1629_CLO,19/08/2025,Varejo,2,509.8,77.1,216.35,Venda
SKU_1738_BLU,19/08/2025,Atacado,10,1949.0,682.2,126.68,Venda
SKU_1984_PAS,19/08/2025,Atacado,5,1499.5,524.8,194.94,Venda
SKU_1755_BIR,19/08/2025,Atacado,10,3349.0,1004.7,234.43,Venda
SKU_1797_BLU,19/08/2025,Atacado,12,4558.8,1367.64,265.93,Venda
SKU_1780_AQU,19/08/2025,Varejo,3,1004.7,274.14,243.52,Venda
SKU_1455_ROY,19/08/2025,Varejo,1,334.9,60.91,273.99,Venda
SKU_1422_MIN,19/08/2025,Atacado,3,944.7,377.88,188.94,Venda
SKU_1731_MIN,19/08/2025,E-commerce,1,909.9,245.24,664.66,Venda
SKU_1683_PAL,19/08/2025,Varejo,1,314.9,67.7,247.2,Venda
SKU_1797_GAR,19/08/2025,E-commerce,1,379.9,67.21,312.69,Venda
SKU_1692_BLU,19/08/2025,Varejo,3,659.7,149.55,170.05,Venda
SKU_1796_SHO,19/08/2025,Varejo,1,504.9,100.2,404.7,Venda
SKU_1764_MAR,19/08/2025,E-commerce,1,234.9,65.17,169.73,Venda
SKU_1669_TEA,19/08/2025,Varejo,1,199.9,38.63,161.27,Venda
SKU_1497_VAN,19/08/2025,Atacado,6,809.4,242.82,94.43,Venda
SKU_1687_FOR,19/08/2025,Atacado,6,5399.4,1889.76,584.94,Venda
SKU_1785_HUN,19/08/2025,Atacado,8,1959.2,587.76,171.43,Venda
SKU_1700_PIS,19/08/2025,Varejo,3,2099.7,609.27,496.81,Venda
SKU_1551_DUS,19/08/2025,Varejo,2,439.8,101.76,169.02,Venda
SKU_1695_CRE,19/08/2025,Varejo,1,209.9,36.27,173.63,Venda
SKU_1687_WHI,19/08/2025,Atacado,3,2699.7,809.91,629.93,Venda
SKU_1563_MEX,19/08/2025,Varejo,1,149.9,28.44,121.46,Venda
SKU_1733_NAV,19/08/2025,Atacado,5,1749.5,524.85,244.93,Venda
SKU_1733_SAG,19/08/2025,Atacado,4,1399.6,419.88,244.93,Venda
SKU_1994_COB,19/08/2025,Varejo,1,269.9,0.0,269.9,Venda
SKU_1740_FRE,19/08/2025,E-commerce,1,214.9,33.78,181.12,Venda
SKU_1687_FOR,19/08/2025,Varejo,2,1799.8,501.74,649.03,Venda
SKU_1704_BAB,19/08/2025,Varejo,1,334.9,72.37,262.53,Venda
SKU_1761_MOS,19/08/2025,Atacado,6,6629.4,2651.76,662.94,Venda
SKU_1648_RAS,19/08/2025,Varejo,1,699.9,193.12,506.78,Venda
SKU_1779_MIN,19/08/2025,Atacado,5,1074.5,322.35,150.43,Venda
SKU_1788_MYS,19/08/2025,Atacado,8,1999.2,699.68,162.44,Venda
SKU_1765_PAS,19/08/2025,Varejo,1,259.9,73.48,186.42,Venda
SKU_1770_JAD,19/08/2025,Varejo,1,219.9,65.58,154.32,Venda
SKU_1584_AQU,19/08/2025,Atacado,8,1479.2,517.76,120.18,Venda
SKU_1776_BIR,19/08/2025,Varejo,2,659.8,156.46,251.67,Venda
SKU_1791_ARM,19/08/2025,Atacado,6,1589.4,556.26,172.19,Venda
SKU_1778_TEA,19/08/2025,Varejo,1,284.9,45.71,239.19,Venda
SKU_1801_MOS,19/08/2025,Varejo,1,374.9,60.83,314.07,Venda
SKU_1758_HON,19/08/2025,Varejo,1,179.9,36.75,143.15,Venda
SKU_1789_EME,19/08/2025,Varejo,2,539.8,103.16,218.32,Venda
SKU_1526_POW,19/08/2025,E-commerce,1,169.9,34.85,135.05,Venda
SKU_1659_MOS,19/08/2025,Atacado,3,3074.7,922.41,717.43,Venda
SKU_1773_OLI,19/08/2025,Atacado,2,649.8,259.92,194.94,Venda
SKU_1705_JAD,19/08/2025,Varejo,1,409.9,121.19,288.71,Venda
SKU_1793_WHI,19/08/2025,Varejo,1,189.9,51.88,138.02,Venda
SKU_1869_CRE,19/08/2025,Atacado,10,4899.0,1469.7,342.93,Venda
SKU_1800_SKY,19/08/2025,Atacado,4,1119.6,447.84,167.94,Venda
SKU_1723_MOS,19/08/2025,Atacado,4,1739.6,521.88,304.43,Venda
SKU_1497_FUC,19/08/2025,Atacado,8,1079.2,323.76,94.43,Venda
SKU_1670_SAP,19/08/2025,E-commerce,1,144.9,34.71,110.19,Venda
SKU_1635_TEA,19/08/2025,Atacado,6,3629.4,1088.82,423.43,Venda
SKU_1584_FLA,19/08/2025,Varejo,1,184.9,34.83,150.07,Venda
SKU_1691_ROS,19/08/2025,E-commerce,1,309.9,57.35,252.55,Venda
SKU_2020_FOR,19/08/2025,Varejo,1,234.9,0.0,234.9,Venda
SKU_1514_PEA,19/08/2025,Atacado,3,2489.7,746.91,580.93,Venda
SKU_1414_DUS,19/08/2025,Varejo,1,339.9,87.25,252.65,Venda
SKU_1729_FUC,19/08/2025,Atacado,5,874.5,262.35,122.43,Venda
SKU_1728_EGR,19/08/2025,E-commerce,1,329.9,62.76,267.14,Venda
SKU_1701_BLU,19/08/2025,Varejo,1,339.9,76.56,263.34,Venda
SKU_1717_MIN,19/08/2025,Varejo,1,259.9,42.0,217.9,Venda
SKU_1685_BIR,19/08/2025,Atacado,6,3989.4,1196.82,465.43,Venda
SKU_1502_PEA,19/08/2025,Atacado,8,1679.2,671.68,125.94,Venda
SKU_1692_OLI,19/08/2025,E-commerce,1,219.9,51.25,168.65,Venda
SKU_1724_PIN,19/08/2025,Varejo,1,1114.9,280.97,833.93,Venda
SKU_1667_LIG,19/08/2025,Atacado,4,839.6,293.84,136.44,Venda
SKU_1783_BAB,19/08/2025,Varejo,1,1199.9,181.84,1018.06,Venda
SKU_1957_CRE,19/08/2025,Varejo,1,189.9,0.0,189.9,Venda
SKU_1750_MIN,19/08/2025,Atacado,3,1109.7,332.91,258.93,Venda
SKU_1532_BRI,19/08/2025,Atacado,5,4899.5,1714.8,636.94,Venda
SKU_1765_MYS,19/08/2025,E-commerce,1,259.9,43.25,216.65,Venda
SKU_1685_COB,19/08/2025,E-commerce,1,664.9,171.78,493.12,Venda
SKU_1495_BLA,19/08/2025,Atacado,4,1319.6,395.88,230.93,Venda
SKU_1704_BAB,19/08/2025,Atacado,5,1674.5,502.35,234.43,Venda
SKU_2071_PEA,19/08/2025,Varejo,2,519.8,0.0,259.9,Venda
SKU_1970_TUR,19/08/2025,Varejo,1,769.9,0.0,769.9,Venda
SKU_1525_OLI,19/08/2025,Varejo,1,289.9,60.22,229.68,Venda
SKU_1683_SHO,19/08/2025,Varejo,1,314.9,83.01,231.89,Venda
SKU_1736_JAD,19/08/2025,Varejo,1,324.9,77.78,247.12,Venda
SKU_1625_DUS,19/08/2025,Atacado,3,614.7,245.88,122.94,Venda
SKU_1715_JAD,19/08/2025,Varejo,1,219.9,50.39,169.51,Venda
SKU_1467_FUC,19/08/2025,Atacado,6,1229.4,491.76,122.94,Venda
SKU_1800_MOS,19/08/2025,Varejo,1,279.9,82.23,197.67,Venda
SKU_1750_MIN,19/08/2025,Atacado,10,3699.0,1664.6,203.44,Venda
SKU_1722_AQU,19/08/2025,Atacado,2,649.8,194.94,227.43,Venda
SKU_1776_BIR,19/08/2025,Atacado,8,2639.2,923.68,214.44,Venda
SKU_1478_COB,19/08/2025,Varejo,1,194.9,42.37,152.53,Venda
SKU_1728_EGR,19/08/2025,Varejo,1,329.9,83.82,246.08,Venda
SKU_1550_IVO,19/08/2025,E-commerce,1,164.9,35.23,129.67,Venda
SKU_1715_HON,19/08/2025,Varejo,1,219.9,37.95,181.95,Venda
SKU_1742_EME,19/08/2025,Atacado,5,1299.5,454.8,168.94,Venda
SKU_1603_BUB,19/08/2025,Atacado,10,7449.0,2234.7,521.43,Venda
SKU_1718_SEA,19/08/2025,Atacado,4,1479.6,517.84,240.44,Venda
SKU_1780_AQU,19/08/2025,Varejo,1,334.9,65.83,269.07,Venda
SKU_1739_MOS,19/08/2025,Atacado,8,2039.2,815.68,152.94,Venda
SKU_1638_SAP,19/08/2025,E-commerce,1,1139.9,323.86,816.04,Venda
SKU_1617_DEN,19/08/2025,E-commerce,1,164.9,32.75,132.15,Venda
SKU_1750_MIN,19/08/2025,Varejo,1,369.9,109.95,259.95,Venda
SKU_1739_AQU,19/08/2025,Varejo,2,509.8,96.1,206.85,Venda
SKU_1679_GAR,19/08/2025,Atacado,3,2759.7,965.88,597.94,Venda
SKU_1639_WHI,19/08/2025,E-commerce,2,379.8,100.76,139.52,Venda
SKU_1455_ROY,19/08/2025,Varejo,1,334.9,96.62,238.28,Venda
SKU_1708_FRE,19/08/2025,Atacado,12,2038.8,815.52,101.94,Venda
SKU_1797_BLU,19/08/2025,Varejo,2,759.8,134.94,312.43,Venda
SKU_1715_HON,19/08/2025,Varejo,4,879.6,232.52,161.77,Venda
SKU_1728_EGR,19/08/2025,Varejo,1,329.9,64.52,265.38,Venda
SKU_1796_SHO,19/08/2025,Varejo,1,504.9,131.26,373.64,Venda
SKU_1612_SNO,19/08/2025,Varejo,1,329.9,50.33,279.57,Venda
SKU_1585_BLA,19/08/2025,E-commerce,1,319.9,70.41,249.49,Venda
SKU_2113_DUS,19/08/2025,Atacado,5,824.5,288.6,107.18,Venda
SKU_2082_HON,19/08/2025,Varejo,1,509.9,0.0,509.9,Venda
SKU_1469_ARM,19/08/2025,Atacado,2,589.8,176.94,206.43,Venda
SKU_2083_GAR,19/08/2025,Atacado,8,1879.2,563.76,164.43,Venda
SKU_1781_CLE,19/08/2025,Atacado,2,259.8,77.94,90.93,Venda
SKU_1712_MOS,19/08/2025,Atacado,10,1799.0,629.6,116.94,Venda
SKU_1723_MOS,19/08/2025,Varejo,1,434.9,72.23,362.67,Venda
SKU_1581_COB,19/08/2025,Varejo,2,1709.8,397.92,655.94,Venda
SKU_2102_WHI,19/08/2025,E-commerce,1,744.9,0.0,744.9,Venda
SKU_1775_PAS,19/08/2025,Varejo,1,279.9,47.23,232.67,Venda
SKU_1749_SNO,19/08/2025,Varejo,1,349.9,81.37,268.53,Venda
SKU_1813_RAS,19/08/2025,Varejo,1,254.9,0.0,254.9,Venda
SKU_1776_PAS,19/08/2025,Varejo,4,1319.6,314.44,251.29,Venda
SKU_1871_SNO,19/08/2025,Atacado,4,799.6,319.84,119.94,Venda
SKU_1950_BLU,19/08/2025,Varejo,2,829.8,0.0,414.9,Venda
SKU_1729_FUC,19/08/2025,Varejo,2,349.8,93.48,128.16,Venda
SKU_1701_BLU,19/08/2025,Atacado,8,2719.2,1087.68,203.94,Venda
SKU_1610_MEX,19/08/2025,Atacado,3,554.7,166.41,129.43,Venda
SKU_1572_MAR,19/08/2025,Varejo,1,139.9,31.15,108.75,Venda
SKU_1783_EGR,19/08/2025,Atacado,3,3599.7,1079.91,839.93,Venda
SKU_1774_MOS,19/08/2025,Varejo,1,204.9,37.77,167.13,Venda
SKU_1865_POW,19/08/2025,E-commerce,1,249.9,0.0,249.9,Venda
SKU_1792_MIN,19/08/2025,Varejo,4,1759.6,397.72,340.47,Venda
SKU_1710_OLI,19/08/2025,Varejo,2,1619.8,409.52,605.14,Venda
SKU_1407_EME,19/08/2025,Atacado,3,644.7,225.66,139.68,Venda
SKU_1699_COB,19/08/2025,Atacado,5,1649.5,659.8,197.94,Venda
SKU_1707_ARM,19/08/2025,E-commerce,2,559.8,104.2,227.8,Venda
SKU_1657_SPA,19/08/2025,Atacado,4,859.6,300.88,139.68,Venda
SKU_1708_FLA,19/08/2025,Atacado,5,849.5,297.3,110.44,Venda
SKU_1798_MOS,19/08/2025,Atacado,6,2519.4,881.76,272.94,Venda
SKU_1400_FOR,19/08/2025,Atacado,4,839.6,377.84,115.44,Venda
SKU_1708_FLA,19/08/2025,Varejo,1,169.9,50.4,119.5,Venda
SKU_1639_FRE,19/08/2025,Varejo,1,189.9,49.12,140.78,Venda
SKU_1788_EME,19/08/2025,Atacado,6,1499.4,524.76,162.44,Venda
SKU_1762_BRI,19/08/2025,Atacado,3,764.7,267.66,165.68,Venda
SKU_1772_SNO,19/08/2025,Varejo,1,414.9,123.41,291.49,Venda
SKU_1507_FLA,19/08/2025,Atacado,5,899.5,359.8,107.94,Venda
SKU_1506_PAL,19/08/2025,Atacado,6,1379.4,482.76,149.44,Venda
SKU_1742_EME,19/08/2025,E-commerce,1,259.9,65.15,194.75,Venda
SKU_1777_FRE,19/08/2025,Varejo,1,239.9,71.2,168.7,Venda
SKU_1801_FLA,19/08/2025,Atacado,5,1874.5,562.35,262.43,Venda
SKU_1695_CRE,19/08/2025,Atacado,4,839.6,335.84,125.94,Venda
SKU_1710_MEX,19/08/2025,E-commerce,1,809.9,238.57,571.33,Venda
SKU_1791_ARM,19/08/2025,Atacado,4,1059.6,423.84,158.94,Venda
SKU_1731_MIN,19/08/2025,Atacado,8,7279.2,2547.68,591.44,Venda
SKU_1660_MAG,19/08/2025,Atacado,6,1889.4,566.82,220.43,Venda
SKU_1734_BRI,19/08/2025,E-commerce,1,349.9,82.95,266.95,Venda
SKU_1758_CLO,19/08/2025,Varejo,1,179.9,38.45,141.45,Venda
SKU_1794_LIG,19/08/2025,Varejo,1,209.9,35.66,174.24,Venda
SKU_1695_CRE,19/08/2025,Varejo,1,209.9,49.48,160.42,Venda
SKU_1525_MYS,19/08/2025,Atacado,12,3478.8,1217.52,188.44,Venda
SKU_1598_DUS,19/08/2025,Atacado,6,2939.4,1175.76,293.94,Venda
SKU_2075_COR,19/08/2025,E-commerce,1,239.9,16.79,223.11,Venda
SKU_1540_BAL,19/08/2025,Atacado,8,1359.2,543.68,101.94,Venda
SKU_1738_BLU,19/08/2025,Atacado,3,584.7,175.41,136.43,Venda
SKU_1688_LIG,19/08/2025,Varejo,2,859.8,237.8,311.0,Venda
SKU_2061_BRI,19/08/2025,Atacado,4,839.6,251.88,146.93,Venda
SKU_1746_NAV,19/08/2025,E-commerce,1,179.9,50.38,129.52,Venda
SKU_1624_PRI,19/08/2025,Atacado,3,629.7,283.38,115.44,Venda
SKU_1756_FLA,19/08/2025,E-commerce,1,179.9,49.61,130.29,Venda
SKU_1700_HUN,19/08/2025,Varejo,1,699.9,106.09,593.81,Venda
SKU_1753_WHI,19/08/2025,E-commerce,1,789.9,125.24,664.66,Venda
SKU_1523_HOT,19/08/2025,Atacado,3,1124.7,393.63,243.69,Venda
SKU_1404_ARM,19/08/2025,Varejo,1,1019.9,221.39,798.51,Venda
SKU_1658_MYS,19/08/2025,Varejo,2,1759.8,428.64,665.58,Venda
SKU_1774_MOS,19/08/2025,Varejo,1,204.9,56.07,148.83,Venda
SKU_1801_MOS,19/08/2025,Atacado,6,2249.4,674.82,262.43,Venda
SKU_1997_SPA,19/08/2025,Varejo,1,189.9,0.0,189.9,Venda
SKU_1683_SHO,19/08/2025,Varejo,1,314.9,81.99,232.91,Venda
SKU_1772_SNO,19/08/2025,E-commerce,2,829.8,229.26,300.27,Venda
SKU_1601_EME,19/08/2025,Varejo,2,1469.8,388.44,540.68,Venda
SKU_1770_JAD,19/08/2025,Atacado,3,659.7,263.88,131.94,Venda
SKU_1711_VAN,19/08/2025,E-commerce,1,994.9,208.73,786.17,Venda
SKU_1776_PAS,19/08/2025,Atacado,3,989.7,296.91,230.93,Venda
SKU_1738_ROY,19/08/2025,Varejo,1,194.9,39.53,155.37,Venda
SKU_1696_SHO,19/08/2025,Varejo,1,279.9,50.92,228.98,Venda
SKU_1497_VAN,19/08/2025,Varejo,3,404.7,72.06,110.88,Venda
SKU_1690_MAG,19/08/2025,Atacado,5,2699.5,809.85,377.93,Venda
SKU_1764_FUC,19/08/2025,Varejo,2,469.8,78.68,195.56,Venda
SKU_1794_FLA,19/08/2025,Varejo,1,209.9,52.2,157.7,Venda
SKU_1761_SAP,19/08/2025,Varejo,1,1104.9,321.73,783.17,Venda
SKU_1590_MYS,19/08/2025,E-commerce,1,189.9,54.32,135.58,Venda
SKU_1768_PEA,19/08/2025,Varejo,1,624.9,104.62,520.28,Venda
SKU_1780_LIG,19/08/2025,Varejo,1,334.9,95.2,239.7,Venda
SKU_1720_PAL,19/08/2025,Varejo,1,224.9,48.67,176.23,Venda
SKU_1654_CRE,19/08/2025,E-commerce,1,309.9,55.23,254.67,Venda
SKU_1753_WHI,19/08/2025,Atacado,8,6319.2,2211.68,513.44,Venda
SKU_1779_LIG,19/08/2025,E-commerce,1,214.9,63.24,151.66,Venda
SKU_1755_BIR,19/08/2025,Varejo,1,334.9,93.89,241.01,Venda
SKU_1796_SHO,19/08/2025,Atacado,3,1514.7,605.88,302.94,Venda
SKU_1706_BLA,19/08/2025,Varejo,1,184.9,28.32,156.58,Venda
SKU_1663_SNO,19/08/2025,Varejo,1,794.9,210.25,584.65,Venda
SKU_1593_FUC,19/08/2025,Atacado,2,289.8,101.44,94.18,Venda
SKU_1771_EME,19/08/2025,E-commerce,1,264.9,63.8,201.1,Venda
SKU_1477_EME,19/08/2025,Varejo,1,224.9,42.86,182.04,Venda
SKU_1729_CLE,19/08/2025,E-commerce,1,174.9,30.48,144.42,Venda
SKU_1690_MYS,19/08/2025,Varejo,2,1079.8,257.02,411.39,Venda
SKU_1691_HUN,19/08/2025,Varejo,1,309.9,83.99,225.91,Venda
SKU_1786_TEA,19/08/2025,E-commerce,1,179.9,45.88,134.02,Venda
SKU_1400_PAL,19/08/2025,Atacado,3,629.7,188.91,146.93,Venda
SKU_1720_PAL,19/08/2025,E-commerce,2,449.8,134.88,157.46,Venda
SKU_2011_TUR,19/08/2025,Atacado,4,1019.6,407.84,152.94,Venda
SKU_1776_PAS,19/08/2025,Atacado,6,1979.4,692.76,214.44,Venda
SKU_1725_OFF,19/08/2025,Atacado,6,1469.4,440.82,171.43,Venda
SKU_1467_FUC,19/08/2025,Varejo,3,614.7,158.31,152.13,Venda
SKU_2043_WHI,19/08/2025,Varejo,1,349.9,0.0,349.9,Venda
SKU_1711_VAN,19/08/2025,Varejo,1,994.9,290.68,704.22,Venda
SKU_1693_MEX,19/08/2025,Varejo,1,204.9,47.76,157.14,Venda
SKU_1724_PIN,19/08/2025,Varejo,1,1114.9,251.01,863.89,Venda
SKU_1705_SER,19/08/2025,Varejo,1,409.9,83.18,326.72,Venda
SKU_1646_CLE,19/08/2025,Atacado,12,2458.8,737.64,143.43,Venda
SKU_1402_WHI,19/08/2025,Atacado,6,1409.4,563.76,140.94,Venda
SKU_1713_SNO,19/08/2025,E-commerce,1,504.9,110.72,394.18,Venda
SKU_1753_WHI,19/08/2025,Atacado,6,4739.4,1658.76,513.44,Venda
SKU_1701_SPA,19/08/2025,E-commerce,1,339.9,55.72,284.18,Venda
SKU_1785_PAS,19/08/2025,Atacado,10,2449.0,979.6,146.94,Venda
SKU_1786_POW,19/08/2025,Atacado,12,2158.8,863.52,107.94,Venda
SKU_1575_AQU,19/08/2025,Atacado,3,2594.7,908.13,562.19,Venda
SKU_1706_JAD,19/08/2025,Atacado,6,1109.4,332.82,129.43,Venda
SKU_1648_RAS,19/08/2025,E-commerce,1,699.9,120.56,579.34,Venda
SKU_1762_DEN,19/08/2025,Varejo,1,254.9,61.21,193.69,Venda
SKU_2098_SPA,19/08/2025,Varejo,1,294.9,0.0,294.9,Venda
SKU_1428_COB,19/08/2025,Atacado,8,3919.2,1175.76,342.93,Venda
SKU_1728_MID,19/08/2025,Varejo,1,329.9,79.93,249.97,Venda
SKU_1793_WHI,19/08/2025,Atacado,5,949.5,284.85,132.93,Venda
SKU_1691_ROS,19/08/2025,Varejo,1,309.9,53.35,256.55,Venda
SKU_1792_MIN,19/08/2025,Varejo,1,439.9,131.09,308.81,Venda
SKU_1745_FOR,19/08/2025,Varejo,2,819.8,232.52,293.64,Venda
SKU_1749_BIR,19/08/2025,Atacado,6,2099.4,629.82,244.93,Venda
SKU_1787_BAB,19/08/2025,Varejo,1,289.9,85.38,204.52,Venda
SKU_1484_MOS,19/08/2025,Atacado,6,2759.4,827.82,321.93,Venda
SKU_1633_DEN,19/08/2025,Varejo,1,234.9,39.02,195.88,Venda
SKU_1723_MOS,19/08/2025,E-commerce,1,434.9,88.41,346.49,Venda
SKU_1516_EME,19/08/2025,Atacado,3,1049.7,314.91,244.93,Venda
SKU_1424_BAB,19/08/2025,Varejo,1,994.9,246.21,748.69,Venda
SKU_1695_LIM,19/08/2025,Varejo,1,209.9,60.31,149.59,Venda
SKU_1518_CLE,19/08/2025,Atacado,2,469.8,164.44,152.68,Venda
SKU_1617_DEN,19/08/2025,Varejo,3,494.7,136.83,119.29,Venda
SKU_1738_ROY,19/08/2025,Varejo,1,194.9,30.16,164.74,Venda
SKU_1794_FLA,19/08/2025,Atacado,10,2099.0,734.6,136.44,Venda
SKU_1438_MOS,19/08/2025,Varejo,2,409.8,100.92,154.44,Venda
SKU_1715_JAD,19/08/2025,Atacado,8,1759.2,527.76,153.93,Venda
SKU_1535_MOS,19/08/2025,E-commerce,1,304.9,76.79,228.11,Venda
SKU_1637_WHI,19/08/2025,Varejo,1,919.9,180.86,739.04,Venda
SKU_1683_PAL,19/08/2025,Atacado,3,944.7,283.41,220.43,Venda
SKU_1571_WHI,19/08/2025,Atacado,2,499.8,149.94,174.93,Venda
SKU_1559_BLU,19/08/2025,Atacado,5,5999.5,1799.85,839.93,Venda
SKU_1693_FLA,19/08/2025,Atacado,5,1024.5,358.6,133.18,Venda
SKU_1631_SNO,19/08/2025,Atacado,6,1079.4,377.76,116.94,Venda
SKU_1699_CLO,19/08/2025,E-commerce,1,329.9,74.91,254.99,Venda
SKU_1882_SPA,19/08/2025,Atacado,3,719.7,287.88,143.94,Venda
SKU_1792_MIN,19/08/2025,E-commerce,1,439.9,66.65,373.25,Venda
SKU_1514_PEA,19/08/2025,Atacado,2,1659.8,497.94,580.93,Venda
SKU_1733_NAV,19/08/2025,Varejo,1,349.9,98.37,251.53,Venda
SKU_1471_ROS,19/08/2025,Atacado,8,1639.2,491.76,143.43,Venda
SKU_1693_MEX,19/08/2025,Varejo,1,204.9,32.54,172.36,Venda
SKU_1481_TEA,19/08/2025,Varejo,1,809.9,128.39,681.51,Venda
SKU_2062_DUS,19/08/2025,Atacado,10,1399.0,489.6,90.94,Venda
SKU_1750_MIN,19/08/2025,Varejo,1,369.9,105.67,264.23,Venda
SKU_1772_SNO,19/08/2025,Atacado,5,2074.5,726.05,269.69,Venda
SKU_1741_PEA,19/08/2025,Atacado,12,2878.8,863.64,167.93,Venda
SKU_1630_LIM,19/08/2025,Atacado,2,669.8,267.92,200.94,Venda
SKU_1777_TUR,19/08/2025,Atacado,5,1199.5,359.85,167.93,Venda
SKU_1761_MOS,19/08/2025,Varejo,2,2209.8,593.46,808.17,Venda
SKU_1695_CRE,19/08/2025,Atacado,8,1679.2,671.68,125.94,Venda
SKU_1698_PRI,19/08/2025,Atacado,5,2099.5,629.85,293.93,Venda
SKU_1772_SNO,19/08/2025,Atacado,5,2074.5,622.35,290.43,Venda
SKU_1790_ROY,19/08/2025,Varejo,3,779.7,194.43,195.09,Venda
SKU_1685_BIR,19/08/2025,Atacado,2,1329.8,398.94,465.43,Venda
SKU_1689_MAG,19/08/2025,Atacado,8,7719.2,2701.76,627.18,Venda
SKU_1761_MOS,19/08/2025,Atacado,12,13258.8,5303.52,662.94,Venda
SKU_1773_OLI,19/08/2025,Atacado,5,1624.5,649.8,194.94,Venda
SKU_1757_TUR,19/08/2025,Atacado,3,794.7,317.88,158.94,Venda
SKU_1809_SHO,19/08/2025,Atacado,8,1919.2,671.68,155.94,Venda
SKU_1727_LIG,19/08/2025,Atacado,10,1549.0,619.6,92.94,Venda
SKU_1616_SER,19/08/2025,E-commerce,1,1024.9,187.62,837.28,Venda
SKU_1755_AQU,19/08/2025,Atacado,10,3349.0,1172.1,217.69,Venda
SKU_1960_BAL,19/08/2025,E-commerce,1,174.9,0.0,174.9,Venda
SKU_1732_OFF,19/08/2025,Atacado,6,6689.4,2341.32,724.68,Venda
SKU_1734_FRE,19/08/2025,Atacado,3,1049.7,314.91,244.93,Venda
SKU_1825_MIN,19/08/2025,Varejo,2,349.8,0.0,174.9,Venda
SKU_1767_FUC,19/08/2025,Varejo,2,409.8,105.46,152.17,Venda
SKU_1703_BLU,19/08/2025,Varejo,1,269.9,72.92,196.98,Venda
SKU_1758_CLO,19/08/2025,E-commerce,1,179.9,47.45,132.45,Venda
SKU_1400_FOR,19/08/2025,Atacado,5,1049.5,367.3,136.44,Venda
SKU_1715_HON,19/08/2025,Varejo,1,219.9,33.44,186.46,Venda
SKU_1758_CLO,19/08/2025,Atacado,8,1439.2,575.68,107.94,Venda
SKU_1594_WHI,19/08/2025,Atacado,2,999.8,399.92,299.94,Venda
SKU_1801_FLA,19/08/2025,Varejo,3,1124.7,245.64,293.02,Venda
SKU_1674_PAS,19/08/2025,Varejo,1,229.9,60.68,169.22,Venda
SKU_1398_AQU,19/08/2025,Atacado,5,3374.5,1181.05,438.69,Venda
SKU_1762_BRI,19/08/2025,Varejo,1,254.9,62.72,192.18,Venda
SKU_1782_NAV,19/08/2025,Atacado,4,999.6,299.88,174.93,Venda
SKU_1465_OFF,19/08/2025,Atacado,4,1259.6,377.88,220.43,Venda
SKU_1669_COR,19/08/2025,Atacado,6,1199.4,419.76,129.94,Venda
SKU_1404_ARM,19/08/2025,Varejo,1,1019.9,159.62,860.28,Venda
SKU_1681_OFF,19/08/2025,Atacado,8,1879.2,563.76,164.43,Venda
SKU_1749_SNO,19/08/2025,Varejo,1,349.9,77.92,271.98,Venda
SKU_1394_FOR,19/08/2025,Varejo,1,469.9,123.95,345.95,Venda
SKU_1727_LIG,19/08/2025,Varejo,1,154.9,29.25,125.65,Venda
SKU_1467_FUC,19/08/2025,Varejo,1,204.9,39.65,165.25,Venda
SKU_1757_PIN,19/08/2025,Atacado,3,794.7,238.41,185.43,Venda
SKU_1606_COB,19/08/2025,Atacado,3,3254.7,1139.16,705.18,Venda
SKU_1719_WHI,19/08/2025,E-commerce,1,319.9,89.09,230.81,Venda
SKU_1645_MYS,19/08/2025,Atacado,4,1599.6,479.88,279.93,Venda
SKU_1731_MIN,19/08/2025,Atacado,2,1819.8,545.94,636.93,Venda
SKU_1408_FUC,19/08/2025,Varejo,1,919.9,241.43,678.47,Venda
SKU_1801_MOS,19/08/2025,Varejo,1,374.9,104.4,270.5,Venda
SKU_1741_PEA,19/08/2025,Atacado,2,479.8,215.92,131.94,Venda
SKU_1693_FLA,19/08/2025,Atacado,4,819.6,327.84,122.94,Venda
SKU_1418_CLE,19/08/2025,Atacado,4,3379.6,1013.88,591.43,Venda
SKU_1691_ROS,19/08/2025,Atacado,12,3718.8,1673.4,170.45,Venda
SKU_1729_FUC,19/08/2025,E-commerce,1,174.9,33.07,141.83,Venda
SKU_1597_FLA,19/08/2025,Varejo,1,529.9,129.46,400.44,Venda
SKU_1576_AQU,19/08/2025,Varejo,3,734.7,204.45,176.75,Venda
SKU_1792_MIN,19/08/2025,Varejo,1,439.9,96.73,343.17,Venda
SKU_1734_FRE,19/08/2025,Atacado,4,1399.6,489.84,227.44,Venda
SKU_1731_ARM,19/08/2025,E-commerce,1,909.9,244.76,665.14,Venda
SKU_1702_LIG,19/08/2025,Varejo,1,619.9,129.07,490.83,Venda
SKU_1737_DEE,19/08/2025,Atacado,6,4619.4,1847.76,461.94,Venda
SKU_1718_SEA,19/08/2025,Atacado,6,2219.4,998.76,203.44,Venda
SKU_1718_DUS,19/08/2025,Varejo,1,369.9,107.33,262.57,Venda
SKU_1721_FRE,19/08/2025,Atacado,5,2099.5,629.85,293.93,Venda
SKU_1757_TUR,19/08/2025,Varejo,3,794.7,221.4,191.1,Venda
SKU_2006_PRI,19/08/2025,Atacado,3,2714.7,814.41,633.43,Venda
SKU_1851_DEE,19/08/2025,Atacado,5,1074.5,376.1,139.68,Venda
SKU_1462_OFF,19/08/2025,Varejo,2,729.8,178.52,275.64,Venda
SKU_1788_MYS,19/08/2025,Atacado,8,1999.2,799.68,149.94,Venda
SKU_1763_MAR,19/08/2025,Varejo,1,299.9,61.78,238.12,Venda
SKU_1780_AQU,19/08/2025,Varejo,1,334.9,69.72,265.18,Venda
SKU_1766_MYS,19/08/2025,Varejo,1,394.9,83.9,311.0,Venda
SKU_1742_EME,19/08/2025,Varejo,1,259.9,47.19,212.71,Venda
SKU_1773_OLI,19/08/2025,Atacado,8,2599.2,779.76,227.43,Venda
SKU_1608_MID,19/08/2025,E-commerce,2,609.8,115.5,247.15,Venda
SKU_1800_SKY,19/08/2025,Varejo,1,279.9,50.1,229.8,Venda
SKU_1793_WHI,19/08/2025,Atacado,3,569.7,199.38,123.44,Venda
SKU_1755_BIR,19/08/2025,Varejo,2,669.8,134.04,267.88,Venda
SKU_1801_MOS,19/08/2025,Varejo,1,374.9,109.05,265.85,Venda
SKU_1568_PIN,19/08/2025,Atacado,10,2349.0,704.7,164.43,Venda
SKU_1737_SAG,19/08/2025,Atacado,5,3849.5,1154.85,538.93,Venda
SKU_1584_FLA,19/08/2025,Atacado,8,1479.2,517.76,120.18,Venda
SKU_1512_TEA,19/08/2025,Varejo,1,224.9,44.15,180.75,Venda
SKU_1754_IVO,19/08/2025,Varejo,2,679.8,130.16,274.82,Venda
SKU_1925_PRI,19/08/2025,Atacado,12,4378.8,1313.64,255.43,Venda
SKU_1750_SNO,19/08/2025,Atacado,4,1479.6,517.84,240.44,Venda
SKU_1707_SAP,19/08/2025,Atacado,2,559.8,167.94,195.93,Venda
SKU_1837_EGR,19/08/2025,Atacado,10,2499.0,874.6,162.44,Venda
SKU_1549_BAL,19/08/2025,Atacado,3,554.7,166.41,129.43,Venda
SKU_1758_CLO,19/08/2025,Varejo,1,179.9,38.24,141.66,Venda
SKU_1769_EME,19/08/2025,Atacado,4,1299.6,389.88,227.43,Venda
SKU_1712_NAV,19/08/2025,Atacado,5,899.5,269.85,125.93,Venda
SKU_1573_SAG,19/08/2025,Atacado,10,10249.0,3587.2,666.18,Venda
SKU_1528_DEN,19/08/2025,Varejo,1,214.9,63.47,151.43,Venda
SKU_1906_SHO,19/08/2025,E-commerce,1,294.9,0.0,294.9,Venda
SKU_1709_CRE,19/08/2025,Varejo,2,419.8,77.42,171.19,Venda
SKU_1756_FLA,19/08/2025,Atacado,10,1799.0,629.6,116.94,Venda
SKU_1778_TEA,19/08/2025,Atacado,3,854.7,299.13,185.19,Venda
SKU_1422_MIN,19/08/2025,Atacado,5,1574.5,551.05,204.69,Venda
SKU_1762_BRI,19/08/2025,Varejo,1,254.9,48.82,206.08,Venda
SKU_1772_BLU,19/08/2025,Varejo,1,414.9,64.11,350.79,Venda
SKU_1683_SHO,19/08/2025,Atacado,2,629.8,188.94,220.43,Venda
SKU_1925_PRI,19/08/2025,Atacado,5,1824.5,547.35,255.43,Venda
SKU_1393_SKY,19/08/2025,Atacado,6,1859.4,650.76,201.44,Venda
SKU_1710_MEX,19/08/2025,Varejo,2,1619.8,454.46,582.67,Venda
SKU_1776_BIR,19/08/2025,Atacado,12,3958.8,1187.64,230.93,Venda
SKU_1566_POW,19/08/2025,Varejo,2,2069.8,385.46,842.17,Venda
SKU_1770_JAD,19/08/2025,Atacado,6,1319.4,395.82,153.93,Venda
SKU_1600_SHO,19/08/2025,E-commerce,1,394.9,90.67,304.23,Venda
SKU_1758_HON,19/08/2025,Varejo,3,539.7,136.41,134.43,Venda
SKU_2097_SPA,19/08/2025,Atacado,4,799.6,239.88,139.93,Venda
SKU_1711_VAN,19/08/2025,Varejo,1,994.9,214.3,780.6,Venda
SKU_1770_JAD,19/08/2025,Varejo,1,219.9,44.16,175.74,Venda
SKU_1561_LIM,19/08/2025,Varejo,1,349.9,99.11,250.79,Venda
SKU_1690_MAG,19/08/2025,Varejo,2,1079.8,249.2,415.3,Venda
SKU_1743_DEE,19/08/2025,E-commerce,2,879.8,217.24,331.28,Venda
SKU_1714_DEE,19/08/2025,Varejo,1,304.9,80.84,224.06,Venda
SKU_1400_FOR,19/08/2025,Atacado,6,1259.4,440.76,136.44,Venda
SKU_1724_PEA,19/08/2025,Varejo,1,1114.9,284.05,830.85,Venda
SKU_1475_MIN,19/08/2025,Atacado,2,499.8,199.92,149.94,Venda
SKU_1753_WHI,19/08/2025,Atacado,5,3949.5,1184.85,552.93,Venda
SKU_1718_DUS,19/08/2025,Atacado,5,1849.5,647.3,240.44,Venda
SKU_1630_LIM,19/08/2025,Atacado,6,2009.4,602.82,234.43,Venda
SKU_1792_MIN,19/08/2025,Varejo,1,439.9,75.08,364.82,Venda
SKU_1731_MIN,19/08/2025,E-commerce,1,909.9,195.16,714.74,Venda
SKU_1759_CLE,19/08/2025,Varejo,1,269.9,69.5,200.4,Venda
SKU_1712_MOS,19/08/2025,Varejo,1,179.9,46.83,133.07,Venda
SKU_1697_MIN,19/08/2025,Atacado,3,659.7,263.88,131.94,Venda
SKU_1683_SHO,19/08/2025,Atacado,6,1889.4,566.82,220.43,Venda
SKU_1688_LIG,19/08/2025,Varejo,3,1289.7,335.88,317.94,Venda
SKU_1731_MIN,19/08/2025,Atacado,2,1819.8,636.92,591.44,Venda
SKU_1700_HUN,19/08/2025,Atacado,4,2799.6,839.88,489.93,Venda
SKU_1797_BLU,19/08/2025,E-commerce,1,379.9,98.26,281.64,Venda
SKU_1502_PEA,19/08/2025,Atacado,2,419.8,146.92,136.44,Venda
SKU_1705_SER,19/08/2025,Atacado,3,1229.7,368.91,286.93,Venda
SKU_1794_FLA,19/08/2025,Atacado,2,419.8,146.92,136.44,Venda
SKU_1770_JAD,19/08/2025,Varejo,1,219.9,57.94,161.96,Venda
SKU_1435_OLI,19/08/2025,E-commerce,1,1009.9,155.69,854.21,Venda
SKU_1721_COR,19/08/2025,E-commerce,1,419.9,106.68,313.22,Venda
SKU_1726_PAS,19/08/2025,Atacado,6,2579.4,773.82,300.93,Venda
SKU_1689_IVO,19/08/2025,E-commerce,1,964.9,241.03,723.87,Venda
SKU_1458_PEA,19/08/2025,Varejo,2,699.8,118.08,290.86,Venda
SKU_1677_VAN,19/08/2025,Atacado,3,1709.7,512.91,398.93,Venda
SKU_1723_MOS,19/08/2025,E-commerce,1,434.9,76.73,358.17,Venda
SKU_1817_BUB,19/08/2025,Atacado,4,879.6,263.88,153.93,Venda
SKU_1682_BIR,19/08/2025,Atacado,4,939.6,375.84,140.94,Venda
SKU_1796_OLI,19/08/2025,E-commerce,1,504.9,128.85,376.05,Venda
SKU_1762_BRI,19/08/2025,Varejo,4,1019.6,286.52,183.27,Venda
SKU_1408_PAS,19/08/2025,Atacado,4,3679.6,1287.84,597.94,Venda
SKU_1708_FLA,19/08/2025,E-commerce,1,169.9,45.44,124.46,Venda
SKU_1690_MYS,19/08/2025,Atacado,5,2699.5,809.85,377.93,Venda
SKU_1872_SAP,19/08/2025,E-commerce,1,854.9,0.0,854.9,Venda
SKU_1791_IVO,19/08/2025,Varejo,1,264.9,61.87,203.03,Venda
SKU_1729_CLE,19/08/2025,Atacado,5,874.5,306.1,113.68,Venda
SKU_1667_MID,19/08/2025,E-commerce,1,209.9,58.34,151.56,Venda
SKU_1762_BRI,19/08/2025,Varejo,1,254.9,55.92,198.98,Venda
SKU_1717_CRE,19/08/2025,Atacado,6,1559.4,545.76,168.94,Venda
SKU_1789_SNO,19/08/2025,Varejo,1,269.9,70.36,199.54,Venda
SKU_1695_CRE,19/08/2025,Varejo,1,209.9,56.1,153.8,Venda
SKU_1791_IVO,19/08/2025,Varejo,1,264.9,75.12,189.78,Venda
SKU_1870_SAG,19/08/2025,Varejo,1,229.9,16.09,213.81,Venda
SKU_1777_FRE,19/08/2025,Atacado,5,1199.5,359.85,167.93,Venda
SKU_1711_VAN,19/08/2025,Atacado,5,4974.5,1492.35,696.43,Venda
SKU_1758_CLO,19/08/2025,Varejo,2,359.8,59.82,149.99,Venda
SKU_1450_MAG,19/08/2025,Atacado,4,1639.6,573.84,266.44,Venda
SKU_1689_IVO,19/08/2025,Varejo,1,964.9,153.65,811.25,Venda
SKU_1704_BAB,19/08/2025,E-commerce,1,334.9,58.55,276.35,Venda
SKU_1599_WHI,19/08/2025,E-commerce,1,469.9,96.17,373.73,Venda
SKU_1736_JAD,19/08/2025,Varejo,2,649.8,102.24,273.78,Venda
SKU_1612_PAL,19/08/2025,Atacado,5,1649.5,577.3,214.44,Venda
SKU_2088_DUS,19/08/2025,Atacado,12,13138.8,4598.64,711.68,Venda
SKU_1754_IVO,19/08/2025,E-commerce,1,339.9,82.25,257.65,Venda
SKU_1640_TEA,19/08/2025,Atacado,5,1099.5,329.85,153.93,Venda
SKU_1794_LIG,19/08/2025,Atacado,6,1259.4,503.76,125.94,Venda
SKU_1780_AQU,19/08/2025,Varejo,1,334.9,65.16,269.74,Venda
SKU_2067_DUS,19/08/2025,Varejo,2,699.8,0.0,349.9,Venda
SKU_1642_OFF,19/08/2025,Atacado,5,1124.5,337.35,157.43,Venda
SKU_1716_SAL,19/08/2025,E-commerce,1,164.9,38.85,126.05,Venda
SKU_1511_CLE,19/08/2025,E-commerce,1,934.9,148.73,786.17,Venda
SKU_1710_MEX,19/08/2025,Varejo,1,809.9,204.33,605.57,Venda
SKU_1695_CRE,19/08/2025,Varejo,2,419.8,114.9,152.45,Venda
SKU_1416_AQU,19/08/2025,Atacado,6,1679.4,503.82,195.93,Venda
SKU_1410_ROS,19/08/2025,Varejo,1,1139.9,197.34,942.56,Venda
SKU_1776_BIR,19/08/2025,Varejo,1,329.9,80.06,249.84,Venda
SKU_1739_MOS,19/08/2025,Varejo,1,254.9,68.66,186.24,Venda
SKU_1687_FOR,19/08/2025,E-commerce,1,899.9,214.4,685.5,Venda
SKU_1723_MOS,19/08/2025,Varejo,1,434.9,75.98,358.92,Venda
SKU_1766_MYS,19/08/2025,Atacado,8,3159.2,1263.68,236.94,Venda
SKU_2071_PAS,19/08/2025,Atacado,10,2599.0,909.6,168.94,Venda
SKU_1783_BAB,19/08/2025,E-commerce,1,1199.9,228.45,971.45,Venda
SKU_1559_BLU,19/08/2025,Varejo,1,1199.9,229.13,970.77,Venda
SKU_1774_COB,19/08/2025,E-commerce,1,204.9,40.4,164.5,Venda
SKU_1721_FRE,19/08/2025,E-commerce,1,419.9,107.23,312.67,Venda
SKU_1681_PIS,19/08/2025,Atacado,8,1879.2,845.6,129.2,Venda
SKU_1762_DEN,19/08/2025,Varejo,3,764.7,221.43,181.09,Venda
SKU_1611_BRI,19/08/2025,Varejo,2,439.8,103.8,168.0,Venda
SKU_1719_OFF,19/08/2025,E-commerce,1,319.9,83.14,236.76,Venda
SKU_1735_MOS,19/08/2025,Atacado,2,539.8,215.92,161.94,Venda
SKU_1798_OFF,19/08/2025,Varejo,1,419.9,94.06,325.84,Venda
SKU_1761_SAP,19/08/2025,Varejo,2,2209.8,625.4,792.2,Venda
SKU_1389_BAB,19/08/2025,Varejo,2,279.8,64.98,107.41,Venda
SKU_1752_SPA,19/08/2025,Atacado,2,859.8,257.94,300.93,Venda
SKU_1726_PAS,19/08/2025,E-commerce,1,429.9,81.09,348.81,Venda
SKU_1798_MOS,19/08/2025,Atacado,5,2099.5,839.8,251.94,Venda
SKU_1705_SER,19/08/2025,Varejo,1,409.9,80.37,329.53,Venda
SKU_1618_SAL,19/08/2025,Atacado,4,719.6,251.84,116.94,Venda
SKU_1737_DEE,19/08/2025,Atacado,10,7699.0,2694.6,500.44,Venda
SKU_1736_PAS,19/08/2025,Varejo,2,649.8,133.18,258.31,Venda
SKU_1743_DEE,19/08/2025,Varejo,1,439.9,69.36,370.54,Venda
SKU_1800_MOS,19/08/2025,E-commerce,1,279.9,79.26,200.64,Venda
SKU_1683_PAL,19/08/2025,E-commerce,1,314.9,83.22,231.68,Venda
SKU_1701_SPA,19/08/2025,Varejo,2,679.8,182.8,248.5,Venda
SKU_1697_PIS,19/08/2025,Varejo,1,219.9,63.1,156.8,Venda
SKU_1793_WHI,19/08/2025,Atacado,5,949.5,332.3,123.44,Venda
SKU_1396_FUC,19/08/2025,Varejo,1,134.9,21.79,113.11,Venda
SKU_1577_HUN,19/08/2025,Varejo,1,159.9,25.55,134.35,Venda
SKU_1680_NAV,19/08/2025,Atacado,4,1339.6,401.88,234.43,Venda
SKU_1738_BLU,19/08/2025,Varejo,1,194.9,45.13,149.77,Venda
SKU_1483_WHI,19/08/2025,Atacado,6,1949.4,584.82,227.43,Venda
SKU_1467_FUC,19/08/2025,Atacado,2,409.8,122.94,143.43,Venda
SKU_1836_CRE,19/08/2025,Varejo,2,1429.8,0.0,714.9,Venda
SKU_2045_AQU,19/08/2025,Varejo,1,194.9,0.0,194.9,Venda
SKU_1414_CLO,19/08/2025,Atacado,10,3399.0,1019.7,237.93,Venda
SKU_1470_MAR,19/08/2025,Atacado,3,2759.7,827.91,643.93,Venda
SKU_1779_MIN,19/08/2025,Atacado,6,1289.4,386.82,150.43,Venda
SKU_1800_SKY,19/08/2025,E-commerce,1,279.9,48.6,231.3,Venda
SKU_1787_BAB,19/08/2025,Atacado,6,1739.4,608.76,188.44,Venda
SKU_1730_MIN,19/08/2025,Varejo,1,319.9,70.56,249.34,Venda
SKU_1702_LIG,19/08/2025,Atacado,5,3099.5,1084.8,402.94,Venda
SKU_1720_PAL,19/08/2025,Atacado,6,1349.4,472.32,146.18,Venda
SKU_1686_SKY,19/08/2025,Varejo,1,214.9,51.99,162.91,Venda
SKU_1903_PAS,19/08/2025,E-commerce,1,329.9,0.0,329.9,Venda
SKU_1663_SNO,19/08/2025,Atacado,3,2384.7,715.41,556.43,Venda
SKU_1758_CLO,19/08/2025,Atacado,5,899.5,269.85,125.93,Venda
SKU_1707_SAP,19/08/2025,E-commerce,1,279.9,57.29,222.61,Venda
SKU_1800_SKY,19/08/2025,Atacado,6,1679.4,587.76,181.94,Venda
SKU_1702_COR,19/08/2025,E-commerce,1,619.9,178.41,441.49,Venda
SKU_1746_EME,19/08/2025,Varejo,1,179.9,49.87,130.03,Venda
SKU_1728_EGR,19/08/2025,Atacado,10,3299.0,1154.6,214.44,Venda
SKU_1724_PEA,19/08/2025,Varejo,1,1114.9,213.7,901.2,Venda
SKU_1676_PIN,19/08/2025,Varejo,1,169.9,46.31,123.59,Venda
SKU_1703_BLU,19/08/2025,Atacado,12,3238.8,1133.52,175.44,Venda
SKU_1795_RAS,19/08/2025,Atacado,10,2999.0,1049.6,194.94,Venda
SKU_1741_PEA,19/08/2025,Atacado,6,1439.4,431.82,167.93,Venda
SKU_1425_WHI,19/08/2025,Varejo,2,419.8,88.88,165.46,Venda
SKU_1722_AQU,19/08/2025,Atacado,10,3249.0,1137.1,211.19,Venda
SKU_1682_BIR,19/08/2025,Varejo,3,704.7,180.24,174.82,Venda
SKU_1782_HUN,19/08/2025,Atacado,3,749.7,299.88,149.94,Venda
SKU_1692_OLI,19/08/2025,E-commerce,1,219.9,53.87,166.03,Venda
SKU_1684_SHO,19/08/2025,Atacado,8,1479.2,517.76,120.18,Venda
SKU_1679_GAR,19/08/2025,Varejo,2,1839.8,488.5,675.65,Venda
SKU_1462_OFF,19/08/2025,Varejo,1,364.9,65.54,299.36,Venda
SKU_1482_MOS,19/08/2025,Atacado,5,2224.5,778.55,289.19,Venda
SKU_1610_PRI,19/08/2025,Atacado,3,554.7,221.88,110.94,Venda
SKU_1726_PAS,19/08/2025,Varejo,1,429.9,110.25,319.65,Venda
SKU_1671_MIN,19/08/2025,E-commerce,1,349.9,87.34,262.56,Venda
SKU_1683_PAL,19/08/2025,E-commerce,1,314.9,84.35,230.55,Venda
SKU_1681_OFF,19/08/2025,Atacado,5,1174.5,411.1,152.68,Venda
SKU_1720_PAL,19/08/2025,Varejo,1,224.9,41.57,183.33,Venda
SKU_1555_RAS,19/08/2025,Atacado,2,379.8,113.94,132.93,Venda
SKU_1724_PEA,19/08/2025,E-commerce,1,1114.9,183.88,931.02,Venda
SKU_1723_COB,19/08/2025,E-commerce,2,869.8,204.6,332.6,Venda
SKU_1800_MOS,19/08/2025,Atacado,5,1399.5,419.85,195.93,Venda
SKU_1625_GAR,19/08/2025,E-commerce,1,204.9,37.52,167.38,Venda
SKU_1774_COB,19/08/2025,Atacado,3,614.7,215.16,133.18,Venda
SKU_1687_WHI,19/08/2025,Atacado,10,8999.0,3149.6,584.94,Venda
SKU_1713_SAL,19/08/2025,Varejo,1,504.9,114.09,390.81,Venda
SKU_1728_EGR,19/08/2025,Atacado,12,3958.8,1583.52,197.94,Venda
SKU_1776_BIR,19/08/2025,Atacado,2,659.8,263.92,197.94,Venda
SKU_1731_ARM,19/08/2025,Varejo,1,909.9,271.64,638.26,Venda
SKU_1397_BUB,19/08/2025,Atacado,8,1879.2,657.76,152.68,Venda
SKU_1707_ARM,19/08/2025,Varejo,1,279.9,79.38,200.52,Venda
SKU_1754_IVO,19/08/2025,Atacado,5,1699.5,594.8,220.94,Venda
SKU_1748_COB,19/08/2025,Atacado,6,1859.4,650.76,201.44,Venda
SKU_2035_LIG,19/08/2025,Atacado,10,2249.0,899.6,134.94,Venda
SKU_1712_MOS,19/08/2025,Atacado,4,719.6,251.84,116.94,Venda
SKU_1853_ROS,19/08/2025,Atacado,3,2699.7,809.91,629.93,Venda
SKU_1639_WHI,19/08/2025,E-commerce,2,379.8,94.14,142.83,Venda
SKU_1471_LIG,19/08/2025,Varejo,1,204.9,31.21,173.69,Venda
SKU_1690_MYS,19/08/2025,Atacado,6,3239.4,971.82,377.93,Venda
SKU_1599_CER,19/08/2025,Varejo,2,939.8,156.48,391.66,Venda
SKU_1801_FLA,19/08/2025,Varejo,1,374.9,66.06,308.84,Venda
SKU_1777_FRE,19/08/2025,E-commerce,1,239.9,53.63,186.27,Venda
SKU_1558_CLE,19/08/2025,Varejo,1,329.9,54.29,275.61,Venda
SKU_1621_PAS,19/08/2025,E-commerce,2,469.8,73.46,198.17,Venda
SKU_1614_VAN,19/08/2025,Atacado,2,889.8,400.4,244.7,Venda
SKU_1682_OLI,19/08/2025,Varejo,1,234.9,62.93,171.97,Venda
SKU_1686_MOS,19/08/2025,Varejo,1,214.9,57.42,157.48,Venda
SKU_1684_SHO,19/08/2025,Varejo,2,369.8,91.86,138.97,Venda
SKU_1769_WHI,19/08/2025,Varejo,1,324.9,69.58,255.32,Venda
SKU_1779_LIG,19/08/2025,Varejo,1,214.9,41.27,173.63,Venda
SKU_1609_LIM,19/08/2025,Atacado,10,2699.0,809.7,188.93,Venda
SKU_1689_IVO,19/08/2025,Atacado,2,1929.8,578.94,675.43,Venda
SKU_1739_AQU,19/08/2025,Atacado,8,2039.2,713.76,165.68,Venda
SKU_1760_OFF,19/08/2025,Atacado,5,1249.5,437.3,162.44,Venda
SKU_1767_FUC,19/08/2025,Atacado,12,2458.8,860.64,133.18,Venda
SKU_1432_BRI,19/08/2025,E-commerce,1,719.9,190.75,529.15,Venda
SKU_1785_PAS,19/08/2025,E-commerce,1,244.9,47.12,197.78,Venda
SKU_2055_RAS,19/08/2025,Atacado,3,1379.7,551.88,275.94,Venda
SKU_1772_SNO,19/08/2025,Varejo,1,414.9,63.7,351.2,Venda
SKU_1578_TEA,19/08/2025,Atacado,8,999.2,349.76,81.18,Venda
SKU_1723_MOS,19/08/2025,Varejo,4,1739.6,437.44,325.54,Venda
SKU_1794_FLA,19/08/2025,Atacado,3,629.7,251.88,125.94,Venda
SKU_1467_OLI,19/08/2025,Varejo,2,409.8,101.32,154.24,Venda
SKU_1776_PAS,19/08/2025,Atacado,8,2639.2,791.76,230.93,Venda
SKU_1480_SNO,19/08/2025,E-commerce,1,369.9,70.31,299.59,Venda
SKU_1717_MIN,19/08/2025,Varejo,1,259.9,76.99,182.91,Venda
SKU_1739_MOS,19/08/2025,Varejo,4,1019.6,221.12,199.62,Venda
SKU_1440_BLU,19/08/2025,Atacado,4,4799.6,1679.84,779.94,Venda
SKU_1435_SKY,19/08/2025,Varejo,1,1009.9,244.55,765.35,Venda
SKU_1719_WHI,19/08/2025,Atacado,6,1919.4,671.76,207.94,Venda
SKU_1737_SAG,19/08/2025,Varejo,1,769.9,205.25,564.65,Venda
SKU_1733_NAV,19/08/2025,Atacado,5,1749.5,699.8,209.94,Venda
SKU_1748_BAB,19/08/2025,E-commerce,1,309.9,85.66,224.24,Venda
SKU_1424_VAN,19/08/2025,Atacado,5,4974.5,2238.5,547.2,Venda
SKU_1390_SAP,19/08/2025,Atacado,8,1839.2,735.68,137.94,Venda
SKU_1649_GAR,19/08/2025,Atacado,2,469.8,164.44,152.68,Venda
SKU_1524_BLU,19/08/2025,E-commerce,1,369.9,86.64,283.26,Venda
SKU_1685_COB,19/08/2025,E-commerce,1,664.9,104.61,560.29,Venda
SKU_1492_SKY,19/08/2025,Atacado,4,1499.6,674.8,206.2,Venda
SKU_1562_CLO,19/08/2025,Atacado,2,619.8,185.94,216.93,Venda
SKU_1626_DEN,19/08/2025,Atacado,12,6478.8,2267.52,350.94,Venda
SKU_1752_SPA,19/08/2025,Varejo,1,429.9,105.96,323.94,Venda
SKU_1556_HUN,19/08/2025,Atacado,5,1024.5,358.6,133.18,Venda
SKU_1510_SNO,19/08/2025,Varejo,1,834.9,225.12,609.78,Venda
SKU_1713_SNO,19/08/2025,E-commerce,1,504.9,144.08,360.82,Venda
SKU_1763_MAR,19/08/2025,Varejo,1,299.9,55.94,243.96,Venda
SKU_1489_TEA,19/08/2025,Atacado,4,1479.6,443.88,258.93,Venda
SKU_1766_CLE,19/08/2025,Atacado,10,3949.0,1579.6,236.94,Venda
SKU_1770_DEE,19/08/2025,Atacado,6,1319.4,527.76,131.94,Venda
SKU_1762_BRI,19/08/2025,Varejo,2,509.8,93.7,208.05,Venda
SKU_1789_SNO,19/08/2025,Varejo,1,269.9,75.18,194.72,Venda
SKU_1584_AQU,19/08/2025,E-commerce,2,369.8,87.8,141.0,Venda
SKU_1684_SHO,19/08/2025,Atacado,3,554.7,194.16,120.18,Venda
SKU_1633_DEN,19/08/2025,Atacado,8,1879.2,657.76,152.68,Venda
SKU_1446_SHO,19/08/2025,Atacado,5,1349.5,539.8,161.94,Venda
SKU_1789_SNO,19/08/2025,Atacado,4,1079.6,323.88,188.93,Venda
SKU_1719_OFF,19/08/2025,E-commerce,1,319.9,84.41,235.49,Venda
SKU_1729_FUC,19/08/2025,Varejo,1,174.9,33.25,141.65,Venda
SKU_1626_BAB,19/08/2025,E-commerce,1,539.9,136.13,403.77,Venda
SKU_1613_BIR,19/08/2025,Varejo,1,189.9,48.68,141.22,Venda
SKU_1533_CER,19/08/2025,Atacado,12,1978.8,692.64,107.18,Venda
SKU_1728_EGR,19/08/2025,Atacado,4,1319.6,461.84,214.44,Venda
SKU_1768_MIN,19/08/2025,Atacado,3,1874.7,749.88,374.94,Venda
SKU_1699_CLO,19/08/2025,Atacado,6,1979.4,593.82,230.93,Venda
SKU_1716_SAL,19/08/2025,Varejo,1,164.9,37.9,127.0,Venda
SKU_1497_FUC,19/08/2025,Atacado,4,539.6,215.84,80.94,Venda
SKU_1728_EGR,19/08/2025,Atacado,8,2639.2,923.68,214.44,Venda
SKU_1617_DEN,19/08/2025,Atacado,8,1319.2,395.76,115.43,Venda
SKU_1800_MOS,19/08/2025,Atacado,5,1399.5,559.8,167.94,Venda
SKU_1774_MOS,19/08/2025,Atacado,3,614.7,215.16,133.18,Venda
SKU_1435_SKY,19/08/2025,E-commerce,1,1009.9,232.0,777.9,Venda
SKU_1635_SAG,19/08/2025,Varejo,1,604.9,167.94,436.96,Venda
SKU_1686_SKY,19/08/2025,Varejo,1,214.9,59.87,155.03,Venda
SKU_1479_MIN,19/08/2025,Atacado,8,4439.2,1775.68,332.94,Venda
SKU_1792_MIN,19/08/2025,E-commerce,1,439.9,73.95,365.95,Venda
SKU_1703_BLU,19/08/2025,Varejo,2,539.8,146.28,196.76,Venda
SKU_1687_WHI,19/08/2025,Varejo,1,899.9,227.53,672.37,Venda
SKU_1685_COB,19/08/2025,Atacado,8,5319.2,1861.68,432.19,Venda
SKU_1696_SER,19/08/2025,Atacado,4,1119.6,447.84,167.94,Venda
SKU_1618_SAL,19/08/2025,Varejo,1,179.9,44.2,135.7,Venda
SKU_1484_MOS,19/08/2025,Atacado,4,1839.6,551.88,321.93,Venda
SKU_1399_PAL,19/08/2025,Atacado,5,1349.5,404.85,188.93,Venda
SKU_1690_MYS,19/08/2025,Varejo,2,1079.8,315.52,382.14,Venda
SKU_1685_BIR,19/08/2025,Atacado,3,1994.7,797.88,398.94,Venda
SKU_1574_COB,19/08/2025,Atacado,2,1209.8,423.42,393.19,Venda
SKU_1487_CLE,19/08/2025,Atacado,3,1004.7,401.88,200.94,Venda
SKU_1795_RAS,19/08/2025,Atacado,5,1499.5,449.85,209.93,Venda
SKU_1943_AQU,19/08/2025,E-commerce,1,279.9,19.59,260.31,Venda
SKU_1759_CLE,19/08/2025,Varejo,1,269.9,68.29,201.61,Venda
SKU_2019_TUR,19/08/2025,Varejo,1,549.9,0.0,549.9,Venda
SKU_1713_SAL,19/08/2025,Atacado,6,3029.4,1060.26,328.19,Venda
SKU_1796_OLI,19/08/2025,Atacado,4,2019.6,807.84,302.94,Venda
SKU_1517_ROS,19/08/2025,Varejo,1,1199.9,234.69,965.21,Venda
SKU_1474_DEN,19/08/2025,Varejo,1,1059.9,185.92,873.98,Venda
SKU_1728_MID,19/08/2025,Varejo,3,989.7,211.53,259.39,Venda
SKU_1716_AQU,19/08/2025,Atacado,2,329.8,115.44,107.18,Venda
SKU_1669_COR,19/08/2025,Atacado,4,799.6,239.88,139.93,Venda
SKU_1772_BLU,19/08/2025,Atacado,6,2489.4,746.82,290.43,Venda
SKU_1772_BLU,19/08/2025,Atacado,8,3319.2,995.76,290.43,Venda
SKU_1533_DUS,19/08/2025,Atacado,8,1319.2,395.76,115.43,Venda
SKU_1622_VAN,19/08/2025,Atacado,6,1619.4,566.76,175.44,Venda
SKU_1747_FUC,19/08/2025,Varejo,1,174.9,38.99,135.91,Venda
SKU_1897_JAD,19/08/2025,Atacado,12,2818.8,845.64,164.43,Venda
SKU_1749_BIR,19/08/2025,Varejo,1,349.9,93.3,256.6,Venda
SKU_1712_MOS,19/08/2025,Varejo,1,179.9,32.46,147.44,Venda
SKU_1655_SNO,19/08/2025,Varejo,1,644.9,99.62,545.28,Venda
SKU_1800_SKY,19/08/2025,Atacado,5,1399.5,419.85,195.93,Venda
SKU_1693_MEX,19/08/2025,Varejo,1,204.9,36.1,168.8,Venda
SKU_1556_SAL,19/08/2025,Varejo,1,204.9,34.71,170.19,Venda
SKU_1772_SNO,19/08/2025,Atacado,5,2074.5,726.05,269.69,Venda
SKU_1738_BLU,19/08/2025,Varejo,1,194.9,29.49,165.41,Venda
SKU_1423_SAG,19/08/2025,Varejo,2,2399.8,683.34,858.23,Venda
SKU_1717_CRE,19/08/2025,Varejo,2,519.8,155.8,182.0,Venda
SKU_1687_WHI,19/08/2025,E-commerce,1,899.9,217.28,682.62,Venda
SKU_1630_SNO,19/08/2025,Atacado,10,3349.0,1004.7,234.43,Venda
SKU_1698_PRI,19/08/2025,Varejo,2,839.8,196.92,321.44,Venda
SKU_1774_MOS,19/08/2025,Varejo,3,614.7,108.87,168.61,Venda
SKU_1840_FOR,19/08/2025,E-commerce,1,214.9,15.04,199.86,Venda
SKU_1573_MIN,19/08/2025,Atacado,6,6149.4,2152.32,666.18,Venda
SKU_1620_BLU,19/08/2025,Varejo,1,264.9,60.31,204.59,Venda
SKU_1692_BLU,19/08/2025,Varejo,1,219.9,44.0,175.9,Venda
SKU_1655_TEA,19/08/2025,E-commerce,1,644.9,142.83,502.07,Venda
SKU_1745_PEA,19/08/2025,Atacado,10,4099.0,1229.7,286.93,Venda
SKU_1712_MOS,19/08/2025,Atacado,4,719.6,215.88,125.93,Venda
SKU_1605_VAN,19/08/2025,Atacado,10,2199.0,769.6,142.94,Venda
SKU_1722_PAS,19/08/2025,E-commerce,1,324.9,58.93,265.97,Venda
SKU_1685_COB,19/08/2025,Varejo,1,664.9,113.9,551.0,Venda
SKU_1721_FRE,19/08/2025,Atacado,6,2519.4,755.82,293.93,Venda
SKU_1723_MOS,19/08/2025,Varejo,3,1304.7,306.66,332.68,Venda
SKU_2101_BUB,19/08/2025,Atacado,4,979.6,342.88,159.18,Venda
SKU_1460_OLI,19/08/2025,Atacado,4,699.6,279.84,104.94,Venda
SKU_1750_MIN,19/08/2025,Varejo,1,369.9,96.85,273.05,Venda
SKU_1759_COB,19/08/2025,Varejo,1,269.9,51.11,218.79,Venda
SKU_1768_MIN,19/08/2025,Varejo,1,624.9,138.53,486.37,Venda
SKU_2107_SNO,19/08/2025,Atacado,5,2124.5,637.35,297.43,Venda
SKU_2097_ROS,19/08/2025,Atacado,4,799.6,279.84,129.94,Venda
SKU_1673_FUC,19/08/2025,E-commerce,1,409.9,75.36,334.54,Venda
SKU_1742_EME,19/08/2025,Varejo,1,259.9,49.89,210.01,Venda
SKU_1740_FRE,19/08/2025,E-commerce,1,214.9,41.03,173.87,Venda
SKU_1718_DUS,19/08/2025,Atacado,5,1849.5,647.3,240.44,Venda
SKU_1714_MID,19/08/2025,E-commerce,2,609.8,134.22,237.79,Venda
SKU_1617_DEN,19/08/2025,Atacado,3,494.7,148.41,115.43,Venda
SKU_1552_CLE,19/08/2025,Atacado,6,3959.4,1385.76,428.94,Venda
SKU_2063_POW,19/08/2025,Varejo,1,219.9,0.0,219.9,Venda
SKU_1799_POW,19/08/2025,Varejo,1,269.9,70.41,199.49,Venda
SKU_1693_MEX,19/08/2025,Varejo,1,204.9,38.31,166.59,Venda
SKU_1709_MAR,19/08/2025,Atacado,4,839.6,335.84,125.94,Venda
SKU_1767_FUC,19/08/2025,Atacado,8,1639.2,573.76,133.18,Venda
SKU_1774_MOS,19/08/2025,Varejo,1,204.9,40.3,164.6,Venda
SKU_1775_PAS,19/08/2025,Varejo,1,279.9,75.66,204.24,Venda
SKU_1772_BLU,19/08/2025,Atacado,3,1244.7,373.41,290.43,Venda
SKU_1739_MOS,19/08/2025,Varejo,1,254.9,52.47,202.43,Venda
SKU_1738_ROY,19/08/2025,Varejo,1,194.9,52.93,141.97,Venda
SKU_2089_CLO,19/08/2025,Varejo,1,494.9,0.0,494.9,Venda
SKU_1649_GAR,19/08/2025,Varejo,2,469.8,72.3,198.75,Venda
SKU_1709_CRE,19/08/2025,Varejo,3,629.7,95.01,178.23,Venda
SKU_1766_CLE,19/08/2025,E-commerce,1,394.9,71.1,323.8,Venda
SKU_1706_BLA,19/08/2025,Atacado,8,1479.2,517.76,120.18,Venda
SKU_1758_HON,19/08/2025,Atacado,4,719.6,215.88,125.93,Venda
SKU_1791_IVO,19/08/2025,Varejo,1,264.9,41.23,223.67,Venda
SKU_1474_BRI,19/08/2025,Varejo,1,1059.9,249.78,810.12,Venda
SKU_1540_MAG,19/08/2025,E-commerce,1,169.9,42.25,127.65,Venda
SKU_1715_HON,19/08/2025,Varejo,1,219.9,55.69,164.21,Venda
SKU_1713_SNO,19/08/2025,Atacado,6,3029.4,1060.26,328.19,Venda
SKU_1784_BLA,19/08/2025,Varejo,1,309.9,68.24,241.66,Venda
SKU_1777_FRE,20/08/2025,Varejo,1,239.9,39.46,200.44,Venda
SKU_1943_AQU,20/08/2025,Atacado,5,1399.5,489.8,181.94,Venda
SKU_1989_HOT,20/08/2025,Atacado,2,699.8,244.92,227.44,Venda
SKU_2035_AQU,20/08/2025,Varejo,1,224.9,0.0,224.9,Venda
SKU_2039_EME,20/08/2025,E-commerce,2,2049.8,0.0,1024.9,Venda
SKU_1835_BAB,20/08/2025,Atacado,4,739.6,295.84,110.94,Venda
SKU_1832_MIN,20/08/2025,Atacado,6,1769.4,530.82,206.43,Venda
SKU_2085_ARM,20/08/2025,E-commerce,1,454.9,0.0,454.9,Venda
SKU_1718_DUS,20/08/2025,Atacado,4,1479.6,591.84,221.94,Venda
SKU_2002_WHI,20/08/2025,Atacado,2,409.8,122.94,143.43,Venda
SKU_2066_BLA,20/08/2025,Varejo,1,474.9,0.0,474.9,Venda
SKU_1855_AQU,20/08/2025,Varejo,2,549.8,0.0,274.9,Venda
SKU_1763_HOT,20/08/2025,E-commerce,1,299.9,73.48,226.42,Venda
SKU_1796_OLI,20/08/2025,Atacado,10,5049.0,1514.7,353.43,Venda
SKU_1701_SPA,20/08/2025,Varejo,1,339.9,99.92,239.98,Venda
SKU_1936_HON,20/08/2025,Atacado,3,389.7,155.88,77.94,Venda
SKU_1982_VAN,20/08/2025,Atacado,4,899.6,314.88,146.18,Venda
SKU_1699_CLO,20/08/2025,Atacado,8,2639.2,923.68,214.44,Venda
SKU_2078_ARM,20/08/2025,Atacado,10,2399.0,959.6,143.94,Venda
SKU_1750_MIN,20/08/2025,Atacado,2,739.8,221.94,258.93,Venda
SKU_2112_TEA,20/08/2025,Varejo,1,334.9,0.0,334.9,Venda
SKU_1851_BLU,20/08/2025,Atacado,4,859.6,300.88,139.68,Venda
SKU_1909_PEA,20/08/2025,Atacado,4,1799.6,629.84,292.44,Venda
SKU_2027_MAR,20/08/2025,Varejo,4,1399.6,0.0,349.9,Venda
SKU_2025_SAP,20/08/2025,Atacado,8,1839.2,643.68,149.44,Venda
SKU_1952_TUR,20/08/2025,Varejo,1,204.9,0.0,204.9,Venda
SKU_2018_OFF,20/08/2025,Atacado,2,959.8,287.94,335.93,Venda
SKU_1945_BRI,20/08/2025,Varejo,2,429.8,0.0,214.9,Venda
SKU_2097_SPA,20/08/2025,Varejo,1,199.9,13.99,185.91,Venda
SKU_1893_BIR,20/08/2025,Varejo,2,1259.8,0.0,629.9,Venda
SKU_2068_HON,20/08/2025,E-commerce,1,404.9,0.0,404.9,Venda
SKU_2078_CLE,20/08/2025,Varejo,2,479.8,0.0,239.9,Venda
SKU_2092_EGR,20/08/2025,Varejo,1,274.9,0.0,274.9,Venda
SKU_1699_COB,20/08/2025,Atacado,6,1979.4,890.7,181.45,Venda
SKU_1738_ROY,20/08/2025,Atacado,5,974.5,292.35,136.43,Venda
SKU_1954_WHI,20/08/2025,Varejo,1,209.9,0.0,209.9,Venda
SKU_2097_SPA,20/08/2025,E-commerce,1,199.9,13.99,185.91,Venda
SKU_1897_SHO,20/08/2025,Atacado,8,1879.2,563.76,164.43,Venda
SKU_1684_SHO,20/08/2025,Varejo,1,184.9,34.53,150.37,Venda
SKU_1946_BUB,20/08/2025,Varejo,1,404.9,0.0,404.9,Venda
SKU_1981_FOR,20/08/2025,Atacado,3,1544.7,540.63,334.69,Venda
SKU_2041_MOS,20/08/2025,E-commerce,1,219.9,0.0,219.9,Venda
SKU_1959_TUR,20/08/2025,Varejo,1,739.9,0.0,739.9,Venda
SKU_1856_FLA,20/08/2025,E-commerce,1,324.9,0.0,324.9,Venda
SKU_1726_PAS,20/08/2025,E-commerce,1,429.9,65.48,364.42,Venda
SKU_1934_COB,20/08/2025,E-commerce,1,259.9,0.0,259.9,Venda
SKU_2055_SAP,20/08/2025,E-commerce,1,459.9,0.0,459.9,Venda
SKU_1849_BAB,20/08/2025,Atacado,5,1649.5,577.3,214.44,Venda
SKU_1952_PIS,20/08/2025,E-commerce,1,204.9,0.0,204.9,Venda
SKU_2061_BRI,20/08/2025,Varejo,1,209.9,0.0,209.9,Venda
SKU_1884_NAV,20/08/2025,Atacado,5,1699.5,594.8,220.94,Venda
SKU_1806_EME,20/08/2025,E-commerce,1,194.9,0.0,194.9,Venda
SKU_1687_WHI,20/08/2025,Atacado,5,4499.5,1574.8,584.94,Venda
SKU_1881_CLO,20/08/2025,Varejo,1,244.9,0.0,244.9,Venda
SKU_1987_CLO,20/08/2025,Varejo,3,3359.7,0.0,1119.9,Venda
SKU_1924_BIR,20/08/2025,Varejo,1,644.9,0.0,644.9,Venda
SKU_1810_OFF,20/08/2025,E-commerce,2,319.8,0.0,159.9,Venda
SKU_1934_COB,20/08/2025,Atacado,8,2079.2,623.76,181.93,Venda
SKU_1942_SAL,20/08/2025,Atacado,3,3554.7,1244.16,770.18,Venda
SKU_1808_PAS,20/08/2025,Varejo,1,959.9,0.0,959.9,Venda
SKU_1980_DEE,20/08/2025,Atacado,3,464.7,162.66,100.68,Venda
SKU_1839_DUS,20/08/2025,Atacado,2,589.8,176.94,206.43,Venda
SKU_2046_BLA,20/08/2025,Varejo,1,514.9,0.0,514.9,Venda
SKU_1713_SNO,20/08/2025,Varejo,2,1009.8,239.46,385.17,Venda
SKU_2071_PAS,20/08/2025,E-commerce,1,259.9,0.0,259.9,Venda
SKU_1742_EME,20/08/2025,E-commerce,1,259.9,72.31,187.59,Venda
SKU_2059_SNO,20/08/2025,Varejo,2,1279.8,0.0,639.9,Venda
SKU_1903_DUS,20/08/2025,Varejo,1,329.9,0.0,329.9,Venda
SKU_1889_BIR,20/08/2025,Atacado,6,1619.4,566.76,175.44,Venda
SKU_1925_PRI,20/08/2025,Varejo,3,1094.7,0.0,364.9,Venda
SKU_1908_BLA,20/08/2025,Varejo,1,314.9,0.0,314.9,Venda
SKU_1818_EGR,20/08/2025,Atacado,6,1229.4,491.76,122.94,Venda
SKU_1893_BIR,20/08/2025,Varejo,4,2519.6,0.0,629.9,Venda
SKU_1752_SNO,20/08/2025,Varejo,2,859.8,212.16,323.82,Venda
SKU_2032_WHI,20/08/2025,E-commerce,1,254.9,0.0,254.9,Venda
SKU_2060_VAN,20/08/2025,Atacado,6,5609.4,1682.82,654.43,Venda
SKU_1949_SKY,20/08/2025,Varejo,1,164.9,0.0,164.9,Venda
SKU_2117_RAS,20/08/2025,Atacado,4,3079.6,923.88,538.93,Venda
SKU_1680_NAV,20/08/2025,Atacado,6,2009.4,703.26,217.69,Venda
SKU_2090_LIG,20/08/2025,Atacado,5,1324.5,397.35,185.43,Venda
SKU_1798_OFF,20/08/2025,Varejo,1,419.9,92.69,327.21,Venda
SKU_1933_SNO,20/08/2025,Varejo,1,224.9,0.0,224.9,Venda
SKU_1940_HUN,20/08/2025,Atacado,5,5424.5,1627.35,759.43,Venda
SKU_1683_PAL,20/08/2025,Atacado,3,944.7,283.41,220.43,Venda
SKU_1747_FUC,20/08/2025,Atacado,4,699.6,244.88,113.68,Venda
SKU_1727_LIG,20/08/2025,Atacado,6,929.4,325.32,100.68,Venda
SKU_1689_IVO,20/08/2025,Varejo,2,1929.8,537.9,695.95,Venda
SKU_1688_WHI,20/08/2025,Atacado,6,2579.4,1031.76,257.94,Venda
SKU_1961_LIG,20/08/2025,E-commerce,1,414.9,0.0,414.9,Venda
SKU_1884_FOR,20/08/2025,E-commerce,1,339.9,0.0,339.9,Venda
SKU_1917_LIG,20/08/2025,Varejo,2,749.8,0.0,374.9,Venda
SKU_1768_PEA,20/08/2025,E-commerce,1,624.9,149.9,475.0,Venda
SKU_2083_GAR,20/08/2025,Varejo,3,704.7,0.0,234.9,Venda
SKU_1896_ARM,20/08/2025,E-commerce,1,1009.9,0.0,1009.9,Venda
SKU_1710_MEX,20/08/2025,Atacado,3,2429.7,850.38,526.44,Venda
SKU_2017_SHO,20/08/2025,Atacado,4,1139.6,398.84,185.19,Venda
SKU_2017_FRE,20/08/2025,Varejo,1,284.9,0.0,284.9,Venda
SKU_2050_BLU,20/08/2025,Varejo,1,454.9,0.0,454.9,Venda
SKU_1852_FOR,20/08/2025,Varejo,1,499.9,34.99,464.91,Venda
SKU_2019_SAG,20/08/2025,Atacado,6,3299.4,1484.76,302.44,Venda
SKU_2114_BIR,20/08/2025,E-commerce,1,389.9,0.0,389.9,Venda
SKU_2076_SAG,20/08/2025,Atacado,4,1899.6,569.88,332.43,Venda
SKU_1983_GAR,20/08/2025,Atacado,5,1124.5,393.6,146.18,Venda
SKU_1733_SAG,20/08/2025,E-commerce,1,349.9,74.51,275.39,Venda
SKU_2001_DEN,20/08/2025,E-commerce,1,384.9,0.0,384.9,Venda
SKU_2020_FOR,20/08/2025,Varejo,1,234.9,0.0,234.9,Venda
SKU_1712_NAV,20/08/2025,Atacado,12,2158.8,647.64,125.93,Venda
SKU_1938_CRE,20/08/2025,Varejo,2,1799.8,0.0,899.9,Venda
SKU_1932_NAV,20/08/2025,Varejo,1,194.9,0.0,194.9,Venda
SKU_1941_MIN,20/08/2025,Atacado,8,8399.2,2939.68,682.44,Venda
SKU_1866_ROS,20/08/2025,Varejo,2,649.8,0.0,324.9,Venda
SKU_2072_BAB,20/08/2025,Atacado,3,809.7,242.91,188.93,Venda
SKU_1864_BRI,20/08/2025,Atacado,8,1359.2,543.68,101.94,Venda
SKU_1726_PAS,20/08/2025,E-commerce,1,429.9,88.73,341.17,Venda
SKU_1816_MOS,20/08/2025,Atacado,6,1439.4,431.82,167.93,Venda
SKU_1895_PAS,20/08/2025,Varejo,1,194.9,0.0,194.9,Venda
SKU_1955_SAL,20/08/2025,Varejo,1,999.9,0.0,999.9,Venda
SKU_1762_BRI,20/08/2025,Varejo,1,254.9,48.19,206.71,Venda
SKU_1897_JAD,20/08/2025,Varejo,1,234.9,0.0,234.9,Venda
SKU_1993_MEX,20/08/2025,Varejo,1,204.9,0.0,204.9,Venda
SKU_2042_WHI,20/08/2025,Varejo,1,764.9,0.0,764.9,Venda
SKU_1826_IVO,20/08/2025,E-commerce,1,484.9,33.94,450.96,Venda
SKU_1884_NAV,20/08/2025,Atacado,8,2719.2,951.68,220.94,Venda
SKU_1816_MOS,20/08/2025,Atacado,4,959.6,335.84,155.94,Venda
SKU_1724_PEA,20/08/2025,Varejo,1,1114.9,285.81,829.09,Venda
SKU_2097_ROS,20/08/2025,Varejo,1,199.9,0.0,199.9,Venda
SKU_1768_MIN,20/08/2025,Varejo,1,624.9,123.22,501.68,Venda
SKU_1722_AQU,20/08/2025,E-commerce,1,324.9,53.06,271.84,Venda
SKU_1995_WHI,20/08/2025,Atacado,5,1174.5,352.35,164.43,Venda
SKU_1765_PAS,20/08/2025,Atacado,5,1299.5,389.85,181.93,Venda
SKU_2106_HON,20/08/2025,Atacado,5,1174.5,352.35,164.43,Venda
SKU_2014_BLA,20/08/2025,Atacado,10,3199.0,959.7,223.93,Venda
SKU_1929_PEA,20/08/2025,Varejo,1,294.9,0.0,294.9,Venda
SKU_1838_DEN,20/08/2025,Atacado,8,2559.2,895.68,207.94,Venda
SKU_1740_OLI,20/08/2025,Atacado,4,859.6,300.88,139.68,Venda
SKU_1966_FOR,20/08/2025,Varejo,1,674.9,0.0,674.9,Venda
SKU_1913_MYS,20/08/2025,Atacado,3,584.7,175.41,136.43,Venda
SKU_2014_BRI,20/08/2025,Varejo,2,639.8,44.78,297.51,Venda
SKU_1836_MID,20/08/2025,Varejo,2,1429.8,0.0,714.9,Venda
SKU_1849_BAB,20/08/2025,E-commerce,2,659.8,0.0,329.9,Venda
SKU_1837_EGR,20/08/2025,Varejo,2,499.8,0.0,249.9,Venda
SKU_1823_MIN,20/08/2025,E-commerce,1,194.9,0.0,194.9,Venda
SKU_1702_COR,20/08/2025,Atacado,4,2479.6,991.84,371.94,Venda
SKU_1870_AQU,20/08/2025,Varejo,1,229.9,0.0,229.9,Venda
SKU_1877_SAP,20/08/2025,Varejo,1,574.9,0.0,574.9,Venda
SKU_1912_PAS,20/08/2025,Atacado,4,1539.6,615.84,230.94,Venda
SKU_2050_BLU,20/08/2025,Atacado,5,2274.5,682.35,318.43,Venda
SKU_1859_PEA,20/08/2025,Varejo,1,429.9,0.0,429.9,Venda
SKU_1694_PIS,20/08/2025,Varejo,1,279.9,56.81,223.09,Venda
SKU_2097_ROS,20/08/2025,Varejo,1,199.9,0.0,199.9,Venda
SKU_2006_DEN,20/08/2025,E-commerce,2,1809.8,0.0,904.9,Venda
SKU_2010_SPA,20/08/2025,Varejo,1,919.9,0.0,919.9,Venda
SKU_1971_RAS,20/08/2025,Atacado,10,8299.0,2904.6,539.44,Venda
SKU_1962_LIG,20/08/2025,E-commerce,1,214.9,0.0,214.9,Venda
SKU_1732_OFF,20/08/2025,Varejo,3,3344.7,822.96,840.58,Venda
SKU_1776_BIR,20/08/2025,Atacado,10,3299.0,989.7,230.93,Venda
SKU_2079_WHI,20/08/2025,Atacado,6,6419.4,2246.76,695.44,Venda
SKU_1884_FOR,20/08/2025,Atacado,5,1699.5,679.8,203.94,Venda
SKU_1721_FRE,20/08/2025,Atacado,8,3359.2,1007.76,293.93,Venda
SKU_1895_PAS,20/08/2025,Varejo,4,779.6,0.0,194.9,Venda
SKU_1693_MEX,20/08/2025,Varejo,2,409.8,91.0,159.4,Venda
SKU_2097_SPA,20/08/2025,Atacado,4,799.6,239.88,139.93,Venda
SKU_2029_BAB,20/08/2025,Atacado,4,3859.6,1157.88,675.43,Venda
SKU_1808_SNO,20/08/2025,Varejo,1,959.9,0.0,959.9,Venda
SKU_1818_BRI,20/08/2025,Varejo,1,204.9,0.0,204.9,Venda
SKU_1736_JAD,20/08/2025,Atacado,6,1949.4,779.76,194.94,Venda
SKU_2069_TEA,20/08/2025,Atacado,6,1319.4,395.82,153.93,Venda
SKU_1723_COB,20/08/2025,Varejo,1,434.9,128.22,306.68,Venda
SKU_1848_BAL,20/08/2025,Varejo,1,219.9,15.39,204.51,Venda
SKU_2112_MID,20/08/2025,Varejo,3,1004.7,0.0,334.9,Venda
SKU_2005_TEA,20/08/2025,Varejo,2,359.8,0.0,179.9,Venda
SKU_2030_BRI,20/08/2025,E-commerce,1,344.9,0.0,344.9,Venda
SKU_1821_NAV,20/08/2025,Atacado,4,1059.6,370.84,172.19,Venda
SKU_1826_IVO,20/08/2025,Atacado,4,1939.6,581.88,339.43,Venda
SKU_1786_POW,20/08/2025,Atacado,4,719.6,251.84,116.94,Venda
SKU_1995_WHI,20/08/2025,Varejo,2,469.8,32.88,218.46,Venda
SKU_1743_CLO,20/08/2025,Atacado,8,3519.2,1231.68,285.94,Venda
SKU_2076_SAG,20/08/2025,Varejo,1,474.9,0.0,474.9,Venda
SKU_2091_AQU,20/08/2025,Atacado,4,959.6,287.88,167.93,Venda
SKU_2099_LIG,20/08/2025,Atacado,12,3238.8,1133.52,175.44,Venda
SKU_1883_BLU,20/08/2025,E-commerce,1,224.9,0.0,224.9,Venda
SKU_2003_FOR,20/08/2025,Varejo,1,239.9,0.0,239.9,Venda
SKU_1703_BLU,20/08/2025,E-commerce,2,539.8,160.04,189.88,Venda
SKU_1864_BRI,20/08/2025,Atacado,12,2038.8,611.64,118.93,Venda
SKU_1982_VAN,20/08/2025,E-commerce,1,224.9,15.74,209.16,Venda
SKU_1815_LIM,20/08/2025,Varejo,3,1319.7,0.0,439.9,Venda
SKU_2019_TUR,20/08/2025,E-commerce,1,549.9,0.0,549.9,Venda
SKU_1728_EGR,20/08/2025,Varejo,1,329.9,83.25,246.65,Venda
SKU_2112_MID,20/08/2025,Varejo,1,334.9,0.0,334.9,Venda
SKU_1686_MOS,20/08/2025,Atacado,12,2578.8,773.64,150.43,Venda
SKU_2053_EGR,20/08/2025,Atacado,6,2099.4,734.76,227.44,Venda
SKU_1897_JAD,20/08/2025,Varejo,2,469.8,0.0,234.9,Venda
SKU_1985_PAS,20/08/2025,Varejo,1,409.9,0.0,409.9,Venda
SKU_1837_EGR,20/08/2025,Atacado,2,499.8,149.94,174.93,Venda
SKU_2022_SHO,20/08/2025,Atacado,3,839.7,335.88,167.94,Venda
SKU_1999_COB,20/08/2025,Varejo,1,234.9,0.0,234.9,Venda
SKU_1914_BIR,20/08/2025,Atacado,6,1199.4,359.82,139.93,Venda
SKU_2109_WHI,20/08/2025,Varejo,3,959.7,0.0,319.9,Venda
SKU_1684_HON,20/08/2025,Varejo,4,739.6,157.36,145.56,Venda
SKU_2011_TUR,20/08/2025,Atacado,8,2039.2,611.76,178.43,Venda
SKU_2080_VAN,20/08/2025,Atacado,4,959.6,335.84,155.94,Venda
SKU_1768_PEA,20/08/2025,Atacado,2,1249.8,374.94,437.43,Venda
SKU_2057_VAN,20/08/2025,Varejo,1,944.9,0.0,944.9,Venda
SKU_1880_DUS,20/08/2025,Varejo,1,849.9,0.0,849.9,Venda
SKU_1837_SAP,20/08/2025,Atacado,8,1999.2,699.68,162.44,Venda
SKU_1849_BAB,20/08/2025,Varejo,1,329.9,0.0,329.9,Venda
SKU_1911_LIG,20/08/2025,Atacado,5,1074.5,322.35,150.43,Venda
SKU_1930_SHO,20/08/2025,Atacado,4,2639.6,923.84,428.94,Venda
SKU_1682_BIR,20/08/2025,Atacado,5,1174.5,352.35,164.43,Venda
SKU_1987_MYS,20/08/2025,Atacado,5,5599.5,2239.8,671.94,Venda
SKU_1938_PAS,20/08/2025,Atacado,8,7199.2,2159.76,629.93,Venda
SKU_1849_BAB,20/08/2025,Atacado,2,659.8,230.92,214.44,Venda
SKU_1861_SAP,20/08/2025,Varejo,3,584.7,0.0,194.9,Venda
SKU_1907_TEA,20/08/2025,Varejo,1,274.9,0.0,274.9,Venda
SKU_1735_MOS,20/08/2025,E-commerce,2,539.8,132.06,203.87,Venda
SKU_2065_OFF,20/08/2025,Varejo,1,199.9,0.0,199.9,Venda
SKU_1994_LIM,20/08/2025,Varejo,1,269.9,0.0,269.9,Venda
SKU_1855_FLA,20/08/2025,Atacado,4,1099.6,384.84,178.69,Venda
SKU_2029_BAB,20/08/2025,Atacado,8,7719.2,2701.76,627.18,Venda
SKU_1986_BUB,20/08/2025,Atacado,10,2099.0,629.7,146.93,Venda
SKU_1751_BLU,20/08/2025,Atacado,5,1649.5,577.3,214.44,Venda
SKU_2006_PRI,20/08/2025,Varejo,1,904.9,0.0,904.9,Venda
SKU_1899_SAG,20/08/2025,Atacado,6,1349.4,472.32,146.18,Venda
SKU_1813_RAS,20/08/2025,Atacado,3,764.7,267.66,165.68,Venda
SKU_1970_PEA,20/08/2025,Atacado,10,7699.0,2309.7,538.93,Venda
SKU_1694_SER,20/08/2025,Varejo,1,279.9,42.01,237.89,Venda
SKU_1802_OLI,20/08/2025,Varejo,1,744.9,0.0,744.9,Venda
SKU_1686_SKY,20/08/2025,Varejo,1,214.9,56.5,158.4,Venda
SKU_1791_IVO,20/08/2025,Atacado,3,794.7,278.13,172.19,Venda
SKU_1977_TEA,20/08/2025,Atacado,4,859.6,343.84,128.94,Venda
SKU_1941_MIN,20/08/2025,Atacado,8,8399.2,3359.68,629.94,Venda
SKU_2062_BAB,20/08/2025,Varejo,1,139.9,0.0,139.9,Venda
SKU_1875_BAB,20/08/2025,Atacado,2,349.8,122.44,113.68,Venda
SKU_1932_NAV,20/08/2025,Varejo,1,194.9,0.0,194.9,Venda
SKU_2047_HUN,20/08/2025,Atacado,3,3374.7,1181.16,731.18,Venda
SKU_1758_HON,20/08/2025,Varejo,1,179.9,52.77,127.13,Venda
SKU_2077_PIS,20/08/2025,Varejo,2,409.8,0.0,204.9,Venda
SKU_1853_ROS,20/08/2025,Atacado,8,7199.2,3239.68,494.94,Venda
SKU_2046_MAR,20/08/2025,Varejo,1,514.9,0.0,514.9,Venda
SKU_1988_WHI,20/08/2025,Atacado,8,3399.2,1019.76,297.43,Venda
SKU_1692_OLI,20/08/2025,Atacado,2,439.8,131.94,153.93,Venda
SKU_2016_PEA,20/08/2025,Atacado,5,1124.5,393.6,146.18,Venda
SKU_1806_ROS,20/08/2025,Atacado,8,1559.2,467.76,136.43,Venda
SKU_2082_PAS,20/08/2025,Atacado,12,6118.8,1835.64,356.93,Venda
SKU_2052_NAV,20/08/2025,Varejo,1,299.9,0.0,299.9,Venda
SKU_1698_SNO,20/08/2025,Varejo,1,419.9,121.23,298.67,Venda
SKU_1998_COR,20/08/2025,Atacado,6,2129.4,638.82,248.43,Venda
SKU_1697_MIN,20/08/2025,Varejo,1,219.9,36.35,183.55,Venda
SKU_1957_CRE,20/08/2025,Varejo,1,189.9,0.0,189.9,Venda
SKU_1814_PRI,20/08/2025,Varejo,1,379.9,0.0,379.9,Venda
SKU_1956_PEA,20/08/2025,Atacado,8,1679.2,755.68,115.44,Venda
SKU_1998_COR,20/08/2025,Varejo,1,354.9,0.0,354.9,Venda
SKU_1991_GAR,20/08/2025,Atacado,5,1499.5,449.85,209.93,Venda
SKU_1750_SNO,20/08/2025,Varejo,3,1109.7,250.92,286.26,Venda
SKU_2089_CLO,20/08/2025,Varejo,1,494.9,0.0,494.9,Venda
SKU_1991_GAR,20/08/2025,Varejo,1,299.9,0.0,299.9,Venda
SKU_1993_SAP,20/08/2025,E-commerce,1,204.9,0.0,204.9,Venda
SKU_1812_HOT,20/08/2025,Atacado,4,2639.6,923.84,428.94,Venda
SKU_2100_BLU,20/08/2025,Varejo,1,1014.9,0.0,1014.9,Venda
SKU_1811_PIN,20/08/2025,Varejo,4,2759.6,0.0,689.9,Venda
SKU_1871_SNO,20/08/2025,Varejo,1,199.9,0.0,199.9,Venda
SKU_1870_AQU,20/08/2025,Atacado,4,919.6,367.84,137.94,Venda
SKU_2095_CLO,20/08/2025,Varejo,1,239.9,0.0,239.9,Venda
SKU_1680_SEA,20/08/2025,Atacado,6,2009.4,602.82,234.43,Venda
SKU_1820_PEA,20/08/2025,Atacado,4,1159.6,405.84,188.44,Venda
SKU_2091_AQU,20/08/2025,Atacado,8,1919.2,575.76,167.93,Venda
SKU_1749_BIR,20/08/2025,E-commerce,1,349.9,52.76,297.14,Venda
SKU_1827_BUB,20/08/2025,Varejo,1,194.9,0.0,194.9,Venda
SKU_1851_BLU,20/08/2025,Atacado,2,429.8,128.94,150.43,Venda
SKU_1874_JAD,20/08/2025,Varejo,1,219.9,0.0,219.9,Venda
SKU_1688_WHI,20/08/2025,Varejo,2,859.8,144.66,357.57,Venda
SKU_1921_VAN,20/08/2025,Atacado,6,1499.4,449.82,174.93,Venda
SKU_2015_HUN,20/08/2025,Atacado,6,1889.4,755.76,188.94,Venda
SKU_2068_HON,20/08/2025,E-commerce,1,404.9,0.0,404.9,Venda
SKU_1831_HOT,20/08/2025,Atacado,10,3349.0,1339.6,200.94,Venda
SKU_1780_AQU,20/08/2025,Atacado,5,1674.5,669.8,200.94,Venda
SKU_1803_DUS,20/08/2025,Varejo,1,199.9,0.0,199.9,Venda
SKU_1975_PAS,20/08/2025,Varejo,1,444.9,0.0,444.9,Venda
SKU_1888_NAV,20/08/2025,Atacado,5,999.5,349.8,129.94,Venda
SKU_2016_SAP,20/08/2025,Varejo,3,674.7,0.0,224.9,Venda
SKU_1813_BLU,20/08/2025,Atacado,3,764.7,267.66,165.68,Venda
SKU_1927_CER,20/08/2025,Atacado,8,2399.2,839.68,194.94,Venda
SKU_2095_SEA,20/08/2025,Atacado,5,1199.5,359.85,167.93,Venda
SKU_1971_RAS,20/08/2025,Varejo,1,829.9,0.0,829.9,Venda
SKU_1867_TEA,20/08/2025,Atacado,8,1599.2,559.68,129.94,Venda
SKU_1982_VAN,20/08/2025,Atacado,12,2698.8,809.64,157.43,Venda
SKU_2110_SPA,20/08/2025,Varejo,1,219.9,15.39,204.51,Venda
SKU_1680_SEA,20/08/2025,Varejo,1,334.9,76.62,258.28,Venda
SKU_1860_SPA,20/08/2025,Atacado,2,639.8,191.94,223.93,Venda
SKU_1688_WHI,20/08/2025,Atacado,8,3439.2,1375.68,257.94,Venda
SKU_1957_CRE,20/08/2025,E-commerce,1,189.9,0.0,189.9,Venda
SKU_1832_COR,20/08/2025,Varejo,1,294.9,0.0,294.9,Venda
SKU_1997_MID,20/08/2025,Varejo,4,759.6,0.0,189.9,Venda
SKU_1862_PIN,20/08/2025,Varejo,1,224.9,0.0,224.9,Venda
SKU_2057_VAN,20/08/2025,Atacado,8,7559.2,3023.68,566.94,Venda
SKU_2111_SNO,20/08/2025,Atacado,3,704.7,246.66,152.68,Venda
SKU_1821_BUB,20/08/2025,Atacado,10,2649.0,1059.6,158.94,Venda
SKU_2007_LIG,20/08/2025,Varejo,2,419.8,29.38,195.21,Venda
SKU_1815_WHI,20/08/2025,Atacado,5,2199.5,659.85,307.93,Venda
SKU_2113_DUS,20/08/2025,Varejo,1,164.9,11.54,153.36,Venda
SKU_1951_GAR,20/08/2025,Varejo,2,509.8,0.0,254.9,Venda
SKU_1912_PAS,20/08/2025,E-commerce,2,769.8,0.0,384.9,Venda
SKU_1777_FRE,20/08/2025,E-commerce,1,239.9,58.39,181.51,Venda
SKU_1865_CRE,20/08/2025,Atacado,5,1249.5,374.85,174.93,Venda
SKU_1869_AQU,20/08/2025,Atacado,10,4899.0,1714.6,318.44,Venda
SKU_1705_SER,20/08/2025,Varejo,1,409.9,96.48,313.42,Venda
SKU_1769_EME,20/08/2025,Varejo,1,324.9,67.08,257.82,Venda
SKU_1923_TUR,20/08/2025,E-commerce,1,189.9,0.0,189.9,Venda
SKU_2014_BRI,20/08/2025,Atacado,2,639.8,223.92,207.94,Venda
SKU_1811_BLU,20/08/2025,Varejo,1,689.9,0.0,689.9,Venda
SKU_1695_CRE,20/08/2025,Atacado,5,1049.5,367.3,136.44,Venda
SKU_1738_ROY,20/08/2025,Varejo,1,194.9,34.27,160.63,Venda
SKU_1870_AQU,20/08/2025,E-commerce,1,229.9,0.0,229.9,Venda
SKU_2067_DUS,20/08/2025,E-commerce,1,349.9,0.0,349.9,Venda
SKU_1685_COB,20/08/2025,Varejo,3,1994.7,445.5,516.4,Venda
SKU_1858_IVO,20/08/2025,Varejo,1,899.9,0.0,899.9,Venda
SKU_1750_SNO,20/08/2025,Varejo,1,369.9,64.04,305.86,Venda
SKU_2045_MID,20/08/2025,Atacado,5,974.5,389.8,116.94,Venda
SKU_1923_TUR,20/08/2025,E-commerce,1,189.9,0.0,189.9,Venda
SKU_1982_PIS,20/08/2025,E-commerce,1,224.9,0.0,224.9,Venda
SKU_1937_BUB,20/08/2025,Atacado,10,2099.0,839.6,125.94,Venda
SKU_1819_DEE,20/08/2025,Atacado,10,3449.0,1207.1,224.19,Venda
SKU_1920_GAR,20/08/2025,Atacado,6,1529.4,611.76,152.94,Venda
SKU_2110_SPA,20/08/2025,E-commerce,1,219.9,15.39,204.51,Venda
SKU_2028_PIS,20/08/2025,Varejo,1,244.9,0.0,244.9,Venda
SKU_1751_BLU,20/08/2025,Varejo,1,329.9,91.29,238.61,Venda
SKU_2053_EGR,20/08/2025,Atacado,10,3499.0,1399.6,209.94,Venda
SKU_1960_NAV,20/08/2025,Varejo,1,174.9,0.0,174.9,Venda
SKU_2037_SNO,20/08/2025,E-commerce,1,724.9,0.0,724.9,Venda
SKU_1858_OLI,20/08/2025,Atacado,10,8999.0,2699.7,629.93,Venda
SKU_1986_BUB,20/08/2025,Varejo,2,419.8,0.0,209.9,Venda
SKU_2055_RAS,20/08/2025,Atacado,2,919.8,413.92,252.94,Venda
SKU_2026_ROY,20/08/2025,Atacado,2,2059.8,720.92,669.44,Venda
SKU_2083_VAN,20/08/2025,Atacado,5,1174.5,411.1,152.68,Venda
SKU_1852_BLA,20/08/2025,Atacado,6,2999.4,1049.76,324.94,Venda
SKU_1894_AQU,20/08/2025,E-commerce,1,274.9,0.0,274.9,Venda
SKU_1879_COR,20/08/2025,Atacado,6,1829.4,731.76,182.94,Venda
SKU_2104_PEA,20/08/2025,Atacado,6,1349.4,472.32,146.18,Venda
SKU_2031_NAV,20/08/2025,E-commerce,1,349.9,0.0,349.9,Venda
SKU_1807_IVO,20/08/2025,Atacado,2,909.8,272.94,318.43,Venda
SKU_2017_SHO,20/08/2025,E-commerce,1,284.9,0.0,284.9,Venda
SKU_1875_BIR,20/08/2025,Varejo,2,349.8,0.0,174.9,Venda
SKU_1941_MIN,20/08/2025,Varejo,1,1049.9,0.0,1049.9,Venda
SKU_2006_PRI,20/08/2025,Varejo,1,904.9,0.0,904.9,Venda
SKU_1745_PEA,20/08/2025,Atacado,10,4099.0,1229.7,286.93,Venda
SKU_1828_CER,20/08/2025,Atacado,5,1224.5,367.35,171.43,Venda
SKU_1802_DEN,20/08/2025,Atacado,5,3724.5,1303.55,484.19,Venda
SKU_1994_LIM,20/08/2025,Varejo,1,269.9,0.0,269.9,Venda
SKU_1960_BAL,20/08/2025,Varejo,1,174.9,0.0,174.9,Venda
SKU_1860_SPA,20/08/2025,Varejo,1,319.9,22.39,297.51,Venda
SKU_1946_PEA,20/08/2025,Atacado,10,4049.0,1214.7,283.43,Venda
SKU_1927_FUC,20/08/2025,E-commerce,1,299.9,0.0,299.9,Venda
SKU_1832_MIN,20/08/2025,E-commerce,1,294.9,0.0,294.9,Venda
SKU_1958_BLU,20/08/2025,Atacado,3,554.7,194.16,120.18,Venda
SKU_1808_SNO,20/08/2025,E-commerce,1,959.9,0.0,959.9,Venda
SKU_1865_POW,20/08/2025,Atacado,3,749.7,262.38,162.44,Venda
SKU_1722_AQU,20/08/2025,Varejo,1,324.9,65.09,259.81,Venda
SKU_1752_SPA,20/08/2025,Varejo,1,429.9,75.6,354.3,Venda
SKU_1926_SHO,20/08/2025,Varejo,1,269.9,0.0,269.9,Venda
SKU_1972_AQU,20/08/2025,Atacado,10,3449.0,1207.1,224.19,Venda
SKU_1883_ARM,20/08/2025,Varejo,1,224.9,0.0,224.9,Venda
SKU_1894_IVO,20/08/2025,Varejo,2,549.8,0.0,274.9,Venda
SKU_1763_HOT,20/08/2025,E-commerce,3,899.7,213.39,228.77,Venda
SKU_1971_PIN,20/08/2025,Varejo,1,829.9,0.0,829.9,Venda
SKU_2103_FUC,20/08/2025,Varejo,1,469.9,0.0,469.9,Venda
SKU_2102_WHI,20/08/2025,Atacado,5,3724.5,1117.35,521.43,Venda
SKU_1946_PEA,20/08/2025,Atacado,2,809.8,242.94,283.43,Venda
SKU_1808_PAS,20/08/2025,E-commerce,1,959.9,0.0,959.9,Venda
SKU_1866_ROS,20/08/2025,Varejo,1,324.9,0.0,324.9,Venda
SKU_1724_PEA,20/08/2025,Atacado,3,3344.7,1003.41,780.43,Venda
SKU_1907_BLA,20/08/2025,Varejo,1,274.9,0.0,274.9,Venda
SKU_1876_CLO,20/08/2025,Atacado,8,1599.2,559.68,129.94,Venda
SKU_1929_COB,20/08/2025,Atacado,3,884.7,353.88,176.94,Venda
SKU_2006_DEN,20/08/2025,E-commerce,1,904.9,0.0,904.9,Venda
SKU_1903_PAS,20/08/2025,Atacado,2,659.8,197.94,230.93,Venda
SKU_1807_BLU,20/08/2025,Varejo,1,454.9,0.0,454.9,Venda
SKU_1694_SER,20/08/2025,Atacado,6,1679.4,503.82,195.93,Venda
SKU_1687_WHI,20/08/2025,Varejo,1,899.9,241.58,658.32,Venda
SKU_2061_POW,20/08/2025,Atacado,5,1049.5,314.85,146.93,Venda
SKU_1852_FOR,20/08/2025,Varejo,1,499.9,0.0,499.9,Venda
SKU_2055_SAP,20/08/2025,Atacado,4,1839.6,551.88,321.93,Venda
SKU_2043_WHI,20/08/2025,Varejo,1,349.9,0.0,349.9,Venda
SKU_1943_FUC,20/08/2025,Varejo,1,279.9,0.0,279.9,Venda
SKU_2041_POW,20/08/2025,Atacado,2,439.8,131.94,153.93,Venda
SKU_1892_ROS,20/08/2025,Varejo,1,289.9,0.0,289.9,Venda
SKU_1906_NAV,20/08/2025,Varejo,1,294.9,0.0,294.9,Venda
SKU_1812_BRI,20/08/2025,E-commerce,2,1319.8,0.0,659.9,Venda
SKU_2031_SNO,20/08/2025,E-commerce,1,349.9,0.0,349.9,Venda
SKU_2113_DUS,20/08/2025,Atacado,4,659.6,230.88,107.18,Venda
SKU_1903_DUS,20/08/2025,Varejo,2,659.8,0.0,329.9,Venda
SKU_1719_WHI,20/08/2025,E-commerce,1,319.9,69.88,250.02,Venda
SKU_1858_IVO,20/08/2025,Atacado,4,3599.6,1439.84,539.94,Venda
SKU_1771_PIN,20/08/2025,Atacado,4,1059.6,370.84,172.19,Venda
SKU_2001_MAR,20/08/2025,Varejo,4,1539.6,0.0,384.9,Venda
SKU_1734_FRE,20/08/2025,Varejo,1,349.9,72.6,277.3,Venda
SKU_2085_OLI,20/08/2025,Varejo,1,454.9,0.0,454.9,Venda
SKU_1710_OLI,20/08/2025,Varejo,1,809.9,193.47,616.43,Venda
SKU_1827_PRI,20/08/2025,E-commerce,1,194.9,0.0,194.9,Venda
SKU_1904_SNO,20/08/2025,E-commerce,1,744.9,0.0,744.9,Venda
SKU_2049_TEA,20/08/2025,Atacado,5,1074.5,322.35,150.43,Venda
SKU_1813_RAS,20/08/2025,Varejo,1,254.9,0.0,254.9,Venda
SKU_1764_FUC,20/08/2025,Varejo,1,234.9,61.98,172.92,Venda
SKU_2100_BLU,20/08/2025,Atacado,3,3044.7,1065.66,659.68,Venda
SKU_1807_BLU,20/08/2025,Atacado,10,4549.0,1592.1,295.69,Venda
SKU_1692_BLU,20/08/2025,Varejo,1,219.9,46.79,173.11,Venda
SKU_1895_PAS,20/08/2025,E-commerce,1,194.9,0.0,194.9,Venda
SKU_1718_SEA,20/08/2025,Varejo,1,369.9,59.44,310.46,Venda
SKU_2035_LIG,20/08/2025,Atacado,3,674.7,236.16,146.18,Venda
SKU_1861_DEE,20/08/2025,Varejo,3,584.7,0.0,194.9,Venda
SKU_1863_MOS,20/08/2025,Atacado,5,1274.5,446.1,165.68,Venda
SKU_1712_MOS,20/08/2025,Atacado,8,1439.2,503.68,116.94,Venda
SKU_1968_JAD,20/08/2025,Varejo,1,174.9,0.0,174.9,Venda
SKU_1917_LIG,20/08/2025,E-commerce,1,374.9,0.0,374.9,Venda
SKU_1727_WHI,20/08/2025,Varejo,1,154.9,28.58,126.32,Venda
SKU_1780_AQU,20/08/2025,Atacado,6,2009.4,803.76,200.94,Venda
SKU_1940_HUN,20/08/2025,Varejo,1,1084.9,0.0,1084.9,Venda
SKU_1976_SKY,20/08/2025,Atacado,5,2699.5,944.8,350.94,Venda
SKU_1745_FOR,20/08/2025,Varejo,1,409.9,79.33,330.57,Venda
SKU_1742_EME,20/08/2025,Varejo,1,259.9,51.27,208.63,Venda
SKU_2071_PAS,20/08/2025,Atacado,8,2079.2,727.68,168.94,Venda
SKU_2094_MYS,20/08/2025,Varejo,1,184.9,0.0,184.9,Venda
SKU_1862_PAS,20/08/2025,Varejo,1,224.9,0.0,224.9,Venda
SKU_2112_MID,20/08/2025,Atacado,5,1674.5,586.05,217.69,Venda
SKU_1863_MOS,20/08/2025,Varejo,1,254.9,0.0,254.9,Venda
SKU_1930_GAR,20/08/2025,Atacado,8,5279.2,1583.76,461.93,Venda
SKU_1849_GAR,20/08/2025,E-commerce,1,329.9,0.0,329.9,Venda
SKU_1971_RAS,20/08/2025,E-commerce,1,829.9,0.0,829.9,Venda
SKU_1870_SAG,20/08/2025,Varejo,1,229.9,0.0,229.9,Venda
SKU_1801_FLA,20/08/2025,Varejo,1,374.9,92.76,282.14,Venda
SKU_2048_FOR,20/08/2025,Varejo,1,384.9,0.0,384.9,Venda
SKU_1804_SPA,20/08/2025,Varejo,1,454.9,0.0,454.9,Venda
SKU_1981_FOR,20/08/2025,Varejo,2,1029.8,0.0,514.9,Venda
SKU_1912_PAS,20/08/2025,Atacado,4,1539.6,538.84,250.19,Venda
SKU_1860_SPA,20/08/2025,Varejo,1,319.9,0.0,319.9,Venda
SKU_2028_PAL,20/08/2025,E-commerce,1,244.9,17.14,227.76,Venda
SKU_2116_BLA,20/08/2025,Atacado,10,3799.0,1329.6,246.94,Venda
SKU_2001_MAR,20/08/2025,Varejo,1,384.9,26.94,357.96,Venda
SKU_1959_WHI,20/08/2025,Atacado,3,2219.7,665.91,517.93,Venda
SKU_1994_LIM,20/08/2025,Atacado,8,2159.2,755.68,175.44,Venda
SKU_1832_COR,20/08/2025,E-commerce,2,589.8,0.0,294.9,Venda
SKU_1756_FLA,20/08/2025,Atacado,6,1079.4,485.76,98.94,Venda
SKU_2038_COB,20/08/2025,Atacado,5,5674.5,1986.1,737.68,Venda
SKU_1778_TEA,20/08/2025,Varejo,1,284.9,76.26,208.64,Venda
SKU_2007_SAG,20/08/2025,Atacado,3,629.7,220.38,136.44,Venda
SKU_2075_COR,20/08/2025,Varejo,1,239.9,0.0,239.9,Venda
SKU_2091_AQU,20/08/2025,Atacado,5,1199.5,539.8,131.94,Venda
SKU_1874_JAD,20/08/2025,Varejo,3,659.7,0.0,219.9,Venda
SKU_2038_COB,20/08/2025,Atacado,6,6809.4,2383.32,737.68,Venda
SKU_2111_SNO,20/08/2025,Atacado,3,704.7,246.66,152.68,Venda
SKU_1933_GAR,20/08/2025,Varejo,1,224.9,0.0,224.9,Venda
SKU_1709_CRE,20/08/2025,Varejo,4,839.6,236.84,150.69,Venda
SKU_1822_ARM,20/08/2025,Varejo,3,929.7,0.0,309.9,Venda
SKU_1788_MYS,20/08/2025,Atacado,4,999.6,299.88,174.93,Venda
SKU_1832_COR,20/08/2025,Atacado,12,3538.8,1061.64,206.43,Venda
SKU_1883_ARM,20/08/2025,Varejo,1,224.9,0.0,224.9,Venda
SKU_1974_MIN,20/08/2025,E-commerce,1,199.9,13.99,185.91,Venda
SKU_2112_MID,20/08/2025,Varejo,1,334.9,0.0,334.9,Venda
SKU_1802_DEN,20/08/2025,Atacado,4,2979.6,1042.84,484.19,Venda
SKU_1990_LIM,20/08/2025,Atacado,4,719.6,215.88,125.93,Venda
SKU_2059_WHI,20/08/2025,Atacado,6,3839.4,1343.76,415.94,Venda
SKU_2105_RAS,20/08/2025,Varejo,1,339.9,0.0,339.9,Venda
SKU_1917_IVO,20/08/2025,Atacado,5,1874.5,656.05,243.69,Venda
SKU_1893_BIR,20/08/2025,Atacado,4,2519.6,755.88,440.93,Venda
SKU_1978_BAL,20/08/2025,Varejo,1,249.9,0.0,249.9,Venda
SKU_1953_LIM,20/08/2025,Varejo,1,234.9,0.0,234.9,Venda
SKU_1799_POW,20/08/2025,Atacado,6,1619.4,566.76,175.44,Venda
SKU_2051_FOR,20/08/2025,E-commerce,1,769.9,0.0,769.9,Venda
SKU_1696_SER,20/08/2025,Atacado,3,839.7,251.91,195.93,Venda
SKU_1699_CLO,20/08/2025,Atacado,6,1979.4,593.82,230.93,Venda
SKU_2065_OFF,20/08/2025,Varejo,2,399.8,0.0,199.9,Venda
SKU_2025_BAB,20/08/2025,Atacado,3,689.7,241.38,149.44,Venda
SKU_1742_EME,20/08/2025,Atacado,5,1299.5,454.8,168.94,Venda
SKU_2079_WHI,20/08/2025,Atacado,3,3209.7,962.91,748.93,Venda
SKU_1830_IVO,20/08/2025,Varejo,1,259.9,0.0,259.9,Venda
SKU_2005_TEA,20/08/2025,Atacado,6,1079.4,377.76,116.94,Venda
SKU_2105_RAS,20/08/2025,Atacado,6,2039.4,713.76,220.94,Venda
SKU_1898_EME,20/08/2025,Varejo,1,484.9,0.0,484.9,Venda
SKU_1894_IVO,20/08/2025,E-commerce,1,274.9,0.0,274.9,Venda
SKU_1724_PIN,20/08/2025,Atacado,6,6689.4,2341.32,724.68,Venda
SKU_1965_GAR,20/08/2025,Atacado,5,1174.5,352.35,164.43,Venda
SKU_2042_WHI,20/08/2025,Varejo,1,764.9,0.0,764.9,Venda
SKU_1691_HUN,20/08/2025,Atacado,6,1859.4,650.76,201.44,Venda
SKU_2097_SPA,20/08/2025,Atacado,8,1599.2,479.76,139.93,Venda
SKU_1904_CLE,20/08/2025,Atacado,3,2234.7,782.13,484.19,Venda
SKU_2110_TEA,20/08/2025,Varejo,1,219.9,15.39,204.51,Venda
SKU_1840_LIM,20/08/2025,Atacado,12,2578.8,902.64,139.68,Venda
SKU_1920_GAR,20/08/2025,Atacado,6,1529.4,535.32,165.68,Venda
SKU_1767_PRI,20/08/2025,Varejo,3,614.7,173.37,147.11,Venda
SKU_1793_MIN,20/08/2025,Varejo,1,189.9,32.7,157.2,Venda
SKU_2012_SKY,20/08/2025,Atacado,4,3279.6,1147.84,532.94,Venda
SKU_1827_PRI,20/08/2025,Atacado,6,1169.4,409.32,126.68,Venda
SKU_1963_SER,20/08/2025,Atacado,2,1389.8,486.42,451.69,Venda
SKU_1710_MEX,20/08/2025,Atacado,8,6479.2,1943.76,566.93,Venda
SKU_1859_LIG,20/08/2025,E-commerce,1,429.9,0.0,429.9,Venda
SKU_1860_SPA,20/08/2025,Varejo,1,319.9,0.0,319.9,Venda
SKU_1884_NAV,20/08/2025,Atacado,6,2039.4,713.76,220.94,Venda
SKU_2088_VAN,20/08/2025,Atacado,2,2189.8,766.44,711.68,Venda
SKU_1846_SEA,20/08/2025,Varejo,1,349.9,0.0,349.9,Venda
SKU_1846_SEA,20/08/2025,Atacado,6,2099.4,839.76,209.94,Venda
SKU_1865_CRE,20/08/2025,Atacado,3,749.7,224.91,174.93,Venda
SKU_2069_TEA,20/08/2025,Varejo,1,219.9,0.0,219.9,Venda
SKU_1896_ARM,20/08/2025,Varejo,1,1009.9,70.69,939.21,Venda
SKU_2011_PIN,20/08/2025,E-commerce,1,254.9,0.0,254.9,Venda
SKU_2057_VAN,20/08/2025,Varejo,1,944.9,0.0,944.9,Venda
SKU_1914_SNO,20/08/2025,Atacado,5,999.5,299.85,139.93,Venda
SKU_1948_PAL,20/08/2025,Atacado,5,999.5,299.85,139.93,Venda
SKU_2060_MEX,20/08/2025,Atacado,8,7479.2,2617.68,607.69,Venda
SKU_1809_SHO,20/08/2025,E-commerce,1,239.9,0.0,239.9,Venda
SKU_1902_HOT,20/08/2025,Atacado,3,2489.7,871.38,539.44,Venda
SKU_1839_DUS,20/08/2025,Varejo,1,294.9,20.64,274.26,Venda
SKU_1792_AQU,20/08/2025,Atacado,3,1319.7,395.91,307.93,Venda
SKU_1765_MYS,20/08/2025,Varejo,1,259.9,52.82,207.08,Venda
SKU_2069_BUB,20/08/2025,Varejo,1,219.9,0.0,219.9,Venda
SKU_1721_COR,20/08/2025,E-commerce,1,419.9,74.32,345.58,Venda
SKU_1875_BAB,20/08/2025,Varejo,1,174.9,0.0,174.9,Venda
SKU_1765_PAS,20/08/2025,Atacado,6,1559.4,545.76,168.94,Venda
SKU_2082_HON,20/08/2025,Varejo,1,509.9,0.0,509.9,Venda
SKU_2095_SEA,20/08/2025,Varejo,1,239.9,0.0,239.9,Venda
SKU_2013_TEA,20/08/2025,Atacado,5,924.5,323.6,120.18,Venda
SKU_1707_SAP,20/08/2025,Atacado,10,2799.0,979.6,181.94,Venda
SKU_2009_DUS,20/08/2025,E-commerce,1,249.9,0.0,249.9,Venda
SKU_1939_ROS,20/08/2025,Varejo,1,159.9,0.0,159.9,Venda
SKU_2083_VAN,20/08/2025,Varejo,1,234.9,0.0,234.9,Venda
SKU_2084_GAR,20/08/2025,Atacado,6,1529.4,611.76,152.94,Venda
SKU_1700_PIS,20/08/2025,E-commerce,1,699.9,121.51,578.39,Venda
SKU_1690_MAG,20/08/2025,Varejo,2,1079.8,272.5,403.65,Venda
SKU_1966_CER,20/08/2025,Varejo,1,674.9,0.0,674.9,Venda
SKU_2026_HON,20/08/2025,Atacado,4,4119.6,1853.84,566.44,Venda
SKU_2078_CLE,20/08/2025,Varejo,1,239.9,0.0,239.9,Venda
SKU_1974_JAD,20/08/2025,Atacado,5,999.5,299.85,139.93,Venda
SKU_1722_AQU,20/08/2025,Varejo,1,324.9,87.41,237.49,Venda
SKU_1764_MAR,20/08/2025,Atacado,6,1409.4,422.82,164.43,Venda
SKU_2009_DUS,20/08/2025,Atacado,5,1249.5,499.8,149.94,Venda
SKU_1698_SNO,20/08/2025,Varejo,1,419.9,82.79,337.11,Venda
SKU_1872_FRE,20/08/2025,E-commerce,2,1709.8,0.0,854.9,Venda
SKU_1707_SAP,20/08/2025,E-commerce,1,279.9,51.0,228.9,Venda
SKU_1980_DEE,20/08/2025,E-commerce,2,309.8,0.0,154.9,Venda
SKU_1796_SHO,20/08/2025,Atacado,5,2524.5,883.55,328.19,Venda
SKU_1900_HON,20/08/2025,Atacado,4,1699.6,509.88,297.43,Venda
SKU_1753_PAL,20/08/2025,Varejo,1,789.9,123.72,666.18,Venda
SKU_1854_NAV,20/08/2025,Varejo,1,184.9,0.0,184.9,Venda
SKU_1840_LIM,20/08/2025,E-commerce,1,214.9,0.0,214.9,Venda
SKU_1833_NAV,20/08/2025,Atacado,5,1149.5,402.3,149.44,Venda
SKU_1847_PAS,20/08/2025,E-commerce,1,269.9,0.0,269.9,Venda
SKU_1973_MYS,20/08/2025,Atacado,2,639.8,223.92,207.94,Venda
SKU_1858_OLI,20/08/2025,Varejo,1,899.9,0.0,899.9,Venda
SKU_1866_ROS,20/08/2025,E-commerce,1,324.9,0.0,324.9,Venda
SKU_1848_BAL,20/08/2025,Atacado,5,1099.5,439.8,131.94,Venda
SKU_2096_TEA,20/08/2025,Atacado,3,779.7,272.88,168.94,Venda
SKU_2077_MOS,20/08/2025,Varejo,2,409.8,28.68,190.56,Venda
SKU_1790_ROY,20/08/2025,Atacado,4,1039.6,415.84,155.94,Venda
SKU_2101_BUB,20/08/2025,Atacado,3,734.7,220.41,171.43,Venda
SKU_1701_BLU,20/08/2025,Atacado,2,679.8,203.94,237.93,Venda
SKU_1708_FLA,20/08/2025,E-commerce,2,339.8,77.22,131.29,Venda
SKU_1931_COR,20/08/2025,Atacado,3,2234.7,670.41,521.43,Venda
SKU_1873_BAB,20/08/2025,Atacado,8,3599.2,1259.68,292.44,Venda
SKU_2087_CER,20/08/2025,Varejo,1,249.9,0.0,249.9,Venda
SKU_1756_BUB,20/08/2025,Varejo,2,359.8,93.06,133.37,Venda
SKU_1888_SEA,20/08/2025,Varejo,2,399.8,0.0,199.9,Venda
SKU_1755_BIR,20/08/2025,Atacado,6,2009.4,602.82,234.43,Venda
SKU_1826_SAP,20/08/2025,Varejo,1,484.9,0.0,484.9,Venda
SKU_1961_LIG,20/08/2025,Varejo,1,414.9,0.0,414.9,Venda
SKU_1903_PAS,20/08/2025,Atacado,5,1649.5,577.3,214.44,Venda
SKU_1796_OLI,20/08/2025,E-commerce,1,504.9,92.53,412.37,Venda
SKU_1996_SHO,20/08/2025,Atacado,8,1959.2,685.76,159.18,Venda
SKU_1728_MID,20/08/2025,E-commerce,1,329.9,61.51,268.39,Venda
SKU_1889_MAR,20/08/2025,Varejo,3,809.7,0.0,269.9,Venda
SKU_2041_POW,20/08/2025,Atacado,4,879.6,263.88,153.93,Venda
SKU_1965_DEN,20/08/2025,Atacado,8,1879.2,563.76,164.43,Venda
SKU_1908_MID,20/08/2025,Varejo,1,314.9,0.0,314.9,Venda
SKU_2055_RAS,20/08/2025,Varejo,2,919.8,0.0,459.9,Venda
SKU_1823_MIN,20/08/2025,E-commerce,1,194.9,13.64,181.26,Venda
SKU_1996_BLA,20/08/2025,Atacado,5,1224.5,489.8,146.94,Venda
SKU_1911_RAS,20/08/2025,Varejo,1,214.9,0.0,214.9,Venda
SKU_2016_PEA,20/08/2025,E-commerce,1,224.9,0.0,224.9,Venda
SKU_2073_PAL,20/08/2025,E-commerce,1,289.9,0.0,289.9,Venda
SKU_2006_DEN,20/08/2025,Atacado,3,2714.7,950.13,588.19,Venda
SKU_1755_BIR,20/08/2025,Varejo,2,669.8,168.34,250.73,Venda
SKU_1898_EME,20/08/2025,Varejo,1,484.9,0.0,484.9,Venda
SKU_1787_BAB,20/08/2025,Atacado,3,869.7,304.38,188.44,Venda
SKU_1982_PIS,20/08/2025,Varejo,1,224.9,0.0,224.9,Venda
SKU_2071_PAS,20/08/2025,Varejo,1,259.9,0.0,259.9,Venda
SKU_1899_SAG,20/08/2025,Varejo,1,224.9,0.0,224.9,Venda
SKU_2084_MAR,20/08/2025,Varejo,1,254.9,0.0,254.9,Venda
SKU_2099_DEE,20/08/2025,Varejo,1,269.9,0.0,269.9,Venda
SKU_1979_DEN,20/08/2025,Varejo,1,194.9,0.0,194.9,Venda
SKU_1869_AQU,20/08/2025,Atacado,5,2449.5,979.8,293.94,Venda
SKU_1716_SAL,20/08/2025,Varejo,1,164.9,37.83,127.07,Venda
SKU_1944_FUC,20/08/2025,Varejo,1,399.9,0.0,399.9,Venda
SKU_1809_PRI,20/08/2025,Atacado,6,1439.4,575.76,143.94,Venda
SKU_1791_ARM,20/08/2025,E-commerce,3,794.7,150.93,214.59,Venda
SKU_1823_COR,20/08/2025,Varejo,1,194.9,0.0,194.9,Venda
SKU_2067_DUS,20/08/2025,Varejo,1,349.9,0.0,349.9,Venda
SKU_1938_CRE,20/08/2025,Atacado,4,3599.6,1259.84,584.94,Venda
SKU_1938_PAS,20/08/2025,Atacado,10,8999.0,2699.7,629.93,Venda
SKU_1861_DEE,20/08/2025,Atacado,4,779.6,350.8,107.2,Venda
SKU_1937_BUB,20/08/2025,Varejo,3,629.7,0.0,209.9,Venda
SKU_1935_HOT,20/08/2025,Varejo,1,179.9,0.0,179.9,Venda
SKU_1802_DEN,20/08/2025,Varejo,1,744.9,0.0,744.9,Venda
SKU_1701_BLU,20/08/2025,Varejo,1,339.9,59.65,280.25,Venda
SKU_1936_HON,20/08/2025,Atacado,6,779.4,233.82,90.93,Venda
SKU_2078_CLE,20/08/2025,Atacado,2,479.8,167.92,155.94,Venda
SKU_1810_OFF,20/08/2025,E-commerce,1,159.9,0.0,159.9,Venda
SKU_2035_LIG,20/08/2025,Atacado,4,899.6,269.88,157.43,Venda
SKU_1818_EGR,20/08/2025,Varejo,2,409.8,0.0,204.9,Venda
SKU_1741_PIN,20/08/2025,Atacado,8,1919.2,575.76,167.93,Venda
SKU_1822_SEA,20/08/2025,Atacado,5,1549.5,542.3,201.44,Venda
SKU_2112_TEA,20/08/2025,Atacado,6,2009.4,602.82,234.43,Venda
SKU_2109_WHI,20/08/2025,Varejo,1,319.9,0.0,319.9,Venda
SKU_1966_FOR,20/08/2025,Atacado,5,3374.5,1012.35,472.43,Venda
SKU_1952_PIS,20/08/2025,Atacado,8,1639.2,573.76,133.18,Venda
SKU_2067_MIN,20/08/2025,Atacado,8,2799.2,1119.68,209.94,Venda
SKU_1796_SHO,20/08/2025,Varejo,1,504.9,143.4,361.5,Venda
SKU_1979_DEN,20/08/2025,Atacado,5,974.5,341.1,126.68,Venda
SKU_2089_EGR,20/08/2025,Varejo,2,989.8,0.0,494.9,Venda
SKU_1928_COR,20/08/2025,Atacado,5,1574.5,551.05,204.69,Venda
SKU_1969_SNO,20/08/2025,E-commerce,1,409.9,0.0,409.9,Venda
SKU_1827_PRI,20/08/2025,Atacado,5,974.5,341.1,126.68,Venda
SKU_1934_HON,20/08/2025,Atacado,2,519.8,181.92,168.94,Venda
SKU_1868_SEA,20/08/2025,Atacado,4,3159.6,947.88,552.93,Venda
SKU_1957_PEA,20/08/2025,Varejo,1,189.9,0.0,189.9,Venda
SKU_1991_PIN,20/08/2025,Varejo,1,299.9,0.0,299.9,Venda
SKU_1902_BLU,20/08/2025,Varejo,1,829.9,0.0,829.9,Venda
SKU_1920_GAR,20/08/2025,Varejo,1,254.9,0.0,254.9,Venda
SKU_1834_MAG,20/08/2025,Atacado,5,1999.5,899.8,219.94,Venda
SKU_1979_DEN,20/08/2025,E-commerce,1,194.9,13.64,181.26,Venda
SKU_1977_TEA,20/08/2025,Varejo,2,429.8,0.0,214.9,Venda
SKU_2107_WHI,20/08/2025,Atacado,5,2124.5,637.35,297.43,Venda
SKU_1808_PAS,20/08/2025,Varejo,3,2879.7,0.0,959.9,Venda
SKU_1828_FLA,20/08/2025,Atacado,10,2449.0,857.2,159.18,Venda
SKU_1795_HUN,20/08/2025,Atacado,6,1799.4,539.82,209.93,Venda
SKU_1779_LIG,20/08/2025,E-commerce,1,214.9,54.29,160.61,Venda
SKU_2051_MEX,20/08/2025,Atacado,2,1539.8,615.92,461.94,Venda
SKU_1959_WHI,20/08/2025,E-commerce,1,739.9,0.0,739.9,Venda
SKU_1936_HON,20/08/2025,Varejo,1,129.9,0.0,129.9,Venda
SKU_2061_BRI,20/08/2025,Atacado,12,2518.8,881.52,136.44,Venda
SKU_1848_BAL,20/08/2025,Varejo,2,439.8,0.0,219.9,Venda
